  0.00354743513343997  0.01075943501607076  0.02052243242747916  0.02972063892267142
  0.03932063402890943  0.04899207165467616  0.05901899685366675  0.06898503661584691
  0.07906419485827286  0.08959522798203452  0.09971875706531959  0.10986151451262002
  0.11941206018724430  0.12897366049938727  0.13845639428457232  0.14808544628218867
  0.15778330257751139  0.16751496103297589  0.17760323808598930  0.18803306624469876
  0.19872161249292308  0.20943257215872110  0.22001549711077553  0.23044000501141707
  0.24063697895314828  0.25071700733715008  0.26103607031415260  0.27181927400716843
  0.28317843101965456  0.29488363725019362  0.30677560490211625  0.31887731749934956
  0.33095984297342818  0.34284660862013683  0.35425170081887875  0.36484967767826898
  0.37533335973711340  0.38553182626944388  0.39543927303900694  0.40488974892755358
  0.41433018155753371  0.42419423257652122  0.43408634741281271  0.44388716038716092
  0.45399839340247267  0.46430306329753740  0.47483159351293597  0.48505674244737274
  0.49569495705165784  0.50616360156427476  0.51659928770267838  0.52675904781002381
  0.53589467794750378  0.54510616857145910  0.55413467717251330  0.56327120288078036
  0.57266301995873559  0.58217861087168088  0.59199932001571098  0.60205542962970338
  0.61224341423450312  0.62276223544963427  0.63380045263641049  0.64511927580076678
  0.65633644482753251  0.66736380812096419  0.67854118997501112  0.68928969549945229
  0.69976056921518448  0.71041781530577186  0.72181412171734283  0.73313924487895477
  0.74371931937415892  0.75374913021731005  0.76412056112980264  0.77487565089247423
  0.78569702710869016  0.79640581514453646  0.80712470630661359  0.81827502980038969
  0.82969589063344507  0.84108505591731308  0.85251757472777545  0.86440674503682124
  0.87625899519163897  0.88724594088538267  0.89817481985763126  0.90981517660899225
  0.92063129841202640  0.93127008828605640  0.94216869142742243  0.95315194850180385
  0.96369262343152462  0.97411489114482952  0.98615813849434475  1.00000000000000000
  0.00711418263121773  0.01621932047371757  0.02693615079159897  0.03808653141195257
  0.04878428012810367  0.05962975488000809  0.07050922772561616  0.08147439653898891
  0.09304569270870656  0.10414060640936929  0.11440646043318944  0.12431296879810155
  0.13420269289305481  0.14423487394185108  0.15402383752824794  0.16398425918811491
  0.17452443545405988  0.18580353905053346  0.19607335293640799  0.20579589562343631
  0.21549517095729434  0.22576153611418689  0.23619754820536373  0.24663165971903073
  0.25706417488883526  0.26760196534745712  0.27805077759929669  0.28872001594940849
  0.29947303094882588  0.31003052891389188  0.32058079661136524  0.33112403279447089
  0.34120470884154791  0.35119089871425857  0.36168981392316540  0.37267991028122649
  0.38346909330167056  0.39387638569840222  0.40437363364944501  0.41496317643846831
  0.42541119331906280  0.43566681050387174  0.44598783084127597  0.45652155004251938
  0.46718634405914816  0.47773788268045730  0.48815215727383277  0.49856915023918774
  0.50915854142631789  0.51988665833511116  0.53046857994636454  0.54087476230485865
  0.55115459103243392  0.56122133019961762  0.57113072027334466  0.58115228316991985
  0.59150018014052197  0.60181350385800325  0.61211778663201677  0.62262234099609670
  0.63355363340643100  0.64476387485009901  0.65589384342903256  0.66691367457361661
  0.67773264800703481  0.68809238310480081  0.69822412321642935  0.70848690947162796
  0.71921952546462309  0.73043828195658622  0.74111604590571734  0.75111608595288093
  0.76094884453808020  0.77122235272920181  0.78196570698273482  0.79272288806522417
  0.80330492717625912  0.81370717069136644  0.82399196869775471  0.83443129593158039
  0.84519457481171167  0.85623320073375353  0.86729833239429965  0.87804948660204740
  0.88853020516881132  0.89920062025386138  0.91016511261076016  0.92101991620786361
  0.93174701465986998  0.94245710996399201  0.95331017980485011  0.96375857174110280
  0.97380459103059758  0.98327130661429152  0.99183741520394775  1.00000000000000000
  0.00317667337149090  0.01167491273243100  0.02163703779137421  0.03183265941505177
  0.04187650806681050  0.05211241004864627  0.06220314162552616  0.07256152950326954
  0.08295318725902311  0.09357605294207785  0.10429264238449729  0.11538585499186545
  0.12596924864883494  0.13645157294264740  0.14698488498800416  0.15769073459770400
  0.16803735821426025  0.17817783793533584  0.18804673312697351  0.19826933522560219
  0.20823838345702433  0.21874009529666233  0.22900686589315536  0.23913299846820937
  0.24928630371206367  0.25984858135324068  0.27067494174894585  0.28167846861386409
  0.29220934899365281  0.30254685129985298  0.31305094385916360  0.32380151842386978
  0.33441772791507074  0.34497130125276365  0.35546124481866903  0.36604213359378318
  0.37669932524482019  0.38730889661893542  0.39751185163403274  0.40746236666398239
  0.41779575019283544  0.42836690923479237  0.43861132362467420  0.44849588729917594
  0.45880202095411837  0.46973543490190467  0.48098168994530677  0.49231292240793711
  0.50322994206138805  0.51347645112323748  0.52328904875017679  0.53291296938565036
  0.54238061605143806  0.55202533376976892  0.56153055343073333  0.57223411622039644
  0.58279095088734456  0.59310924714945834  0.60366988022241197  0.61433342211490349
  0.62528754936918740  0.63566620954957909  0.64618329123848317  0.65680672089432535
  0.66745422343132432  0.67795928635240277  0.68820845045014523  0.69847860880434487
  0.70880171588053686  0.71973966630753416  0.73058065450203724  0.74127616972394206
  0.75139140859500064  0.76112218509869989  0.77096798868344063  0.78105923067264282
  0.79165568524699115  0.80246101646034218  0.81360142976669003  0.82509609211138646
  0.83611144933342829  0.84631051241715438  0.85578377086855550  0.86576265825878629
  0.87623139991948062  0.88761999505302891  0.89818280909745662  0.90933964606260376
  0.91998426843141223  0.93045783035424534  0.94134377041704664  0.95245209411568788
  0.96419652864122696  0.97592184020449824  0.98781663451288937  1.00000000000000000
  0.00611873575211853  0.01923150360193973  0.03326453240706725  0.04601188196115633
  0.05814869710535236  0.07001627079272024  0.08136728004631545  0.09242435765909331
  0.10315063126114485  0.11376794829298477  0.12403014447901498  0.13399187579245064
  0.14410010482111218  0.15483685813872658  0.16554749328091975  0.17554027821746229
  0.18533399671905298  0.19524576542815505  0.20530566027210079  0.21514642513898607
  0.22484130398029487  0.23492644537566670  0.24555224342460455  0.25640965490258411
  0.26711168167181076  0.27788660387997388  0.28897358505101750  0.30023390679501566
  0.31117602035484004  0.32164827200229501  0.33190969118437685  0.34228814814819569
  0.35257520503168849  0.36269557642373629  0.37312346423183362  0.38404924249096473
  0.39512887740777375  0.40575054031814245  0.41605544890510421  0.42628339685083033
  0.43684795743326532  0.44754897224640355  0.45804443684801732  0.46827977763470674
  0.47839578730367688  0.48853863968733224  0.49870559585991281  0.50911296347948476
  0.51964804456578395  0.52991259490212883  0.53973235951413934  0.54953455780713034
  0.55934593465199400  0.56934032332195872  0.57943869635098566  0.58986346434581494
  0.60050169653134211  0.61119481784239493  0.62186097780054661  0.63227680939553976
  0.64251682877446614  0.65285366646386866  0.66354135253636748  0.67458965498026902
  0.68555047600429575  0.69606299608596289  0.70621915680408709  0.71641109756311938
  0.72668708816858107  0.73715291695694007  0.74774385136500776  0.75849474384240778
  0.76918890982945864  0.77980144895574111  0.79042761661337557  0.80093403096437010
  0.81135814911470128  0.82162631099660333  0.83172119177346893  0.84196582090919270
  0.85236868162236668  0.86255134310430359  0.87261258143717046  0.88301881677335770
  0.89384216861336430  0.90454665139677926  0.91458337237397014  0.92423278794099284
  0.93392548181292778  0.94387674528344867  0.95440954532459554  0.96490228514065268
  0.97443693945069565  0.98313466093160662  0.99182265190842500  1.00000000000000000
 -0.00016497210315386  0.00155796503481586  0.00411586322741182  0.00749531929937340
  0.01168325957988476  0.01655502142451604  0.02168423091356983  0.02728481871586133
  0.03306810353980343  0.03943730839519560  0.04625334225229535  0.05301233578553733
  0.05984115357736286  0.06699147546177397  0.07438515800855186  0.08196104874079792
  0.08985633266627005  0.09789023325318595  0.10591368267617378  0.11401931598609322
  0.12254535002110130  0.13128929807373735  0.14042883549894505  0.14951773957046205
  0.15866236440499293  0.16784235108116993  0.17742211395347929  0.18718909182770543
  0.19688217199214125  0.20650019823583551  0.21608442132635883  0.22579527981876438
  0.23596852234219082  0.24653607481509859  0.25755731892638561  0.26883539587657840
  0.28046540082291893  0.29205667122384488  0.30309198159620560  0.31404944481316960
  0.32513227859155125  0.33622507433911253  0.34731010945216789  0.35853592338354812
  0.36949238445094845  0.38037905248900572  0.39154393879550359  0.40312670199874734
  0.41488933507395637  0.42692045670048195  0.43900859151931254  0.45101747217827542
  0.46328220674127857  0.47560477737423518  0.48762218133922214  0.49951000696092585
  0.51134518173117061  0.52314592573946606  0.53497187697953053  0.54713502610686615
  0.55934743846443635  0.57163438823739066  0.58380207943902784  0.59591386185612938
  0.60806155259247319  0.62010300819293851  0.63193335146496987  0.64376340198758575
  0.65591246552969518  0.66815734318645803  0.68050759493421398  0.69302392222180698
  0.70583025375788810  0.71881734601122216  0.73152113921632578  0.74378703673843727
  0.75578389412701841  0.76778135364699629  0.77999273986043127  0.79225305940150614
  0.80483580652152920  0.81750323908237188  0.83005045832720181  0.84240042149895233
  0.85492798561332084  0.86750073356747637  0.87999374137776132  0.89262436300536174
  0.90543501200657750  0.91875621902828275  0.93192054967092441  0.94562636967275138
  0.95925647810290549  0.97276585312759312  0.98636558861209767  1.00000000000000000
 -0.00246291483113390  0.00958566982462980  0.02044349996957565  0.03155870593941749
  0.04303997898045885  0.05419237711356294  0.06504289034126977  0.07528508513430462
  0.08562141468663426  0.09577842980756235  0.10613220586774805  0.11654579645948408
  0.12747771764160221  0.13883075566852821  0.15034849856945931  0.16192030410815381
  0.17313092061253524  0.18418682728038141  0.19501928384923242  0.20540832143331991
  0.21551106689441690  0.22563259271738448  0.23643490177183224  0.24771679467478322
  0.25930025770495269  0.27101164243495335  0.28222812065236763  0.29335515286017011
  0.30461403054788061  0.31506312317511165  0.32508512960068398  0.33509815683552258
  0.34481045241386049  0.35410297874211538  0.36320216865710936  0.37246602858923772
  0.38246375743275707  0.39258922627148729  0.40247009360880226  0.41302170479189076
  0.42392043926308465  0.43437364044663673  0.44416003186015507  0.45379065882494640
  0.46351335764749457  0.47358265749055917  0.48392258666740318  0.49414932080519436
  0.50449575483406151  0.51479419100954638  0.52533920332794060  0.53551875692394946
  0.54617981165865670  0.55653189995901664  0.56684829281740423  0.57685077021690578
  0.58746510660988938  0.59827932757545943  0.60874750476796446  0.61915706362176248
  0.62991360412833342  0.64069746953396267  0.65074625325313062  0.66063509891798122
  0.67086408737015646  0.68128587854601874  0.69159902490558034  0.70156084877965286
  0.71207538701318907  0.72293852027804373  0.73412469434897143  0.74528114269026113
  0.75645329166458586  0.76735413388647122  0.77819595816109632  0.78883366663734045
  0.79932809771758662  0.80986186308050379  0.82044459543190917  0.83070677109240521
  0.84073265831986022  0.85108657200806959  0.86156458001044467  0.87227357257263538
  0.88254753547522125  0.89320497897567452  0.90451511412641272  0.91538980344820797
  0.92548272951766242  0.93522009150650964  0.94530768992692626  0.95597201219691919
  0.96657081195205075  0.97735801194492822  0.98851535087640852  1.00000000000000000
 -0.00232755481767787  0.00932829962968659  0.01910553375230042  0.02870560718824442
  0.03823064807556655  0.04790803477302824  0.05775392464834487  0.06756113609193877
  0.07751325368893161  0.08722179308140332  0.09742175658883134  0.10790625142823621
  0.11849223982785934  0.12896455864872577  0.13960215691078184  0.15066807556394998
  0.16218592614763638  0.17349209466991772  0.18418077303482977  0.19485194347040369
  0.20508111544569624  0.21526728221299316  0.22503810582536099  0.23507787270315714
  0.24548281420588794  0.25641912149246882  0.26760270471651493  0.27898187125588542
  0.29028202074050857  0.30124079034234280  0.31171180050804570  0.32197650362481212
  0.33208697145189853  0.34273649621840491  0.35336365861693425  0.36382810867823168
  0.37388816986947793  0.38402709628672727  0.39412326354165006  0.40450988183967646
  0.41499069486234952  0.42555995127292751  0.43631322604649486  0.44707008226921380
  0.45765888365700746  0.46757588355659518  0.47738995289120789  0.48763644498717862
  0.49777820159224223  0.50755306616802454  0.51728526829336163  0.52747686077946565
  0.53814189816219293  0.54912394227066597  0.56036162983749616  0.57162612552590120
  0.58282239310698625  0.59395944863250616  0.60505490353865277  0.61583539347850857
  0.62635955711265179  0.63681108189686142  0.64722032737523449  0.65778268954678976
  0.66856312056696754  0.67980548901752424  0.69094288393975112  0.70151746083828526
  0.71189284966599642  0.72209333312518287  0.73253287932610800  0.74293505556932804
  0.75348791161298734  0.76428289001338734  0.77509921295969297  0.78602968332531797
  0.79686368588304324  0.80774229178702783  0.81832866918630698  0.82893785984637403
  0.83953031668780054  0.84990740932887421  0.85999783179042644  0.87017513694477688
  0.88067536035662630  0.89154418971168159  0.90230820764878161  0.91277572284914610
  0.92350730166694206  0.93438549280589200  0.94571622394433441  0.95696829191262578
  0.96818903772990139  0.97902159573667535  0.98948508633643062  1.00000000000000000
 -0.00253668357517410  0.00940799774723810  0.02054046672794574  0.03072435497370706
  0.04135516714680703  0.05244250706280952  0.06341441818464240  0.07394846903367741
  0.08433945560817166  0.09470738321852316  0.10517774467212278  0.11561083432289809
  0.12590555247973226  0.13570399179077064  0.14571598702773411  0.15622880653349816
  0.16719338515549462  0.17789208465038187  0.18901426822628428  0.20011216973232163
  0.21093751205593425  0.22161986518234908  0.23248505277959872  0.24360606614052677
  0.25504017229739118  0.26632973299793955  0.27724788073532169  0.28791808606561331
  0.29856414704825457  0.30935276717314164  0.32004224463441078  0.33037851323126727
  0.34005045443684478  0.34929216860064266  0.35923616622862592  0.36927952104751832
  0.37998945769869019  0.39013255919750817  0.40096579292625617  0.41210444109321287
  0.42301398529491280  0.43354031374582375  0.44414339741578363  0.45454503475190094
  0.46558998994631468  0.47614922046360036  0.48668938455931715  0.49702668565367214
  0.50720950480434024  0.51737986202975828  0.52753723560183263  0.53802366910816546
  0.54859521727909577  0.55891171263504946  0.56925176621788298  0.57882681160268146
  0.58901079839805948  0.59901451257841820  0.60902053449212545  0.61910169656804748
  0.62969270890022522  0.64048654348010536  0.65097036786648155  0.66136496263800004
  0.67182150925579276  0.68286156493429029  0.69328868859575687  0.70346570688255827
  0.71403721623973337  0.72461020897018169  0.73517457141212761  0.74589277807452992
  0.75660261910460658  0.76716196926020874  0.77764527819919549  0.78833023762989751
  0.79891880220715450  0.80947403392750039  0.81935371430714188  0.82994837782177211
  0.84039581376561867  0.85099931598047618  0.86113454835298175  0.87164164866815763
  0.88246512118598530  0.89351021227553529  0.90452448101362815  0.91585199056041111
  0.92678617065116253  0.93767194231963702  0.94803860978080545  0.95841455438612155
  0.96895310247392741  0.97916636201262974  0.98975333011062805  1.00000000000000000
 -0.00262701584287258  0.00956719568868536  0.02023157728747606  0.03102032127448789
  0.04191126925119520  0.05243051654312428  0.06235718134640369  0.07251759334367019
  0.08276840474014022  0.09357788472544061  0.10456339019798143  0.11506981272554170
  0.12567778862354798  0.13577513777717667  0.14623785679088172  0.15665356437122588
  0.16678972792677180  0.17747765470389715  0.18754878898224395  0.19803382404598233
  0.20833638417457193  0.21932491861801925  0.23024640899305363  0.24176435064713481
  0.25342089247787514  0.26549966731475477  0.27667382193384682  0.28721400243852668
  0.29731649312758895  0.30810859117676487  0.31836857665543267  0.32869005982308658
  0.33948341266348192  0.35040618226589609  0.36086170713568083  0.37134252529622841
  0.38268368143809600  0.39421787294745253  0.40544728734459501  0.41641514306129901
  0.42804204430534465  0.43912946930173918  0.44961315387795853  0.45956169211932396
  0.46907100424337739  0.47833489914779181  0.48776081418256279  0.49763259629860868
  0.50831099778804811  0.51891602706993190  0.52935014944448366  0.53966045898572179
  0.54977883588035015  0.55996065316740973  0.56989353006699106  0.57988147753295238
  0.58970375065023695  0.59923821400183586  0.60866035498159654  0.61831158863842850
  0.62852030121095592  0.63929265550681857  0.65021914089587329  0.66101780943268063
  0.67199134040145125  0.68280186814037092  0.69317850543750736  0.70320619766773695
  0.71359412974306669  0.72415369527713414  0.73463105380363003  0.74487963672096580
  0.75564461972141883  0.76722278621245998  0.77833883185181407  0.78913403514975611
  0.79943805982206573  0.80980218404227855  0.82025352904294857  0.83039966648677688
  0.84071604542734801  0.85116245307352056  0.86249862728700344  0.87384681983150403
  0.88478364699768008  0.89567086518283490  0.90674334453603056  0.91755895573455171
  0.92785173641768914  0.93795028326670637  0.94803911814813002  0.95800369727516177
  0.96851337677345417  0.97918837975896578  0.98966244361187350  1.00000000000000000
 -0.00252031982389082  0.01005252585594163  0.01982843365268191  0.03074970644751210
  0.04056611319056273  0.05200589059216740  0.06250258389189793  0.07249519489415998
  0.08253178215753629  0.09301902230657674  0.10344311141964273  0.11404941822768588
  0.12499442560335916  0.13658525923517326  0.14777125525502502  0.15819121147962076
  0.16871878321755701  0.17955426809451305  0.19046518702480372  0.20092622836251189
  0.21112094470142809  0.22124265831452378  0.23131965931837739  0.24164438860607126
  0.25217238906542744  0.26306117441354659  0.27405910148301327  0.28489726771343699
  0.29570990522799390  0.30617297077135069  0.31662157586601913  0.32726834735502813
  0.33804361743549588  0.34883025374062865  0.35928172057967178  0.36945465665390764
  0.37919639356589685  0.38927525879785518  0.39940444081236054  0.41065771004218549
  0.42121482484330081  0.43184871850664042  0.44312148356693115  0.45448865276355299
  0.46565449624613942  0.47651196721870936  0.48764388205273324  0.49901725270821856
  0.51038542479419224  0.52150484303586675  0.53218373793439189  0.54298338163927196
  0.55394688573451190  0.56457172883306839  0.57492634050441349  0.58579944220125835
  0.59721545284158106  0.60827322741978918  0.61858828264756716  0.62897283466814025
  0.63942312758738540  0.64970408801273949  0.65925514545797925  0.66892479972545504
  0.67897531125810262  0.68950350066810340  0.69999115684519198  0.71043786946687482
  0.72059015601450693  0.73088645043824929  0.74093530167182931  0.75122964612567900
  0.76148432882436290  0.77238475716808763  0.78391675051268161  0.79489505960443108
  0.80505931740794101  0.81560853667532518  0.82639430777815648  0.83674214250984547
  0.84669672149919850  0.85671201564133137  0.86724015493256157  0.87698346275711758
  0.88675341638737726  0.89603002921832609  0.90724542087836746  0.91800609777505771
  0.92871376103957815  0.93930016267818328  0.94934849410645550  0.95925347300170083
  0.96907193455653462  0.97927995828127468  0.98957773910433033  1.00000000000000000
 -0.00209989384096945  0.00890776503739958  0.01977204680912686  0.03088429332778497
  0.04204770310132209  0.05261479495428388  0.06299779217773274  0.07369020140588901
  0.08440798807955185  0.09530770253324833  0.10641913752838904  0.11730916397141980
  0.12796593197768599  0.13853987480417324  0.14934653135451409  0.15964588792631162
  0.16996025851638491  0.18004774206017640  0.19013771813340127  0.20022708266432240
  0.21013455317613980  0.22032805724561969  0.23068181271370172  0.24129377528504711
  0.25189211824562163  0.26273336510730383  0.27379449898970759  0.28521304521978846
  0.29617730082001925  0.30706774937860243  0.31802479855579868  0.32885513878227318
  0.33936196213943642  0.34984256663904506  0.36052553084960998  0.37108203787234273
  0.38122021947025292  0.39095166135178588  0.40074886095083256  0.41013596427401144
  0.41964967249302121  0.42927200573395580  0.43891956393074166  0.44886291233443915
  0.45940593278596492  0.47084001056320690  0.48203493683209481  0.49307708555432911
  0.50431072206556526  0.51555636958013273  0.52619460016225583  0.53657523471200830
  0.54722325683111794  0.55786007806212146  0.56817142468189763  0.57848688018379057
  0.58925385520331475  0.60027715068275567  0.61105839091720782  0.62206118148222678
  0.63346673441927137  0.64467269741550337  0.65504295215731545  0.66477166792115616
  0.67466911667460761  0.68502416954672385  0.69559356135995254  0.70568306336300235
  0.71516997346017941  0.72448527893339876  0.73408706001167356  0.74401995528932996
  0.75403746638374236  0.76403707979893387  0.77425150945386867  0.78505425429877584
  0.79616164501772468  0.80724933928679954  0.81811922638111978  0.82888535307631739
  0.83956146621185601  0.85027365939264321  0.86088645804730546  0.87149140760166732
  0.88190460082739675  0.89242448642495742  0.90284696121508234  0.91312485950020017
  0.92349969309162128  0.93399276595174474  0.94461175930661367  0.95547990447153630
  0.96636055122284159  0.97756560451698460  0.98866859983306021  1.00000000000000000
 -0.00244230450716998  0.00887036268514895  0.01965279902687345  0.03099376329772209
  0.04257779963436031  0.05426263189271159  0.06560929132436184  0.07664245018590331
  0.08716286688456817  0.09716618741976091  0.10717165783431591  0.11717309200562798
  0.12703948258144718  0.13659228207538865  0.14670583354936684  0.15772412242071793
  0.16896206217811674  0.17948581040609429  0.18973036321751216  0.20022417163462355
  0.21056618536838623  0.22115910161083141  0.23129935665051962  0.24195211621044699
  0.25237288935850011  0.26291317174856238  0.27337901517353813  0.28351974135980429
  0.29353815593801114  0.30340328589979532  0.31383116410916762  0.32449214074269711
  0.33548232952776841  0.34650253553667354  0.35754009545583271  0.36859012801710994
  0.37946171199778611  0.39047343790623273  0.40063901180064465  0.41008514897873022
  0.41962578521008331  0.42978720187774322  0.43967464696285202  0.44986777830495195
  0.45957916505673346  0.47121124129566666  0.48226149542439045  0.49332021474679888
  0.50415062033319857  0.51450427605588422  0.52488831209497366  0.53526224932976507
  0.54602772702277524  0.55660910558071164  0.56770665812028165  0.57895083995043695
  0.58969402350522404  0.60006991935180976  0.61044809642743947  0.62127665949472310
  0.63194175649136974  0.64265345411364061  0.65291123716351052  0.66296496120953896
  0.67349589466298632  0.68420337906172901  0.69470540035557360  0.70501898420104836
  0.71543393640048103  0.72618666643482299  0.73656560109524705  0.74706462414839392
  0.75791717719896678  0.76931333554986325  0.78085342126764412  0.79224590190430266
  0.80366505599025984  0.81490465452924843  0.82582505540989515  0.83610370471927442
  0.84611679712401078  0.85609428906892382  0.86620012938629898  0.87583282520376970
  0.88511260262207048  0.89418323448704473  0.90451913509808357  0.91484038966951997
  0.92560726307467422  0.93599037026123388  0.94692672214202123  0.95785682084375479
  0.96828961448618067  0.97853603300603131  0.98923437234197642  1.00000000000000000
 -0.00195217351176563  0.00870047722390432  0.01764285360416535  0.02724923300735120
  0.03678517406794004  0.04652398793328037  0.05681505201393847  0.06750788206139524
  0.07826785327124409  0.08893868535522394  0.09958104051702973  0.11018586137051738
  0.12037700266037819  0.13015368883519596  0.14009012310979188  0.15048070157654736
  0.16149607146020420  0.17253447947837455  0.18327411363577500  0.19359470366658374
  0.20334116840036728  0.21323988227690255  0.22259294943225091  0.23254414344127888
  0.24213218190272212  0.25171301292091003  0.26114330857537482  0.27091576971151665
  0.28109286078652884  0.29136336716452499  0.30166807594732431  0.31194253534291416
  0.32235337143554182  0.33273201141717379  0.34298744490689553  0.35320688680171475
  0.36358667251822596  0.37427464146337569  0.38525020791821885  0.39656329225822323
  0.40815030696638838  0.41972683652934878  0.43118269474788773  0.44247677268423280
  0.45379235895254244  0.46543840560716404  0.47707470150160930  0.48838187541875172
  0.49959128711354234  0.51083699487521517  0.52207876864242009  0.53337645357769936
  0.54481097678069468  0.55623695375829296  0.56740119495290287  0.57824930339060443
  0.58876722029229556  0.59925815093192814  0.61006601286711026  0.62124872291262689
  0.63289924620349158  0.64505018018269444  0.65672324446055430  0.66801499155878286
  0.67905839626668418  0.68987653496720625  0.70037347023342378  0.71058876750047273
  0.72040264127021880  0.73043527068458691  0.74135268279273514  0.75239912877837534
  0.76325113959637725  0.77386515205409490  0.78400903141671419  0.79446624096013996
  0.80493171718192369  0.81543098391921931  0.82517845765210551  0.83502283902685992
  0.84500118437548677  0.85528608053693322  0.86573936987218447  0.87581309270142771
  0.88558294242708357  0.89523496182553608  0.90496229767977276  0.91497730796392307
  0.92569744301620971  0.93611638748529669  0.94613512778067033  0.95562521737839601
  0.96625708059779680  0.97713388070654827  0.98876863922477809  1.00000000000000000
 -0.00232038888379588  0.00880174436709525  0.01886833284151835  0.02859167676623942
  0.03849327437322786  0.04841921839597457  0.05886782493257577  0.06885940827308830
  0.07821545631770191  0.08784115643136606  0.09786286400641134  0.10843653827085240
  0.11870666753788854  0.12892269756885119  0.13963699266594828  0.14998212000317920
  0.16007872225346120  0.17043899981262098  0.18121111470763038  0.19217153687828351
  0.20286945597663139  0.21390364226002287  0.22524984612855184  0.23668064904678465
  0.24766228363671952  0.25761592213554990  0.26723167239438805  0.27697350660670145
  0.28686311299582629  0.29660183306595461  0.30616697402163917  0.31599021191857163
  0.32641059037644521  0.33710861417949556  0.34784610821648182  0.35877856971932193
  0.36948983117724643  0.38049845313147801  0.39129573481599950  0.40226027058627156
  0.41319725648112554  0.42415638327016658  0.43488737702797792  0.44548134522154786
  0.45593576421896553  0.46732549524722589  0.47841255566826024  0.48951755506861039
  0.50068825242787185  0.51078642988762191  0.52141778476439515  0.53200670463995814
  0.54299628375596554  0.55350682977721044  0.56374577152079053  0.57502547811165494
  0.58637735312557426  0.59768444632208584  0.60832138437531114  0.61872170295178863
  0.62910560436481722  0.63935126724060687  0.64929395956406322  0.65889625094430393
  0.66876757384253893  0.67914056892967345  0.68982096665831394  0.70059778875449408
  0.71109143158574029  0.72167921370411214  0.73279377567915294  0.74415778660529597
  0.75520934426348441  0.76595273744526504  0.77676734798206248  0.78798382372220921
  0.79915437073278761  0.81052695061380620  0.82132895467626865  0.83206444534550905
  0.84229132733934686  0.85242945515517321  0.86252725552066301  0.87273016540843906
  0.88311565386968072  0.89358984759292837  0.90416080249434405  0.91447699271684424
  0.92460448294337394  0.93473561332196486  0.94514287316465473  0.95602423020625538
  0.96687968834567295  0.97845962241841300  0.98932220506845026  1.00000000000000000
  0.07270251536994252  0.23384818407857799  0.26050694109738448  0.27489513666697596
  0.28553001024302599  0.29469044811026202  0.30305704288122715  0.31130199922709811
  0.31903426595320045  0.32622246319463361  0.33320090542307756  0.34019531340281212
  0.34723818275037299  0.35411153932617839  0.36076439949133610  0.36723994117038905
  0.37351883976493028  0.37973174224484113  0.38578254690775954  0.39170802543925515
  0.39756825061248713  0.40325711800600117  0.40885658494892679  0.41437623762016818
  0.41986415595679427  0.42522328191679148  0.43041671802734072  0.43556846121181775
  0.44066567434428239  0.44584267847893772  0.45111240045515588  0.45650924540651266
  0.46193246945412630  0.46723200461230618  0.47259506450958039  0.47806510580834383
  0.48361682486938540  0.48926274760848526  0.49487892695880081  0.50047461471337762
  0.50602017785814202  0.51146368202046255  0.51680487507187589  0.52212223905953148
  0.52743017213817467  0.53272534964025553  0.53810694826635053  0.54354230980315954
  0.54892499837990671  0.55449168370237811  0.56014554668169025  0.56578938396005973
  0.57147993639628725  0.57725902030609377  0.58302629381746129  0.58859267201832088
  0.59401560226513295  0.59932369113007899  0.60471208127402765  0.61039175042229665
  0.61616356932525107  0.62184853719959243  0.62753128826219617  0.63325993682835446
  0.63908623228400652  0.64519603611860366  0.65152453406116395  0.65786867616853051
  0.66432985644923437  0.67092909550979829  0.67778629110245592  0.68477941534793352
  0.69172747307587523  0.69871353311276130  0.70581724850185223  0.71300096381929501
  0.72025870744217002  0.72764666757601282  0.73522376421274915  0.74291568745637315
  0.75078285480777041  0.75887666866233316  0.76718888646766925  0.77561442947844561
  0.78414444895831659  0.79308222177637666  0.80295706342159656  0.81350577946155722
  0.82484976657623110  0.83665835929097443  0.84997117371810471  0.86468272299694304
  0.88215435849523649  0.90351295067376647  0.93459800781273250  1.00000000000000000
 -0.02544063837853509  0.12172935037140675  0.15691425507886958  0.17959598365114593
  0.19821519969452492  0.21350591879887801  0.22613905166763756  0.23745070938696494
  0.24806553472665330  0.25795596942076943  0.26736263898882662  0.27672075358391257
  0.28606276210649573  0.29492610014925574  0.30289935244061073  0.31045681619891335
  0.31817806427714485  0.32613621655943120  0.33357990695130296  0.34036770119022525
  0.34697024677113913  0.35368117004112998  0.36058841893963173  0.36740444107640258
  0.37389539783203823  0.37999166048927313  0.38584333215662187  0.39169161781352624
  0.39762921993829392  0.40362021511381263  0.40966953799489880  0.41572213070156605
  0.42159519355244607  0.42719268498442120  0.43263692745170007  0.43811213003154914
  0.44372718967317926  0.44943947412874730  0.45502435004264857  0.46033830873952436
  0.46544705756823346  0.47048878146167067  0.47554940732223738  0.48066536075107319
  0.48583864880166688  0.49098318345899422  0.49615592650071405  0.50141829899602519
  0.50673691735874782  0.51200240384333573  0.51737562867897346  0.52271992630461306
  0.52809114427573822  0.53363822380124282  0.53921761563906345  0.54467152963727228
  0.54990351638461366  0.55489566834349080  0.55985315125370727  0.56502447002306810
  0.57039603784839654  0.57587468639061634  0.58132969978626214  0.58662248734061195
  0.59191351240747547  0.59738790510242146  0.60298265422097030  0.60873076220180689
  0.61464273571515549  0.62069221649049966  0.62678977597445096  0.63321481658745049
  0.63964966056752026  0.64611022415750097  0.65305228541388805  0.65991675502501557
  0.66682069851477455  0.67360867788198420  0.68046915431935739  0.68771537063739352
  0.69549952927937020  0.70360345432217652  0.71191137646775671  0.72017205410733665
  0.72863325296805415  0.73765992245030132  0.74734145046244482  0.75741366526289999
  0.76787032202238981  0.77900717151806165  0.79119307981270592  0.80498482137576577
  0.82120779384747866  0.84252014638546313  0.87677334442212351  1.00000000000000000
   5.1677363323695221E-006  -1.0000000000000000     
 T F F F T F F F F F F F F F F F F F F F F F F F F F F F F F F F T F F F T F F F F F F F F F F F F F F F F F F F F F F F F F F F T F F F T F F F F F F F F F F F F F F F F F F F F F F F F F F F T F F F T F F F F F F F F F F F F F F F F F F F F F F F F F F F T F F F T F F F F F F F F F F F F F F F F F F F F F F F F F F F T F F F T F F F F F F F F F F F F F F F F F F F F F F F F F F F T F F F T F F F F F F F F F F F F F F F F F F F F F F F F F F F T F F F T F F F F F F F F F F F F F F F F F F F F F F F F F F F F F F F F F F F F F F F F F F F F F F F F F F F F F F F F F F F F F F F F F F F F F F F F F F F F F F F F F F F F F F F F F F F F F F F F F F F F F F F F F F F F F F F F F F F F F F F F F F F F F F F F F F F F F F F F F F F F F F F F F F F F F F F F F F F F F F F F F F F F F F F F F F F F F F F F F F F F F F F F F F F F F F F F F F F F F F F F F F F F F F F F F F F F F F F F F F F F F F F F F F F F F F F F F F F F F F F F F F F F F F F F F F F F F F F F F F F F F F F F F F F F F F F F F F F F F F F F F F F
  <DiscreteSampler_grid>
  grouped_processes
  1 # 1 for a reference and 2 for a running grid.
  10 # Attribute 'min_bin_probing_points' of the grid.
  1 # Attribute 'grid_mode' of the grid. 1=='default',2=='initialization'
  0.0000000000000000 # Attribute 'small_contrib_threshold' of the grid.
  0.5000000000000000 # Attribute 'damping_power' of the grid.
 # binID   n_entries weight   weight_sqr   abs_weight
    10   10   3.080889884306131E+002   2.642766216638403E+005   3.080889884306131E+002
  </DiscreteSampler_grid>
