  0.00372097860581875  0.01102906876165327  0.02030506757920829  0.03009376033142212
  0.04020166908333166  0.05083273690362512  0.06174238353474018  0.07286380750347091
  0.08403375878904717  0.09456214684387806  0.10488501460904794  0.11515638154180959
  0.12547547589500743  0.13567205975749358  0.14595786002583908  0.15644393141751578
  0.16710354237697350  0.17752793915340248  0.18789254567458194  0.19841379877706763
  0.20908294682153525  0.21977134541205604  0.23040336842140388  0.24103294450116414
  0.25174432960138549  0.26239870463242393  0.27317531775093484  0.28371374717576947
  0.29411736589841303  0.30455156415110785  0.31522028366060179  0.32642090873292073
  0.33793907469793971  0.34981846655134391  0.36121171971363492  0.37263991126917717
  0.38313667016115288  0.39326779214538182  0.40322548625491544  0.41285083781595433
  0.42220633830358828  0.43159780453711022  0.44079679430998037  0.45078031047125222
  0.46066866070559986  0.47123590490889816  0.48176487908800897  0.49255779237038227
  0.50371221740285932  0.51475532107071498  0.52545754239326314  0.53593349470943907
  0.54626680373469583  0.55608598973648271  0.56589891232597700  0.57605162215715733
  0.58647701426111609  0.59676205277730243  0.60730604102756547  0.61785404312133341
  0.62784044336994016  0.63758149567866806  0.64717073652054424  0.65785252952295958
  0.66898921004260503  0.68051515762395998  0.69147361876745395  0.70226784312639545
  0.71296656945540315  0.72394953788519523  0.73493090658747040  0.74625303205545856
  0.75749024377361707  0.76892363214539383  0.77938039202793929  0.78981494313710965
  0.80067513369124022  0.81182182477095932  0.82227740553619377  0.83248954492236416
  0.84253915511693456  0.85275352210689614  0.86294879463943330  0.87401563665548632
  0.88510283440890025  0.89602327755063149  0.90679623500389150  0.91708799140233632
  0.92719682920144453  0.93751425273221034  0.94794884875340113  0.95798265968777063
  0.96729042858899805  0.97688115772696482  0.98750944809226437  1.00000000000000000
  0.00706886252441971  0.01605055644727943  0.02771559453589119  0.04005456675257389
  0.05181702890403687  0.06307664658388333  0.07425897131487243  0.08519464410868571
  0.09626404312396758  0.10760821959405784  0.11830414530585942  0.12936344482962334
  0.14020632556292353  0.15138553157970250  0.16243020930000840  0.17353025065342864
  0.18451349995892996  0.19539623006846876  0.20607866315632556  0.21654690426955658
  0.22692878040409445  0.23738477778007971  0.24803616951425964  0.25827290712332063
  0.26827494907982746  0.27854397966813821  0.28958764364392442  0.30096124383060485
  0.31174125964535321  0.32199715660715367  0.33209782590503067  0.34213083215752499
  0.35196822559699303  0.36179029157345777  0.37180247850633413  0.38217210193190582
  0.39267440411479032  0.40318435839447025  0.41387113917868668  0.42454601139154413
  0.43492950629505223  0.44503061590206527  0.45488157074475949  0.46457754151691089
  0.47412130223331717  0.48376908065178786  0.49380804238360609  0.50409287257080404
  0.51447357749260147  0.52503037114370399  0.53573545572674774  0.54630238996455993
  0.55685704874861774  0.56754348832957024  0.57822696761181758  0.58859368270804924
  0.59863579972014447  0.60858752457906484  0.61842591451304896  0.62861118340101696
  0.63923851920794617  0.64974788468973121  0.65982034017925639  0.66964170493518715
  0.67971407982937915  0.68999897965064327  0.70045320670659872  0.71077421736873392
  0.72137229391134883  0.73202145908263527  0.74300758496598829  0.75413904734330917
  0.76525229424450281  0.77618627011689767  0.78674972631354667  0.79723690488266497
  0.80758913352854278  0.81790295795385093  0.82827827652965069  0.83891300264904667
  0.84981651865963903  0.86049551337512620  0.87101023713761028  0.88160928561790808
  0.89216745648588724  0.90282834969056536  0.91324173769894479  0.92359289407447120
  0.93396379575446775  0.94422141036804019  0.95422750172831405  0.96385980616483080
  0.97322919270463526  0.98179325966309006  0.99175388785611962  1.00000000000000000
  0.00375048541473012  0.01079549273719696  0.01983404570079852  0.02949459483568517
  0.03913887844875408  0.04890309787561657  0.05926966137894153  0.07014369606864254
  0.08089113028681186  0.09154421484737833  0.10232587662089673  0.11290836856327130
  0.12320759139473886  0.13314221213879446  0.14253104717657056  0.15176091889045096
  0.16138631657864708  0.17197323658086794  0.18317268945325271  0.19429552162904518
  0.20513798153421525  0.21545971039256764  0.22546026044031736  0.23550517325306644
  0.24587094135669771  0.25639826635695562  0.26728872472200604  0.27850037663931637
  0.28964942890700296  0.30055808348274765  0.31101778994317408  0.32154544550488057
  0.33217061245099494  0.34264783425792134  0.35302256135215082  0.36298869985648730
  0.37277205028083099  0.38242728359916173  0.39222081776375034  0.40281446786627323
  0.41370250208443415  0.42465187014508948  0.43546380139357077  0.44623378815958925
  0.45686253548903549  0.46734785422206554  0.47807860976777133  0.48843910238635463
  0.49835806642579700  0.50800939995290273  0.51839480166428431  0.52974295194141263
  0.54183147255242681  0.55275466847401689  0.56317788738438312  0.57333498662747095
  0.58362660636496466  0.59419501485444504  0.60474041921023314  0.61540331467022802
  0.62598606806790080  0.63653115778064717  0.64703185409747255  0.65732821456207036
  0.66741759144475898  0.67731558440218920  0.68752252058808738  0.69826743889803000
  0.70891734194622891  0.71924894151201801  0.72941174633582417  0.73981293857278063
  0.75065305898296775  0.76187220093313679  0.77384441710768359  0.78565383627790109
  0.79734070869611373  0.80913403661754235  0.82050870802540710  0.83187293665425921
  0.84276377604118613  0.85355391533286651  0.86416665102076939  0.87475195195019551
  0.88512036044005238  0.89521005707892676  0.90512137284988992  0.91503730909952652
  0.92511585301857580  0.93543935176469672  0.94607340984253796  0.95653998796649020
  0.96712165616363699  0.97778931968038652  0.98880356197620911  1.00000000000000000
  0.00645448114157910  0.01897176789187896  0.03345429937732684  0.04681228213588181
  0.05896981063318542  0.07058152801273115  0.08162651017505879  0.09249426359458945
  0.10293039351647722  0.11379853793745059  0.12428161576078119  0.13525335253294613
  0.14605933304415333  0.15581288915363481  0.16589309508860206  0.17607178363486145
  0.18570478757022546  0.19503255352275234  0.20431982815033775  0.21416911423374266
  0.22471012450550037  0.23469953963918355  0.24499606628244944  0.25492310668754820
  0.26545981998074458  0.27603812055849669  0.28707611966747876  0.29834019575167109
  0.30887233541934295  0.31887443930120957  0.32864237233176424  0.33856730591958328
  0.34865238804287413  0.35845798918021166  0.36828104777900189  0.37801872486201982
  0.38831706730929028  0.39874067747692976  0.40928690575298904  0.41998673924714292
  0.43096886684743241  0.44220287876026609  0.45348883679996299  0.46470121521683960
  0.47592682179133777  0.48709238115864528  0.49776570065864861  0.50786357009101590
  0.51760455370637259  0.52773659400524697  0.53812453326249032  0.54863473789726858
  0.55908863830340971  0.56932932303803896  0.57936646976966810  0.58923525455446379
  0.59897532710510981  0.60869510948700933  0.61864027773232955  0.62924178574982670
  0.64031152329765550  0.65127684640347494  0.66193469758767409  0.67219248551327315
  0.68217859547904480  0.69208640482198169  0.70212722864142718  0.71234827162210324
  0.72256471528024024  0.73270203340749174  0.74272310930272845  0.75284829555263122
  0.76302077161996540  0.77327685104867827  0.78324568901556435  0.79324655543656186
  0.80310387359601820  0.81255684061449684  0.82189743201311471  0.83162937749497234
  0.84183478807648759  0.85284399992847582  0.86337557710936685  0.87429623613279039
  0.88435299712728044  0.89441249248885391  0.90409058524145491  0.91403549035170706
  0.92415393630600529  0.93439359448463855  0.94431079618050651  0.95383109143702716
  0.96287481401987529  0.97211997592451693  0.98158358124535372  1.00000000000000000
  0.00000322635918759  0.00000545363624305  0.00001032252492901  0.00001451116738992
  0.00001888988115438  0.00002325623756906  0.00002763614709982  0.00003194618370790
  0.00003622007033119  0.00004053683803370  0.00004509535841137  0.00004965292130611
  0.00005409892258435  0.00005846169590595  0.00006291388431838  0.00006772810938705
  0.00007288148605072  0.00007814167514742  0.00008337517614170  0.00008855146543177
  0.00009369893611823  0.00009892956776922  0.00010431992533163  0.00010985623581835
  0.00011554120378082  0.00012130438267434  0.00012732553345306  0.00013347704306891
  0.00013989977922574  0.00014667096107681  0.00015403434722270  0.00016194768005062
  0.00017038913644666  0.00017906288423972  0.00018850337462723  0.00019819265013495
  0.00020835267700811  0.00021840796796238  0.00022893087359895  0.00023914748029597
  0.00024952514164186  0.00026004665836412  0.00027063021708810  0.00028194259556104
  0.00029382638685690  0.00030626796423928  0.00031901801004546  0.00033211374219667
  0.00034593514907425  0.00036067179487761  0.00037617270947249  0.00039222828227156
  0.00040878372351752  0.00042604176197288  0.00044396458785248  0.00046232157707496
  0.00048202016980561  0.00050305639219907  0.00052646492772018  0.00055274884097030
  0.00058096235382111  0.00061060731352978  0.00064071522680161  0.00067225954186427
  0.00070562069441488  0.00074183180686477  0.00077857690578077  0.00081752343636454
  0.00085875695638803  0.00090569945271355  0.00095727120124050  0.00101303226328387
  0.00107181553685377  0.00113435275753455  0.00120348452372864  0.00128004180278181
  0.00136414876606886  0.00145488449035914  0.00154906393165094  0.00165494854513005
  0.00177805902602457  0.00192294849809462  0.00209588466459828  0.00228726700468687
  0.00249710577197852  0.00273000398587851  0.00298777443877589  0.00329317036494951
  0.00372823171567385  0.00427059528636440  0.00478983125968856  0.00540507084797183
  0.00627941731950089  0.00755429055476447  0.04182323012394035  1.00000000000000000
 -0.00220097350351801  0.00962525857590721  0.01988180666008393  0.03042564523590177
  0.04086822028345798  0.05131983767966904  0.06184710903766351  0.07255118669366253
  0.08391624610530678  0.09576017565473624  0.10728455581747447  0.11848896706907225
  0.12965031718493347  0.14049749099693751  0.15148067955888833  0.16286912035203874
  0.17495524707759780  0.18613850883956731  0.19738558013055377  0.20868807495018118
  0.21988759342447739  0.23081107477741747  0.24241172812553213  0.25380981098881861
  0.26492399557962992  0.27588007273079840  0.28683192255152240  0.29718924927986357
  0.30699558397801968  0.31698647872634833  0.32697815629568144  0.33717889550855740
  0.34760211117585754  0.35806357134016237  0.36914347992779345  0.37980662474677856
  0.39021610258625533  0.40056071296598433  0.41100305675270582  0.42169512254701785
  0.43239553374786777  0.44323519661964278  0.45402638634716425  0.46459302146309195
  0.47510487125374123  0.48563527490789909  0.49586970550308895  0.50583838920887336
  0.51582057884612931  0.52594294776460537  0.53666734692164431  0.54735962992210740
  0.55857473037525007  0.56921268048108131  0.58049242691286718  0.59220022758114232
  0.60432260299425156  0.61566526785472686  0.62614554558105984  0.63623983695832753
  0.64597588154159724  0.65579419322033294  0.66560122083382556  0.67570386147113581
  0.68596097327175076  0.69644880505313611  0.70712066196213375  0.71759515223817827
  0.72796173130209829  0.73817635673872495  0.74847220992970231  0.75899662150908509
  0.76962407072418493  0.77986545056767453  0.78989899650612139  0.79962260611217773
  0.80936500406984679  0.81912837001213379  0.82882196686288201  0.83814089410914339
  0.84763420285115032  0.85718521144078319  0.86711909639008466  0.87703115417046140
  0.88734160833729403  0.89753560007826261  0.90820506590267036  0.91835990169604731
  0.92859533334622946  0.93847458679691853  0.94814020133148569  0.95796671805882616
  0.96838960741750579  0.97911080077100354  0.98959200566172212  1.00000000000000000
 -0.00245730858548461  0.00917478694681860  0.01928751183447784  0.02946109094702473
  0.03978660961882856  0.05053687566557295  0.06168756362137432  0.07256561938076220
  0.08341890397938026  0.09439702462790499  0.10574349136802022  0.11741462360684796
  0.12877997744765743  0.13957183197550369  0.14966879835775693  0.15983094881520224
  0.17031758905638866  0.18089366604078694  0.19078389949222824  0.20025630405753195
  0.20969797151197378  0.21928595090093492  0.22888379131211112  0.23870906935984967
  0.24870179653914684  0.25872529688851598  0.26859419767738252  0.27895671013475815
  0.28926073712759265  0.29946554293261629  0.30936477432498244  0.31970809047875975
  0.33037361703112073  0.34109444701284358  0.35165999508014895  0.36159360827487180
  0.37157399570259569  0.38164045932581803  0.39243290324760277  0.40255559004747526
  0.41277563559793584  0.42301617491936677  0.43277803123471326  0.44251172344414885
  0.45201997335616045  0.46230199938363981  0.47351713934255862  0.48470788298406103
  0.49642147734463848  0.50751799070591064  0.51867478516895338  0.52945133568479652
  0.53962163645536565  0.54955140333272867  0.55917163972552353  0.56970522893243425
  0.58082727553113256  0.59188439700035778  0.60290748543655492  0.61376124669670673
  0.62489301013359266  0.63510463053411259  0.64493670804326741  0.65497517739454636
  0.66555229134239058  0.67633201463510584  0.68681685182031416  0.69721800732672556
  0.70781566710844057  0.71840194398100965  0.72916729622674581  0.73974716884402225
  0.75062274350661140  0.76174365814429112  0.77283384094244234  0.78334821151175071
  0.79327803752458981  0.80294137924180498  0.81335465779008831  0.82434224711118642
  0.83542141536915238  0.84621880008539818  0.85747131399024812  0.86908942879543738
  0.88011288321348946  0.89078272276148174  0.90145054548984982  0.91185940196347159
  0.92173019880218132  0.93180323069310811  0.94239756681852904  0.95382110472255210
  0.96505475652894368  0.97646010058469335  0.98812923858718138  1.00000000000000000
 -0.00261788484266123  0.01110346684439365  0.02199595162882168  0.03244563005487412
  0.04258998861724285  0.05320496951452236  0.06386476792896942  0.07454421379088966
  0.08569800019657314  0.09725117624526838  0.10860421266065495  0.11957348279508964
  0.13022576420027385  0.14076370386705955  0.15162085552523197  0.16208756022373366
  0.17261071220665225  0.18338801271723559  0.19472611353912955  0.20632028206028508
  0.21773954907221324  0.22878092057830404  0.23959868040575183  0.25019107711376082
  0.26047575581112509  0.27091280241558363  0.28129273933040200  0.29244641458906834
  0.30332266994849538  0.31365558694994555  0.32335639415803913  0.33343910032461349
  0.34373830271293282  0.35368548973865077  0.36324366347084430  0.37201896134130547
  0.38203269474687412  0.39190694395787745  0.40226351203424665  0.41255619208346495
  0.42281379449527684  0.43296206711632207  0.44305386497317256  0.45311155878513670
  0.46316676290998382  0.47332832592598106  0.48370961107894611  0.49419596639767149
  0.50462569907697941  0.51477947819826297  0.52479767248561648  0.53480111031892119
  0.54481133207425669  0.55491398845659456  0.56503885159901501  0.57534784488705271
  0.58574692859977839  0.59618825321941116  0.60598481094254208  0.61539036904685862
  0.62504767648080761  0.63526115095685787  0.64565979142999708  0.65604703403125553
  0.66652887410009809  0.67726840321601867  0.68814949603842990  0.69868075879879477
  0.70948135383519095  0.72051936327926935  0.73140191197429727  0.74208905494776078
  0.75228777767871757  0.76319224545871667  0.77408843994766463  0.78468528956878481
  0.79472756728045979  0.80458292835371792  0.81456051166223886  0.82513434522225937
  0.83610952265501126  0.84789167465746296  0.85933769135785221  0.87042032520894741
  0.88121351744744469  0.89216116855755845  0.90325010171930364  0.91409894091126365
  0.92454541838175297  0.93506240663846429  0.94521301273143876  0.95609801028854458
  0.96656850395020144  0.97746420188516725  0.98860637265296480  1.00000000000000000
 -0.00258036931093863  0.00995150897151009  0.02112947611917075  0.03249953312087864
  0.04346745376106260  0.05372239278972091  0.06347511169747282  0.07321937379080309
  0.08335810174907929  0.09316789009649397  0.10276817095862621  0.11250663185653681
  0.12268095395176624  0.13328799031688973  0.14393781250118637  0.15491513025579570
  0.16582502835240717  0.17639829453182068  0.18720135834214791  0.19826892781917413
  0.20943324941982561  0.22004026092993539  0.23065865513931863  0.24148594146050406
  0.25210795906028421  0.26264281574999782  0.27303575587295387  0.28407080784390820
  0.29470341938262967  0.30501327843182818  0.31496590580622397  0.32532496480995182
  0.33584139320796025  0.34666431696141059  0.35768045783001540  0.36882247204269875
  0.37961130661232023  0.38995595739197542  0.40019729075563321  0.41085436967878397
  0.42160871631308000  0.43230218292987971  0.44247681691684376  0.45235690447850024
  0.46199537471862512  0.47166780852094381  0.48233555398195316  0.49357682582409340
  0.50481193256263623  0.51565216251178891  0.52648456750128492  0.53725373934534959
  0.54754352985256105  0.55774987143623178  0.56800249126924274  0.57860926458738826
  0.58970763203900434  0.60045115797448212  0.61060761975156652  0.62087188707405672
  0.63176364658324913  0.64285368576262392  0.65371580527527073  0.66384289095453042
  0.67409315842468553  0.68444781801575039  0.69560176432355159  0.70637096489187290
  0.71678885347092114  0.72716117483186737  0.73756011226368079  0.74789433839986263
  0.75810564729855545  0.76844713177315616  0.77885884285874363  0.78942881396135522
  0.79996536678422503  0.81070927551708061  0.82161974925568726  0.83230926111614445
  0.84267674441275031  0.85291529850502235  0.86392699869138989  0.87551404330979099
  0.88669652451969228  0.89795653299035250  0.90865281613571602  0.91968449001131847
  0.93039526889811797  0.94066565560155724  0.95039308511389398  0.96000499028243513
  0.96985954517550943  0.97984180534338894  0.98989629432954152  1.00000000000000000
 -0.00237274017767010  0.01027698017032062  0.02047795828492088  0.03068295975071930
  0.04076600510376650  0.05042865785455035  0.06017875367857221  0.07043018900036487
  0.08032654022696105  0.09045750996751047  0.10063417915104109  0.11141899104796592
  0.12238890782106907  0.13342551394520408  0.14442090923876133  0.15440859063486467
  0.16405467459267103  0.17393490101108439  0.18408430809199411  0.19544985582271440
  0.20735547349931582  0.21942998192437924  0.23066163589302835  0.24191128519479282
  0.25317289030731577  0.26421278886347510  0.27466853763542254  0.28445586419499852
  0.29410035176974342  0.30357568879775437  0.31296702578985519  0.32241460826858681
  0.33221851235041977  0.34241146076232709  0.35241104010606256  0.36241009903506605
  0.37280446845221793  0.38325894687494222  0.39348073039435094  0.40347733163578398
  0.41340998163213327  0.42337247386301347  0.43304432234806228  0.44338328286661949
  0.45363033949714260  0.46378835960084169  0.47367018835894636  0.48353624613815738
  0.49372692849397082  0.50376991532065696  0.51473793445324456  0.52571934414787880
  0.53731991460851336  0.54831280256295922  0.55929030011652825  0.56951655573382198
  0.57970526555411894  0.59028304210297644  0.60110980620567400  0.61206716530656224
  0.62291672999196901  0.63356806941939858  0.64402869073699809  0.65439981460098162
  0.66515207852240821  0.67596615048814268  0.68703865083440130  0.69761451177062506
  0.70824269635089521  0.71858782908531094  0.72900013052918833  0.73937003586899586
  0.75019738200197839  0.76085574973346026  0.77160435832718677  0.78225253937998074
  0.79296450151429021  0.80377435810805831  0.81474969474116699  0.82620591690164202
  0.83749039560495186  0.84896033613823807  0.86063162416344097  0.87214806865312744
  0.88330610395850973  0.89405399897697913  0.90442627376620699  0.91499332325040605
  0.92558139251036586  0.93629967398506597  0.94633366897778037  0.95627136377291999
  0.96619310799558189  0.97690620207997048  0.98832954582502552  1.00000000000000000
 -0.00247654975377432  0.00933711203189970  0.01922597823364119  0.03076056905751301
  0.04172031312403524  0.05178649012190811  0.06164646383336517  0.07188010047119929
  0.08267370605501789  0.09346922874657591  0.10413770521717883  0.11428810149017009
  0.12441591684839244  0.13456481391820252  0.14470634242101796  0.15473694910012545
  0.16480749348460960  0.17548027380781175  0.18598114039819263  0.19625557317804254
  0.20637948760636762  0.21699063582266465  0.22766037973681394  0.23820682747395996
  0.24862169900360659  0.25925565556169522  0.26988037211451232  0.28038862275553267
  0.29053372945932943  0.30068199574035298  0.31066948330253580  0.32087596081595693
  0.33117943746958256  0.34160745165120310  0.35228013774204808  0.36278232472025673
  0.37332811600784488  0.38392158448519909  0.39454368107499233  0.40505444517320133
  0.41535547963568087  0.42583045399095681  0.43666894287528668  0.44741345809486743
  0.45768294264663295  0.46784132845545123  0.47810028188163561  0.48832217263786626
  0.49873675561341274  0.50949800450402338  0.52047471990382255  0.53102275104670138
  0.54180253155343305  0.55269565677537391  0.56389088908103513  0.57490497667424145
  0.58555589423885090  0.59583093057269321  0.60639364607516766  0.61739948756045127
  0.62866829030917071  0.63984088731672084  0.65069936985710308  0.66119676470201028
  0.67159334023533834  0.68231426860741362  0.69384293802045938  0.70571768883065900
  0.71721879813249612  0.72826052973739241  0.73820319863149741  0.74794690778567430
  0.75748136567198721  0.76724759049732838  0.77679153365963050  0.78581572307224379
  0.79502448636620293  0.80523717017243934  0.81569098267427353  0.82651831724512681
  0.83709427853919693  0.84814313707804145  0.85886996824457162  0.86963664374749172
  0.88006075541691631  0.89074038796894528  0.90168196784647225  0.91302904835854892
  0.92430555170803141  0.93580607944465122  0.94758725515930597  0.95912266455323014
  0.96986742098491607  0.98001879304151929  0.99000354814569036  1.00000000000000000
 -0.00256419020817309  0.00995015932570306  0.02030108026823389  0.02985325344421743
  0.03997838325986400  0.05058442926441419  0.06113977462926332  0.07097767588176077
  0.08046375845496627  0.09061925998953944  0.10097307593514163  0.11099348327903366
  0.12101421870871759  0.13152283505269777  0.14295852571543849  0.15417433709852885
  0.16506086695911518  0.17575938745749062  0.18639597891217197  0.19709154742749288
  0.20818750393327640  0.21971179841902283  0.23093203597252998  0.24161027960666498
  0.25202094812865095  0.26261521049056680  0.27331853574824960  0.28405617930510324
  0.29459967786977370  0.30474623947951812  0.31479859186659259  0.32501509786032412
  0.33536920584817509  0.34573394677030944  0.35590627344365661  0.36622763441407263
  0.37699595290211019  0.38772500376273927  0.39837470305320699  0.40902468867330827
  0.42001656225796669  0.43127949723721393  0.44203702619251845  0.45248381067630833
  0.46254384318755359  0.47303809021261017  0.48390264148995477  0.49509008397506687
  0.50600451334091845  0.51674175840747394  0.52749400390142498  0.53809232557792297
  0.54913043079373192  0.56017497352650258  0.57171041626094132  0.58308526490795010
  0.59466197895413808  0.60612064140658317  0.61691129593624106  0.62765926713780529
  0.63784466208841972  0.64812093148599759  0.65779436399388402  0.66724878887804362
  0.67702297771361097  0.68723460229366662  0.69791426934193312  0.70854234361715462
  0.71935644434532231  0.73001815779847501  0.74038725563936303  0.75084496624804609
  0.76165716922687743  0.77273366878212890  0.78411687658102180  0.79456939760922995
  0.80508585693084167  0.81514655192953756  0.82625429640614467  0.83677900253828130
  0.84702077415033072  0.85698812676744196  0.86731205470571182  0.87759616064481594
  0.88770628185584177  0.89761946504379408  0.90797916118306521  0.91815241184149377
  0.92834228473510039  0.93793194929861690  0.94858237724642702  0.95922217694538914
  0.96975360127589649  0.98007580602627753  0.99007429434619265  1.00000000000000000
 -0.00249275300809516  0.01033790160834478  0.02099826639998743  0.03100631133002148
  0.04164473741301176  0.05181759762175598  0.06199996937734491  0.07168629051674519
  0.08126665128578853  0.09108242432433179  0.10127907161376146  0.11188734526644183
  0.12253440314481856  0.13292980283362951  0.14337153864606053  0.15369509656666733
  0.16402855602139230  0.17419017622335622  0.18437015562041567  0.19445871395375675
  0.20470708710534344  0.21479770302048323  0.22487194476503206  0.23507591218132456
  0.24516921072052156  0.25547783821748288  0.26581837888043497  0.27614443808127515
  0.28657213181242330  0.29687889276754037  0.30759123882908940  0.31827090999009361
  0.32887100614502818  0.33905345118877267  0.34906466711993822  0.35914393671543421
  0.36922336459633048  0.37928186751645804  0.38957580145769699  0.39965345697118676
  0.41008409909543331  0.42101864218973933  0.43276727054734199  0.44363622217074772
  0.45348226654769658  0.46308230176779547  0.47345219347358014  0.48441265214919510
  0.49520229436444657  0.50591032426370153  0.51686144675404488  0.52748471077565406
  0.53842400341667762  0.55008556323912494  0.56242851998325716  0.57332830989427985
  0.58429851097427910  0.59474659740489577  0.60515030005379289  0.61471557179228475
  0.62504118455528790  0.63621889848288604  0.64767387897717066  0.65866699260564188
  0.66921988559243983  0.67933527734556343  0.68997260928900306  0.70135819562344970
  0.71284720072112295  0.72433481886540296  0.73519713558528610  0.74624817883969707
  0.75737921230046268  0.76893432082322022  0.78030179201041161  0.79116957132656096
  0.80148027857397730  0.81158292656098630  0.82180507430915561  0.83173736846485502
  0.84149633360677500  0.85138835491520681  0.86217862279699486  0.87349383147231308
  0.88432007953470038  0.89460155147087950  0.90495175792097982  0.91540272051065308
  0.92581192167431514  0.93558360634162374  0.94551209504501488  0.95574231195619308
  0.96691957980052434  0.97833950106466061  0.98930988589497315  1.00000000000000000
 -0.00266081079553613  0.01160253607463353  0.02291564896011100  0.03409353076035749
  0.04511690631570520  0.05582277695545319  0.06620338126188567  0.07643473401517892
  0.08714468141300249  0.09848801363558127  0.11026001183214093  0.12141680474290457
  0.13214489732093457  0.14281316957797596  0.15338339812079610  0.16358098155103393
  0.17344262495959481  0.18335426740533500  0.19361152991694466  0.20404993326948453
  0.21475616753692808  0.22569861882016184  0.23685732601830564  0.24818603970074821
  0.25935847917635185  0.27021288467937515  0.28052786716563693  0.29048548020882980
  0.30064555027795714  0.31122968295720282  0.32223133665649617  0.33339656076782803
  0.34415754531265264  0.35467305775593944  0.36547712139803679  0.37635754745361533
  0.38735717472930586  0.39848743504988238  0.40983069905043468  0.42085533400236114
  0.43106798953492059  0.44072349228474123  0.45003684555956408  0.45950219236859413
  0.46925259659666174  0.47934752545333886  0.48981857217741909  0.50018702392600733
  0.51017523311099222  0.52020467127622805  0.53067567635857327  0.54154754686479500
  0.55224843420183889  0.56269319182952149  0.57336509128134716  0.58431672084504127
  0.59484029386586335  0.60471226747563467  0.61440151679888033  0.62483068520049545
  0.63542544630687281  0.64573802181416551  0.65547854163223929  0.66541768977938087
  0.67542197137908444  0.68541027194017001  0.69576022332281684  0.70617436686722923
  0.71662712482969437  0.72672751962184268  0.73677823225926198  0.74646697586276345
  0.75605948172153559  0.76606196099848967  0.77694322754197809  0.78859573523009274
  0.80007831245988537  0.81102620918769530  0.82236271666729677  0.83385647682626785
  0.84548718981008919  0.85671346994073494  0.86800718371166918  0.87890002816129453
  0.88964568932260057  0.89958933952217113  0.90925631876729507  0.91916937941755761
  0.92950497268885834  0.93956089725340008  0.94951944319255255  0.95897586050755745
  0.96936840008751934  0.97973219060105177  0.98974328020826463  1.00000000000000000
  0.00058374494620859  0.22842605795524773  0.26058769010430283  0.27860795801431015
  0.29334829137425622  0.30605190943294303  0.31750422485890895  0.32810949913730225
  0.33800107822910064  0.34721774224308882  0.35612316615906403  0.36433757182383508
  0.37237711371511534  0.38041872862475234  0.38862342182072629  0.39672699184997950
  0.40456690180537053  0.41240130517008655  0.42022025548620867  0.42778059429872300
  0.43472440027480080  0.44141995245540377  0.44814059123796540  0.45489668675206740
  0.46170308540911048  0.46832612184018257  0.47514143617115556  0.48169650712519435
  0.48821712999475686  0.49453612212965348  0.50059124166452185  0.50655853929397898
  0.51254502791730283  0.51854754281030491  0.52459928602438477  0.53074831044643778
  0.53702378759655744  0.54349232008468129  0.55013039082369330  0.55670225695705855
  0.56304732730297602  0.56917209554920667  0.57515705992199018  0.58129652529275855
  0.58767590606514053  0.59411844266968594  0.60053161786480436  0.60662475406328764
  0.61260708211795811  0.61856194023582911  0.62454616402917695  0.63061038864633068
  0.63668583392482270  0.64267330871348805  0.64871652317976247  0.65488577878104470
  0.66105378348354771  0.66714979820091946  0.67303137278784175  0.67898901292484515
  0.68495419718861683  0.69129673643394884  0.69736845031987094  0.70338353677971499
  0.70923390410646558  0.71510037114283753  0.72113436536756803  0.72757023034014445
  0.73445428118206812  0.74135092358802102  0.74807335800339758  0.75469388593972930
  0.76115092559180064  0.76758141035838434  0.77420398304216576  0.78116485387501677
  0.78821059612205346  0.79551346529518130  0.80277965774278814  0.81044681413510689
  0.81794406040052658  0.82550396177447849  0.83331331987081747  0.84119550843096402
  0.84913653322608917  0.85692330795465743  0.86506325083207525  0.87344666386957048
  0.88276122986584982  0.89228724866836062  0.90258818931684726  0.91409455158457187
  0.92690162320523684  0.94221430962728336  0.96397008274428198  1.00000000000000000
 -0.01871294139737610  0.11232240241645775  0.14836635484407867  0.17051894349523825
  0.18779067426863169  0.20313456937347363  0.21691519533436138  0.22887551104059312
  0.23966257481479394  0.24983608372249233  0.25965282405193385  0.26928290364798763
  0.27801590190774739  0.28637807864205711  0.29438666335335489  0.30216215219255332
  0.30982152453723233  0.31718465518606415  0.32421957015080261  0.33160229148095371
  0.33862646803582658  0.34558122616182058  0.35233260563871610  0.35912444687616801
  0.36582898672520675  0.37242093971836898  0.37875321413981583  0.38495888480450707
  0.39120634014639372  0.39745685001424624  0.40365600711991179  0.40981858506931990
  0.41583208180364223  0.42152897789685101  0.42722688085234600  0.43301528911973691
  0.43892411708033530  0.44478493226193799  0.45064475687917910  0.45649829528989921
  0.46236571943459670  0.46821766940459608  0.47394561866117324  0.47950322590169248
  0.48500070730822620  0.49034033108863129  0.49566215812910447  0.50094148454096687
  0.50630772274899760  0.51173307342702756  0.51723172054191668  0.52273995322596944
  0.52813083056119137  0.53353996716622631  0.53906927379566527  0.54462886269188415
  0.55023031868802919  0.55579886432761894  0.56123868465631976  0.56673375863913877
  0.57240213449838639  0.57807050126346704  0.58365399204512769  0.58931218203059266
  0.59474354956350217  0.60044822334255610  0.60630057393939818  0.61243181874581365
  0.61881313442035968  0.62533322449591289  0.63213945812089900  0.63913140217377951
  0.64620797297115040  0.65328130213558233  0.66032945201826809  0.66727294793043390
  0.67422205169806415  0.68111315662966765  0.68829488818706674  0.69573933256552367
  0.70330028745791040  0.71114751644332830  0.71922196171273234  0.72747967601179131
  0.73596093322994405  0.74467436044614399  0.75390051359868171  0.76369399103080282
  0.77452460657397604  0.78699465521547507  0.80107998564626037  0.81656349269056683
  0.83364730863550063  0.85538043059462765  0.89292835713514673  1.00000000000000000
   4.0303883400039531E-004  -1.0000000000000000     
 T F F F T F F F F F F F F F F F F F F F F F F F F F F F F F F F T F F F T F F F F F F F F F F F F F F F F F F F F F F F F F F F T F F F T F F F F F F F F F F F F F F F F F F F F F F F F F F F T F F F T F F F F F F F F F F F F F F F F F F F F F F F F F F F T F F F T F F F F F F F F F F F F F F F F F F F F F F F F F F F T F F F T F F F F F F F F F F F F F F F F F F F F F F F F F F F T F F F T F F F F F F F F F F F F F F F F F F F F F F F F F F F T F F F T F F F F F F F F F F F F F F F F F F F F F F F F F F F F F F F F F F F F F F F F F F F F F F F F F F F F F F F F F F F F F F F F F F F F F F F F F F F F F F F F F F F F F F F F F F F F F F F F F F F F F F F F F F F F F F F F F F F F F F F F F F F F F F F F F F F F F F F F F F F F F F F F F F F F F F F F F F F F F F F F F F F F F F F F F F F F F F F F F F F F F F F F F F F F F F F F F F F F F F F F F F F F F F F F F F F F F F F F F F F F F F F F F F F F F F F F F F F F F F F F F F F F F F F F F F F F F F F F F F F F F F F F F F F F F F F F F F F F F F F F F F F
  <DiscreteSampler_grid>
  grouped_processes
  1 # 1 for a reference and 2 for a running grid.
  10 # Attribute 'min_bin_probing_points' of the grid.
  1 # Attribute 'grid_mode' of the grid. 1=='default',2=='initialization'
  0.0000000000000000 # Attribute 'small_contrib_threshold' of the grid.
  0.5000000000000000 # Attribute 'damping_power' of the grid.
 # binID   n_entries weight   weight_sqr   abs_weight
    10   10   1.674954551420811E+003   1.975971959850527E+007   1.674954551420811E+003
    16   10   1.674954551420810E+003   1.975971959850527E+007   1.674954551420810E+003
  </DiscreteSampler_grid>
