  0.00352093379531428  0.01070372040063209  0.02051593355879849  0.02997641078791387
  0.03953216568491878  0.04924767866042044  0.05898931773714565  0.06870232756576772
  0.07812175315460089  0.08794591061637570  0.09812100528813203  0.10734273301796272
  0.11594713623397411  0.12494984597468786  0.13673504546491633  0.14827463930649704
  0.15852314634632222  0.16878624757388119  0.17903898207302130  0.18873756638062678
  0.19780604504429508  0.20742348258692289  0.21862474721172961  0.23038561045335326
  0.24214930742636195  0.25343201399560106  0.26550972328486450  0.27851270684238033
  0.29183187919096260  0.30361745248060579  0.31467775194388725  0.32582230506752791
  0.33687113566178928  0.34737363904676244  0.35763437125682029  0.36817090485058412
  0.37902486133341401  0.39006669126795745  0.40016637641293401  0.40985923957792519
  0.41987838437076097  0.42962220509747251  0.43892025171427412  0.44748028305563525
  0.45565701327086305  0.46496574455452949  0.47565390271601771  0.48704687697719501
  0.49813109692218782  0.50854702791384776  0.51897870815644043  0.52954022568027181
  0.53967250968805902  0.54957410360465775  0.55943904844222447  0.56971054122126297
  0.58017138851120720  0.59109661684351877  0.60173690473945829  0.61318991256814626
  0.62449793874431547  0.63472167717119521  0.64487585864258667  0.65469383182220764
  0.66441659174592749  0.67415971010773734  0.68351018152569210  0.69315720006269044
  0.70259428586243566  0.71197350258220771  0.72146662976183007  0.73121949823928201
  0.74131920629485593  0.75245970176480315  0.76398394910581269  0.77433573801890176
  0.78369306965243990  0.79338888218675940  0.80459897952136639  0.81648220115112768
  0.82800597407243370  0.83946107169992279  0.85074696927156612  0.86201093218597147
  0.87280059833649026  0.88450796761404304  0.89800495260728530  0.91191749428124846
  0.92413986086971522  0.93479082416990245  0.94469643264436420  0.95467564295591878
  0.96516654069299657  0.97524604950221994  0.98676225477666635  1.00000000000000000
  0.00673617465015194  0.01723022633735270  0.02802965470171961  0.04014086100666736
  0.05131708662645773  0.06275924692437776  0.07399263193272024  0.08646369967750835
  0.09986905914079586  0.11233227636689609  0.12388480555854067  0.13492966068531620
  0.14559561673352661  0.15583320419265698  0.16571650619007908  0.17492810464777142
  0.18371340864684196  0.19277034817164973  0.20189461419574811  0.21160919127207589
  0.22122800689688851  0.23116420064627441  0.24131545732211276  0.25154549369529239
  0.26159828731584045  0.27154080371065331  0.28161585917768184  0.29175351762577162
  0.30196436392251907  0.31159862963760859  0.32091653085317251  0.33084243696474208
  0.34180260108039262  0.35329751186391789  0.36385802451317073  0.37487472290736101
  0.38950884265048891  0.40310457153739637  0.41467559461186837  0.42361100468286789
  0.43294997872617208  0.44277245980912916  0.45244337513868771  0.46194869302721103
  0.47146718913801422  0.48130914196044272  0.49179073396066209  0.50235799513035340
  0.51243617958711418  0.52254434637613179  0.53222770144681586  0.54202236517393443
  0.55230386171122781  0.56265002480600423  0.57211103009864916  0.58083079167493235
  0.58988124022993094  0.59985925550060815  0.61029296168891289  0.62110449417154800
  0.63265171899549311  0.64499634617709778  0.65775296225861313  0.67032901574217252
  0.68222052970514835  0.69331996371029192  0.70400591516076216  0.71455607962338974
  0.72561446929941364  0.73594641310938957  0.74622112663654738  0.75655722660809166
  0.76705760334258510  0.77877787720427250  0.79123987711488630  0.80367241307416915
  0.81445527022902797  0.82392020132706856  0.83318154592186744  0.84323205461577588
  0.85449642692300043  0.86478454023885043  0.87598049443391646  0.88576726621496316
  0.89578624484391778  0.90684640420604901  0.91818011767910479  0.92828744914007666
  0.93849701726702817  0.94710607384677137  0.95671012123936783  0.96617573791047284
  0.97600780211351246  0.98492531980434306  0.99138657308945666  1.00000000000000000
  0.00340512870895975  0.01077497758075378  0.02035366859448925  0.03050942733720142
  0.03969085223775413  0.04826080395450562  0.05651589932859697  0.06546333567066936
  0.07457724709160085  0.08376901438792898  0.09342304450093808  0.10309705479563452
  0.11197783258718992  0.12058676351519317  0.12983328279199444  0.14013097150747494
  0.15053622170991154  0.16022617976571740  0.16953194244267267  0.17905943750689041
  0.18912866093752839  0.20006138502272350  0.21091525065650915  0.22164562999357074
  0.23246844133409919  0.24262700881901908  0.25299122117146011  0.26271161153519035
  0.27297245085964739  0.28372085566572436  0.29440091754433195  0.30512316845484072
  0.31583170012622169  0.32730462672515848  0.33835472242112868  0.34950227633986292
  0.36106174847051897  0.37359284620835209  0.38587503626041647  0.39720843832385272
  0.40862371233830863  0.42008206930016240  0.43144019186342258  0.44233586047074458
  0.45290664365289596  0.46352767285988311  0.47449367771932921  0.48488544122003824
  0.49410809259070682  0.50326141413495218  0.51330086923798279  0.52387682121216039
  0.53383518849910183  0.54361366031092817  0.55302728216701647  0.56225151834240938
  0.57075137212677607  0.57960902575518636  0.58899557091632548  0.59940222282406563
  0.60955837999696272  0.61891497389226269  0.62758908176417694  0.63676395588867829
  0.64693851383627921  0.65806348603358922  0.66931093653460094  0.68017340720968589
  0.69073694810553543  0.70088210803927598  0.71129828596810851  0.72279995884080517
  0.73526278645299614  0.74838535806294582  0.76125741402234948  0.77354251404891117
  0.78571291907694674  0.79766590973621476  0.80927829142857000  0.81973455700015740
  0.82959446119601232  0.84007239645630916  0.85133499449736316  0.86174452378283395
  0.87216441634869379  0.88389380057449995  0.89596450031292207  0.90713464890385898
  0.91871399061681902  0.93235395108010666  0.94569409085411260  0.95698014469538040
  0.96752861868828510  0.97742733597433318  0.98825879666684713  1.00000000000000000
  0.00617909604922769  0.02026221266675847  0.03583399162802344  0.04923254054047592
  0.06036822019432132  0.07139230975269033  0.08217601871420252  0.09346231496195319
  0.10415497615054546  0.11404357399644155  0.12372897020658846  0.13344016006231996
  0.14409791946225439  0.15509503095129948  0.16783820385485729  0.18203977185435821
  0.19313367485790967  0.20127181488780030  0.20993022425534177  0.21972688303248955
  0.22936510058854825  0.23871937681395367  0.24875160558954232  0.26022945787940482
  0.27220331166731854  0.28506895136179844  0.29539661164215258  0.30471730539113695
  0.31360573579357259  0.32193384753926541  0.32998676668397203  0.33803594176463775
  0.34663106467860116  0.35564204774006719  0.36557969794597783  0.37482355003496981
  0.38505268325258069  0.39529929007733333  0.40820469418304201  0.42063181718814280
  0.43240211577004900  0.44312181380413301  0.45381472193156958  0.46288443782577043
  0.47135658289401206  0.47954607457924670  0.48897004693058521  0.49904341303378086
  0.50909500784247164  0.51807113079894396  0.52864404235591989  0.54029277346008164
  0.55143751511149375  0.56267042677471335  0.57460340256004694  0.58660640874654435
  0.59813545454327399  0.61033465761235928  0.62249642096945823  0.63447820489788187
  0.64520750928776527  0.65467344444371789  0.66500441199717708  0.67671533889144342
  0.68892848462759226  0.70055710981686869  0.71221365414424009  0.72512280966842335
  0.73636870719250325  0.74660318591643060  0.75631377305877323  0.76571901401627718
  0.77609277226866946  0.78811550256100293  0.80013514769814498  0.81131641798991694
  0.82141038060953908  0.83099036645290492  0.84018543119258626  0.84882605694979385
  0.85695210210899986  0.86475430981891954  0.87337318673055342  0.88139118311188469
  0.88883691945456311  0.89653489035235123  0.90574305272326971  0.91616025777829557
  0.92701208534927582  0.93787381527049563  0.94861135294246157  0.95909760613293937
  0.96885559226785811  0.97875757136498354  0.98877830833838620  1.00000000000000000
 -0.00008596663552582  0.00084512456815584  0.00204043556131271  0.00380333884914283
  0.00594918308331307  0.00857273181250719  0.01186721067480074  0.01582676169122556
  0.01985701073819365  0.02431915937465829  0.02907336349273823  0.03432427856989167
  0.04050594168882446  0.04690650863401423  0.05366548211196170  0.06125173598878785
  0.06904315968076775  0.07638664741801686  0.08385032380930003  0.09099656352826396
  0.09873243861293218  0.10732618541546370  0.11806955652020862  0.12916452945146900
  0.13931609832521172  0.14907728741127052  0.15869530448285937  0.16820337027786914
  0.17819184121139542  0.18859102697787952  0.19898662297852845  0.20998005352550844
  0.22169559219422161  0.23351978453632119  0.24562129706371594  0.25784450960987232
  0.26999553273847521  0.28059280262471570  0.29097643498170578  0.30217014362593109
  0.31362692720758556  0.32492317238611373  0.33542725344362284  0.34617841239014152
  0.35675577637914885  0.36728522442968564  0.37820882115656107  0.38954968618579278
  0.40129594232658417  0.41370213463744088  0.42708014093733349  0.44068334536892534
  0.45301596042959213  0.46562309672574359  0.47844919127710861  0.49117405588061008
  0.50408543645317105  0.51683499119974130  0.52953028382248601  0.54180505223161057
  0.55243843644279100  0.56480801066392627  0.57759280321579309  0.59080663585180082
  0.60401048491107467  0.61673771813041256  0.62880710604763090  0.64082980103948162
  0.65295471366924385  0.66576920016261432  0.67852090014422406  0.69030550065771434
  0.70299055601168048  0.71665823882279256  0.73006943187026396  0.74308250083585381
  0.75604123290438474  0.76975753924902801  0.78240333606419654  0.79500545574777659
  0.80729798857734969  0.81927826277044258  0.83127519825905039  0.84239644530738234
  0.85428318460475949  0.86698628112614451  0.88012453159840431  0.89310412417742746
  0.90561859935014688  0.91876339072662083  0.93244082801151407  0.94654847387472762
  0.96107251990476528  0.97454577687474819  0.98741856599697653  1.00000000000000000
 -0.00351844895858977  0.01302234209680232  0.02471064103923441  0.03492609577627222
  0.04481977202925610  0.05483797191901661  0.06540906069837223  0.07572239365625330
  0.08608686229979827  0.09640469043085388  0.10717421666174148  0.11628676809568828
  0.12530848664513650  0.13495833341873237  0.14544138660540668  0.15650711413384252
  0.16663689799236686  0.17545768442474041  0.18382605693926418  0.19222090437785672
  0.20073575316726083  0.20928367136596415  0.21888242271351596  0.22900421379616992
  0.23910589777800453  0.24856205129876563  0.25776873465399180  0.26745769575868000
  0.27820547598217965  0.28959484709802641  0.30035989834494486  0.31066531423112920
  0.32095400134542379  0.33143559588217064  0.34218671222066654  0.35326996182187775
  0.36509952099775128  0.37772293852899769  0.38973975910344166  0.40088414833020242
  0.41191052226330954  0.42313812463021572  0.43470838419375907  0.44598669860875600
  0.45821841144072617  0.47229101699793075  0.48639938294183438  0.49910125138727179
  0.51167913492238404  0.52357573882345543  0.53533987001322203  0.54741967899411725
  0.55954896431344225  0.57109158388346604  0.58173525512092983  0.59215681597923486
  0.60330740102716307  0.61491382066546563  0.62646901731292037  0.63674216887277979
  0.64633443181830963  0.65529350810239018  0.66417055786717560  0.67285196843659367
  0.68119784955718521  0.69024717118875301  0.70034121223878065  0.71067664183175594
  0.72045140505869010  0.72986347516874051  0.73916837243268385  0.74905561726058045
  0.75966683435374094  0.77055752795421772  0.78132106455353134  0.79249603012856717
  0.80400474523288579  0.81626826002635700  0.82840415582306393  0.84106693000594357
  0.85371368869177411  0.86580311696615531  0.87774653235191047  0.88966781313341625
  0.89994477252973937  0.90883959462553254  0.91787948629009053  0.92775272915910290
  0.93761477797934067  0.94653571298663275  0.95604433593992855  0.96575822614330120
  0.97526827022687868  0.98428208347685187  0.99266456214957877  1.00000000000000000
 -0.00148973108540565  0.00886068506507960  0.01703114485297148  0.02463038299957690
  0.03229839319175953  0.03988557628733571  0.04818957809371026  0.05709593899197506
  0.06585558579022709  0.07435583717478991  0.08276467750765693  0.09118282021495785
  0.09924806592466344  0.10755840376893974  0.11581683696738862  0.12457762948264443
  0.13322464422699004  0.14216992140042845  0.15150050472716500  0.16157577099535297
  0.17179422005968628  0.18186595442156017  0.19219989006549065  0.20242530581753257
  0.21369425758666269  0.22414298759045806  0.23403157014773829  0.24357522061219636
  0.25443317750056421  0.26701755670907967  0.27878691677828804  0.28990313306425758
  0.30058372206212747  0.31115329920403784  0.32187826648864476  0.33324059803439343
  0.34707815854340168  0.36107586672834596  0.37279455119250376  0.38293192334956644
  0.39257013497388515  0.40328503368175150  0.41437291239666219  0.42595339450158021
  0.43834529264006494  0.45075901100883270  0.46232087162546404  0.47239965113231852
  0.48191242818310631  0.49143883318217574  0.50141330461054345  0.51195978630019146
  0.52148967851478378  0.53144700629575936  0.54121263076636339  0.55225059788752584
  0.56410636727826335  0.57830949973452406  0.59025867397490395  0.60262936421698954
  0.61475957530232173  0.62684709413157225  0.63743084738602029  0.64768072014810796
  0.65878265083405596  0.66921480896172791  0.67818526399139489  0.68684762376690611
  0.69591172870756468  0.70576700243539303  0.71530847991119928  0.72481784973736829
  0.73511815198642039  0.74724603853317995  0.76047172129061713  0.77475249676853164
  0.78925353024782441  0.80203408683797350  0.81284009958769521  0.82260198245870952
  0.83172585747522598  0.84170359941753736  0.85217984105189726  0.86361524264277234
  0.87443698437112227  0.88507028993752568  0.89526902140219478  0.90467892965334307
  0.91463756539044350  0.92651364200764397  0.93972903541295838  0.95320331880048415
  0.96655796650922066  0.97924920684218919  0.99010552270788255  1.00000000000000000
 -0.00314672897872340  0.01111402827730244  0.02269897549188508  0.03472391907155408
  0.04677544416477140  0.05835395724831284  0.06884702507870839  0.07936100190094314
  0.09104727199777427  0.10245551516350283  0.11227903037862191  0.12105394595740608
  0.13098821067812058  0.14154582260811197  0.15362242350897756  0.16504898001507529
  0.17717273471634182  0.19063898459101880  0.20402432805260767  0.21559324614094061
  0.22676970528393761  0.23702941927548271  0.24729360812341533  0.25751423248559985
  0.26806224581205479  0.27947004867436903  0.29032882147118422  0.30013062036814508
  0.30979792243024884  0.31993556000657225  0.33090620229306278  0.34381976640040895
  0.35787292459048997  0.37194566636028698  0.38453867503465888  0.39618770320785152
  0.40726565104469908  0.41807509680113575  0.42780529324152977  0.43820017913560427
  0.44792978848775344  0.45823369067382708  0.46768835323418018  0.47637647263081762
  0.48507461128720319  0.49454304739884553  0.50475646365569238  0.51547043030512929
  0.52559322699881272  0.53524050118111188  0.54466045675108210  0.55412722097049250
  0.56371242322070680  0.57304274787209830  0.58250327799693780  0.59300610231415785
  0.60394298537381841  0.61437878244625022  0.62465482214223700  0.63561223801702760
  0.64688419396115238  0.65733609767764478  0.66636697294760106  0.67550316140239774
  0.68535449392888148  0.69565059223874326  0.70555384094404838  0.71587079772013262
  0.72622233402070113  0.73679732215901683  0.74802934559646606  0.75921771604397659
  0.77097629974441118  0.78380175612525460  0.79658528747592983  0.80711857382407226
  0.81800040787374639  0.82899693517745909  0.83902154314564958  0.84907577989544425
  0.85888388102750524  0.86841264841333410  0.87762850233013867  0.88595056148033058
  0.89423395367820735  0.90356967118998177  0.91252833345169226  0.92203225008360723
  0.93011304946056061  0.93892096428247629  0.94801842189700158  0.95756680883964884
  0.96775203325102210  0.97772778806916316  0.98848363338166612  1.00000000000000000
 -0.00245585250761766  0.00851939268681861  0.01765923390123304  0.02664608515365927
  0.03491061414595666  0.04316515771712653  0.05172933447996547  0.06092239890762672
  0.07169400514999377  0.08236226274768869  0.09347155172385284  0.10380843505629588
  0.11325327648073755  0.12253556208861927  0.13220030825219847  0.14222191997342559
  0.15198984575219934  0.16134500569856730  0.17072270316569901  0.18012574635764747
  0.18922675543379999  0.19870276560651737  0.20788315626179305  0.21693592626943350
  0.22634688788301641  0.23552239880608181  0.24590422624500755  0.25728437417429600
  0.26871839756192190  0.28048906156566972  0.29122367484206035  0.30039707346509859
  0.30917468624883088  0.31805775439566031  0.32742427931978668  0.33691840102655329
  0.34626616660671494  0.35628690662317264  0.36750154211066693  0.37869514554720124
  0.38879917273454978  0.39837515588054928  0.40768043639659912  0.41691024458135062
  0.42654331255485928  0.43617090713750606  0.44718045816492497  0.45892413082030847
  0.47062740504148737  0.48261046620810671  0.49394192171195805  0.50537791845066382
  0.51680505261476550  0.52762491521959798  0.53779886380051056  0.54797071446729884
  0.55853315565377859  0.56848342405411367  0.57798680176474160  0.58908040938981676
  0.60059655769983811  0.61091580271960177  0.62109457495642473  0.63235261744752058
  0.64488308830238072  0.65545945635914415  0.66571712713851161  0.67607213780557185
  0.68706993458274146  0.69843690366376343  0.70973955221585328  0.72203490464749942
  0.73417423266904691  0.74622087795223591  0.75775367199148347  0.76889371757591141
  0.77991860753654030  0.79120585045207603  0.80295358705849151  0.81595737535816537
  0.82906184475969058  0.84046143978318910  0.85076659810998112  0.86110546867186555
  0.87206067136564747  0.88411928431622333  0.89531762016130223  0.90635038500035170
  0.91796336881020069  0.92901077428374279  0.94022930899601309  0.95122374005536781
  0.96323400153282945  0.97538832343866344  0.98788504279749123  1.00000000000000000
 -0.00192952926800707  0.01000728154357520  0.02008484049916359  0.03005784172838127
  0.03928471377607230  0.04808775827360363  0.05612466053918191  0.06433588692177242
  0.07306244358925212  0.08314304315084835  0.09369998994423430  0.10402456855119259
  0.11411187194078831  0.12426605824501713  0.13465438642756203  0.14499178562155055
  0.15728523489294610  0.16904710974920251  0.18025963804555190  0.19022916635204856
  0.19846663034579901  0.20655918048477945  0.21404970856529093  0.22180135821925423
  0.22987152105180295  0.23846738279098878  0.24752590979589223  0.25747553623271668
  0.26829751073890262  0.27969544698521603  0.29049388639789120  0.30050348796953713
  0.31030682444040819  0.31957969009713205  0.32849701890526628  0.33764863019300362
  0.34788325849004442  0.35865738509079259  0.36860997824298736  0.37896730621598740
  0.39033556448865397  0.40092219329847339  0.41051065969601575  0.42063451047770245
  0.43175949089287430  0.44241267092068742  0.45298803927319337  0.46317055307114530
  0.47438055767298687  0.48472612531356335  0.49496018885815596  0.50531784018233827
  0.51612671024398005  0.52775731774639179  0.53989612723649949  0.55187220263330772
  0.56339063128095490  0.57404732913088541  0.58438834986724042  0.59464035170796836
  0.60524636453273561  0.61680173306116293  0.62892874234791907  0.64077490053076180
  0.65303919451462744  0.66487635312000459  0.67625531082191959  0.68756652739853819
  0.69923751286383107  0.71152733333613716  0.72435318971297435  0.73813858703861135
  0.75134346022187959  0.76301572488005331  0.77362836606093877  0.78374971734146059
  0.79344979806124061  0.80269776443705765  0.81166102894901904  0.82232771417111272
  0.83357708465070024  0.84551803710890372  0.85704893021686812  0.86875431444915885
  0.87965399969961044  0.88986613114813051  0.89999356008012099  0.91146890610743370
  0.92370287717019250  0.93646099757288837  0.94877516652717409  0.95956193964235115
  0.96957411482366640  0.97893905537097425  0.98972178937999855  1.00000000000000000
 -0.00237033257937271  0.01123612514426584  0.02366483490960900  0.03569895824007095
  0.04851212634899444  0.06184241560661652  0.07361884028850124  0.08467985724062690
  0.09581134888874004  0.10664972231721229  0.11714900156384433  0.12710299714123746
  0.13705313855815190  0.14707508254206819  0.15751275867672895  0.16818384235723005
  0.18047094157898191  0.19119389513291915  0.20097928014227223  0.21062207728140425
  0.21996865183624187  0.22893029078069335  0.23704679419231206  0.24560874840344413
  0.25534621978203254  0.26591888000292496  0.27733815062567924  0.28896342045113976
  0.29906091817631331  0.30857194784506436  0.31980255057378865  0.33233132849421559
  0.34269343602835611  0.35179145113156679  0.36232714479345796  0.37357198972710437
  0.38444023146652084  0.39554199508817878  0.40663605642197265  0.41848519873926759
  0.42995030433202802  0.44155661717723838  0.45360003253473530  0.46591204941929720
  0.47792141859836457  0.48868037802480679  0.49868079160941770  0.50851510429098012
  0.51818735290608853  0.52766339545273333  0.53701647143144671  0.54758673797442470
  0.55970569388695335  0.57062638130623400  0.58040026759835439  0.58998210237289705
  0.59989033660320823  0.60960635116545892  0.61898168910568896  0.62918920221298413
  0.64051501965363389  0.65102749869059962  0.66061993058724000  0.66941749145143270
  0.67811390292281193  0.68699428382542027  0.69642288001656183  0.70542738526215198
  0.71455420651059731  0.72394913253905957  0.73430439842697848  0.74442811657748031
  0.75371228541979374  0.76297532431937731  0.77332947032729382  0.78392229446708483
  0.79458632439176036  0.80527287116425250  0.81600493254414630  0.82747574602618446
  0.83955615197913991  0.85128614595994667  0.86142260232407453  0.87004444950169746
  0.87935164980865210  0.88858109665411011  0.89803608337070284  0.90728894649207559
  0.91658731389564863  0.92694023910122514  0.93759438340758305  0.95042511162445753
  0.96402525782103687  0.97687869808724082  0.98894993653577479  1.00000000000000000
 -0.00237365899119302  0.01026881375149459  0.02003417481812293  0.02887004664789161
  0.03817697888306074  0.04769910954257777  0.05736900191993909  0.06684804361961534
  0.07706748773977085  0.08840099097419489  0.09884571227641333  0.10941707904784534
  0.12124894653536085  0.13237230615066381  0.14250707119727360  0.15262581436185332
  0.16300537022953129  0.17334588914276280  0.18363774187998519  0.19459321814255862
  0.20631282028307202  0.21821132579651081  0.22988359021543853  0.24074576054708330
  0.25147313633930457  0.26238404927708936  0.27302848598447332  0.28387690917572922
  0.29474545200726709  0.30463619082471183  0.31329257417332917  0.32104329210078647
  0.32922691322074782  0.33851976735978834  0.34884734954105784  0.35922193655540613
  0.36965112551194201  0.38050095715230736  0.39176053307449993  0.40304760120312966
  0.41356147398321491  0.42361346351541773  0.43384675517997129  0.44352627494339020
  0.45335961881134934  0.46361608818574285  0.47398217984949725  0.48394672181931025
  0.49354703052408883  0.50421401096646135  0.51691340052198820  0.52807752002595809
  0.53886073979315829  0.54932599328010201  0.56019167793763380  0.57077214855708236
  0.58206568049235097  0.59219108497741746  0.60197923435452994  0.61156096048354913
  0.62213819734582820  0.63383958606834834  0.64653518406806465  0.65837688325457633
  0.66971527274817255  0.67975040952700938  0.68936547995106912  0.69959245659886515
  0.71136867522245351  0.72409218854831769  0.73544667858590196  0.74504314716284692
  0.75473923717711822  0.76422107281117024  0.77327280674618615  0.78161804028278681
  0.79083407001609030  0.80145942879898247  0.81256350692203350  0.82356159127768003
  0.83388134373826805  0.84391034786980401  0.85328615451827239  0.86413492335303033
  0.87618442224587034  0.88864831095379226  0.90143878332919003  0.91369811432004633
  0.92582248397681866  0.93451111633813189  0.94308165906675845  0.95232274282566642
  0.96121467982812314  0.97343142896825829  0.98589928113885927  1.00000000000000000
 -0.00181304831112029  0.00575034935114367  0.01243023488996426  0.01860206732344589
  0.02413729462906809  0.02891105676076727  0.03393993849735202  0.03926663952879936
  0.04488272259022964  0.05025467075881758  0.05557971006305876  0.06087416857367431
  0.06610622397565866  0.07142914662941222  0.07700943586103215  0.08264786640157841
  0.08863849537041341  0.09470365958735133  0.10107511913838595  0.10723533365058655
  0.11380457823770219  0.12053813299786537  0.12826300306048249  0.13581803543400225
  0.14333786965260353  0.15301468008681962  0.16275316086175740  0.17134755180173050
  0.17956184757750523  0.18864218070196725  0.19852782370983429  0.20867251979590423
  0.21867032379485132  0.22842178195791843  0.23776799777439867  0.24693762518418763
  0.25640153336687016  0.26609077317618912  0.27595083139466015  0.28618325677324230
  0.29715970815327275  0.30928566974957095  0.32103403567082955  0.33330682245247312
  0.34509762633942531  0.35685120437360773  0.36742042360033883  0.37811846184348985
  0.38810810897301212  0.39884048028894203  0.40926652214611531  0.42075226204251420
  0.43343754376980537  0.44696564527623917  0.46124063264174481  0.47648985955733703
  0.49258367854280960  0.50840386717259956  0.52235185159706454  0.53343040812578624
  0.54340392163368312  0.55409767419157818  0.56738841404100782  0.58124425153830916
  0.59557742490285159  0.60855686246385898  0.62090701992386421  0.63316360821350737
  0.64583799333425285  0.66001447077289499  0.67581076481313540  0.69150079929909858
  0.70510830169683125  0.71760342538721222  0.72870665727676753  0.74014066133982659
  0.75217131847515106  0.76668828014863777  0.78151749753540789  0.79563947821401448
  0.80997807228457686  0.82342028309717119  0.83658114297992014  0.84993022724499379
  0.86424918947865470  0.87752001936740365  0.88879512461387244  0.90054603798910171
  0.91448680613880107  0.92784225801386910  0.93997509823529424  0.95274934787228349
  0.96467714871098342  0.97586929638433240  0.98793691348448209  1.00000000000000000
 -0.00215464368845911  0.00929455336120500  0.01781137502286810  0.02682633172934846
  0.03473254744491062  0.04309029177733133  0.05144270100062426  0.06091981710988111
  0.07078771631328119  0.08003871563923026  0.08867136640095516  0.09761269549772048
  0.10711745752776489  0.11653687932784568  0.12450138715801917  0.13145895674913680
  0.13902096694216803  0.14709088414817859  0.15702107360842191  0.16800212103090423
  0.17933700980202605  0.19070012631216465  0.20204377484994943  0.21354123736855601
  0.22501346983964013  0.23746797394827918  0.24983585470885772  0.26157138887746373
  0.27244048752233041  0.28338070255056541  0.29395090154886255  0.30433878714476320
  0.31478966659741442  0.32680937936138682  0.33752149894920563  0.34817228559728491
  0.35849580852296320  0.36761683172454157  0.37671906796377169  0.38477546151896302
  0.39356155143556920  0.40418241061713522  0.41631116025019893  0.42588241829605450
  0.43428530913496172  0.44295206189818387  0.45240137713975720  0.46154383442473668
  0.47014535508388267  0.47860904219858252  0.48792704140886234  0.49798701276367996
  0.50840954723448595  0.51894166485344029  0.52961711868278283  0.54020201979956728
  0.55092239391718223  0.56137402271860504  0.57224863855207775  0.58309126698386826
  0.59397526307747439  0.60542799819199977  0.61813425799820287  0.63080962872109403
  0.64309244984272540  0.65547797089296855  0.66777204686560110  0.67942685505684108
  0.69137042546390071  0.70270795164893707  0.71353545031080956  0.72470583717123738
  0.73694756588802857  0.75021239916108562  0.76388686111946402  0.77731651814643832
  0.79027161419322978  0.80244517325846021  0.81412432886336972  0.82514744116225036
  0.83577287112499843  0.84652600916253729  0.85793018871572624  0.86995280863694679
  0.88141831752200528  0.89193152214043170  0.90215767118704115  0.91270552733210142
  0.92341351087518386  0.93362590125176459  0.94377063912945269  0.95460479500880924
  0.96574115531877902  0.97734474243813318  0.98872686902549523  1.00000000000000000
  0.10992806812101180  0.22297663331237547  0.24940592629521305  0.26320083873171007
  0.27485802888473049  0.28576388218054444  0.29600315885607303  0.30552840495567957
  0.31396055738634593  0.32145828708572016  0.32880875060173070  0.33593765133154146
  0.34234074162333478  0.34834138754838190  0.35440253293671048  0.36069343148037170
  0.36734213912565672  0.37336566934521209  0.38056310494003431  0.38721450625297149
  0.39384486267974345  0.40049653792912754  0.40735253296442436  0.41482204439297682
  0.42253385634780105  0.43014584972803638  0.43735373373043412  0.44389966574539064
  0.44999133652564988  0.45565466859315257  0.46084745846245651  0.46599357301810806
  0.47137811218135933  0.47745072054863047  0.48273471729159206  0.48767655232584112
  0.49212404243494878  0.49705386402054469  0.50143122800901663  0.50615144022601199
  0.51095851631431910  0.51667858985324555  0.52256576391210885  0.52816931085228214
  0.53336855292154939  0.53797486830346042  0.54261377018409962  0.54769413972077285
  0.55313360988194438  0.55847594177299154  0.56377885488969248  0.56936163787841187
  0.57528005506221791  0.58139845080016439  0.58834893102738128  0.59589561680464009
  0.60310896800107550  0.61109389695156513  0.61783338868353133  0.62475621591154629
  0.63172931396010212  0.63861020453979245  0.64554261803462198  0.65277871296549261
  0.66004412720297623  0.66762752327529951  0.67523061691754238  0.68277979163420066
  0.69038459899201732  0.69719527744099730  0.70393381445691472  0.71033952320946869
  0.71684643870419573  0.72428850432909020  0.73201438418102194  0.73933480319825340
  0.74653959290623650  0.75353226872565804  0.76100376047430829  0.76913863307092456
  0.77762210648907382  0.78640536977536202  0.79603538278998043  0.80540724618629733
  0.81437866687635485  0.82283887721213111  0.83126468179134028  0.84007209321494147
  0.84916977607929900  0.85997293823850485  0.87252854010674119  0.88739438310358965
  0.90411205345515666  0.92165625568498522  0.94599281271984725  1.00000000000000000
 -0.02094543388924291  0.12098456449856385  0.15867711883398555  0.18273993873204400
  0.20045365012487967  0.21462569376552224  0.22737070439623919  0.23894842933305457
  0.24879302368182898  0.25658412127722713  0.26405622272690910  0.27170249488845355
  0.28042547873373891  0.28813212361970680  0.29554962117444555  0.30237880151257701
  0.30905863370964098  0.31594016955081966  0.32307515505594175  0.33046215744491886
  0.33767123638222157  0.34505317779061739  0.35218574454887180  0.35978564422632825
  0.36689533187325840  0.37412915662392238  0.38134284758184561  0.38887285025407975
  0.39576586501276928  0.40199993636016584  0.40821812230472132  0.41421040612925780
  0.42011717369384671  0.42609978556542072  0.43173739819154455  0.43767407788453055
  0.44408732136109230  0.45041688771668503  0.45647076332376663  0.46179919094955568
  0.46661802955162823  0.47157100647582717  0.47663098625160116  0.48151181968709922
  0.48614094405214958  0.49097625269057249  0.49558633036494576  0.50031427341238310
  0.50480133837486107  0.50940847756718732  0.51409591595482940  0.51900236221260276
  0.52449075473176021  0.53046967208688001  0.53650149188542318  0.54237087763792646
  0.54804861535209537  0.55367833529213450  0.55933807231005961  0.56514425792271694
  0.57115521729836194  0.57709560631198187  0.58280793987225321  0.58833593698752307
  0.59388452793422808  0.59949465789478107  0.60554586816011680  0.61191537683994590
  0.61851680464424830  0.62451594970924862  0.62997957646044911  0.63544764807519383
  0.64113274682576460  0.64725137070823369  0.65418763922910428  0.66138910081989954
  0.66844665114695123  0.67532740508530353  0.68197237604003003  0.68912630405976727
  0.69686944491406966  0.70502189371030444  0.71369831939075079  0.72293930338677048
  0.73262947243925225  0.74258943749460204  0.75269524316387870  0.76338523424847970
  0.77489379291873484  0.78719190290047170  0.79962884874409412  0.81284511132752901
  0.82835959148146843  0.84752332917795603  0.88154736442539339  1.00000000000000000
   1.5525141036201552E-010  -1.0000000000000000     
 T F F F T F F F F F F F F F F F F F F F F F F F F F F F F F F F T F F F T F F F F F F F F F F F F F F F F F F F F F F F F F F F T F F F T F F F F F F F F F F F F F F F F F F F F F F F F F F F T F F F T F F F F F F F F F F F F F F F F F F F F F F F F F F F T F F F T F F F F F F F F F F F F F F F F F F F F F F F F F F F T F F F T F F F F F F F F F F F F F F F F F F F F F F F F F F F T F F F T F F F F F F F F F F F F F F F F F F F F F F F F F F F T F F F T F F F F F F F F F F F F F F F F F F F F F F F F F F F T F F F T F F F F F F F F F F F F F F F F F F F F F F F F F F F T F F F T F F F F F F F F F F F F F F F F F F F F F F F F F F F T F F F T F F F F F F F F F F F F F F F F F F F F F F F F F F F T F F F T F F F F F F F F F F F F F F F F F F F F F F F F F F F T F F F T F F F F F F F F F F F F F F F F F F F F F F F F F F F T F F F T F F F F F F F F F F F F F F F F F F F F F F F F F F F T F F F T F F F F F F F F F F F F F F F F F F F F F F F F F F F T F F F T F F F F F F F F F F F F F F F F F F F F F F F F F F F
  <DiscreteSampler_grid>
  grouped_processes
  1 # 1 for a reference and 2 for a running grid.
  10 # Attribute 'min_bin_probing_points' of the grid.
  1 # Attribute 'grid_mode' of the grid. 1=='default',2=='initialization'
  0.0000000000000000 # Attribute 'small_contrib_threshold' of the grid.
  0.5000000000000000 # Attribute 'damping_power' of the grid.
 # binID   n_entries weight   weight_sqr   abs_weight
    10   10   3.119413597118901E-001   3.334845720431707E-001   3.119413597118901E-001
    11   10   3.119413597118896E-001   3.334845720431703E-001   3.119413597118896E-001
  </DiscreteSampler_grid>
