  0.00000230486586606  0.00000800491799625  0.00001327138906005  0.00001801356070236
  0.00002244821898184  0.00002681595425715  0.00003115504598978  0.00003561408148356
  0.00004003033143165  0.00004448612352226  0.00004903551432407  0.00005370255493130
  0.00005847729928258  0.00006335672918289  0.00006827626127986  0.00007332028826586
  0.00007854121178892  0.00008395489127873  0.00008947880259499  0.00009505766220991
  0.00010070747498870  0.00010641660718318  0.00011221781155341  0.00011827696370939
  0.00012454165302267  0.00013098239449650  0.00013782927649434  0.00014501485305656
  0.00015246301704877  0.00016008586040640  0.00016789259476288  0.00017595554674431
  0.00018426699040067  0.00019283953837502  0.00020156517853773  0.00021039317550952
  0.00021966102045060  0.00022933217613869  0.00023933043904105  0.00024981425182709
  0.00026057240571625  0.00027223722293270  0.00028421768297323  0.00029666776741060
  0.00030964643400727  0.00032275711263198  0.00033698097102528  0.00035090542943401
  0.00036617308752650  0.00038175540729699  0.00039830036584281  0.00041538456475709
  0.00043315061540507  0.00045198353505199  0.00047097769532434  0.00049139937577635
  0.00051244822237160  0.00053567319874191  0.00056083050803525  0.00058734668736348
  0.00061489572787301  0.00064321154148499  0.00067381294719718  0.00070567070128880
  0.00074036391089122  0.00077649204090841  0.00081520658605840  0.00085559752339351
  0.00089886736599537  0.00094552359777287  0.00099526789024464  0.00104950761197390
  0.00110837947594726  0.00117260709906753  0.00124550523632855  0.00132533085946195
  0.00141181143633111  0.00150897124325529  0.00161381843704558  0.00172115631904414
  0.00184273006876594  0.00197708453242349  0.00213050533542640  0.00229547944105304
  0.00247155223163730  0.00267718568531608  0.00291802137606379  0.00322480834551327
  0.00364765501956271  0.00415961958966600  0.00466158593473282  0.00527551911856896
  0.00620965444266823  0.00759490350781902  0.12359183832580579  1.00000000000000000
 -0.00231624902514939  0.01007880640655143  0.02098123331783740  0.03220737791702158
  0.04357457427065557  0.05443688942217775  0.06513861902939805  0.07557913584303064
  0.08624874561408755  0.09669482970336987  0.10716268723680505  0.11744917195864217
  0.12769208788449324  0.13773642585633619  0.14771471911221198  0.15776415185998646
  0.16776224001487619  0.17774457817794789  0.18783470851238807  0.19836384728027676
  0.20905806262100929  0.21953502054680238  0.22996756000647464  0.24079438184026342
  0.25147259259268501  0.26250196976188928  0.27331734344557057  0.28420699064140609
  0.29493274774692541  0.30559859780073395  0.31637994262751412  0.32740771699595378
  0.33819920084997512  0.34887777752259885  0.35941922055913411  0.36986563013397189
  0.38035839781049646  0.39065919506375146  0.40105901223559554  0.41138120677512613
  0.42196824804296645  0.43286496739308983  0.44385838441262804  0.45502181029427330
  0.46584296776177092  0.47668869606668646  0.48717479412230480  0.49761297828840573
  0.50806595109958430  0.51875559542263960  0.52956571214146453  0.54017991922404773
  0.55038742825339659  0.56042803661455087  0.57070248302432469  0.58102826159167886
  0.59151173456223449  0.60177633406832909  0.61246021070066248  0.62301892564201056
  0.63395204320107001  0.64478255377060201  0.65515061731441282  0.66525375271080089
  0.67526590774594097  0.68537842340646027  0.69552127800849717  0.70557098239083771
  0.71563726296070562  0.72576531929711818  0.73615394187517202  0.74706772080922423
  0.75796899548537910  0.76863239616731194  0.77932709073360296  0.79027595015890706
  0.80095146485971791  0.81144841950742341  0.82164130024732129  0.83172290915322145
  0.84168634121719133  0.85193941830981168  0.86228371916738378  0.87263782289209313
  0.88298862173672110  0.89336757400507161  0.90387719344293271  0.91442614791799404
  0.92513597964954708  0.93601175771960843  0.94646367759385264  0.95695833923986817
  0.96759003169605018  0.97849360910165295  0.98925887203131391  1.00000000000000000
 -0.00319481321114797  0.02447019681378635  0.04489498931164825  0.06217071378858129
  0.07802823141413573  0.09256960449021018  0.10646226203501534  0.11983821536600801
  0.13247607963915520  0.14436700805049707  0.15594837277846096  0.16736028842364814
  0.17838042330074383  0.18909522845243182  0.19957422483790727  0.21005644443138805
  0.22030785785608745  0.23044059052457466  0.24024615250179585  0.24997072530636014
  0.25954134996437667  0.26904347325997363  0.27850591071857239  0.28774704258400019
  0.29689692859788269  0.30591680214128220  0.31487085958558775  0.32380907902787709
  0.33262076709569882  0.34111666990870476  0.34943149172901694  0.35763582800419463
  0.36577402958473881  0.37394496604658156  0.38213270234440383  0.39017439285147620
  0.39809932684893956  0.40606593382859718  0.41414344281570048  0.42229449927150370
  0.43045380056004801  0.43862531836465363  0.44669652850618657  0.45477280106606116
  0.46286273852577442  0.47116301556615520  0.47940333225583348  0.48747695382012618
  0.49566197402000894  0.50375735034427560  0.51180434962603982  0.51965845212791861
  0.52723924777623210  0.53473683274185335  0.54231079301969787  0.54990662954136815
  0.55748415268815910  0.56510237343743108  0.57276694006230977  0.58043782716102177
  0.58802639784959254  0.59562721679537289  0.60335360656315018  0.61114821344875037
  0.61895528029730240  0.62676860448915395  0.63458142468703882  0.64243605036330642
  0.65042098600275333  0.65846703270262219  0.66644463346497940  0.67446145478361974
  0.68230738145439240  0.69024265871573864  0.69834256738931988  0.70673162659687394
  0.71535826251510137  0.72402424300928248  0.73292701771883706  0.74235193914546194
  0.75194477304394791  0.76218840158508128  0.77231465487466888  0.78308716426210123
  0.79372668718469264  0.80514142368135877  0.81731546229399543  0.83034613653537681
  0.84288506774806604  0.85552342694256767  0.86972342375638223  0.88497608452368626
  0.90286061375619053  0.92450685352326012  0.95290780267592989  1.00000000000000000
 -0.01844437267067182  0.10869845345900245  0.14490099754796154  0.16684947073095399
  0.18419109640220385  0.19937638794083631  0.21288942714012696  0.22516581701082439
  0.23641263867645970  0.24676727943584253  0.25637359611179972  0.26557962146827202
  0.27445501766660818  0.28296410754869072  0.29120546634040834  0.29910218509577091
  0.30686188015567528  0.31442431349496558  0.32172531753133204  0.32883330338684047
  0.33579177763088991  0.34265428026544742  0.34950086211768322  0.35625545707538125
  0.36289893035943938  0.36948272033808938  0.37594102122570511  0.38223910039202230
  0.38839822469514401  0.39444512306759283  0.40041765673974616  0.40635664349387313
  0.41233833030954914  0.41830098055508680  0.42424786834843314  0.43008844068399082
  0.43587335215563677  0.44154320848027201  0.44724853089555944  0.45293365998695123
  0.45853608646581928  0.46406227995957172  0.46955536522110569  0.47503714020670923
  0.48053935223978633  0.48608650661556996  0.49160515805620320  0.49715118390497093
  0.50258027235982461  0.50793633420108031  0.51327552873269122  0.51868127932269970
  0.52419970202711619  0.52980419143621027  0.53547274380654331  0.54120830887919735
  0.54698283979527540  0.55274307816982371  0.55846342628857559  0.56417430723682971
  0.56995676099467840  0.57583432890537589  0.58174503264936173  0.58777055887259710
  0.59383589328177333  0.59988801124554025  0.60592667609596662  0.61190012773443647
  0.61793439272512940  0.62404979659663173  0.63036808489682905  0.63681098794671476
  0.64324562899409921  0.64982570284149210  0.65657362070866498  0.66341577372352134
  0.67042531178481479  0.67758170454648570  0.68490858755790318  0.69247815459522610
  0.70015359382074205  0.70793943593027175  0.71617664183183527  0.72485658584917545
  0.73408037839842144  0.74390240569804034  0.75419498077791758  0.76531275340152782
  0.77698467952191697  0.78957918199386157  0.80310196610132500  0.81814764485558955
  0.83552840426183306  0.85734268093328081  0.89321909219074236  1.00000000000000000
   1.0328040594751248E-002  -1.0000000000000000     
 F F F F F F F F F F F F F F F F F F F F F F F F F F F F F F F F
  <DiscreteSampler_grid>
  grouped_processes
  1 # 1 for a reference and 2 for a running grid.
  10 # Attribute 'min_bin_probing_points' of the grid.
  1 # Attribute 'grid_mode' of the grid. 1=='default',2=='initialization'
  0.0000000000000000 # Attribute 'small_contrib_threshold' of the grid.
  0.5000000000000000 # Attribute 'damping_power' of the grid.
 # binID   n_entries weight   weight_sqr   abs_weight
    10   10   1.765986597511010E+008   4.261991102674895E+016   1.765986597511010E+008
    16   10   1.765986597511009E+008   4.261991102674893E+016   1.765986597511009E+008
  </DiscreteSampler_grid>
