  0.00354960524140874  0.01040199763144842  0.02000383066737434  0.02957104530178880
  0.03993585062130982  0.05026090787569877  0.06207445348740987  0.07394040726851833
  0.08578820820786251  0.09695646211995267  0.10778047801148102  0.11876887218508615
  0.13075405838935289  0.14361809724707258  0.15497058864482122  0.16566275994336252
  0.17435455706703132  0.18310183639464589  0.19208138062750085  0.20190015897809735
  0.21150398518469660  0.22130212726457771  0.23114355672957002  0.24208756392648970
  0.25326483842751346  0.26529843434039035  0.27746501209913876  0.28866475454504809
  0.29918657291416140  0.30987180671567616  0.32095319661326088  0.33228583115203414
  0.34333022893109716  0.35329816854148316  0.36209231922519158  0.37110033429813560
  0.38040051970996908  0.38926582673325039  0.39751643706054823  0.40523361584225748
  0.41262606849499783  0.42069228020764399  0.42908782322810890  0.43829840405150861
  0.44844399796648393  0.45905545163439032  0.46941405011783172  0.47910024096069209
  0.48743463629029976  0.49587010878636029  0.50491689005645635  0.51448237733697633
  0.52448293611652141  0.53428937374973862  0.54429038464451429  0.55508509683234364
  0.56592417691764041  0.57583318198382993  0.58716371131330958  0.59893268538542221
  0.61064054809112278  0.62143539504585121  0.63317872003724041  0.64462733631354174
  0.65589772040202265  0.66677900246126365  0.67810814467146441  0.68961439969061167
  0.70015333206059360  0.71096458714692001  0.72077238019787548  0.72986154172946960
  0.73813316309591592  0.74692599925613334  0.75752875434071021  0.77001329500570204
  0.78198587293272459  0.79391510284797395  0.80715334366670477  0.82027613111862774
  0.83235116517415975  0.84412566059730654  0.85505894480015299  0.86573406980183421
  0.87665013660560287  0.88781771818293265  0.89879623995368285  0.90913166822893210
  0.91939925426594049  0.92957394690557793  0.94033431070202855  0.95105134047897288
  0.96204215451487385  0.97352753959594751  0.98623362692456595  1.00000000000000000
  0.00657515670269149  0.01786822255156728  0.03037085427643976  0.04184136554807266
  0.05154116304321549  0.06101231814249232  0.07153522557518303  0.08303109095709485
  0.09478089452045839  0.10539211819930674  0.11586598927208047  0.12623413315666210
  0.13708684439330654  0.14806639803183991  0.15849462415458304  0.16848514900805397
  0.17771239174985304  0.18634473584007960  0.19445799419785215  0.20237517882406644
  0.21215900151092532  0.22267079139883436  0.23410898784013487  0.24543625135075528
  0.25824845267611313  0.27052241641018726  0.28220054951327050  0.29381697906296411
  0.30577441607896078  0.31792586282641022  0.32978279775974401  0.34141294909694803
  0.35297688285016710  0.36466574217349840  0.37671616348636855  0.38909884481458434
  0.40104763819106443  0.41248192967916764  0.42409442097321587  0.43561213234022284
  0.44671668634123213  0.45688471374555634  0.46656440084197426  0.47653812967548337
  0.48769461136981912  0.49898052656938008  0.50934992927867340  0.51937092575608912
  0.52944379104950046  0.53951913796710893  0.54913660324448377  0.55822523610074204
  0.56768834083776176  0.57753602062388143  0.58656766109485814  0.59548534727151858
  0.60442466334559886  0.61511798087944936  0.62549893232599263  0.63584033229766834
  0.64666469742009602  0.65824386440599503  0.66973830029287773  0.68038852906176861
  0.69051636914623515  0.70064362348626197  0.71109507822436713  0.72217756424258717
  0.73252104593456990  0.74112955548076354  0.74936754586211718  0.75752873061246895
  0.76569363839309668  0.77397736261591998  0.78201446043545464  0.78967597207247175
  0.80055850962197905  0.81156882404460839  0.82247383595604995  0.83404385450748220
  0.84706106410319526  0.86007370988105725  0.87281169310935114  0.88557766230388657
  0.89734904232325552  0.90761157363920142  0.91742068132549948  0.92796517912914167
  0.93861645137347449  0.94859919757056888  0.95850209480821780  0.96803123617635889
  0.97766487536191260  0.98548659062364785  0.99133684411243916  1.00000000000000000
  0.00359285550364585  0.01204741599740621  0.02305411723094442  0.03372005475697194
  0.04351335010603662  0.05307084346763235  0.06240450912034771  0.07299553279401201
  0.08237353385377139  0.09220153107179753  0.10214258628786267  0.11301427164789780
  0.12469276947003723  0.13672055801791269  0.14853181090946355  0.15936776049344301
  0.17046890894952033  0.18293916037702909  0.19513656116369418  0.20686308838470779
  0.21871753131351046  0.23071587707122695  0.24261360089414019  0.25430786464043731
  0.26525694597631921  0.27613610745140688  0.28704914720719099  0.29815339700709598
  0.31005233525944481  0.32187879951972376  0.33301231322092517  0.34310099074617145
  0.35336573444389979  0.36481990006476755  0.37592157330646225  0.38612195108128522
  0.39497818262295070  0.40363725829766206  0.41242649856775793  0.42221437630587150
  0.43219886054889173  0.44207452067547487  0.45144085613014534  0.46066452870029728
  0.46981194387855468  0.48006454579564822  0.49153305460497571  0.50212291898717787
  0.51226509956069854  0.52325608421271252  0.53604130665000682  0.54824860592467339
  0.56006642988074695  0.57039042161060305  0.58040151344456126  0.59089872314345304
  0.60141837751631200  0.61271630410782407  0.62480802889896248  0.63698030914233261
  0.64964739214671985  0.66249554349347828  0.67585291738041187  0.68727282693076430
  0.69681631432123903  0.70659339776780039  0.71658756084868913  0.72598850324456521
  0.73479046763801903  0.74403145257578041  0.75387842268942962  0.76544951120604254
  0.77594009513141260  0.78561799952924616  0.79539821142971423  0.80508357882644266
  0.81531191736797826  0.82531022636698104  0.83497739456912790  0.84436475826130375
  0.85404043201918334  0.86449553315379912  0.87478204846960728  0.88490405041290232
  0.89496109472383778  0.90488911942475703  0.91504440917186181  0.92479830216251691
  0.93360257541956237  0.94293001098890683  0.95327080048907775  0.96322384329749178
  0.97271276673075935  0.98268199123075706  0.99267778667016204  1.00000000000000000
  0.00614013812699124  0.02173509595880112  0.03924499245971253  0.05434687239919529
  0.06744886469677810  0.07965928303476752  0.09059239340367514  0.10132835192135720
  0.11292984630004414  0.12491215738522986  0.13705075241944775  0.14907769179764743
  0.16145921047907311  0.17470328432513765  0.18810376081796040  0.20079187231114595
  0.21292139536717938  0.22428067161898002  0.23515159713368947  0.24580780078146677
  0.25603720988867534  0.26570905440935105  0.27562390303561124  0.28602856648562858
  0.29726805829676184  0.30778376599183943  0.31766874909998355  0.32761972491803837
  0.33918142609050722  0.35301592793854081  0.36148470026572688  0.36916981120128473
  0.37675601228183286  0.38456357815968178  0.39231037308432176  0.39928985102285119
  0.40632837146430756  0.41398592161523867  0.42346349136735584  0.43356359747140005
  0.44579316345630748  0.45904479975858120  0.47180345007067559  0.48314109615464285
  0.49342948758563521  0.50377961113821079  0.51402628598897193  0.52366353673413890
  0.53293588769784073  0.54195140469009051  0.55089346036600861  0.56000291283862103
  0.56901514931341068  0.57774618385591514  0.58666824374702431  0.59608680320999452
  0.60648395303809977  0.61712868454736014  0.62716427372802086  0.63694757428119841
  0.64764002083869543  0.65871792577532173  0.66889159263913767  0.67891684439779032
  0.68921873924983046  0.70017422752016278  0.71142899273739502  0.72264818814242759
  0.73415418405367050  0.74633026516793499  0.75849612280291867  0.77032095831998881
  0.78190507717039293  0.79299316689914212  0.80342594654490285  0.81383605499892886
  0.82513667179548023  0.83745819896611806  0.84854930780495574  0.85890831837724524
  0.86943387596743982  0.88001962221555585  0.89100731002767797  0.90175924840219057
  0.91206616835273080  0.92142524022685590  0.93066408294450031  0.93985203483072122
  0.94888913090628935  0.95746349229203309  0.96682914060398895  0.97539429893947061
  0.98385186692122717  0.98982249913445086  0.99104792377750539  1.00000000000000000
 -0.00008287736372205  0.00076608348712750  0.00191452169768654  0.00358274598630863
  0.00595695530911160  0.00900185359365463  0.01244001256454977  0.01617032069258496
  0.02057984823922953  0.02500081676363698  0.02968575289309987  0.03544097031470030
  0.04161799871401559  0.04735852551440321  0.05299058848970594  0.05885600289563548
  0.06597787223348529  0.07408095427445063  0.08160898014190793  0.08896771713187104
  0.09712559238562751  0.10557214572596497  0.11430382632886286  0.12280612831672350
  0.13153208092326979  0.14030549507680556  0.14925060662991266  0.15880953036139986
  0.16854519230237938  0.17920857244698341  0.18976734956273567  0.19856146729934609
  0.20729454388266078  0.21646423804779058  0.22601027684810457  0.23560789097960677
  0.24542283656225355  0.25636102753748391  0.26819651808117595  0.28050349639885175
  0.29305657719083966  0.30601175954460536  0.31907443939002300  0.33203727901771796
  0.34486243274526590  0.35769964205337906  0.37038788686791002  0.38225348489790428
  0.39380550816786003  0.40529548839991270  0.41748539341213908  0.42929553693815364
  0.44027288836402029  0.45074958105768165  0.46138071093242761  0.47255379283008120
  0.48404786044715492  0.49628349888799655  0.50932499954028887  0.52172401160394299
  0.53404377422889815  0.54693104944152582  0.55993451079526668  0.57333499635778806
  0.58651053213668214  0.59988449926963872  0.61345665512281078  0.62707959430896942
  0.64055657472640315  0.65405737173567724  0.66882787239312624  0.68373944237041728
  0.69854130433518224  0.71355873359057287  0.72996699340218951  0.74648827754289848
  0.76268236267828693  0.77829068607158802  0.79362787537168622  0.80876895921569458
  0.82348280349403358  0.83565115791866462  0.84748893914806556  0.85900457168598010
  0.87004735596058247  0.88190710341104794  0.89398954333570813  0.90590301799978035
  0.91752931890717826  0.92891804929185884  0.93995448447180396  0.95113522324753330
  0.96299191660976557  0.97525017397645730  0.98758413485284413  1.00000000000000000
 -0.00196598214313081  0.00798307601820489  0.01568214008764194  0.02339844981190297
  0.03212798766410347  0.04100114307607116  0.05158152688467512  0.06246998364579277
  0.07245787633076251  0.08260909998725362  0.09323860592748633  0.10426178046817275
  0.11523489762997166  0.12626948140908667  0.13802135949074409  0.14956696074082840
  0.16058791334455152  0.17202921908890739  0.18437701141760565  0.19691039880586284
  0.20852889785409454  0.21830563695288077  0.22768960418997064  0.23736604053214796
  0.24785041026119484  0.25903500358553683  0.27045146112179047  0.28196693775179227
  0.29308971062899525  0.30363904566165395  0.31510194896080002  0.32620247040085998
  0.33724006324946465  0.34790267758098448  0.35886139365163439  0.37056409370582255
  0.38207248226865648  0.39424571886423071  0.40567667566803844  0.41781257936774074
  0.43033950291058432  0.44213342906027198  0.45318275509631106  0.46384983030315990
  0.47495676743647774  0.48576593282860503  0.49699296407130150  0.50533948302905873
  0.51362225978938147  0.52195561683041503  0.53018729042214052  0.53799255928865142
  0.54590746963512304  0.55410055646911427  0.56486710910449556  0.57888135432066357
  0.59185083488027812  0.60217698874116432  0.61160704332702476  0.62104446507032396
  0.63099670572266686  0.64095893250599878  0.65064735811834784  0.65942837612137772
  0.66880919288473484  0.67817514751490904  0.68760619424782732  0.69697878624766385
  0.70557633955612675  0.71520099134706061  0.72545263563467666  0.73639605286601761
  0.74611852605863693  0.75621755095921817  0.76661311675529042  0.77864725419060354
  0.79108430043898992  0.80215113634297153  0.81307784344935130  0.82458838883554997
  0.83618457501925136  0.84661763651991584  0.85707156241871973  0.86834060433536597
  0.87962337936093160  0.89111934553024641  0.90369921864412650  0.91618890156816668
  0.92752912643483398  0.93757471347353594  0.94760624332719778  0.95808273516823672
  0.96953904650965195  0.98021118489664705  0.99005081107581372  1.00000000000000000
 -0.00246842870195305  0.00910825664204520  0.01998975062910592  0.03114919745311884
  0.04331678702904206  0.05618546300525407  0.06804744518829915  0.07914940165595531
  0.09018890675457365  0.10127787195613817  0.11248012470212655  0.12338196506735186
  0.13335385105914765  0.14249667450625880  0.15116495945987279  0.15975944617288390
  0.16900815077155026  0.17874066396715338  0.18869833042851819  0.19841737702578391
  0.20838125783663633  0.21872236439139575  0.22905075653493387  0.23911990255238913
  0.24940479408629404  0.26023894781459522  0.27084253717485668  0.28089757167061030
  0.29074949399906463  0.30113799444165190  0.31161400871401906  0.32156794774603131
  0.33145726887316274  0.34252120107672507  0.35479408828814674  0.36755143213368013
  0.38008189865313730  0.39167253163301874  0.40274162696123056  0.41323418461520695
  0.42326957269053894  0.43315453732605619  0.44304778169211423  0.45338322990881319
  0.46395906904256828  0.47486780443422577  0.48501813791407122  0.49434333148998488
  0.50393294315494264  0.51390034553528452  0.52329710217265735  0.53117469881238999
  0.53867194446027356  0.54811865523065739  0.55774796876767785  0.56701108292367419
  0.57603406091813825  0.58536473035627057  0.59591266343023153  0.60657935675001495
  0.61674440669752051  0.62753451913798197  0.63872280662987291  0.65024991119193809
  0.66172655126553426  0.67289445775018297  0.68388688257671726  0.69484778049451590
  0.70573109312536220  0.71632587037797635  0.72647779019460290  0.73605811887036554
  0.74570751752434050  0.75548320690762494  0.76484193963434099  0.77369055745315951
  0.78266319667917483  0.79264691895110639  0.80345599625057906  0.81392747260362042
  0.82414352469445362  0.83366443487369180  0.84271999091722150  0.85141821222328995
  0.86186585073553623  0.87429839591280945  0.88671268331574660  0.89920747366263409
  0.91214007586778822  0.92418585927706831  0.93637980325727210  0.94915948779612769
  0.96216365296307282  0.97472007128894600  0.98690016789590274  1.00000000000000000
 -0.00226999310863898  0.00956281130795347  0.01998450702580866  0.03247850525231781
  0.04525983074857583  0.05870030073513716  0.06937653809465573  0.07937466517917409
  0.08907809684727405  0.09928789978449303  0.10881946839707063  0.11766096657130329
  0.12701452117723297  0.13730329455450124  0.14648571072782149  0.15555499567553380
  0.16483986173287482  0.17555538279185914  0.18667752472158197  0.19701398834193778
  0.20665782553483708  0.21673990456385905  0.22684363555765982  0.23779228868886801
  0.24775332634790762  0.25845012474411844  0.26865331419856708  0.27929560517234064
  0.29049208232130846  0.30158560647233790  0.31198282645919578  0.32276454455814962
  0.33383513084734889  0.34624526684058771  0.35818191793104931  0.36892604105211124
  0.38008627797725003  0.39168799954404687  0.40396909538665288  0.41545524521431532
  0.42888130311213352  0.44114501908240644  0.45327985430892925  0.46476404536149152
  0.47502913491681720  0.48333219519978782  0.49061464343696248  0.49805750355842726
  0.50605560011915773  0.51449261298619220  0.52346995646252570  0.53343691884300770
  0.54568421126315236  0.55953058663741673  0.57105977242213135  0.58106962635428727
  0.59137367380330796  0.60073649089220360  0.61030451297444044  0.62002018459181885
  0.63032396206735786  0.64110239257480972  0.65094565412911964  0.66106376417411483
  0.67045065068729992  0.67960912867087231  0.68904971117498603  0.69849363798527864
  0.70829233879603215  0.71958740138511912  0.73183926291922718  0.74481509116549016
  0.75588236148374721  0.76661846782167564  0.77750294834280198  0.78830529197010657
  0.79961722196285889  0.81129230479148950  0.82239157408417130  0.83252787227846958
  0.84208535315078392  0.85159962587053806  0.86214940679288798  0.87298714036647351
  0.88374817284486140  0.89357311314475807  0.90381188589758554  0.91433277515111733
  0.92487094890036181  0.93454693910162956  0.94407028483048971  0.95363638761583402
  0.96341304633352454  0.97366449043920356  0.98611183491971166  1.00000000000000000
 -0.00172039296231343  0.00832614481854197  0.01584778404839016  0.02385460962555429
  0.03278694266161850  0.04080081177636631  0.04823017168549591  0.05587928209293228
  0.06486089871620741  0.07529420920983845  0.08535949243664312  0.09449767628075849
  0.10291042022517488  0.11097517916765764  0.11901925493057995  0.12747228927651535
  0.13614632956705958  0.14467152057789998  0.15333761374808555  0.16204607584215727
  0.17114356944403997  0.18098866923714463  0.19167669473190049  0.20160924459994087
  0.21070698146888373  0.22005693291583575  0.22963803782840292  0.24146781982826776
  0.25202578554206234  0.26080593911328853  0.26957090469137124  0.27956837327004302
  0.29091333414953435  0.30279443344849255  0.31376529228715078  0.32413316604085729
  0.33443967013892845  0.34449321949092221  0.35499058293926417  0.36548975567600778
  0.37621775363923665  0.38747625383141060  0.39898325549562341  0.41017222601380193
  0.42076126901760585  0.43086059380817832  0.44126357025497992  0.45176385311126810
  0.46178203962749276  0.47096137730407811  0.48035575969761501  0.49129625452409886
  0.50297872553846912  0.51433329778823955  0.52590784882957409  0.53778180208840198
  0.54980406205446863  0.56197970700496902  0.57383175910836992  0.58517201212820824
  0.59487818600901399  0.60401836649420060  0.61317590678569434  0.62302650524997660
  0.63271860442618766  0.64255906606181490  0.65260632807280183  0.66307783116554997
  0.67313096519039028  0.68444768891422381  0.69722651419403903  0.71124474361243173
  0.72653797740977299  0.74239540161296003  0.75774513730528825  0.77139962633330539
  0.78259140500749291  0.79398987845525504  0.80377152184825484  0.81347785461881938
  0.82321561316692093  0.83397719420529137  0.84692839604206738  0.86191739077119434
  0.87749566512362775  0.89063480746240020  0.90265342454770858  0.91317360857292573
  0.92339881902940013  0.93333016448121797  0.94287708628438138  0.95267515276594683
  0.96362635543347797  0.97550320291442705  0.98788765405573620  1.00000000000000000
 -0.00343413091047053  0.01275509952439327  0.02652656505767628  0.04034565465893061
  0.05455477796807782  0.06532185673794721  0.07461623776193622  0.08445828598596156
  0.09545537323169465  0.10539710683945003  0.11402029967206578  0.12306364416771258
  0.13322246577940838  0.14470148395932916  0.15628590596556149  0.16805334595457050
  0.17955212674666363  0.18990880637516563  0.19942972732450867  0.20889643937182539
  0.21988079733442698  0.23242824230413039  0.24691947751029183  0.25914331263955742
  0.26969330519458573  0.27828228395000260  0.28688403456069345  0.29639489018743265
  0.30575206730802468  0.31452232765262611  0.32317476308169790  0.33236685280890177
  0.34355104694592759  0.35517284060986948  0.36561137056604559  0.37588564484740200
  0.38604962589117192  0.39510429903865618  0.40339134284705636  0.41193431912557926
  0.42188198714328995  0.43296929120550154  0.44426911673159081  0.45576147285146534
  0.46817110888498004  0.48077405031657577  0.49234165537140218  0.50321988727643507
  0.51388221191151606  0.52413942688577797  0.53429859341668184  0.54519134183012474
  0.55668464981504151  0.56898530282051429  0.58126074410022621  0.59331249980088996
  0.60470532444789216  0.61532189509463653  0.62573095685217550  0.63608021596916953
  0.64618817413393859  0.65610671212353622  0.66588644922259499  0.67573762906884383
  0.68593138602046189  0.69730231628837713  0.70831456982214358  0.71894089976623898
  0.72967597745124035  0.74192284787542429  0.75333883188354622  0.76415405314138329
  0.77524339204867787  0.78626526805522556  0.79607015678622939  0.80527050287914614
  0.81473915103590111  0.82491356459559018  0.83508337487573148  0.84523796130773254
  0.85546645487790129  0.86561244600558429  0.87564616695164754  0.88569596805949868
  0.89563732497407145  0.90583003469612833  0.91589577674567224  0.92598843833446987
  0.93658420321122282  0.94747533302598475  0.95800363373511821  0.96757839064581952
  0.97668996760424454  0.98553305503364474  0.99307459968433720  1.00000000000000000
 -0.00149393459442676  0.01043108695584015  0.02155605298656206  0.03287600488208564
  0.04457262402685359  0.05554867109569084  0.06557617278963319  0.07522666758234572
  0.08485732338016896  0.09610192335775468  0.10799172731495978  0.11994858711262472
  0.13137746906166176  0.14230980588723285  0.15283871967053611  0.16355333386547211
  0.17387864416112708  0.18412742137016694  0.19408335981026578  0.20490178721228652
  0.21501304754291792  0.22538508364928450  0.23619830878590581  0.24756787948419334
  0.25779088233674441  0.26694859664229553  0.27503263555461860  0.28219628512091760
  0.29019038868468500  0.29882201228986349  0.30753678992942657  0.31579031547517977
  0.32471010056570221  0.33394772222090496  0.34545341421545883  0.35641001888230600
  0.36655987939555051  0.37660988187383398  0.38610568813924961  0.39541064210983651
  0.40479695273868505  0.41498353947661404  0.42591402936818956  0.43749344495586073
  0.44854392883445993  0.45946430707313246  0.47007856910193363  0.48039438131181106
  0.49041417243663799  0.50032821324118848  0.51095154509989260  0.52240571961314930
  0.53353905097645637  0.54339247366082966  0.55311488121533092  0.56331805626440457
  0.57458116758772260  0.58797957568088532  0.60357651580304927  0.61737506745401605
  0.62992816398800600  0.64196655501494659  0.65514506500733938  0.66762184796149060
  0.67757143161824473  0.68728470812254427  0.69728639411874538  0.70729291919054504
  0.71662689162727788  0.72525094949560154  0.73481491826468448  0.74491368969674410
  0.75513120240743137  0.76502024891139908  0.77550023790790590  0.78622498410496922
  0.79761004236530397  0.80944490800326108  0.82124220255124170  0.83269628715311872
  0.84418118403710518  0.85506275812855315  0.86554193842567728  0.87539913655905444
  0.88510003098039436  0.89402482772905123  0.90487787245639639  0.91539870230940579
  0.92676854078146753  0.93764462827040274  0.94894418096535371  0.96000129958235836
  0.97054602565273773  0.98073601949131595  0.99034622230676450  1.00000000000000000
 -0.00248419852192018  0.00961723806792997  0.01962139014386304  0.02846241506562579
  0.03749641340832201  0.04686114702440334  0.05560166577767640  0.06448570722301543
  0.07351370191996835  0.08255187698079548  0.09164265526766134  0.10085073483971074
  0.11056083449450992  0.12110717210244686  0.13178932418856620  0.14253181479696767
  0.15445235869158450  0.16697150842131298  0.17882966438165895  0.18996432281566508
  0.20074813350541509  0.21079651194570734  0.22009111976711937  0.22947069332747011
  0.23939134857853647  0.24945654700109546  0.25939602926937133  0.26957574843348286
  0.28072893022603107  0.29301317426415135  0.30533763858779911  0.31632044391010955
  0.32579804272275298  0.33469119253447810  0.34311862587480657  0.35282515926256286
  0.36312982154532597  0.37297056300105463  0.38261277934375415  0.39272947472940367
  0.40471620152858950  0.41801533441474442  0.43096527989308647  0.44437092319351457
  0.45657366846581804  0.46823704563286972  0.47848021947247060  0.48741478818528261
  0.49606896759141150  0.50597490435187320  0.51837252749437379  0.53045656032476396
  0.54136474643369903  0.55205614171979012  0.56248986630663922  0.57274001887736026
  0.58376169412293322  0.59642160076268125  0.61005525778447089  0.62269024293702369
  0.63347628685303126  0.64286189904770141  0.65248609272308322  0.66281745798928027
  0.67324103456969508  0.68343993844452788  0.69310129544477328  0.70288448222641076
  0.71273228708700420  0.72303211902736764  0.73409312599770127  0.74622309716104329
  0.75763867276218488  0.76830542982720451  0.77835436218498233  0.78857679296415406
  0.79929360294146878  0.80982863867005206  0.82052683929374270  0.83031746595991440
  0.84145923040311188  0.85208293051966688  0.86166734463302275  0.87153230827859585
  0.88274066648520300  0.89454852467998025  0.90643700666413163  0.91733806528983075
  0.92719817604785393  0.93639639265235608  0.94595997596639769  0.95594624698349107
  0.96602337045298470  0.97582760223877241  0.98642747741626946  1.00000000000000000
 -0.00107390135796394  0.00305364910133068  0.00711540040734912  0.01118582654012371
  0.01539850499203290  0.01993692754716038  0.02484339633738279  0.02989367181230255
  0.03513990253821724  0.03938249574116958  0.04439129632683247  0.04968044923512006
  0.05498153141628664  0.06042952452105674  0.06631565059351281  0.07257318667442231
  0.07963584721744056  0.08653691512221258  0.09323477078809773  0.09976951624560418
  0.10653385823267002  0.11361685488226887  0.12050364999550732  0.12807549094980297
  0.13584578543866407  0.14350441949276146  0.15133008576471224  0.15935586545349534
  0.16726163897859625  0.17523835453612649  0.18325557752823776  0.19161032087636395
  0.19997449459437333  0.20827683012395196  0.21717059961129176  0.22679429565718379
  0.23731356012565494  0.24857681701065545  0.25994297796932758  0.27235725970195901
  0.28487328040916937  0.29658176765570654  0.30770880337134882  0.31927481153686371
  0.33212951824093984  0.34509854956272767  0.35788815156671044  0.37020267629781228
  0.38349006914861861  0.39668383825628806  0.41011624522958740  0.42311309289848015
  0.43640782364749997  0.44981933838547405  0.46387877829547941  0.47789067389182904
  0.49136265627148507  0.50476148557493283  0.51877628564244194  0.53324641988601529
  0.54781098605186429  0.56310328728074865  0.57785837717157218  0.59443304353871840
  0.60985892443196266  0.62373934566715605  0.63766658686606037  0.65078100230109948
  0.66328082471048777  0.67490811674808737  0.68656077420660433  0.69923911311969555
  0.71320270527840746  0.72768007746786845  0.74181534329457288  0.75681184782951239
  0.77382452667029811  0.79056053976966589  0.80325874419522625  0.81416977421696690
  0.82467900461830945  0.83561771139380070  0.84606615149374187  0.85607521248623974
  0.86708137118332118  0.87856558786503980  0.89075224848134271  0.90321135572339228
  0.91516197441923319  0.92652158285492925  0.93761879745508758  0.95098893585946609
  0.96304574467168880  0.97487877342495677  0.98702326115601324  1.00000000000000000
 -0.00186436322562823  0.00807218178147742  0.01704743828292975  0.02656539196175259
  0.03816284002712023  0.04925721146965253  0.05953236037244831  0.07090051035294467
  0.08225202537289669  0.09283839955944603  0.10280370036884054  0.11303802848264231
  0.12353635103941595  0.13328762994889209  0.14310101981044560  0.15407410819243511
  0.16687600164259281  0.18012280985253001  0.19214883894188342  0.20336114395922777
  0.21401173675617671  0.22452268247134954  0.23570067971282707  0.24692985953500374
  0.25680312190653792  0.26794320235693725  0.27921943712003555  0.29068055726712710
  0.30065027592994603  0.31060271378790427  0.32109309570080180  0.33274218607568118
  0.34289140891972975  0.35376828333676419  0.36500414735284747  0.37518106618544950
  0.38393315486540081  0.39239495081734288  0.40145050280854566  0.41065622155625170
  0.41947492879321763  0.42773709948138944  0.43671753496727200  0.44628559635693182
  0.45632029304579430  0.46603808900374033  0.47530292107785704  0.48404948637600209
  0.49252012613489499  0.50161272199708651  0.51093187399654405  0.52051427599482369
  0.52976326766083748  0.53882777414971061  0.54785235766565843  0.55703104432291672
  0.56630905137382981  0.57605316549354502  0.58695681141718159  0.59938188081090060
  0.61224259190690389  0.62429374222118161  0.63330970008537202  0.64277283031884735
  0.65234113205254185  0.66087227542856686  0.66874833131022626  0.67641443876887930
  0.68467179657712551  0.69409359458712194  0.70411966984198149  0.71470070705770439
  0.72554181639345960  0.73894514886031559  0.75342602965287120  0.76757092671712823
  0.78021366688745208  0.79171214266336032  0.80456802383737014  0.81809181908312756
  0.83166588267574237  0.84421782974051884  0.85582518959603104  0.86660581439297157
  0.87721704448456050  0.88832630663480028  0.89963943149539194  0.91058906979177889
  0.92151400119645699  0.93312588356076642  0.94569450345378991  0.95879718652176249
  0.96949974199669864  0.98015350713937688  0.99032887409179371  1.00000000000000000
  0.08223412532001168  0.20475123832059694  0.24131628542350800  0.25889158019131175
  0.26987610221616376  0.27961565245914327  0.28914325842381416  0.29870782300987181
  0.30836945827963719  0.31673381698586589  0.32453873479596579  0.33156981771648519
  0.33796828410571367  0.34435298633012579  0.35100848607576979  0.35761679520730560
  0.36400049441754573  0.37016602234976065  0.37628633650956855  0.38230505491736672
  0.38818315012847410  0.39372444071438489  0.39907505483976391  0.40452492719645616
  0.41003471088492560  0.41560778427728262  0.42069127700112613  0.42568824620330625
  0.43106501964903166  0.43663721751577877  0.44171413730636089  0.44626804025310973
  0.45082129150871653  0.45553114000132316  0.46083439111100144  0.46648002067346328
  0.47225932108711005  0.47806372343204440  0.48369495380518218  0.48911207095436865
  0.49433412716631042  0.49922330093634310  0.50439591692199892  0.50962273536564806
  0.51495313543284638  0.52064013458946634  0.52645171787452283  0.53221369887294601
  0.53777699320380057  0.54306766661845862  0.54878706472387939  0.55461701736950053
  0.56044224968164369  0.56621914771225224  0.57192294601166915  0.57734813567783383
  0.58327763098889140  0.58919447292561478  0.59545008180789438  0.60249245595392542
  0.61001090783361867  0.61798611968228268  0.62645313102200673  0.63518164174209835
  0.64346351487936293  0.65089268551571433  0.65801291982600685  0.66506843910068458
  0.67194753685628716  0.67889804019676658  0.68584657016330319  0.69250155748960096
  0.69866646673247546  0.70439240948884640  0.71026385841599604  0.71644038056302228
  0.72310954474521694  0.73021333060918880  0.73725950585007449  0.74495073828996416
  0.75366940317768871  0.76386999981640125  0.77433428304089824  0.78489537357120676
  0.79577971094853539  0.80637545763255236  0.81698037169189275  0.82741372531119628
  0.83934194691233166  0.85264540348622664  0.86556889027520312  0.87880597047022668
  0.89502317522059582  0.91401361187946550  0.94263185978618158  1.00000000000000000
 -0.02094052384490818  0.11986557217972853  0.15263314413671034  0.17532767953355421
  0.19179613938821974  0.20792185237236771  0.22268717880277683  0.23571651867274851
  0.24751151296540536  0.25872935608119019  0.26903406606060831  0.27851433637712580
  0.28726837838728736  0.29578258532306007  0.30436696550756076  0.31292408497097646
  0.32120736541097328  0.32907636775406907  0.33681630924030681  0.34444385727588867
  0.35203885870256180  0.35933641411031425  0.36623111241050249  0.37307625293159141
  0.37966324667626428  0.38591749585803364  0.39197316516451597  0.39792089018532861
  0.40378068214331309  0.40999486244198641  0.41612084656714876  0.42166603211517462
  0.42704797140818967  0.43227539758963163  0.43753482045094427  0.44292739731147196
  0.44803813956292737  0.45303570695672180  0.45802209827758550  0.46300777319645764
  0.46816156738430154  0.47302316359132751  0.47765997231752827  0.48248189780943807
  0.48755592011485638  0.49320771527973528  0.49879227541517140  0.50361237228431965
  0.50809536197169458  0.51270635752136984  0.51733262887993303  0.52185683305737685
  0.52658617648296435  0.53140875162439094  0.53635625336581738  0.54168203397502879
  0.54665827615165097  0.55159736742066745  0.55638188719346593  0.56128763829074635
  0.56689441255177575  0.57235018150630390  0.57805488997466625  0.58342328071485605
  0.58902956133220874  0.59513074510372788  0.60144846065489144  0.60775568241034850
  0.61358763396434357  0.61910364847721466  0.62504719097210426  0.63146341436845388
  0.63856290699478668  0.64604341619485550  0.65182191413004498  0.65856218873875627
  0.66523222060712017  0.67195372074102488  0.67842268121555749  0.68507675850013450
  0.69189266221554502  0.69874528254653012  0.70574140651618322  0.71391536914794651
  0.72309617017369521  0.73171786211083889  0.74020297449410899  0.74963482277648352
  0.76116632021711184  0.77414389916142878  0.78738368857108976  0.80166063387622877
  0.81969621415406269  0.84502346615305735  0.88360384517943413  1.00000000000000000
   6.9135881135033001E-007  -1.0000000000000000     
 T F F F T F F F F F F F F F F F F F F F F F F F F F F F F F F F T F F F T F F F F F F F F F F F F F F F F F F F F F F F F F F F T F F F T F F F F F F F F F F F F F F F F F F F F F F F F F F F T F F F T F F F F F F F F F F F F F F F F F F F F F F F F F F F T F F F T F F F F F F F F F F F F F F F F F F F F F F F F F F F T F F F T F F F F F F F F F F F F F F F F F F F F F F F F F F F T F F F T F F F F F F F F F F F F F F F F F F F F F F F F F F F T F F F T F F F F F F F F F F F F F F F F F F F F F F F F F F F T F F F T F F F F F F F F F F F F F F F F F F F F F F F F F F F T F F F T F F F F F F F F F F F F F F F F F F F F F F F F F F F T F F F T F F F F F F F F F F F F F F F F F F F F F F F F F F F T F F F T F F F F F F F F F F F F F F F F F F F F F F F F F F F T F F F T F F F F F F F F F F F F F F F F F F F F F F F F F F F T F F F T F F F F F F F F F F F F F F F F F F F F F F F F F F F T F F F T F F F F F F F F F F F F F F F F F F F F F F F F F F F T F F F T F F F F F F F F F F F F F F F F F F F F F F F F F F F
  <DiscreteSampler_grid>
  grouped_processes
  1 # 1 for a reference and 2 for a running grid.
  10 # Attribute 'min_bin_probing_points' of the grid.
  1 # Attribute 'grid_mode' of the grid. 1=='default',2=='initialization'
  0.0000000000000000 # Attribute 'small_contrib_threshold' of the grid.
  0.5000000000000000 # Attribute 'damping_power' of the grid.
 # binID   n_entries weight   weight_sqr   abs_weight
    10   10   2.310630082663796E+002   4.359317983398865E+005   2.310630082663796E+002
    11   10   2.310630082663805E+002   4.359317983398911E+005   2.310630082663805E+002
  </DiscreteSampler_grid>
