  0.00369286147191281  0.01132712417729935  0.02052061327300859  0.02948156070662891
  0.03886096847875218  0.04889512013179556  0.05876309881716056  0.06957342164315966
  0.08079724835144850  0.09138321356374658  0.10208491015793211  0.11361492361499716
  0.12566204195804415  0.13739775417618549  0.14880945844767615  0.15924375981505262
  0.16891253119420743  0.17792665919481954  0.18737902161959816  0.19795814812529741
  0.20896867949279629  0.22027465443931257  0.23156230892415097  0.24304158523283956
  0.25510052857138865  0.26718670865281746  0.27815015164238033  0.28876770568378485
  0.30022738210220629  0.31289096236412717  0.32464401533727927  0.33489629805941568
  0.34443367553562138  0.35392369726903106  0.36348010550407905  0.37255295876767797
  0.38251044111598076  0.39291308320644469  0.40359344707261485  0.41413231274181111
  0.42496409146012865  0.43507390840752108  0.44363454787571605  0.45172892348568117
  0.46054119007577027  0.47235677049510560  0.48349299035776294  0.49361488777167811
  0.50319411942280556  0.51294097203222244  0.52257711378544902  0.53213760724213377
  0.54206047846633409  0.55194389667552923  0.56156818917970452  0.57068681765169493
  0.58057794493533255  0.59213799710694481  0.60285133455783668  0.61208379686067627
  0.62085452172509648  0.63086240681001482  0.64211451143508025  0.65281417964310273
  0.66350972705608291  0.67425661386319313  0.68493412973410095  0.69574507518183226
  0.70717624418334202  0.71737311570545648  0.72650674114624869  0.73501729719225761
  0.74420677245298761  0.75385657140841633  0.76419076705119338  0.77528986599979122
  0.78767800712256897  0.79830509239522518  0.80839191982668035  0.81833941726018045
  0.82884446376621668  0.83888794239322428  0.84846120425489446  0.85811958764626350
  0.86721026992414685  0.87624838785555703  0.88605350157912799  0.89677453325806344
  0.90815916979151767  0.92021112883163003  0.93118771046806059  0.94240774367594660
  0.95448430593512790  0.96770614291138835  0.98330350334596361  1.00000000000000000
  0.00736690925458815  0.01466164021936614  0.02502249024753567  0.03624447577325159
  0.04849960591121794  0.06128930262522057  0.07376331195385595  0.08635010666149674
  0.09750855353903044  0.10816375738592758  0.11887817509535972  0.13071904090112718
  0.14287629846113006  0.15478499779094468  0.16656036770306756  0.17751117144836820
  0.18814892966973037  0.19927118889656098  0.20907818772896833  0.21911707756108420
  0.22909295519696077  0.23845819200319135  0.24663088597873084  0.25542033892272814
  0.26542248697153337  0.27677146018568716  0.28688233417471926  0.29614106861421075
  0.30526164857395277  0.31497158290067845  0.32489986564210566  0.33565268740250359
  0.34765496007417024  0.35763543529391578  0.36638097848715900  0.37569006584064374
  0.38575638624453751  0.39594456968158448  0.40552010858051368  0.41505905754776568
  0.42597691003878868  0.43662719746945211  0.44576192076209192  0.45494554783718244
  0.46459168622322117  0.47379393296505151  0.48325183902220320  0.49256088501685175
  0.50256736588980322  0.51319545633374342  0.52438588218874860  0.53535507301933083
  0.54590628374931816  0.55635690728613052  0.56559089855448508  0.57493106884913892
  0.58510372186397985  0.59543029603171782  0.60719418845958573  0.61903171756742004
  0.63115984865591812  0.64295023346823821  0.65480044335336829  0.66697032180433147
  0.67910609747588724  0.69141096237700550  0.70285237213266938  0.71386797213076303
  0.72432843268556513  0.73479487116388142  0.74477875315069719  0.75478107078799217
  0.76529070482712691  0.77660649615446364  0.78784194170113442  0.79860765506488052
  0.80989298166621970  0.82086908085883370  0.83213497275267867  0.84362388302356039
  0.85491469686685717  0.86566555565192704  0.87529781671201856  0.88440939145942454
  0.89372319153346436  0.90277661124236475  0.91121623988055367  0.91960868417307740
  0.92859184106388393  0.93908016966364838  0.95088997974657830  0.96195106561429999
  0.97240423077909366  0.98225710452474002  0.99132940704801287  1.00000000000000000
  0.00377259488181145  0.01145923117804148  0.02108210210545201  0.03256077328330460
  0.04387347382776904  0.05392757895262387  0.06368376018669358  0.07340683882838847
  0.08285873002448135  0.09224204939442980  0.10190670823568332  0.11260703656397091
  0.12359967748146561  0.13442855823495206  0.14555448945990240  0.15738692876868887
  0.16899978258827439  0.18017693478075722  0.19143680927440901  0.20168333708029723
  0.21146976824881530  0.22200713908259390  0.23289260955798760  0.24369738793443668
  0.25201889473508582  0.26121014004084803  0.27079891800452921  0.28129261752699464
  0.29276870859268794  0.30397999716491725  0.31455051350240953  0.32442715793550625
  0.33566114068106523  0.34699804587532423  0.35885644534442962  0.37038450812995838
  0.38079759467454027  0.39040702567340990  0.39956359742333697  0.40873751019916371
  0.41791531143347516  0.42677816623234038  0.43603795326431805  0.44597834788962470
  0.45597007757782421  0.46590852012857353  0.47580178803470174  0.48705665184976898
  0.49866111848002798  0.51010699255460212  0.52137001626994350  0.53200973791743933
  0.54305908158141136  0.55354487909629946  0.56424670785744580  0.57476663575447384
  0.58497792221648826  0.59492472671097218  0.60493402793817441  0.61597946217232080
  0.62703934892006519  0.63764125863709120  0.64790143501159991  0.65875084718311550
  0.67022419722645155  0.68192265110035621  0.69381517705456586  0.70552527540204901
  0.71620925533575563  0.72559690449278313  0.73588738845559776  0.74609830778758568
  0.75652828214806322  0.76672726866701268  0.77624982266010634  0.78541734735531987
  0.79500827546862052  0.80508111743175803  0.81558547425600247  0.82633996692543277
  0.83717701136737810  0.84804846637225817  0.85781879229848723  0.86718125684493341
  0.87627847849637552  0.88567900164253588  0.89506172866489386  0.90540567063525612
  0.91597891853943114  0.92654904878630673  0.93607435015018958  0.94663932167548215
  0.95826880028392158  0.97173898933265690  0.98555937095347357  1.00000000000000000
  0.00542753581605069  0.02124474970946838  0.03829939956052187  0.05128926009299262
  0.06391807285324867  0.07421937998336324  0.08476106816140652  0.09480162802862339
  0.10562625517812912  0.11724947523995863  0.12848122228997472  0.13905718454940016
  0.14944962795382552  0.16038540183122557  0.17133822333049997  0.18236891963244473
  0.19361883109761871  0.20517885902756461  0.21685874038335956  0.22791355828468740
  0.23822917547556502  0.24845583683940542  0.25918753415716256  0.27064514373353582
  0.28194489630399877  0.29283801366897050  0.30368303213622466  0.31520576652731969
  0.32735698252106288  0.33820211928291860  0.34785423126053661  0.35773584084136978
  0.36797935331708193  0.37955321358215299  0.39168096919133172  0.40550510779262589
  0.41926754370510511  0.43140273990522976  0.44261010928481120  0.45318470864397098
  0.46397036303942824  0.47423419256797439  0.48561937794216903  0.49724531322201077
  0.50809525662594823  0.51837875934981847  0.52914201369230762  0.53996374269996983
  0.55000848934357605  0.56015977012073537  0.57079029303538875  0.58206736730671027
  0.59330570554792961  0.60416894780887409  0.61452036353677730  0.62571597703779103
  0.63694883444090322  0.64753311935055224  0.65681470565314748  0.66606451374914111
  0.67577868483414039  0.68686056104217685  0.69764860870155943  0.70884346488413319
  0.71867569373602591  0.72849687675223118  0.73774977888352133  0.74677849096302162
  0.75587882153551489  0.76542947446097986  0.77467827944321510  0.78316546174401347
  0.79159460255236347  0.80045267562765465  0.81058303126759546  0.82091075470414576
  0.83066947041176420  0.83989666622327519  0.84904549352520775  0.85876469690685664
  0.86866888890774563  0.87779109468210670  0.88627750827537199  0.89534773714747817
  0.90606969968092599  0.91665216863536159  0.92483420557737706  0.93295731122184300
  0.94285476118553768  0.95369215878473956  0.96360348512328953  0.97211866459209839
  0.97966925208723499  0.98665724337430483  0.99052989819730108  1.00000000000000000
 -0.00007823315153474  0.00062661058273746  0.00139345213478204  0.00265477277886885
  0.00414337611481031  0.00599837838809148  0.00827901147017928  0.01068675465785881
  0.01345335443812017  0.01650430489884742  0.01961631247246589  0.02331357436932079
  0.02781542588552221  0.03247009424997142  0.03636147743841040  0.04044407882047846
  0.04537434411149141  0.05098617222616424  0.05675667668129284  0.06272082763157162
  0.06862391505546721  0.07400209399388413  0.07891926965159833  0.08383964202444524
  0.08913679346178853  0.09513331441873311  0.10191177078559532  0.10905761816283083
  0.11642566586053257  0.12423340622211879  0.13248057382051359  0.14083188401143149
  0.14944728619547598  0.15727226520082460  0.16499599990259065  0.17254408275982092
  0.18001795836344442  0.18793456453976948  0.19672119795083529  0.20529296548641696
  0.21412628726622532  0.22318204401826344  0.23247419606606401  0.24218140705747679
  0.25124532161742830  0.26031277628708566  0.26992823239630193  0.28016631835763922
  0.29117818438962068  0.30323008112185668  0.31434659524886938  0.32461482868964214
  0.33646478827144188  0.34834856956904714  0.36015015437931469  0.37182682697062047
  0.38332883192139533  0.39485599410683331  0.40631748786126803  0.41745788602292949
  0.42871604616829884  0.44065730096053524  0.45273994275934870  0.46469594921583751
  0.47670815988215343  0.48925896454140566  0.50317358317313110  0.51759169952403172
  0.53077077925917582  0.54389986672557156  0.55767104855203509  0.57289166365434008
  0.58897920602343379  0.60484554191130813  0.62018976850036589  0.63512735479557614
  0.65013714789390364  0.66589128519849849  0.68207596572661711  0.69834001424714587
  0.71486842435992737  0.73170647815605327  0.74858741168221199  0.76616552240413038
  0.78454248659174786  0.80318317215341339  0.82159498327210001  0.83978789322470715
  0.85793980982782458  0.87647704623020040  0.89484446817264585  0.91472861597322008
  0.93537620772445929  0.95636794381063939  0.97770036430228768  1.00000000000000000
 -0.00280009759851081  0.01207472378618257  0.02293517831608734  0.03461710322253523
  0.04616175696616377  0.05776225015727533  0.06856187445084759  0.07969969820727354
  0.09113341754014824  0.10325005257098778  0.11502127850095603  0.12610977644857377
  0.13427797218021184  0.14302542236404292  0.15133101197993820  0.16025966301869868
  0.17013729544575562  0.18046527503299481  0.19066906417472962  0.20184331980347156
  0.21270307501848912  0.22272993494254559  0.23221798328657522  0.24147225967064156
  0.25194427946578074  0.26269927658206405  0.27296529887364018  0.28280249876686858
  0.29365432944609565  0.30455561272140436  0.31341496975701205  0.32137684228249203
  0.32934598022692807  0.33948623025100771  0.35020556774620604  0.36035531465148202
  0.37005752389418434  0.38083282072933483  0.39335340781752515  0.40551890722540856
  0.41588626504695519  0.42606367246622506  0.43594328335621613  0.44597741343973840
  0.45685520327090684  0.46831877329654614  0.47908327982978721  0.48869914283175409
  0.49827812681493117  0.50801562768854236  0.51855687361422087  0.52972874961375771
  0.54161241324013309  0.55312570927282634  0.56389187644972016  0.57456521918870140
  0.58605778560566169  0.59851555097768105  0.61102576277548970  0.62241919446170746
  0.63283695815782370  0.64311011212705171  0.65232841071079162  0.66233844939404740
  0.67130248671021364  0.68061392738995163  0.68974800952541071  0.69830053131103853
  0.70702443542312809  0.71615811523789097  0.72669963690952222  0.73752351991697140
  0.74753567941738064  0.75716375113101553  0.76701075958116383  0.77678111005455763
  0.78693417997244619  0.79888532862227346  0.81196592056251826  0.82404228752663766
  0.83475477313968949  0.84401913829003139  0.85280911871989284  0.86163052874018553
  0.87039543906075412  0.87943323197533130  0.88826962088570871  0.89747781836642782
  0.90838016473227290  0.92066344792578569  0.93359748507918128  0.94540930097343545
  0.95671540994106197  0.96895421571146068  0.98308083150903480  1.00000000000000000
 -0.00242367569896943  0.01134897794233899  0.02325832880112007  0.03481054121333961
  0.04580683782765469  0.05668358787150062  0.06904639792300966  0.08079720217405777
  0.09146180624817735  0.10271975244806388  0.11622312454702029  0.13112620523985349
  0.14298919510672528  0.15379457893983858  0.16379768004001966  0.17332765568145883
  0.18417132141314205  0.19597500087780248  0.20733823356429046  0.21794324966114609
  0.22821886456853821  0.23855675193163997  0.24945958913076532  0.26121088585846564
  0.27319039375917537  0.28382584186745557  0.29477711078860319  0.30673754814750409
  0.32084292695039957  0.33401069210991724  0.34663545204642410  0.35918238011289316
  0.37106538361533314  0.38214072829749407  0.39368708442166289  0.40555675701580607
  0.41733882540727379  0.42869926892878696  0.44001952276999973  0.45062647054182475
  0.46076480052432295  0.47112432090672574  0.48046082819677688  0.49014781052953033
  0.50060454959338352  0.51340343705672475  0.52528592274392150  0.53590600189900739
  0.54604925429498319  0.55644009677295381  0.56603957897744472  0.57537078463731883
  0.58428834761002546  0.59516555300940877  0.60555047270202278  0.61372573151790832
  0.62163693421700050  0.63028587419724469  0.63927106153930746  0.64869042557771350
  0.65758307456958398  0.66601038450575889  0.67565104297637879  0.68715734200506651
  0.69927128667516369  0.71274489045471945  0.72505767841938173  0.73568540371642333
  0.74542237031160852  0.75652683691748202  0.76790470957736046  0.77947284562387331
  0.79143967384073366  0.80487837439191134  0.81540910711504611  0.82310199280279917
  0.83091079939273238  0.83902420355849905  0.84709908190015226  0.85456094629718227
  0.86255848308477290  0.87057483552308423  0.87896824395354667  0.88742205157440135
  0.89597190670793525  0.90617718871686614  0.91670313486975463  0.92730380978738525
  0.93706550103709385  0.94596483057513403  0.95418912077625018  0.96250564639703973
  0.97145624352584858  0.98085993038358310  0.99077407241186544  1.00000000000000000
 -0.00241059950337539  0.01036430608767371  0.02181875584521872  0.03409125226125919
  0.04535756571708455  0.05493214844910847  0.06436273993417764  0.07423038619236917
  0.08405955604044714  0.09327427201771069  0.10247437864137970  0.11327909647466766
  0.12403972920131670  0.13378118152642154  0.14301392158069046  0.15186833044804832
  0.16088616758798299  0.16969485514872579  0.17891913779408983  0.18833137930744304
  0.19833459124376296  0.20919677092959843  0.22006788077857450  0.23044950496894978
  0.24092319251000194  0.25209844018027594  0.26419635696622817  0.27615099656410402
  0.28868242270901390  0.30055868813576836  0.31185818625376932  0.32329845605336488
  0.33462244402351266  0.34617533883481760  0.35772562183855172  0.36812977830982407
  0.37763462224207361  0.38696650303686031  0.39686450364181586  0.40751567798776406
  0.41847679600869797  0.42976366141212030  0.44041352981256243  0.45064945039607734
  0.46081057687544419  0.46954599932867785  0.48103889222683682  0.49234138583982029
  0.50399968355330416  0.51581511626134102  0.52779209119834758  0.53941236244516477
  0.55072200249864689  0.56246563097749591  0.57445533832509632  0.58557680670577339
  0.59558414706601581  0.60519462973557092  0.61520936537156679  0.62605591037641029
  0.63699635226609674  0.64834639449071951  0.65968605666486246  0.67098011158909920
  0.68184795496520501  0.69237327619085820  0.70320064662885184  0.71425778175591592
  0.72462058570924459  0.73402073699463755  0.74279695252483757  0.75187428858511440
  0.76157872338955557  0.77145164636119135  0.78146480807303964  0.79146134489490283
  0.80124205262570325  0.81088546202429967  0.82105282256999768  0.83133102796428926
  0.84083773109889448  0.84964477501098612  0.85840122819685538  0.86776696734788505
  0.87746989131369357  0.88692562392622853  0.89706606916227216  0.90770644529496203
  0.91838717726022900  0.92854011748953291  0.94025564428651376  0.95410001962900248
  0.96694378498687006  0.97810493075618388  0.98929402347959905  1.00000000000000000
 -0.00303129631693242  0.01149079994303131  0.02454630136451423  0.03950549841215461
  0.05443552119338897  0.06785674444346389  0.08036314269863076  0.09279312351656621
  0.10673753770763285  0.12245631145173004  0.13874055775712477  0.15319115809942194
  0.16712016449142567  0.18063038043686336  0.19375713962118346  0.20642446865295377
  0.21961619077204469  0.23289817659293691  0.24597037338418065  0.25902760884746218
  0.27169150182290197  0.28403623399483835  0.29517108681141829  0.30683588776802473
  0.31694254660541871  0.32672587856836216  0.33640298589496048  0.34731800634615506
  0.35972654214163552  0.37294455836227497  0.38368421501962652  0.39361066193566996
  0.40356322326230021  0.41377600336986070  0.42444271893338303  0.43589674048971455
  0.44853840547160878  0.45964646349801591  0.47025997942621056  0.48076587574924584
  0.49144087699800088  0.50150377635822063  0.51075375639883447  0.52001782444810163
  0.52952216902494520  0.53917683060701271  0.54885646985086800  0.55826467348571163
  0.56751332251268638  0.57656545891749178  0.58598973404730359  0.59621845137051932
  0.60596788388432055  0.61518879911150226  0.62497114836583634  0.63700649047733526
  0.64933533259524812  0.66111155949586309  0.67301124604289497  0.68513626753531454
  0.69635799380791297  0.70600146549358178  0.71503016506503314  0.72342877312231701
  0.73191786656902269  0.74012367113699828  0.74856535023871329  0.75619133405926831
  0.76390928904498034  0.77181129376787827  0.78051661036361064  0.78951885695244983
  0.79757501495547634  0.80486486784551048  0.81259970425308825  0.82178235287101198
  0.83202757672520344  0.84226289564951207  0.85232986738251548  0.86143290201844591
  0.87087115471357579  0.88032558617874168  0.88969292026250602  0.89980999436980813
  0.91027442828227778  0.92062373544170661  0.93075995765175279  0.93975799295222195
  0.94801662098165873  0.95586817079854525  0.96302406831863041  0.97056642145965866
  0.97831377071865622  0.98594622235022300  0.99275995362327929  1.00000000000000000
 -0.00256108271833491  0.00972160583688886  0.02220864756794757  0.03521061629843873
  0.04789741880981400  0.05927282307203746  0.07075021184823442  0.08019613475450386
  0.08846058638343868  0.09602540720997317  0.10386850380871961  0.11206471964738186
  0.12026704801610226  0.12874111988511427  0.13780270363059527  0.14770046506088910
  0.15845797497917810  0.16932320321640595  0.18072766504525398  0.19336905459741086
  0.20747680952998393  0.22115745364265030  0.23280219090593729  0.24380660155011274
  0.25461706600553563  0.26619934015212482  0.27813381618611144  0.28982871145401656
  0.30265943156495351  0.31463972162383919  0.32680308594586027  0.33852410390878890
  0.34929339065338905  0.35982394894310393  0.37025689241942100  0.38143581352785078
  0.39270375156153414  0.40395479896643249  0.41505743674113071  0.42646800220470649
  0.43812893348910298  0.44999657672711790  0.46074409073405614  0.46996998546321650
  0.47880073620622071  0.48721003719707895  0.49508919865720241  0.50264666146341164
  0.50968240877265192  0.51707970141335868  0.52523734603069283  0.53419869820233090
  0.54396863967711784  0.55421426216513980  0.56505822474286616  0.57666424912081227
  0.58885318523089714  0.60177027754536672  0.61437296002116903  0.62481688671806968
  0.63510281919400136  0.64482141809516857  0.65496004222196780  0.66483757343636263
  0.67418059094737270  0.68342990248646740  0.69271757494646713  0.70212090152530959
  0.71258660641248184  0.72394917213840149  0.73548743562380359  0.74566409770510456
  0.75418979480780624  0.76274879303580734  0.77199484200925450  0.78157412596278530
  0.79152080614935605  0.80106975249627654  0.81046144304534695  0.82011034582372455
  0.83011568249657786  0.84033004114377663  0.85085496185230058  0.86179569240235154
  0.87315387287568447  0.88662712965011781  0.90004160027782865  0.91167552206783931
  0.92224456212976269  0.93204835026323329  0.94222233181840032  0.95318442676916282
  0.96560805510281877  0.97791313552789194  0.98941255816036522  1.00000000000000000
 -0.00179790003674928  0.00739085663421093  0.01562033793401670  0.02436030093991174
  0.03247112561755357  0.03999463161879015  0.04795125595745615  0.05636061557872396
  0.06482425604378021  0.07364235070887380  0.08311656272144151  0.09285783385411474
  0.10232459593854543  0.11129020749576954  0.11985725152952904  0.12940478012462137
  0.14095447695510602  0.15377069094237225  0.16825457871389746  0.18174257388447720
  0.19237314127704025  0.20174232326415098  0.21091570726017816  0.22004048048248101
  0.22852812940303691  0.23656753548707116  0.24423318399032531  0.25400219629469567
  0.26593355746670927  0.27784970048559643  0.28936463431948051  0.30066288194480179
  0.31201118926986443  0.32262915697888134  0.33230765692343389  0.34186405771322242
  0.35148505958744913  0.36157346479475289  0.37093167921168074  0.38080623312528850
  0.39122280145480237  0.40264789064720458  0.41453098885440681  0.42689600952691492
  0.43903895654650166  0.45085473293205991  0.46285020754787054  0.47452593305188057
  0.48763936054836582  0.50041423440625821  0.51419891582870259  0.52703763930592440
  0.54001010643213698  0.55137579748990939  0.56286051254281932  0.57485330278143454
  0.58647876230917628  0.59733473725199615  0.60863892641811312  0.62025479456194355
  0.63162641687983323  0.64208442109174557  0.65136928158637031  0.66068062425067842
  0.67065025535934975  0.68116043008893778  0.69111354705143380  0.70043732598051200
  0.70936669507945205  0.71935101104263433  0.72989763455202117  0.74117099717131263
  0.75231545072238704  0.76309171339118154  0.77396808576549025  0.78597698468286714
  0.79725628476325205  0.80717178825477498  0.81664629631459063  0.82675232789846231
  0.83762387425191787  0.84994429085621959  0.86314019631415650  0.87714918182779222
  0.89017484754536724  0.90278532106091891  0.91462951770296463  0.92514198994128571
  0.93467843029929576  0.94355581085470253  0.95236550392956232  0.96163139290553190
  0.97086639029296273  0.97999823576665346  0.98974292995993773  1.00000000000000000
 -0.00176586606141502  0.00922697803876051  0.01909051131767065  0.02956926847836590
  0.04011499965340320  0.05085969099700887  0.06209691006183028  0.07354963995757990
  0.08577435161973049  0.09825375467793253  0.11020551741239921  0.12035736218781407
  0.12923405016206574  0.13761960025874925  0.14580053460758380  0.15506688428408535
  0.16544658055774242  0.17609508667170681  0.18598098186226955  0.19635333137976266
  0.20772074306306862  0.22026177907211905  0.23315061951018573  0.24578348387644758
  0.25792527587813596  0.26998809412779995  0.28183494771990586  0.29406202087839561
  0.30686445691049741  0.32034081530828146  0.33560956584587187  0.34824322473764707
  0.36126758923320618  0.37216940507642221  0.38200680958417599  0.39191216801731993
  0.40095101741589240  0.40966533130725252  0.41855599044770669  0.42714896202279262
  0.43655133487619496  0.44559613493009970  0.45385103357809620  0.46340311448102228
  0.47376010689217940  0.48638267738655688  0.49917274785909033  0.51172815128175264
  0.52363248614618318  0.53517731140965108  0.54692893796100839  0.55922322208256270
  0.57117602402400669  0.58259204564378919  0.59346441461047872  0.60388527962493865
  0.61446965567197798  0.62558331769897313  0.63687900357946314  0.64739726287368937
  0.65751402477190768  0.66769098207454369  0.67827450984061466  0.68919944609544492
  0.69994625116329368  0.70983325728537594  0.71948979172018634  0.72997200749067437
  0.74120142305611847  0.75241382206956542  0.76329918823631482  0.77355188556965349
  0.78332616460891280  0.79304541743106483  0.80306856737578669  0.81212000562986220
  0.81949471855148548  0.82617396200154936  0.83451516956328764  0.84312553852176997
  0.85151036477926423  0.85912332835245497  0.86704142933642381  0.87573550047691995
  0.88644018733825747  0.89754643606625595  0.90938785387885268  0.92091150744877459
  0.93182098874080366  0.94288060776980298  0.95296969770815709  0.96214918322905774
  0.97083130825692088  0.97956400056712856  0.98990381705009778  1.00000000000000000
 -0.00184964604422393  0.00501185646978707  0.01187651510014167  0.01838328663233432
  0.02462707487193404  0.03103658902588400  0.03829765827162772  0.04585445316625916
  0.05347941577868216  0.06063488461870675  0.06745056944760582  0.07408545654072832
  0.08061135981793099  0.08786963672208821  0.09524070665377880  0.10277865276993567
  0.11059948699503294  0.11846177032968006  0.12586336386713753  0.13333794152769510
  0.14014447969298302  0.14738172031558583  0.15483134637943785  0.16239756929090346
  0.17005616457699346  0.17798491462085941  0.18600449460315999  0.19407423694090148
  0.20255957285772336  0.21084411512194859  0.21859827571212054  0.22657185843844446
  0.23482705227275383  0.24314377417403257  0.25116231024710051  0.25899064354046186
  0.26687652434781756  0.27503919792153103  0.28225902659742502  0.28959614093652797
  0.29639640742480766  0.30392852334831988  0.31157970643819982  0.32028147805090862
  0.32854011450545245  0.33730511098581711  0.34642767051593387  0.35518713559394399
  0.36346637508906560  0.37158965239813002  0.38036227840558157  0.38977729173034009
  0.39938713600783482  0.40891543392683138  0.41856740793400188  0.42785023659516980
  0.43758067374618381  0.44802147847387008  0.45879448430755893  0.46860482004398768
  0.47986692404042230  0.49167258922105816  0.50264370957762128  0.51240452691173843
  0.52292292083309777  0.53500186444433806  0.54735527991706956  0.55947148017057968
  0.57261308756445450  0.58560435368665520  0.59697741763460277  0.60815665627867932
  0.62047386308600838  0.63321801363532770  0.64733627740086486  0.66563422052321908
  0.68553147736613340  0.70399809691804838  0.72164450884471121  0.73924546826650206
  0.75511427144737742  0.76888835458663973  0.78268798759369307  0.79784089080833920
  0.81344835116767911  0.83120429090264403  0.84820498685764245  0.86378716207432593
  0.87816646549118982  0.89181827472995989  0.90888151572857390  0.92660630932932864
  0.94550182238855507  0.96447656398102655  0.98253196992842262  1.00000000000000000
 -0.00222813838497523  0.00822455323693865  0.01814274491184129  0.02879545109479878
  0.03936467929585855  0.05018470521936685  0.06221218164334466  0.07649534487261742
  0.08881733791161484  0.09958005882799072  0.10965457421112601  0.12035982649905309
  0.13098426666400365  0.14089367370827044  0.15132279619753469  0.16267501373618656
  0.17402987928869307  0.18544611585883031  0.19642826266377794  0.20733141001076510
  0.21830779258577429  0.22944781718050047  0.24096556711499040  0.25228933270322418
  0.26290208939546345  0.27459221556317326  0.28719065359772794  0.29846396178148271
  0.30908402131975571  0.31996739202316027  0.33116130891886075  0.34215256850844328
  0.35358830344949294  0.36605904198416761  0.37827255689986689  0.38962739446315370
  0.40047278333149261  0.41111776085605323  0.42151453075619799  0.43177345143024071
  0.44338881843387373  0.45579949644268863  0.46834336988779623  0.48060834587816148
  0.49262183799212050  0.50416823879525041  0.51486199291619461  0.52475518317223446
  0.53372333995392907  0.54190864428064645  0.55025529495701364  0.55865493660958043
  0.56706664314245792  0.57563043358463606  0.58428770054365853  0.59534414539079195
  0.60562773856275975  0.61491675684460156  0.62430251335845166  0.63431865019108613
  0.64457282297468921  0.65465630689218812  0.66442564439387464  0.67462020720387650
  0.68531788888506473  0.69437897469282783  0.70393447112140561  0.71359142385890795
  0.72397713748386228  0.73446321016479676  0.74488210445230596  0.75460748676277334
  0.76408806111989125  0.77381849576527451  0.78417158718008817  0.79483884900627622
  0.80541323065043358  0.81555047265583691  0.82464306090061279  0.83296309872616026
  0.84055825054454514  0.84832813253796968  0.85712364744007696  0.86665331605292717
  0.87653640235908825  0.88692455937295001  0.89692506655823945  0.90788447646237336
  0.91876989958517830  0.92955897878503857  0.94067089370586698  0.95261357437961025
  0.96423655794008523  0.97645583742332531  0.98805067376173006  1.00000000000000000
  0.12803441138891658  0.24695204860828182  0.27647277120553315  0.29486950980022597
  0.31094015591749430  0.32522746419735171  0.33834914577498665  0.35075954525672004
  0.36176322360124241  0.37188862426884822  0.38132000336388072  0.39021783464321047
  0.39912967568365737  0.40737216908783119  0.41557810191878558  0.42450844574355756
  0.43332289612417974  0.44179966157787698  0.45065086293674045  0.45873929284510950
  0.46642637012017096  0.47375852442333688  0.48071142650021015  0.48766716959208223
  0.49505791593789444  0.50215156899215574  0.50825470094073610  0.51381682033770071
  0.51946109333184687  0.52518576716792764  0.53110617961513884  0.53669718412026957
  0.54227255814785669  0.54731109346527429  0.55262193841272766  0.55830649144039224
  0.56471992235648261  0.57131036729676254  0.57789408787308072  0.58416606708005792
  0.59053760566728031  0.59712544742333706  0.60362697969249468  0.61034592742015781
  0.61752774974197910  0.62489111465712932  0.63134997723515507  0.63703857974557854
  0.64273316718106166  0.64852399142444161  0.65460578733734964  0.66082202094341369
  0.66699108873169122  0.67342488240300735  0.68001523608631553  0.68624673359805566
  0.69193371280139826  0.69746055749311486  0.70263114639878033  0.70784628406032146
  0.71330499815521742  0.71903469396434416  0.72557115421884977  0.73207134815355246
  0.73860632303471585  0.74527193516879242  0.75175268716505761  0.75814819413653967
  0.76427882371564937  0.77068578371093899  0.77755143490612322  0.78519510934383130
  0.79305368509745844  0.80099151167357152  0.80875602533443314  0.81608050386238662
  0.82295258573324648  0.83001098841362131  0.83688244109185128  0.84377225521211485
  0.85015415183044130  0.85624612068797568  0.86207045279257355  0.86826346206096205
  0.87546566127285086  0.88361779703382581  0.89222039251856655  0.90092503077238606
  0.90940177738670713  0.91732503810042942  0.92498659888193302  0.93322071936008000
  0.94360735155661346  0.95749226899404605  0.97428394675895080  1.00000000000000000
 -0.02049094170878307  0.13982648964806493  0.18716447306221434  0.21843951828038455
  0.24690405599770363  0.26764233571620566  0.28655037020531787  0.30308355727503661
  0.31898771366872514  0.33454315223280612  0.34780682267534263  0.35967398401747308
  0.37129224077160566  0.38257561950779478  0.39309182372451584  0.40250736430186479
  0.41195676888155414  0.42169900944554933  0.43090371227897029  0.43909329745258163
  0.44687060658889222  0.45516715228475957  0.46308613438497331  0.47128084755225191
  0.47874895723807709  0.48567263544792588  0.49319019658114877  0.50091554854102172
  0.50884617235806617  0.51678452605191827  0.52390904113665715  0.53057764650263362
  0.53727269101777098  0.54403920587389820  0.55075609267063408  0.55736884445540380
  0.56379870595615111  0.56887362356266435  0.57495938692142090  0.58123067822311947
  0.58699622748046376  0.59204515960235760  0.59693965135362959  0.60190945241388238
  0.60694090707923554  0.61184645878469357  0.61663719030081932  0.62156475520729604
  0.62654081497574388  0.63173220985887091  0.63662926011977572  0.64134200989543233
  0.64628369617917047  0.65166556669375986  0.65765471625392891  0.66410402487202724
  0.67054776022180451  0.67619419968680783  0.68132605110104794  0.68648761606914044
  0.69134865224368802  0.69681228469725542  0.70177595199562703  0.70680565630931591
  0.71188234647824344  0.71711543748112216  0.72259268083689543  0.72818683444478416
  0.73390600480345636  0.73931704473137294  0.74479846131117988  0.74985522869947585
  0.75447606494822805  0.75910735585214117  0.76411666091792185  0.76909910434921502
  0.77422735306613777  0.77954141555366407  0.78491031635130470  0.79046818626166415
  0.79631747610329051  0.80227871135514761  0.80831346692015282  0.81472328703626473
  0.82201140139490525  0.82998986635641325  0.83824398893040919  0.84616057079005280
  0.85425834753468310  0.86349661807853162  0.87447839895391510  0.88721439587526396
  0.90140454290129690  0.91773467047011714  0.94080953739040230  1.00000000000000000
   2.4958175011955692E-008  -1.0000000000000000     
 F F F F F F F F F F F F F F F F F F F F F F F F F F F F F F F F F F F F F F F F F F F F F F F F F F F F F F F F F F F F F F F F F F F F F F F F F F F F F F F F F F F F F F F F F F F F F F F F F F F F F F F F F F F F F F F F F F F F F F F F F F F F F F F F F F F F F F F F F F F F F F F F F F F F F F F F F F F F F F F F F F F F F F F F F F F F F F F F F F F F F F F F F F F F F F F F F F F F F F F F F F F F F F F F F F F F F F F F F F F F F F F F F F F F F F F F F F F F F F F F F F F F F F F F F F F F F F F F F F F F F F F F F F F F F F F F F F F F F F F F F F F F F F F F F F F F F F F F F F F F F F F F F F F F F F F F F F F F F F F F F F F F F F F F F F F F F F F F F F F F F F F F F F F F F F F F F F F F F F F F F F F F F F F F F F F F F F F F F F F F F F F F F F F F F F F F F F F F F F F F F F F F F F F F F F F F F F F F F F F F F F F F F F F F F F F F F F F F F F F F F F F F F F F F F F F F F F F F F F F F F F F F F F F F F F F F F F F F F F F F F F F F F F F F F F F F F F F F F F F F F F F F F F F F F F F F
  <DiscreteSampler_grid>
  grouped_processes
  1 # 1 for a reference and 2 for a running grid.
  10 # Attribute 'min_bin_probing_points' of the grid.
  1 # Attribute 'grid_mode' of the grid. 1=='default',2=='initialization'
  0.0000000000000000 # Attribute 'small_contrib_threshold' of the grid.
  0.5000000000000000 # Attribute 'damping_power' of the grid.
 # binID   n_entries weight   weight_sqr   abs_weight
    31   10   6.022012925837070E-001   1.462696119576840E+000   6.022012925837070E-001
    32   10   6.022012925837056E-001   1.462696119576830E+000   6.022012925837056E-001
    40   10   6.022012925837070E-001   1.462696119576840E+000   6.022012925837070E-001
    41   10   6.022012925837056E-001   1.462696119576830E+000   6.022012925837056E-001
    43   10   8.667116351329298E-001   3.134814594421933E+000   8.667116351329298E-001
    44   10   8.667116351329278E-001   3.134814594421916E+000   8.667116351329278E-001
    52   10   8.667116351329298E-001   3.134814594421933E+000   8.667116351329298E-001
    53   10   8.667116351329278E-001   3.134814594421916E+000   8.667116351329278E-001
  </DiscreteSampler_grid>
