 -0.00007775496240680  0.00080984010898837  0.00178634629781292  0.00318485776898802
  0.00493826974952564  0.00713782723746283  0.00972760203553907  0.01259628192810066
  0.01591042352941216  0.01973937760332327  0.02371877125636570  0.02805078385871260
  0.03247992077433470  0.03713118878670838  0.04222482564521302  0.04763792006402656
  0.05343789622145795  0.05942563297454144  0.06557048471443350  0.07199349121985184
  0.07870359611864006  0.08536560451181477  0.09210497504442461  0.09924722643696265
  0.10698996942555392  0.11507472284444528  0.12308898030109798  0.13100184611852453
  0.13902595587083066  0.14717537733478508  0.15557104144311201  0.16452880495777097
  0.17381048365086402  0.18319396120853909  0.19276235558152430  0.20254170197637758
  0.21252674009460826  0.22277895619262036  0.23319274754710223  0.24374879015555551
  0.25459084146724975  0.26571911190337982  0.27711831250350272  0.28859520136741723
  0.30017627313232909  0.31210608631438480  0.32434202189939920  0.33675985178042339
  0.34906220536727905  0.36139099634934080  0.37398812626950761  0.38683577640990074
  0.39965333129831948  0.41233124283498168  0.42491145139240016  0.43743078032625932
  0.45011438808812754  0.46278465199672392  0.47624549734048710  0.49011482059725786
  0.50395565724868674  0.51784147894321719  0.53184982913453893  0.54544384758824405
  0.55933993333152221  0.57401396307088492  0.58869799888541796  0.60327432347948029
  0.61785461509037032  0.63248839065297635  0.64718146242301400  0.66229926702114916
  0.67770401759823196  0.69311041517707095  0.70824792689433025  0.72299923520377962
  0.73751680849186485  0.75197419894202366  0.76645720362990455  0.78101596770990833
  0.79563555881154202  0.80991304279900700  0.82420827639857019  0.83847211681802425
  0.85256091044155891  0.86629742651635566  0.87995079924566977  0.89338835456668186
  0.90678610410789751  0.92025100309472885  0.93383002898710776  0.94757327557487547
  0.96103926495586323  0.97423560453389446  0.98720424023922693  1.00000000000000000
 -0.00203889677434938  0.00953938172066445  0.01917758322426652  0.02923941464477175
  0.03972887099589065  0.05046949227714471  0.06104906837190877  0.07160031063001293
  0.08238239825865828  0.09320611610631928  0.10477181668524684  0.11711325708661489
  0.12961009005281346  0.14163436664836931  0.15265074576067936  0.16294816596384165
  0.17255732397203011  0.18180291974290055  0.19093320287750581  0.19979973273406784
  0.20868162755243425  0.21830267793829292  0.22835154655811929  0.23884705779260687
  0.24939981866897964  0.26049116354398588  0.27188401443721355  0.28349992188683099
  0.29476225550267338  0.30584029033889382  0.31652769562810390  0.32689738935404006
  0.33709146670291501  0.34707572547206494  0.35727282757709744  0.36784210958996066
  0.37815596018210840  0.38872251317066625  0.39918646269197106  0.41004756455193225
  0.42048899582974275  0.43052947654888041  0.44069378641769541  0.45085871986625647
  0.46135797988377014  0.47127262258177427  0.48073758549459317  0.49032439372535741
  0.49994338815406086  0.51027273881790391  0.52075045662504660  0.53102374615856540
  0.54131836040606118  0.55111378695517588  0.56067377680733910  0.57043390363978452
  0.58050755811955435  0.59082386773901152  0.60140752468203285  0.61264324988605312
  0.62428464055690591  0.63543440059247391  0.64660710597533144  0.65839462022911466
  0.67072103969725538  0.68316683512341292  0.69563094668420178  0.70790385928476085
  0.71871815511133463  0.72934122681780333  0.73974681350505611  0.74974363587387960
  0.75930915677424082  0.76887357038490067  0.77881486093256846  0.78881510929970133
  0.79884507918677394  0.80897632923549656  0.81923672386761892  0.82912795652827920
  0.83922859652623916  0.84930605535097026  0.86001792886210593  0.87085850466959647
  0.88212738010793912  0.89357102845698477  0.90371578452520662  0.91324035434943007
  0.92287146705305234  0.93278603255549086  0.94306440288624183  0.95342931667114228
  0.96460249528246766  0.97705180629592459  0.98867510938000991  1.00000000000000000
 -0.00255643917585366  0.01771503030440754  0.03321465755632572  0.04674979188278389
  0.05930643173947098  0.07179247026444001  0.08395605675613706  0.09562285712946977
  0.10663786474305574  0.11717014909843274  0.12764669571771312  0.13656210542301450
  0.14524988338235889  0.15348716927559303  0.16205340780886487  0.17075400786651443
  0.17959515618256633  0.18815334689849969  0.19634732509716804  0.20465392042031902
  0.21312167331650944  0.22189049347980463  0.23048761306010582  0.23857672138276803
  0.24661814114531924  0.25471714389644873  0.26261190393454520  0.27034190478036701
  0.27766552556755525  0.28492784566491935  0.29243772173449034  0.30039482855213595
  0.30859418025780522  0.31658591658678270  0.32420453358700330  0.33175861290820985
  0.33950893316502168  0.34751293576493597  0.35538034545335495  0.36287486426670013
  0.37016709970641876  0.37757251986745433  0.38530357461121356  0.39318443649550583
  0.40118495253436059  0.40923376864443317  0.41723151569206773  0.42527777923834842
  0.43365703324821619  0.44239070006882208  0.45141594140327185  0.46020975452673130
  0.46817993116802947  0.47659448444880620  0.48496324445039285  0.49355697764314882
  0.50171206838548699  0.51006753394630211  0.51856757380818885  0.52749943275310152
  0.53653910943925764  0.54518075980381098  0.55356291974447525  0.56175730580938799
  0.56996590066898911  0.57823347834100203  0.58653278623248128  0.59491027262323881
  0.60324315339162393  0.61157674257855243  0.62027639027701487  0.62983405730993536
  0.64008319442114292  0.65033687687254094  0.66037593387823046  0.67078689484441278
  0.68162982875033895  0.69282964991623486  0.70428350682827545  0.71580281595292583
  0.72771433552532361  0.74006050761478548  0.75232465584643748  0.76456864020403947
  0.77784154841379705  0.79226737142279124  0.80701829035160477  0.82211565707955936
  0.83682891284442218  0.85121685839259131  0.86607397810533071  0.88261857248154285
  0.90193875675968405  0.92513156258451645  0.95453097507684204  1.00000000000000000
 -0.02054609630136141  0.13716332872656947  0.18553776095201763  0.21581142071571849
  0.24177641258983767  0.26393806491845373  0.28345130090209131  0.30068614798316101
  0.31632844689936368  0.33090829586515397  0.34495948848538999  0.35845995767168159
  0.37153637821113483  0.38410888753544709  0.39590413973378225  0.40685616000177766
  0.41707226341376513  0.42670783639808568  0.43613827768792102  0.44551712170760543
  0.45490880772474268  0.46432428020721922  0.47355801715669466  0.48239999030359704
  0.49082255093995081  0.49893034893740551  0.50665110608399688  0.51411060235331363
  0.52142446641085327  0.52835469385024070  0.53504935565269873  0.54178385018686992
  0.54866563536469448  0.55557491344526211  0.56235582583282873  0.56919354950227419
  0.57589674339578978  0.58268730602164442  0.58970524463556262  0.59670377817610953
  0.60351416601748431  0.60999733585555915  0.61629789470345908  0.62251757951183684
  0.62821588443907139  0.63371495328174654  0.63921551409140742  0.64477948517115613
  0.65027685508177835  0.65575013434495655  0.66108321592160446  0.66633404769013238
  0.67157279040117213  0.67678079718969930  0.68194836473275067  0.68709392586937013
  0.69219735817723826  0.69719430512235758  0.70233133042380447  0.70743367076105801
  0.71247479863130581  0.71746206426681691  0.72234664357774725  0.72705720346136304
  0.73160493341702026  0.73612746568876875  0.74087964855720279  0.74589860480533010
  0.75101436931360466  0.75608783924549983  0.76114871723854749  0.76629945206567351
  0.77154581612775897  0.77661665804005997  0.78157578211993761  0.78645820786161180
  0.79131172462771815  0.79621944501511233  0.80108131129812099  0.80598352808233786
  0.81107163424417061  0.81642861934519551  0.82192177821504453  0.82726434529376469
  0.83270186756251008  0.83874110908320654  0.84534804068972724  0.85229547178107001
  0.85976658022579266  0.86818416074175120  0.87727496505459845  0.88823365247998987
  0.90158209184528526  0.91899413336736735  0.94377053625095819  1.00000000000000000
   1.1143862077769462E-006  -1.0000000000000000     
 F F F F F F F F F F F F F F F F F F F F F F F F F F F F F F F F
  <DiscreteSampler_grid>
  grouped_processes
  1 # 1 for a reference and 2 for a running grid.
  10 # Attribute 'min_bin_probing_points' of the grid.
  1 # Attribute 'grid_mode' of the grid. 1=='default',2=='initialization'
  0.0000000000000000 # Attribute 'small_contrib_threshold' of the grid.
  0.5000000000000000 # Attribute 'damping_power' of the grid.
 # binID   n_entries weight   weight_sqr   abs_weight
    13   10   3.298187450768259E+005   1.110643886723751E+011   3.298187450768259E+005
    14   10   3.298187450768257E+005   1.110643886723751E+011   3.298187450768257E+005
    16   10   7.744157108667256E+004   6.054652692147112E+009   7.744157108667256E+004
    17   10   7.744157108667256E+004   6.054652692147108E+009   7.744157108667256E+004
  </DiscreteSampler_grid>
