  0.00343415841457423  0.01114826734383574  0.02081133552110401  0.03059084279190448
  0.04051833464346882  0.05075963835458629  0.06109882801064827  0.07152786606999603
  0.08184286248507086  0.09180700997740665  0.10187127803376379  0.11192341063711383
  0.12226508365779276  0.13241016277647041  0.14249396704320474  0.15254065005829348
  0.16287080338083246  0.17335471255689436  0.18395215827608546  0.19474579901739980
  0.20560299564723780  0.21631035976938962  0.22671505241201337  0.23716977893758409
  0.24781570591217963  0.25859621722285253  0.26925127319724085  0.27972659124848703
  0.29007805816568050  0.30035898094581703  0.31057197881412885  0.32084416173443076
  0.33120301336218966  0.34156333184571547  0.35203213042154902  0.36277510939332608
  0.37355839379890254  0.38424999708990487  0.39475561243256463  0.40537206856512453
  0.41581872430663364  0.42593408897949014  0.43594160178189045  0.44602667257441275
  0.45625058676014940  0.46634681441663284  0.47656850613157947  0.48678066261150166
  0.49711984559884626  0.50749153129265090  0.51785361993666590  0.52821679988858750
  0.53845096532733916  0.54896474313724108  0.55958813482119418  0.56996231344045178
  0.58030502849659749  0.59064041607395246  0.60109272936009361  0.61166218549512541
  0.62200994247021557  0.63270452069393368  0.64320982084601841  0.65350281490226503
  0.66367037070534929  0.67397638051582798  0.68434195524467289  0.69460961394551857
  0.70482456771754942  0.71500178378693202  0.72569000179756649  0.73648629083329431
  0.74742724456502185  0.75792581234675338  0.76829471198384791  0.77891508261406217
  0.78952737606622647  0.80000745749844326  0.81049367359574598  0.82112518481530739
  0.83166015375672053  0.84227323351861427  0.85288552503846926  0.86386654892218828
  0.87484824348972645  0.88601960682947323  0.89715798136128344  0.90843992586665079
  0.91976932938934408  0.93062440670113267  0.94133807209656561  0.95172372994096066
  0.96298645561535678  0.97442954509310087  0.98717285533976951  1.00000000000000000
  0.00715327852116302  0.01606131151809705  0.02722555104108192  0.03858538066329209
  0.04976476997194913  0.06092994989711402  0.07198751487919716  0.08285178676820551
  0.09387811281594836  0.10483230667871100  0.11566621761129685  0.12642621868581722
  0.13723955032162244  0.14809387262679788  0.15902829858896045  0.16992706683892747
  0.18085840503977987  0.19171505624893231  0.20258430782371886  0.21339349968262034
  0.22411688033686880  0.23466605924172065  0.24504974341843394  0.25537494732613608
  0.26572661461425734  0.27606921191490130  0.28635245895518319  0.29657909658303433
  0.30681728343711812  0.31729261402534076  0.32799179658806249  0.33855241472429742
  0.34896352715955892  0.35942934147136596  0.36993971760139993  0.38035846979406790
  0.39074050109202357  0.40105087631597652  0.41114799653928236  0.42111138697619083
  0.43105745129541778  0.44097292629967949  0.45085719892284476  0.46088517511968780
  0.47122011683056697  0.48151867907237417  0.49192234639297827  0.50242881020977936
  0.51335719604911767  0.52433256834586306  0.53537660439907386  0.54631541822783902
  0.55728030278142549  0.56784368134303942  0.57835558416221700  0.58872926751601129
  0.59925941648119785  0.60997867797086558  0.62068244399195605  0.63134190789060962
  0.64230813045947321  0.65338129433938053  0.66426731667232941  0.67477221576268809
  0.68518503828744826  0.69575974430182763  0.70641129860401330  0.71712770184451324
  0.72778258362954196  0.73830960706227167  0.74892598610943717  0.75967362811815342
  0.77052888062675451  0.78140501565137688  0.79226733859818799  0.80317620177361870
  0.81399878604794340  0.82457854071281522  0.83496065644349893  0.84500579999166059
  0.85493761464223028  0.86486372290034708  0.87479057532381121  0.88479401650563494
  0.89484141877114420  0.90486923963955379  0.91496645151703038  0.92517333608236529
  0.93547984782260274  0.94548140738467401  0.95527518324895888  0.96496564807464957
  0.97472434201576985  0.98336237227335943  0.99185268085929557  1.00000000000000000
  0.00333435441945778  0.01176285685267263  0.02212925344082771  0.03240481273377652
  0.04237370944936874  0.05244762007053568  0.06262794597149453  0.07296038691273853
  0.08325488798249976  0.09351320581212424  0.10386804176910090  0.11424669342049981
  0.12473964420771128  0.13523160487128838  0.14587891597561189  0.15640372127362318
  0.16674834454611043  0.17711527266153751  0.18756677807376798  0.19788243004804704
  0.20804583391184542  0.21809032651167953  0.22819587183640253  0.23828348241890382
  0.24832077735851449  0.25850751214621370  0.26882315379869914  0.27927559217448394
  0.28966495304370743  0.29989632351464607  0.31010183062767688  0.32043133012612768
  0.33083311743230276  0.34147106764922980  0.35220446845180031  0.36294451631921482
  0.37358982452205369  0.38410072193661404  0.39462564270802764  0.40484043381780804
  0.41509860294624645  0.42542932125751237  0.43600945366498273  0.44627214149125921
  0.45660339669020855  0.46673993399814828  0.47709442695563881  0.48753595984871112
  0.49799218886494795  0.50844778068390994  0.51900523851469949  0.53001896670531490
  0.54109234362522407  0.55180270330655701  0.56226094390863368  0.57287752937665104
  0.58314569902863811  0.59328522289758479  0.60338263898262823  0.61373466756268491
  0.62420790992856690  0.63464052568125451  0.64513139793810925  0.65610784884301321
  0.66706570055941139  0.67793626941003593  0.68852120857749188  0.69930475608834131
  0.71016698798836042  0.72108929886775575  0.73163627141533827  0.74212584484497923
  0.75234534172401635  0.76249027068042030  0.77275296437706054  0.78298238622099170
  0.79326015915050307  0.80383535275508311  0.81447550875329033  0.82514018341754103
  0.83562856100152083  0.84605186880897210  0.85637752333208694  0.86660571156518185
  0.87678705418128211  0.88706076057398464  0.89741822623104539  0.90813620682383545
  0.91900954954243397  0.93004705979688718  0.94087672331302441  0.95193950163477525
  0.96285156854673193  0.97412826291889820  0.98648825513639538  1.00000000000000000
  0.00567767027753579  0.02089269514368459  0.03567671813200114  0.04804208870821590
  0.05945623273448937  0.07084574337997228  0.08201404001001217  0.09297499266168058
  0.10385214559520693  0.11458848327882203  0.12552057802015421  0.13635659945777936
  0.14715534155467910  0.15781578585114450  0.16846373735660169  0.17911428500251128
  0.18969974888861038  0.20045771289841752  0.21122915043037568  0.22184992177523155
  0.23230569585472213  0.24274446850550360  0.25310113347219548  0.26339834695203851
  0.27367038661518045  0.28402747137751400  0.29425974615202483  0.30431926123229647
  0.31423747802871427  0.32414195533598039  0.33412915403004717  0.34433154098424462
  0.35463349435712949  0.36492477341569252  0.37504989424658758  0.38518322316981374
  0.39562815323772776  0.40636584018800093  0.41721785236600223  0.42787271839949065
  0.43816022470181770  0.44817408289470317  0.45819456575787021  0.46852391373720403
  0.47902075914445214  0.48942249212433925  0.49990664051967365  0.51040051208592441
  0.52078159491618703  0.53099886781254990  0.54115038019618633  0.55144289431042026
  0.56179505471514790  0.57215950975308838  0.58236552687407095  0.59237937805342655
  0.60248641993082874  0.61281611842108163  0.62320936317078035  0.63355943360941813
  0.64404649207588882  0.65495973188857004  0.66591919709463954  0.67659800364390210
  0.68701167638045535  0.69729408939781390  0.70753123137814833  0.71768712607131402
  0.72789778061806276  0.73830089228093398  0.74879753071352828  0.75935235266581413
  0.76976342838409051  0.78008407011940051  0.79019230813340879  0.80028702773409532
  0.81044071691396979  0.82085599614432547  0.83136134886940527  0.84163653255619231
  0.85180231014545882  0.86217182148943505  0.87277046462994901  0.88336018139342953
  0.89347402008117216  0.90346832867887839  0.91337654043759686  0.92339015291641879
  0.93374440313525930  0.94439417000549508  0.95484686497880877  0.96486482592284006
  0.97426107318280619  0.98300927608550226  0.99173624610752864  1.00000000000000000
  0.00000236028645981  0.00000636659282295  0.00001250697452049  0.00001700375917788
  0.00002139877523012  0.00002556873451037  0.00002962624492435  0.00003362341441618
  0.00003762345308072  0.00004168030812247  0.00004564654050051  0.00004971860482414
  0.00005387972784498  0.00005805854263156  0.00006219140573922  0.00006632781818661
  0.00007052356633764  0.00007479949771322  0.00007915770654063  0.00008360646598724
  0.00008823536519383  0.00009307819641482  0.00009802066969718  0.00010306638804768
  0.00010822675985481  0.00011352259484144  0.00011904927562904  0.00012471660091388
  0.00013055647420216  0.00013659760227523  0.00014293138697360  0.00014957519658406
  0.00015673174345385  0.00016414257703714  0.00017240484175534  0.00018071403038855
  0.00018948358145739  0.00019830604540330  0.00020728870320353  0.00021649809586180
  0.00022591604656402  0.00023571212876566  0.00024587574706852  0.00025647707729104
  0.00026755750832681  0.00027910951579133  0.00029102782661164  0.00030335352878482
  0.00031613817944456  0.00032951532545246  0.00034361340408872  0.00035824624110263
  0.00037339961811660  0.00038917553793313  0.00040570245979212  0.00042320637928095
  0.00044166783412771  0.00046116111306737  0.00048165549044252  0.00050318073529388
  0.00052593367830632  0.00055020241921970  0.00057617627071720  0.00060360215358802
  0.00063219493004634  0.00066229235514987  0.00069434070959784  0.00072806561303349
  0.00076371555678102  0.00080247356552675  0.00084524099602338  0.00089168822248942
  0.00094139072476797  0.00099693820768239  0.00105700700224538  0.00112235202033507
  0.00119203449926300  0.00126845043885563  0.00135662378155712  0.00145703986482567
  0.00155863060136724  0.00167531739118940  0.00181153232322267  0.00196831120370461
  0.00215042998852319  0.00236271917618081  0.00261823177060865  0.00293283107710420
  0.00328512757939049  0.00365260944930459  0.00409111043820948  0.00472632423436088
  0.00570383764012204  0.00719104721565073  0.11013417457873033  1.00000000000000000
 -0.00245777036974243  0.00957885713298220  0.02009041113831842  0.03069696596945122
  0.04141715424835653  0.05218828412695981  0.06317798203433771  0.07470242715032156
  0.08627316030704157  0.09799441223199964  0.10924788227304685  0.12030018453734434
  0.13105333330262184  0.14169996240218707  0.15220168724151228  0.16285772258563144
  0.17365271826892281  0.18444277484541050  0.19515126574345551  0.20564313528313158
  0.21611221777823222  0.22669190778690873  0.23726441836467480  0.24798087887887924
  0.25852740333074620  0.26934795970750963  0.28009873911119471  0.29074388599820261
  0.30128262243263948  0.31191625022422875  0.32267404762193569  0.33346408553674667
  0.34414163488485172  0.35479759573779890  0.36551460970592053  0.37617799021323328
  0.38674991898169020  0.39723093926095537  0.40800251684770245  0.41879057770866240
  0.42980118294977282  0.44065819837531722  0.45150477708496350  0.46199978299249750
  0.47252016526202589  0.48321412068520458  0.49405349435076451  0.50459947215580048
  0.51497880037407395  0.52532292837442152  0.53590107038369184  0.54637701674350458
  0.55651526446239363  0.56672792972576025  0.57688227978841511  0.58717873939972498
  0.59750683478888567  0.60807902406114556  0.61900080673850233  0.62957367650459861
  0.63966868476078298  0.64950742944309914  0.65929146486695733  0.66912141364031086
  0.67917345630639292  0.68959525599431915  0.70040636188156846  0.71128257573192599
  0.72165401328640877  0.73198380771289184  0.74213351754586032  0.75230547370006295
  0.76230024952894471  0.77231910297290252  0.78245233795006086  0.79260187035382368
  0.80278490600064245  0.81297012024618587  0.82316978082455539  0.83334049113201514
  0.84371307952584462  0.85444409410739119  0.86538523034834225  0.87610888216813487
  0.88658946557958329  0.89711609237817691  0.90771128837023018  0.91849354602326094
  0.92889155946564095  0.93935854569047161  0.94958335779771152  0.95974210285332928
  0.96982892510241647  0.97973136676586037  0.98984969633732867  1.00000000000000000
 -0.00221799831864585  0.00882244974571091  0.01879804769168670  0.02930845101437291
  0.03993226154401376  0.05044825013734356  0.06115010564450184  0.07185892025525777
  0.08279019499375982  0.09346343537613225  0.10419032479986499  0.11464340003485710
  0.12537938701383117  0.13631239038553500  0.14709281166437485  0.15730030432221223
  0.16765533552611914  0.17810321983999364  0.18862310168932853  0.19893847347391194
  0.20920995677873597  0.21997694125322911  0.23062840037176677  0.24152954899167275
  0.25199633128209425  0.26238508204281447  0.27254982393193022  0.28286582182334946
  0.29337792953440944  0.30413736033072214  0.31524120780575943  0.32624017818861972
  0.33701086408400310  0.34739057398261713  0.35783261072529077  0.36829787182500567
  0.37888856162171292  0.38955663877403657  0.40014683714427957  0.41073069542419743
  0.42138219450271891  0.43197528699276994  0.44256507545923784  0.45301613519078110
  0.46370281744274172  0.47420531964185303  0.48466709750034792  0.49486846169746518
  0.50526281511323590  0.51586256252546314  0.52653171681567557  0.53725294642167087
  0.54790861111841449  0.55870976920816284  0.56964223930337909  0.58057602035136535
  0.59112409120189902  0.60135493960548680  0.61159297869835305  0.62189680289418692
  0.63234248101651647  0.64274555639475039  0.65320168635544729  0.66361426313425209
  0.67425524927280911  0.68516951941709148  0.69599675904711622  0.70650185296894208
  0.71676259412031706  0.72724148542263778  0.73760253358125349  0.74792123836433133
  0.75826934088636067  0.76878985311404879  0.77947624049978792  0.79018981181085290
  0.80093486073198339  0.81175131081949836  0.82249973038414337  0.83330068307004912
  0.84364191440015301  0.85384844853324493  0.86398188379681751  0.87444384840303213
  0.88488752757950062  0.89538619376438067  0.90591109019822114  0.91635380006358091
  0.92699718607539139  0.93751863441833894  0.94797352773983368  0.95839263264279795
  0.96865305900850240  0.97919416826778882  0.98960261917207137  1.00000000000000000
 -0.00218725652391200  0.00902772229704168  0.01876370539789325  0.02924588621771643
  0.03966309333539309  0.05003120510688131  0.06023923743516304  0.07095112783879197
  0.08194050192285776  0.09322961302643151  0.10425115154590528  0.11506450110043465
  0.12559098573434610  0.13643994224196243  0.14705554115132344  0.15760879238094611
  0.16822232885774313  0.17870645214450362  0.18922094163793282  0.19953441442357331
  0.20991447771586494  0.22027389194171079  0.23060075089585677  0.24128545290678419
  0.25178725909258126  0.26201640714997065  0.27199933022506662  0.28231688699495378
  0.29269330990129921  0.30302893873138165  0.31344461743324131  0.32424927262967157
  0.33500877980906879  0.34557968323982141  0.35610108924071643  0.36666505185544984
  0.37715188256410731  0.38784556033842604  0.39858671936479628  0.40957095560933082
  0.42037117468462121  0.43123141250035335  0.44166382934624399  0.45175026741089314
  0.46190979270501814  0.47239258662132977  0.48286407017619049  0.49345236578737151
  0.50398884294860224  0.51465065952844002  0.52505172504304731  0.53525313427914079
  0.54546050681114044  0.55553312348268824  0.56578350030429003  0.57594975051526043
  0.58642521288965765  0.59699973873430989  0.60795133371144294  0.61867494646766263
  0.62918870537947980  0.63963416578065624  0.65022742403885991  0.66084529468209874
  0.67125621242442912  0.68152256721583671  0.69196208310968821  0.70247052830456957
  0.71318040662866211  0.72405670937206312  0.73497029393636681  0.74565771996411401
  0.75622388168978738  0.76668780938134551  0.77716654561806819  0.78772398701221269
  0.79821692273343592  0.80867462389940581  0.81914946211105200  0.82984083686371224
  0.84083798546020827  0.85163796991736729  0.86281608185295444  0.87406315143299584
  0.88518592573812616  0.89591020863658299  0.90644015125509703  0.91713125486047387
  0.92766165353920638  0.93817188096384840  0.94834128492483039  0.95848812977763698
  0.96889745502734148  0.97924571316932107  0.98966423114230306  1.00000000000000000
 -0.00260482599961807  0.01000983547570304  0.02050024085295158  0.03132685889558439
  0.04211414290286088  0.05259138219363515  0.06297195019694432  0.07323329680544469
  0.08377654096061636  0.09447326298570237  0.10489492084642935  0.11542483034666734
  0.12602130267438294  0.13698434974344978  0.14774412879097445  0.15858308956607967
  0.16925830083012988  0.17969023218459793  0.19011665888730167  0.20058182170883737
  0.21137511229133535  0.22191573807114467  0.23230773086283904  0.24231919061590348
  0.25263460349320477  0.26287677094258755  0.27296632558775846  0.28272547997858100
  0.29280998352493937  0.30344087702831352  0.31407893345140803  0.32471202678152622
  0.33548524128308066  0.34657922858377421  0.35742064807235829  0.36829318715525672
  0.37902761615928449  0.38991542722354205  0.40074691650320871  0.41184945170086817
  0.42269413819201501  0.43313480000465704  0.44331481597835176  0.45360384626963768
  0.46425016825989252  0.47460322915188657  0.48516371501861782  0.49593782045221380
  0.50693358243032616  0.51759635519794911  0.52794049610447313  0.53825825820333784
  0.54883360068258880  0.55961884902485137  0.57027111416764509  0.58072031860724527
  0.59130419328337669  0.60179097608985244  0.61232122449613202  0.62280266938481488
  0.63354752746888232  0.64433179431116228  0.65524347248058390  0.66630202936483107
  0.67747026403484512  0.68842862577995556  0.69898993192433434  0.70914766227559223
  0.71910853145053266  0.72906570551960603  0.73933915900071823  0.74970298742738606
  0.76016565697573346  0.77046008549986034  0.78076558664825513  0.79104485275968672
  0.80146567459242035  0.81191513457448550  0.82242084925419523  0.83311871000905635
  0.84384334814681738  0.85455332217422197  0.86502252437997618  0.87534161547992906
  0.88562986842359293  0.89572224666418498  0.90577641181755286  0.91561963386294420
  0.92597356428772459  0.93625152809004841  0.94663879178295107  0.95686062870387167
  0.96739652786025621  0.97805877621719528  0.98896823879700502  1.00000000000000000
 -0.00234872605853418  0.00956555986194792  0.01986965026969139  0.03037673335924790
  0.04068811471928369  0.05104526822632835  0.06130686083566782  0.07202219726181944
  0.08268581053345282  0.09348939988859692  0.10406678816944057  0.11442074844006045
  0.12478445853582443  0.13490809015234045  0.14507281489666221  0.15494631316330970
  0.16492995115278999  0.17501726362781767  0.18516705134279837  0.19544904865388993
  0.20595839116722289  0.21662755754401244  0.22725383125919368  0.23778542171980235
  0.24836530521149577  0.25917963630376234  0.26988228584842011  0.28029557314973791
  0.29066496612031018  0.30122716719414711  0.31158539600354218  0.32171216352356641
  0.33189830864044234  0.34241959767762503  0.35288543203624251  0.36309154444441788
  0.37323834605531087  0.38363771368553945  0.39414206634347876  0.40489545094450990
  0.41572705991906400  0.42664596450736630  0.43736743612278428  0.44796637407626549
  0.45869058058288270  0.46935835585764901  0.47974283332457518  0.48975670606275701
  0.49981660969643732  0.51002915225418666  0.52045728788143175  0.53090532052911310
  0.54121497303468524  0.55157647080995098  0.56199239694676406  0.57265335382625560
  0.58339203632774073  0.59409962306110564  0.60462459391640544  0.61489157162872699
  0.62515620531069127  0.63581888188104807  0.64673497406397273  0.65766859207420736
  0.66852033635363195  0.67933717230048185  0.69036649497290681  0.70138770733072409
  0.71219802799169440  0.72246092112149962  0.73282080155547047  0.74330605443620967
  0.75392841202146144  0.76428163128384285  0.77491425536028413  0.78568683672438511
  0.79654491249017145  0.80705649437435001  0.81763835797951701  0.82805160359367513
  0.83850859259714539  0.84923236064894703  0.86015249219637169  0.87118377879263775
  0.88185508208016850  0.89239491861033415  0.90274929824350969  0.91321246096633968
  0.92360602791466850  0.93425935145020456  0.94471487543413701  0.95527499203168331
  0.96589987897698659  0.97691330961313116  0.98835145908260269  1.00000000000000000
 -0.00239393370556062  0.00936083342796295  0.01934965463370712  0.02989651592739806
  0.04062610283832734  0.05087271461830484  0.06111173944016789  0.07157446304450328
  0.08218420036991732  0.09269000936502536  0.10276883062968856  0.11304709983025306
  0.12349853057225124  0.13414468564894313  0.14449970970756842  0.15504399156705467
  0.16578142800136073  0.17656269810783057  0.18737851873529540  0.19852880618270918
  0.20958589511092626  0.22049205423083093  0.23101152745810397  0.24141949862544204
  0.25168689831702162  0.26198863433141456  0.27249973858986387  0.28310676335706031
  0.29405864193227438  0.30531352863696981  0.31649767556690839  0.32711308218864926
  0.33770406540241893  0.34831767279650305  0.35897773798272870  0.36932730326799545
  0.37997418050126686  0.39080003559475340  0.40169978208439377  0.41250219699812202
  0.42335465978729558  0.43420139350895165  0.44473319133511352  0.45511481956647531
  0.46559964495704215  0.47597364851603841  0.48636862343150228  0.49678159843059555
  0.50748831913891490  0.51831368606002737  0.52883956750088712  0.53952194471852455
  0.55038090412181551  0.56142517298735117  0.57201651371428253  0.58249004918837399
  0.59299871151124384  0.60370184277277106  0.61459390537831371  0.62547803955789194
  0.63623119252782268  0.64685225569138138  0.65730770704657648  0.66767645918600160
  0.67795352334113634  0.68852885899027105  0.69949384079000532  0.71008948734219934
  0.72029979938308708  0.73070222878186986  0.74112667179574054  0.75159943593267564
  0.76153224162139788  0.77170993790119258  0.78213552004614961  0.79245821639448721
  0.80248048126672777  0.81241299051156035  0.82276175940876883  0.83326066467211179
  0.84375667056633186  0.85411801723827674  0.86438760430100048  0.87479604817691947
  0.88547033478146786  0.89613841993076226  0.90635846813084331  0.91635108363669304
  0.92641057848136887  0.93663033954904051  0.94717514348296195  0.95806054733467538
  0.96862667902562150  0.97919345101858546  0.98949439141937290  1.00000000000000000
 -0.00241176583182607  0.00947695828048876  0.01937870500044649  0.02999085301184077
  0.04041923167212782  0.05065982222548674  0.06094966745518754  0.07063925830617566
  0.08055631963379650  0.09078764846399119  0.10123922424444066  0.11189253165332738
  0.12226313054292397  0.13304131706044908  0.14393412802882583  0.15476244538465009
  0.16548313170999226  0.17592013711580037  0.18628953591500066  0.19664688203410047
  0.20709295247966758  0.21740329418179177  0.22779496678929920  0.23830990765267021
  0.24893750866672998  0.25969636659818757  0.27041058552866593  0.28133648002676903
  0.29201160289058326  0.30252154422998240  0.31301527207895929  0.32369044232777172
  0.33424102686093449  0.34472629943568411  0.35529739659413151  0.36593396571733239
  0.37644058893247839  0.38676836158279138  0.39701138337755515  0.40725624946547678
  0.41755980262351616  0.42780519815745915  0.43813504836734984  0.44827646816816946
  0.45848540221152279  0.46889189588909908  0.47951829266884977  0.49011625187144986
  0.50068847662060290  0.51102984344976599  0.52140641226380968  0.53182567690377047
  0.54240366897677361  0.55312376914168981  0.56366559761585233  0.57412331707344999
  0.58467720213516672  0.59540862216179702  0.60640023579082447  0.61699826733465102
  0.62744249813395148  0.63767242632680610  0.64811738682635744  0.65837321956622996
  0.66867511731352858  0.67887489100869658  0.68921550198371007  0.69959574319892648
  0.71020685379231308  0.72109678671125665  0.73200823454391128  0.74265672061876120
  0.75309543075913787  0.76366962180457443  0.77426903467085506  0.78480561205790045
  0.79541717208211948  0.80637294799622583  0.81736348378730561  0.82801290398749094
  0.83846642425123252  0.84916430910503748  0.85979842560210573  0.87051771930268695
  0.88162294420992260  0.89271845010688855  0.90374805373634426  0.91428676357536132
  0.92503954989359660  0.93587906793574982  0.94631375901202586  0.95666620656065504
  0.96704957952907145  0.97799174227453700  0.98899422563251072  1.00000000000000000
 -0.00230931997048611  0.00925532444855572  0.01905092412301756  0.02935629320425730
  0.03970247741961186  0.05067375933196643  0.06172781303469951  0.07293026430595781
  0.08380225046735411  0.09469852439955986  0.10528040279410036  0.11570351122362861
  0.12591397353446016  0.13602422698883110  0.14635755108291582  0.15679308427118696
  0.16723298789144492  0.17758670258697654  0.18801761923672408  0.19860771110750977
  0.20931814995505471  0.22001735843458353  0.23076791929988952  0.24123517943296516
  0.25140158702311721  0.26146184056431176  0.27180349575885437  0.28236956534607294
  0.29275057046354713  0.30300415059550900  0.31305082065836382  0.32338230261015194
  0.33377835522302191  0.34426769967160009  0.35481520123481297  0.36551380622582164
  0.37642000053087454  0.38728997233092116  0.39809984018644856  0.40883445320900885
  0.41929292337920299  0.42962604844315494  0.44022638591653374  0.45088386026561361
  0.46158643911347236  0.47210212122817807  0.48290014656348257  0.49352644335299661
  0.50435352854106719  0.51507117785294676  0.52582398162851696  0.53632613841167298
  0.54679480417139614  0.55758164672387833  0.56840857387306565  0.57913114087266993
  0.58958036466822250  0.59989399204736149  0.61039253093669388  0.62084050681088354
  0.63137666606135223  0.64188636222174078  0.65256254873382336  0.66323757482203649
  0.67382097041571953  0.68455102899399189  0.69539453103275706  0.70629143684313400
  0.71696138073880233  0.72741137342261741  0.73787142158632013  0.74839840428884374
  0.75881133832302539  0.76907090428826075  0.77935620505394698  0.78975351708093933
  0.80010296564749195  0.81031845070641784  0.82078274264746298  0.83154884197365175
  0.84233575560047746  0.85330117190932653  0.86407349044166382  0.87466439862508294
  0.88485204892347558  0.89501334556211898  0.90541503652923394  0.91596048961088194
  0.92671470137608036  0.93716738828030843  0.94765840665371859  0.95795282382440605
  0.96851462985640524  0.97903067754375817  0.98947618672588977  1.00000000000000000
 -0.00233483344885019  0.00922232687836778  0.01906587956234666  0.02957738416664206
  0.04022470254279489  0.05051756786428994  0.06052602904484689  0.07101581611370458
  0.08158081387979399  0.09221161432735071  0.10248620923759075  0.11318318654209589
  0.12364610660794390  0.13457837127548852  0.14547433947037430  0.15649753514384712
  0.16735912541807413  0.17812448798354241  0.18901809329286004  0.19984984594150190
  0.21043164791662997  0.22125920106937663  0.23204449724628259  0.24285068463550261
  0.25332431124059279  0.26373067904548791  0.27406113010118427  0.28439852723944414
  0.29497449929446773  0.30593503880459338  0.31703038316769888  0.32821033731777061
  0.33920397051887446  0.35017152269196045  0.36077227497267944  0.37148711573695165
  0.38213903588599707  0.39269570355567401  0.40318935998897093  0.41368120760705790
  0.42443162703964665  0.43537941471808056  0.44627536249765853  0.45716204363344820
  0.46791925377410964  0.47840877960702005  0.48893267928738343  0.49934158580760507
  0.50992045934849450  0.52044422176014882  0.53088319897134872  0.54114783893682550
  0.55110224101065319  0.56120211671046794  0.57143968842271964  0.58193237861365121
  0.59241230852742066  0.60305538290625971  0.61386675569250237  0.62460490124267720
  0.63519353379806476  0.64575147575930192  0.65644680727868232  0.66721629741810795
  0.67789178831763819  0.68819010116798029  0.69827732147739840  0.70847381821286026
  0.71889887653075124  0.72948402937038359  0.73992161371128395  0.75002956088055239
  0.75983601031067882  0.76958267145294912  0.77957087798526059  0.78971749365520250
  0.79999438700109415  0.81048124194104942  0.82119642690785088  0.83196653120204800
  0.84243022278126678  0.85280499208737415  0.86314807034599417  0.87371308295309547
  0.88434930499631059  0.89497413700745199  0.90558007313654032  0.91606469343886099
  0.92617294985933252  0.93609245645191019  0.94629608883673799  0.95665208567063198
  0.96720142015058119  0.97766993128269208  0.98874032318447025  1.00000000000000000
  0.07606436109756859  0.24036899185555957  0.27004376956268678  0.28712230816812445
  0.30066139359341032  0.31300983103410923  0.32446345257487480  0.33517167354222177
  0.34513521920197626  0.35482078479569790  0.36408099788241016  0.37319537148352533
  0.38173807433281709  0.39004505808746592  0.39808013286403010  0.40588510113494536
  0.41367039522850935  0.42091817955782301  0.42810295197635806  0.43513136077904568
  0.44209782464643221  0.44908023782194739  0.45600462331045427  0.46281858232163786
  0.46940690881985681  0.47596950407662980  0.48243311675237183  0.48884367242943522
  0.49509466528608032  0.50128690488160188  0.50748280193530593  0.51366118853117326
  0.51982801326857120  0.52591580298774554  0.53193017912877993  0.53791689955981503
  0.54392089826061307  0.54993114474085669  0.55591601888555786  0.56188331918704737
  0.56779502458496123  0.57373108767951220  0.57968957945859834  0.58564459532667279
  0.59154601525653594  0.59736138456927801  0.60312125987233867  0.60885501328989167
  0.61451381514083647  0.62009944537346218  0.62566082683824298  0.63115680092500015
  0.63673452889486959  0.64236770310360969  0.64806822732924829  0.65382064812827689
  0.65947509764026335  0.66511964107842592  0.67094880286804359  0.67688720501004018
  0.68285782013948437  0.68883417538236891  0.69486959543442717  0.70091770504865625
  0.70696164646937154  0.71295162325966221  0.71890670062072781  0.72491035723528141
  0.73098400403605290  0.73710748047880414  0.74322052832299146  0.74933753153884497
  0.75552611361368860  0.76187311922877354  0.76839994488800822  0.77511719665408896
  0.78200001615886372  0.78884369979263147  0.79577816370786980  0.80280511627267948
  0.81010479499896793  0.81749627855842089  0.82499679762356970  0.83267492667951182
  0.84061361662575418  0.84879407079594782  0.85708045601981553  0.86575656629242848
  0.87488610522350063  0.88483195983175478  0.89554789056369943  0.90726994596794142
  0.92041337382881239  0.93627611241218500  0.95928878564960496  1.00000000000000000
 -0.02548490361409963  0.12165132621247188  0.15764300041812479  0.17964423503223484
  0.19684605190928153  0.21108247164702387  0.22352870560185700  0.23477707804809789
  0.24527772338438003  0.25534108938375594  0.26495990934518321  0.27419844704883645
  0.28292471755739207  0.29123148480911287  0.29916558787878128  0.30694416634589272
  0.31460597728291340  0.32217133264646303  0.32959002895735262  0.33671799837265348
  0.34348377016964043  0.35009117869768025  0.35659613073468421  0.36303740635273812
  0.36945960112030307  0.37570193807148677  0.38179708647078325  0.38778752730945082
  0.39368187460062681  0.39944503694100469  0.40516131695754787  0.41088375445168662
  0.41662196632366000  0.42235709601057825  0.42802573805074690  0.43362686506058690
  0.43919817164718117  0.44474992078069259  0.45029947567834278  0.45582043886033369
  0.46123955622396379  0.46662260329882510  0.47188950140361019  0.47707788989142091
  0.48222879054040602  0.48740050210448482  0.49261487758898836  0.49784967433989274
  0.50326888675214643  0.50861693081486792  0.51406555306113433  0.51934250492234002
  0.52457691411367624  0.52983882382936531  0.53517230935900861  0.54051882213443814
  0.54585902822133625  0.55121042038050794  0.55659483320836112  0.56200667247830483
  0.56741791992719615  0.57282909078524447  0.57823784289576929  0.58365042136966327
  0.58914140964973971  0.59468719263553838  0.60028131818406105  0.60604948430121885
  0.61200118366470835  0.61809919335397157  0.62433061059901984  0.63067552686711725
  0.63718897310658607  0.64373946319355557  0.65032288679624584  0.65691447257198665
  0.66354475027038284  0.67040564445769657  0.67739091078660552  0.68465341245955491
  0.69213077391651134  0.70002512875117084  0.70814305895609864  0.71666743218230622
  0.72538982331899593  0.73441784722285408  0.74369308629868047  0.75360638412503433
  0.76409808031611581  0.77572108882133817  0.78868535638581216  0.80327962287641919
  0.82034325130532149  0.84229934562099040  0.87881821672467497  1.00000000000000000
   4.8809503144805597E-005  -1.0000000000000000     
 T F F F T F F F F F F F F F F F F F F F F F F F F F F F F F F F T F F F T F F F F F F F F F F F F F F F F F F F F F F F F F F F T F F F T F F F F F F F F F F F F F F F F F F F F F F F F F F F T F F F T F F F F F F F F F F F F F F F F F F F F F F F F F F F T F F F T F F F F F F F F F F F F F F F F F F F F F F F F F F F T F F F T F F F F F F F F F F F F F F F F F F F F F F F F F F F T F F F T F F F F F F F F F F F F F F F F F F F F F F F F F F F T F F F T F F F F F F F F F F F F F F F F F F F F F F F F F F F F F F F F F F F F F F F F F F F F F F F F F F F F F F F F F F F F F F F F F F F F F F F F F F F F F F F F F F F F F F F F F F F F F F F F F F F F F F F F F F F F F F F F F F F F F F F F F F F F F F F F F F F F F F F F F F F F F F F F F F F F F F F F F F F F F F F F F F F F F F F F F F F F F F F F F F F F F F F F F F F F F F F F F F F F F F F F F F F F F F F F F F F F F F F F F F F F F F F F F F F F F F F F F F F F F F F F F F F F F F F F F F F F F F F F F F F F F F F F F F F F F F F F F F F F F F F F F F F
  <DiscreteSampler_grid>
  grouped_processes
  1 # 1 for a reference and 2 for a running grid.
  10 # Attribute 'min_bin_probing_points' of the grid.
  1 # Attribute 'grid_mode' of the grid. 1=='default',2=='initialization'
  0.0000000000000000 # Attribute 'small_contrib_threshold' of the grid.
  0.5000000000000000 # Attribute 'damping_power' of the grid.
 # binID   n_entries weight   weight_sqr   abs_weight
    10   10   4.897807308044642E+003   2.182085845528128E+008   4.897807308044642E+003
    16   10   4.897807308044639E+003   2.182085845528126E+008   4.897807308044639E+003
  </DiscreteSampler_grid>
