  0.00366033430229347  0.01065386904863251  0.01955467819803031  0.02856726255522746
  0.03822414600990547  0.04725405715475145  0.05733878287783033  0.06664835587998988
  0.07718740679203061  0.08797815662117262  0.10018817924017306  0.11072034045971019
  0.11970868651347449  0.12873456869422883  0.13877391709018261  0.15010676214520621
  0.16100877268005592  0.17297579776117025  0.18538799710818821  0.19643071587009756
  0.20710635386324511  0.21859690449205704  0.23023562378216025  0.24173099429330039
  0.25302481775416541  0.26466436900746221  0.27682041973657601  0.28813589639698300
  0.29840952238481117  0.30838819886692659  0.31851149888994379  0.32846592642378930
  0.33722831093072803  0.34528933299242154  0.35393642585548285  0.36351749700106545
  0.37280942034835723  0.38207817728101534  0.39034559555609222  0.39867697943191194
  0.40997776184039297  0.42098640871947174  0.43308481264168702  0.44294405199347614
  0.45179371596499762  0.46033956691623740  0.46863867458436109  0.47692257071927519
  0.48545802392356613  0.49496440421456428  0.50628266922684662  0.51815672754776931
  0.52851072577752090  0.53928326987641084  0.55042740594012107  0.56176684288708190
  0.57285559448282963  0.58395087647657262  0.59462798698109920  0.60429458516416468
  0.61329457744620042  0.62159626334316775  0.63066391268063016  0.64065598750526953
  0.65193664573507937  0.66414765011276655  0.67637247746719253  0.68854921866885910
  0.70083147794888601  0.71310357595491314  0.72550416638244242  0.73739014463553176
  0.74842669321053201  0.75863613381404338  0.76859856287117689  0.77757329142241327
  0.78664077587698311  0.79573410802541711  0.80559694210323984  0.81626202902795453
  0.82753466603628656  0.83961729778207972  0.85257111336260893  0.86574657799220944
  0.87816794796978626  0.88954028250029427  0.90016241209585934  0.91018444963456269
  0.92019185274379978  0.92961333072235519  0.93923523411497878  0.94862332382374015
  0.95932606314605240  0.97132773951671014  0.98524203588184078  1.00000000000000000
  0.00676862582687014  0.01663275423593871  0.02952917481850071  0.04298035585834233
  0.05601192896726263  0.06905211549915369  0.08128786688029914  0.09306497233729077
  0.10527430240079846  0.11759387529113530  0.12982676827285142  0.14167387378117424
  0.15453933636921166  0.16736793500109401  0.17921803986351900  0.19030708349923456
  0.20125610173163222  0.21103960050275836  0.22013712812108241  0.22918321528700034
  0.23804823778392059  0.24798218331623290  0.25850577810246184  0.26871857567719759
  0.27935372957092608  0.29108674705494375  0.30367715303223369  0.31610551917096924
  0.32747517274481663  0.33767960299347494  0.34731132759139810  0.35785358479568247
  0.36884016345480153  0.37824978784434465  0.38683311006807120  0.39570911829222305
  0.40719821655517524  0.41948021745623360  0.43048647988605754  0.44032014181105394
  0.44931668388447210  0.45909442621462876  0.46838670767624024  0.47691936091661224
  0.48589590617991146  0.49654198525662674  0.50970577293475738  0.52185357415096056
  0.53324189088287044  0.54475828553123906  0.55622128493086720  0.56698724444120374
  0.57696071086815071  0.58675738902017893  0.59629777083504876  0.60578657618528042
  0.61550095465820664  0.62600639700247906  0.63721179116493787  0.64875432707043024
  0.66024768046330740  0.67145275077131539  0.68274722762001661  0.69420214425348403
  0.70602544788680122  0.71767754753385160  0.72860401519660967  0.73969853399247443
  0.75008607356128543  0.75974705968156520  0.76933974830691554  0.77872018972565560
  0.78847193838749163  0.79744641039071451  0.80584473006414958  0.81408589315893254
  0.82258466318327184  0.83157463039175494  0.84073620511286340  0.84968863171012343
  0.85749733101624936  0.86532375021088304  0.87313331398257132  0.88156833250814459
  0.89083230739450547  0.90030701363570820  0.90877236007641182  0.91711686359404165
  0.92557698078114270  0.93434995945896115  0.94479460138620153  0.95705789130988594
  0.96832326161639104  0.97935176943746027  0.98996165010199022  1.00000000000000000
  0.00345753345797988  0.01112403341794041  0.02012336786263599  0.02994354592962344
  0.04002090722637583  0.04978764789761043  0.05956196785750580  0.07030605343839079
  0.08144250824713962  0.09234288635718493  0.10248901538184040  0.11242136967464397
  0.12289828288355063  0.13398950731792192  0.14694209781528528  0.15919226017752000
  0.17413288583173497  0.19005379494320279  0.20498769487574225  0.21767444316336934
  0.22994459705760731  0.24149512204556609  0.25342650442649500  0.26573901283191381
  0.27761591898072507  0.28943576542789257  0.29875721380058601  0.30721903520774907
  0.31451455180873289  0.32228227414942867  0.33106429054293213  0.34114175989667272
  0.35096090472456148  0.36244945969374670  0.37404405234250215  0.38618868007093743
  0.39780634247097313  0.40797319490506467  0.41800359428571815  0.42815095683839866
  0.43922972126231358  0.45131085436004359  0.46433363659046084  0.47816804787998940
  0.49065618465058403  0.50188849243493749  0.51240973110011989  0.52314859504489708
  0.53372722731308064  0.54480447751288119  0.55508517835958826  0.56556168085356806
  0.57583887405854495  0.58543495963905856  0.59391953151967813  0.60231090926771924
  0.61189624752206717  0.62382590528985538  0.63724505467400772  0.64931686615236572
  0.65978672332769606  0.66987442069393932  0.67983850893945730  0.68918425182274312
  0.69744451201239377  0.70549834257199617  0.71425269307984540  0.72366981669559782
  0.73359080312217129  0.74313380429494347  0.75247580180123852  0.76352307284956500
  0.77439149681384511  0.78549934588028236  0.79665619256249209  0.80710851955369378
  0.81729185048023034  0.82596016016534035  0.83367780254272450  0.84095239108943864
  0.84792552487864803  0.85620561839230669  0.86514895546221227  0.87347674179389012
  0.88099682570694193  0.88895589656839780  0.89775856314941460  0.90688886233565313
  0.91610510362613695  0.92739433126524495  0.93847059658181198  0.94914893588024651
  0.96053812643762204  0.97325625857395370  0.98659367524940644  1.00000000000000000
  0.00562316147356351  0.02133913290846244  0.03767072607570200  0.05305467154510989
  0.06573995096258026  0.07628381247997289  0.08635816295008845  0.09653194009968072
  0.10659160386466704  0.11506374517994042  0.12386664830288449  0.13338712434384903
  0.14262041269207690  0.15224639203550749  0.16236442893204020  0.17257837631020795
  0.18409266746871081  0.19496571628695658  0.20677165450541876  0.21861545400648358
  0.23055013348264677  0.24224975497488252  0.25268485863215473  0.26291248120305499
  0.27347469286602000  0.28458729311091779  0.29574980145313245  0.30676217686138779
  0.31836138920412876  0.33159828064181973  0.34439301285602475  0.35673689808632253
  0.36888112147136792  0.38079597979684654  0.39186033926755864  0.40301841912903585
  0.41436769294316694  0.42593469305633197  0.43636143127566013  0.44586551079160569
  0.45541016695135683  0.46547869538413472  0.47630352459192288  0.48727669587790373
  0.49830440969466588  0.50925482884198525  0.51884519531795170  0.52761635799127715
  0.53665770749320540  0.54636011031706500  0.55646122673973331  0.56597177642101149
  0.57540202561297271  0.58539369405243236  0.59610051440909884  0.60751900255445912
  0.61963590703247318  0.63129668570759889  0.64192505155890234  0.65245248491430963
  0.66351015034588778  0.67472502356598507  0.68510079229992626  0.69442181129226088
  0.70344792899498765  0.71230707652625946  0.72229778462515304  0.73273985630035021
  0.74391396329158666  0.75494040364898762  0.76599241242818905  0.77695292287950946
  0.78753854617734631  0.79681094063119684  0.80559712597566058  0.81519280524658855
  0.82579437461649674  0.83724547031687147  0.84907913679713887  0.85996257482164240
  0.86950059302503901  0.87925760837889755  0.88875523470078865  0.89758477812353255
  0.90578205508841381  0.91386842899462017  0.92303113558260408  0.93313821570984956
  0.94206473572996208  0.94952747959730577  0.95717827087722840  0.96479868755230858
  0.97407975772510047  0.98363952218905137  0.99154307472858461  1.00000000000000000
 -0.00001604917116378  0.00017798068683218  0.00029092494116811  0.00039172911677188
  0.00048574294612291  0.00057520234587498  0.00066261932935827  0.00074828958123252
  0.00083254434950677  0.00091744909039167  0.00100492787333143  0.00109772722038169
  0.00117981200780350  0.00126366302896313  0.00134915898051806  0.00144353879355664
  0.00154742443178344  0.00165165216990972  0.00174987336237939  0.00184562401802749
  0.00194303152507267  0.00204702130574044  0.00216134902362079  0.00227829191391790
  0.00239454213206042  0.00250593447731139  0.00261272581966859  0.00271975058599584
  0.00282986294327622  0.00294095868142608  0.00306651566144381  0.00319819779056111
  0.00333388853214171  0.00348221135435490  0.00363737224492048  0.00380534148812265
  0.00397804613104690  0.00413242386401405  0.00427950028894829  0.00442608720012952
  0.00458613741660627  0.00477137152279917  0.00495716496886978  0.00514495433915238
  0.00533251122512192  0.00550776470581957  0.00567474415054759  0.00584661547048675
  0.00602309298684111  0.00620160116542307  0.00638687323842354  0.00658519498023318
  0.00677381444725975  0.00695670230040267  0.00715059182705459  0.00733822805988446
  0.00750104596992240  0.00774419823311757  0.00810393044852783  0.00839215642940877
  0.00868007868406082  0.00899281639690347  0.00970008519051595  0.01079909804320031
  0.01160105643229968  0.01194619076289120  0.01229733567054674  0.01268812174334327
  0.01306149721452355  0.01342077758450160  0.01373002364419982  0.01408227540302187
  0.01442965195148786  0.01484865483400990  0.01530306974718975  0.01557927370296774
  0.01612341010360211  0.01674501641335680  0.01745252904825764  0.01785506613656589
  0.01830921921580406  0.01908125528847894  0.01990000417483512  0.02059140422290727
  0.02126031953850838  0.02200175461720989  0.02268739661429554  0.02342623185203086
  0.02443702871573174  0.02576372102405361  0.02858209878492417  0.03027465679899028
  0.03179753083052369  0.03388144912669154  0.05219325315155767  1.00000000000000000
 -0.00228422503874344  0.00939606452466848  0.02049935078353194  0.03101007453210915
  0.04185622315614636  0.05220717359880171  0.06117226312697503  0.06964354394809526
  0.07802854556037842  0.08718261794328262  0.09664674193266526  0.10636718100402438
  0.11636776351199087  0.12668931044697901  0.13666539939711853  0.14579538162659392
  0.15469162340142417  0.16331407810962598  0.17301374239297485  0.18402130977630385
  0.19478395772846774  0.20529548108737194  0.21517407453991802  0.22423887544390758
  0.23388436692329526  0.24476003874081698  0.25701226859136345  0.26859533547107411
  0.27896881515937211  0.28895882907123660  0.29996055300942087  0.31158595361225910
  0.32356676068381768  0.33586284250824805  0.34795057105928273  0.36007508897562962
  0.37255977345377750  0.38508805008338176  0.39782973234493663  0.41084360587908947
  0.42309296289598525  0.43515727682415117  0.44691662551504313  0.45809744553966147
  0.46963193163343891  0.48092753187984977  0.49236983879541052  0.50381003617986708
  0.51535814248961487  0.52741710880553516  0.53892601685267771  0.54859450696290146
  0.55726084245213325  0.56615618446909743  0.57649224885863926  0.58728969245049945
  0.59800407723349158  0.60947344924366054  0.62253245520034672  0.63295369026880044
  0.64128975374350572  0.64979047102273946  0.65807474738477700  0.66660271567151164
  0.67496588018508141  0.68359180826887156  0.69289243137261958  0.70226140878830345
  0.71165106222024022  0.72190515566772384  0.73240040368694437  0.74326901329312323
  0.75393691509631622  0.76503530783582152  0.77573667396356027  0.78516811505303086
  0.79441969455240657  0.80398781086253490  0.81460603336920034  0.82529093642425422
  0.83533009878293940  0.84563751909220564  0.85665107722568745  0.86772241627387947
  0.87850937555233866  0.88928877268346618  0.90051148300790462  0.91211353605628609
  0.92324086776160785  0.93359719357792992  0.94377334959599934  0.95410645505868730
  0.96421596651754160  0.97500821658597658  0.98714151493155811  1.00000000000000000
 -0.00289721356839252  0.01059379596343405  0.02225846876451667  0.03387747845773127
  0.04640271205706385  0.06024391788804748  0.07403872829498272  0.08819989691381955
  0.10058844026319963  0.11167778741608683  0.12113557011648721  0.13082666646306718
  0.14119287490307400  0.15138011570891988  0.16225403171634092  0.17338903595236940
  0.18474360782705992  0.19582718432261839  0.20604775518801410  0.21664517106793241
  0.22710232364545524  0.23781192490505396  0.24851748299131846  0.25944590341243040
  0.26988912430989886  0.27975102844533034  0.28936156537563579  0.29867491567640958
  0.30897169474214237  0.31856884561140963  0.32729864571295186  0.33495374722577759
  0.34272707905749678  0.35092846184640714  0.36018307806300542  0.37070930627209570
  0.37979346124299529  0.38766347447968635  0.39604632612759566  0.40519459541731395
  0.41505720985091510  0.42565148999869495  0.43620697841861639  0.44700073506551602
  0.45745968394195602  0.46845611888341981  0.47961870554748931  0.49098679443070531
  0.50279809036011425  0.51534368074375136  0.52844193571829512  0.54071697192717316
  0.55060893424827861  0.55945602632568392  0.56865834166481444  0.57906397218458350
  0.58888362350814039  0.59687400426037773  0.60436188888328846  0.61364833495713811
  0.62336419676297827  0.63326688111133900  0.64357139908806926  0.65523900660627665
  0.66679836537963300  0.67657186551257587  0.68550981563832336  0.69482532963358057
  0.70458787611492613  0.71377442150945292  0.72290772424751881  0.73329814768019708
  0.74622995934136127  0.75926311685270076  0.77246427752313618  0.78393464803383661
  0.79460860903586350  0.80551180803846101  0.81604621138578870  0.82560979295951209
  0.83459995251056152  0.84387099641308239  0.85485883906694582  0.86784073901633452
  0.88054852937644856  0.89208462504400210  0.90371018604837394  0.91541230706761634
  0.92654408203264915  0.93696753423988344  0.94716322215988635  0.95870657838896889
  0.96909305473313800  0.97949937320605074  0.98950594941245262  1.00000000000000000
 -0.00278897884805794  0.01616090717051154  0.02981630694947733  0.04121454284395411
  0.05203537331901627  0.06346453530530534  0.07581249407915210  0.08892495903852687
  0.10136375344832815  0.11034728353920563  0.11745982000499032  0.12489357230471819
  0.13233755268029562  0.14262215314233948  0.15187100171370427  0.16086253166234091
  0.17000814854672081  0.17902888961441948  0.18744460104888203  0.19532192734466133
  0.20364889314095916  0.21244790577425265  0.22154813419448058  0.23118541964633418
  0.24098440048429909  0.25113281357725764  0.26246436786766769  0.27457985033207882
  0.28590382553099791  0.29662043263588966  0.30739153094055138  0.31860024685427507
  0.32919536361277091  0.33980231586448395  0.35050076689549903  0.36194601917594427
  0.37306858873656751  0.38405154057539914  0.39440023326669454  0.40460045696628699
  0.41518994285568478  0.42583512273139545  0.43713428489044909  0.44829153611243600
  0.45971329159960705  0.47160648939519079  0.48182038240544950  0.49223532878494408
  0.50236219495526568  0.51260823717574511  0.52427970910787169  0.53571867845969190
  0.54732858396325001  0.55877939492647888  0.56870736356969043  0.57854907381810039
  0.58790000131247455  0.59595200196352005  0.60355015379829013  0.61221182265795648
  0.62219873105495960  0.63313346855369890  0.64382641889102299  0.65483725886427657
  0.66629880694485244  0.67650776352082020  0.68538615319625940  0.69479067657924465
  0.70526073880638429  0.71650882691198625  0.72748580842659005  0.73674914855391216
  0.74541271188515035  0.75441136077912119  0.76432344269018870  0.77512773480235020
  0.78586655615516343  0.79714536893734655  0.80903790845182300  0.82084143887426375
  0.83228092716056801  0.84374706723089610  0.85604014782984339  0.86844750799181936
  0.88162816123217846  0.89440506315619572  0.90509976690079785  0.91509995179872106
  0.92539176710364612  0.93651056083730666  0.94888165042762695  0.96032229617164389
  0.97032771516438909  0.98084093436009934  0.99015573600228668  1.00000000000000000
 -0.00258324513209861  0.01132785675892566  0.02242821792234377  0.03266526519283567
  0.04376339137837566  0.05590058961511484  0.06705090373640443  0.07582464983891693
  0.08583620334946963  0.09756520178823426  0.10908902358346896  0.12013892207925782
  0.13090233354851311  0.14180596796301406  0.15265042714499302  0.16354873369495324
  0.17238142441931190  0.18133784611114453  0.19031881319125171  0.19929675297616070
  0.20831620470069981  0.21789219228386691  0.22729395420478316  0.23807233604737629
  0.24893666722807081  0.26074997128058547  0.27260400597744477  0.28418467342392978
  0.29474379712397891  0.30461568014792867  0.31357258504364388  0.32386963736279867
  0.33481634044151509  0.34649010772513433  0.35677597574374659  0.36551785992003716
  0.37440359627051467  0.38336495274112470  0.39183863353997361  0.39986295713385317
  0.40914236706892265  0.41910780706314771  0.42964498506635990  0.44024252817230380
  0.45059966278065450  0.46103118725506775  0.47115408343905413  0.48195796785055151
  0.49432676658803332  0.50534840705756290  0.51492457388391477  0.52455643838819077
  0.53475426796696168  0.54526462499633044  0.55498493632369394  0.56378956057189644
  0.57342857015554760  0.58231135407941126  0.59145746991000658  0.60083567468244026
  0.61044594728818791  0.62122060688103153  0.63297025905515136  0.64472632845256839
  0.65612785983320332  0.66761776661956618  0.67932681138288920  0.69132778497180269
  0.70291442034672591  0.71317862523859021  0.72334469324959905  0.73351903554545006
  0.74453074020780319  0.75704122988027822  0.76918178585251606  0.78141864976844366
  0.79359071548844329  0.80683864455780119  0.81898606460158807  0.82999066829247448
  0.84074320474682573  0.85191573148455291  0.86285870047042934  0.87375964114394400
  0.88497486024243910  0.89562398667497334  0.90502341115032714  0.91376425744534184
  0.92415834539251474  0.93604766439152576  0.94835634426576476  0.95954661676033104
  0.96978973827238080  0.97988304007502258  0.98970332948227568  1.00000000000000000
 -0.00261871392947846  0.00847879089420982  0.01977614089108532  0.03204459074646388
  0.04534354910042561  0.05861698065330535  0.07105984514688729  0.08264554618953855
  0.09402227756157948  0.10556323224337955  0.11699242207403827  0.12780097750971259
  0.13803240843213418  0.14873163553884408  0.15898086830442290  0.16868944072374872
  0.17837591018316595  0.18861502488599821  0.20001629117571809  0.21197622687483400
  0.22295728455880104  0.23417490153768042  0.24396618696402786  0.25403036053428379
  0.26500216337782090  0.27638581933978673  0.28783465116397872  0.29817556103899462
  0.30742308972278032  0.31669215890817165  0.32611132811881405  0.33639949154005366
  0.34528662900322588  0.35388360057082280  0.36298262273597309  0.37261162572893453
  0.38375789249407122  0.39489593848402432  0.40719471570216159  0.42026464490576715
  0.43330301405480981  0.44575488976553995  0.45842340705837109  0.47022322716345655
  0.48087858455572302  0.49176903156033402  0.50240439268002857  0.51370202377999363
  0.52517019809190324  0.53804257370116781  0.54927159395158520  0.55946532149218831
  0.56769350285690989  0.57520974829569815  0.58266404634985902  0.59101725549189577
  0.59995467877751107  0.60952738932160100  0.61905873317813642  0.62851990081770714
  0.63808100355397768  0.64825356776893461  0.65747150521696318  0.66567680154871856
  0.67374761617793211  0.68261132184901685  0.69206039159685973  0.69986830550760559
  0.70690891980978854  0.71480152467868607  0.72415979471410097  0.73508396928118447
  0.74674258100065172  0.75872526197778245  0.77150646091472863  0.78578684947842314
  0.80049120123920614  0.81395289174273033  0.82518216266098265  0.83558125365541747
  0.84665358428953397  0.85740053395810845  0.86715326928684733  0.87696100817173084
  0.88616772652652565  0.89541073668078885  0.90615219334795627  0.91718303771527354
  0.92869936799509534  0.93977219630489783  0.95052104143720384  0.96010937924965145
  0.96998134333869290  0.97969093935506724  0.98973138884933920  1.00000000000000000
 -0.00219279297983713  0.00880734477424213  0.01930320137271513  0.03009390627012064
  0.04241158550556896  0.05558845252320850  0.06839631543089253  0.08029672264584725
  0.09204427184093136  0.10330074938476347  0.11315270585162321  0.12244802726991807
  0.13212754205153179  0.14192508903693296  0.15156106182515700  0.16079378955008417
  0.17078692967273498  0.18182985009700800  0.19275200608862694  0.20245677313659563
  0.21164289558287622  0.22075296794457375  0.23041452167102222  0.23997983743619208
  0.24912542353782158  0.25807333082800454  0.26767102448538688  0.27706029268409543
  0.28809981447880151  0.29896857403051785  0.30934526662595491  0.32037340867254183
  0.33124752389703438  0.34269390081342099  0.35397645889266172  0.36477585272635021
  0.37537471386940918  0.38422830659893215  0.39349948734842333  0.40368350522623830
  0.41486884723334300  0.42588174061433592  0.43730906845769196  0.44963928706115697
  0.46201294401265425  0.47268046761634708  0.48307948271467965  0.49409810594242248
  0.50505516772316184  0.51564451479290463  0.52583295249701878  0.53584430623934165
  0.54611500026022219  0.55723921280482258  0.56935966170708474  0.58176853247105864
  0.59396472992409499  0.60577288155380415  0.61672013125706759  0.62702386233216389
  0.63563697603430003  0.64380270434891929  0.65210610251267520  0.66078884758814882
  0.67069433122967637  0.68043850852251198  0.69056741001112532  0.70111435377759845
  0.71330972974500384  0.72589886984011542  0.73649043109594281  0.74602518121888262
  0.75634389006326064  0.76703553190933704  0.77638147957463144  0.78554773262402444
  0.79541582659216681  0.80665211213418209  0.81834573251365961  0.82915725049777256
  0.84043748474946223  0.85136235544769245  0.86172694440067976  0.87112576678254527
  0.88057500464554772  0.89040669464617539  0.90016876705996740  0.90947314356291276
  0.91924865477130036  0.92994221208613592  0.94070099021720388  0.95147727121126469
  0.96264603551825900  0.97436890842466850  0.98716523859613625  1.00000000000000000
 -0.00265417790956100  0.00952045806471241  0.02037599506294432  0.03207019467024819
  0.04374183797229863  0.05540139409605323  0.06635284252768048  0.07634196150301281
  0.08568398153659063  0.09526393891234389  0.10516124375667227  0.11469181219828400
  0.12353931797466461  0.13243083050584736  0.14179494583159408  0.15143456707989250
  0.16084360104002710  0.16974661809455091  0.17851975626011538  0.18857044710712637
  0.20000681931899997  0.21120409205816906  0.22166715948524535  0.23191576684364540
  0.24201755878123898  0.25177341890061133  0.26247211592042480  0.27410442000691632
  0.28651482286257912  0.30003772163192582  0.31237758283496586  0.32398507332940979
  0.33373245692761705  0.34149786076923622  0.34884616853145001  0.35650247427585174
  0.36437673656079927  0.37269262340947057  0.38160272805230189  0.39110397833993710
  0.40203224949806149  0.41360875627053190  0.42379346637522308  0.43338237197476903
  0.44433847218418759  0.45387755513883016  0.46340335075619360  0.47294805530441153
  0.48288187331292481  0.49381959488696375  0.50579569746025810  0.51797232263588489
  0.52920894987945422  0.54005010725625258  0.55103367693511240  0.56212928993226818
  0.57266360952400164  0.58338011235211129  0.59463605800464792  0.60599569437848366
  0.61710506812592991  0.62832386712187382  0.63938659368409223  0.64934611545816345
  0.65887255163365932  0.66833232686886945  0.67842648636209812  0.68977725532268308
  0.70079317729661827  0.71209816081501576  0.72483721334437456  0.73722601744109484
  0.74880117905593169  0.75978876283446639  0.77068567562401202  0.78211388348019306
  0.79303811687985037  0.80214819428241846  0.81139584703017420  0.82052853642421697
  0.82825763784794459  0.83585738016789490  0.84399081114669827  0.85380048702948819
  0.86709542571850218  0.88119339985795608  0.89513059246158377  0.90872616815205431
  0.92114037607273158  0.93261510945240045  0.94398073263387050  0.95545079071572447
  0.96677145545638243  0.97766491116045462  0.98800118177230634  1.00000000000000000
 -0.00332397480014511  0.01145822479057382  0.02223033506666565  0.03231333409178239
  0.04212420079467946  0.05234894062413395  0.06274107730985404  0.07300365653839822
  0.08383524717477581  0.09478268703077278  0.10582221476061532  0.11644655646451781
  0.12746469872690608  0.13777977810665790  0.14722255708395840  0.15636561727529438
  0.16587040017900362  0.17826903771020267  0.19059677837720596  0.20321441414959221
  0.21584459244601742  0.22868531598207581  0.24067502046987588  0.25206005767508016
  0.26385053125128521  0.27668565048555704  0.29101851482845842  0.30503914257595283
  0.31757136519113138  0.32890008159182199  0.33949215920254278  0.35008293508450983
  0.35924278563985157  0.36748342041474474  0.37712926852591377  0.38679206464407345
  0.39636323110146920  0.40490229775607062  0.41332099068712347  0.42234858708076600
  0.42975664010112974  0.43724991687211590  0.44497589895126044  0.45383502925565355
  0.46298336991148686  0.47151710096645472  0.48019777071671965  0.49001371129881560
  0.50085164597854559  0.51214592885853338  0.52384182202163265  0.53580112032049343
  0.54744648933141626  0.55973337400794720  0.57210224203840832  0.58508121525269241
  0.59805007786652498  0.61022141067843982  0.62133689267543202  0.63212270544861471
  0.64259305590283078  0.65329550765263067  0.66370288383399689  0.67711551793879288
  0.69010060607251356  0.70063999771086583  0.71098057479043231  0.72166340823022745
  0.73321996952464974  0.74296778380354778  0.75200800820665392  0.76081890901351612
  0.76990263194942443  0.77786455551700784  0.78672662840005514  0.79498257992143007
  0.80448277704596260  0.81449956556661796  0.82434789205518255  0.83428697554132480
  0.84583572519502892  0.85670239961673778  0.86617366044566291  0.87571604340487108
  0.88633326759079478  0.89820403678376670  0.90988930007478075  0.92062915178115279
  0.93075289983300968  0.94127204437472245  0.95277580836372811  0.96382633497944414
  0.97388160065137752  0.98284373651589929  0.99154901549052632  1.00000000000000000
 -0.00278515178810453  0.01161174383917854  0.02253307146031432  0.03338165164824021
  0.04451869676482272  0.05593329581726830  0.06776173777488949  0.07938711846262975
  0.08961316698643208  0.09990056385775282  0.11006280396497245  0.11979614851960660
  0.12886162623125028  0.13862902691273976  0.14866815162309890  0.15832618681300734
  0.16749273567795001  0.17675188340321610  0.18560791296077186  0.19455467091261808
  0.20344129568838620  0.21366065358025008  0.22544291710569439  0.23617200598308999
  0.24612468522310282  0.25567891964404149  0.26536870768785931  0.27633129918697463
  0.28745398222389035  0.29757356038380323  0.30757285929762296  0.31693763469159764
  0.32684615171103631  0.33639387687136274  0.34645070307910836  0.35709191816040547
  0.36679774068967624  0.37666209006258561  0.38694190471155343  0.39833503631157674
  0.41125367638427907  0.42291731857635984  0.43343026879426177  0.44378540678131778
  0.45485927850517455  0.46638859845901126  0.47751331096473265  0.48811407548329222
  0.49922301468943492  0.51103422872759641  0.52280223713213325  0.53371045091542635
  0.54434329658922931  0.55516403549890836  0.56620484390008152  0.57771244450330317
  0.58935775296073856  0.60037107214560059  0.61089483030898217  0.62134757478403768
  0.63316874481625041  0.64678612119738266  0.66080960013933965  0.67499372593270224
  0.68778991032851200  0.69845204163052110  0.70784874704883649  0.71668860535244705
  0.72518556694750524  0.73472911786745354  0.74426741838177801  0.75371269238131577
  0.76396211865267016  0.77530578930665173  0.78747900659211245  0.79847819678596865
  0.80911223292122236  0.81941485639522371  0.82974578340779392  0.83940128545665416
  0.84882283933028346  0.85812477332355630  0.86766089290186443  0.87721840733474254
  0.88592301802097850  0.89455600276162328  0.90343982884446106  0.91381189627539161
  0.92607369317061428  0.93846517891052839  0.95071612219059831  0.96125431208768630
  0.97120463239812915  0.98075582947051465  0.99009983304534555  1.00000000000000000
  0.08028749596683807  0.27066106430377612  0.31695414867783123  0.35430070364806993
  0.38594539490111140  0.41506421998414561  0.44198177680606882  0.46594782131002199
  0.48832857698846022  0.50870788837962266  0.52724858597577251  0.54618398588240225
  0.56364623738137432  0.57942776329658541  0.59508515237999027  0.61090131063274777
  0.62539026871047865  0.63843736386881533  0.65045328712747930  0.66175940527612154
  0.67204739787041767  0.68171101958907399  0.69068542027307611  0.69974163454980931
  0.70878487218209951  0.71724470828862030  0.72471923511256486  0.73161058296103343
  0.73831754058336252  0.74551700694067358  0.75328046923430614  0.76078499431036284
  0.76785421293207246  0.77489083381539259  0.78208159149802770  0.78857730846321705
  0.79515905190728442  0.80168937781252303  0.80752588599734809  0.81301229446871659
  0.81807889106703879  0.82301566331655973  0.82826330427072326  0.83351517949288756
  0.83832034190047111  0.84285750986123387  0.84743416172120345  0.85165231726683299
  0.85601190338862487  0.86005331220011860  0.86419069313432495  0.86812845836617381
  0.87188963483955584  0.87543651187626847  0.87904891148314812  0.88295276042817361
  0.88703003506694234  0.89131243102278579  0.89515708867071153  0.89855340291241381
  0.90172219901305961  0.90475146124300676  0.90768386526714839  0.91057589977308762
  0.91353916548402680  0.91666665215063659  0.91993467470275458  0.92326141849771171
  0.92632161444288774  0.92922315680209910  0.93198177477041544  0.93458248922007880
  0.93702594870331013  0.93938352498414246  0.94168837899508129  0.94392066744336167
  0.94617847926434673  0.94855197442554573  0.95095502081354133  0.95342684918940690
  0.95599748057238632  0.95868834012101656  0.96130050434827341  0.96399651692956079
  0.96658068110857032  0.96855828624882556  0.97089265692448301  0.97320534787434854
  0.97554404041302822  0.97774872613204300  0.98002963709272450  0.98269064761054081
  0.98545391938806148  0.98880315163462584  0.99304278155871251  1.00000000000000000
 -0.01799257203863931  0.11624516316889968  0.14941796870918722  0.17137072440325657
  0.19178266678557532  0.20816859137848803  0.22072607576635109  0.23183505160864828
  0.24183527781787564  0.25242212036621614  0.26297912378830873  0.27363429494788860
  0.28375916213878644  0.29248646216158225  0.30073467103781981  0.30885507032173598
  0.31654064304044133  0.32453463878809119  0.33213397170773451  0.33866474548590353
  0.34497184056920505  0.35155069308391912  0.35801110079916043  0.36427981472509890
  0.37074213882354479  0.37726016249648919  0.38353841355504270  0.38995953392868749
  0.39628688303133397  0.40183035196468264  0.40723968745092171  0.41264977542056425
  0.41788059724502175  0.42299551701708421  0.42830069851853103  0.43362317110759785
  0.43876633138263044  0.44388135654169675  0.44921518864099569  0.45477694522437406
  0.46004721941297716  0.46489147583734758  0.46959076157380414  0.47397703788111145
  0.47813473711408455  0.48277545420521412  0.48761694117494547  0.49287404204427743
  0.49863061049953472  0.50428165728632102  0.50953517773270973  0.51456986859499398
  0.51996400638841722  0.52551555315013421  0.53105300651030585  0.53623878405465752
  0.54084698373430395  0.54542552084336815  0.55001817773332995  0.55520182555541941
  0.56062380944904178  0.56634193069020178  0.57191806993873817  0.57738559695042735
  0.58267456720963140  0.58837427756461524  0.59416761131403251  0.60060349481448705
  0.60697891090578027  0.61309304177273150  0.61901958371741073  0.62501437208204724
  0.63132982078131483  0.63801556229036260  0.64485495442805918  0.65144754998316701
  0.65748513514603313  0.66307353654800161  0.66902408668766433  0.67621044418777987
  0.68389927517755167  0.69216902219944332  0.70057167684291577  0.70912478249237687
  0.71844653773235923  0.72884660443780047  0.73966120286588866  0.75136284016448596
  0.76296362495315162  0.77528384267028538  0.78744182578537136  0.80133851699054803
  0.81861692951386944  0.84299762652785204  0.88077784331432474  1.00000000000000000
   4.8470520679275179E-003  -1.0000000000000000     
 F F F F F F F F F F F F F F F F F F F F F F F F F F F F F F F F F F F F F F F F F F F F F F F F F F F F F F F F F F F F F F F F F F F F F F F F F F F F F F F F F F F F F F F F F F F F F F F F F F F F F F F F F F F F F F F F F F F F F F F F F F F F F F F F F F F F F F F F F F F F F F F F F F F F F F F F F F F F F F F F F F F F F F F F F F F F F F F F F F F F F F F F F F F F F F F F F F F F F F F F F F F F F F F F F F F F F F F F F F F F F F F F F F F F F F F F F F F F F F F F F F F F F F F F F F F F F F F F F F F F F F F F F F F F F F F F F F F F F F F F F F F F F F F F F F F F F F F F F F F F F F F F F F F F F F F F F F F F F F F F F F F F F F F F F F F F F F F F F F F F F F F F F F F F F F F F F F F F F F F F F F F F F F F F F F F F F F F F F F F F F F F F F F F F F F F F F F F F F F F F F F F F F F F F F F F F F F F F F F F F F F F F F F F F F F F F F F F F F F F F F F F F F F F F F F F F F F F F F F F F F F F F F F F F F F F F F F F F F F F F F F F F F F F F F F F F F F F F F F F F F F F F F F F F F F F F
  <DiscreteSampler_grid>
  grouped_processes
  1 # 1 for a reference and 2 for a running grid.
  10 # Attribute 'min_bin_probing_points' of the grid.
  1 # Attribute 'grid_mode' of the grid. 1=='default',2=='initialization'
  0.0000000000000000 # Attribute 'small_contrib_threshold' of the grid.
  0.5000000000000000 # Attribute 'damping_power' of the grid.
 # binID   n_entries weight   weight_sqr   abs_weight
    10   10   5.687598197242144E+002   1.243454517035559E+006   5.687598197242144E+002
    16   10   5.687598197242160E+002   1.243454517035570E+006   5.687598197242160E+002
  </DiscreteSampler_grid>
