  0.00305287620638557  0.01261254455887599  0.02286195354696833  0.03312427453729009
  0.04322047100707675  0.05365505222120362  0.06453182201554281  0.07493622697590649
  0.08543445300669437  0.09551278929620219  0.10580030296804201  0.11672837385585447
  0.12802639301037644  0.13910184046407692  0.14999991431715406  0.16086226993007882
  0.17165104147408081  0.18245696245609946  0.19358634451637180  0.20487541199579182
  0.21620174501435999  0.22743503442771157  0.23852686793567793  0.24955361090872624
  0.26054724430130921  0.27136093257939453  0.28173972248795892  0.29207345212759406
  0.30310191438142514  0.31415551880647574  0.32470858710210326  0.33509494900792025
  0.34618962943466203  0.35656970278109940  0.36591805762611523  0.37605198113788452
  0.38654977076886726  0.39712601320306190  0.40732846472493212  0.41754478160286185
  0.42833063163355489  0.43959326397470855  0.45062743762638202  0.46116655247013738
  0.47123501461783790  0.48132896978049033  0.49148225703326709  0.50137347566554813
  0.51124408839669344  0.52122471390357594  0.53105437196640881  0.54084243739216054
  0.55053248447010994  0.56003752729273681  0.56966157828724473  0.57995352174032988
  0.59151242334262799  0.60372442366760848  0.61585710931313986  0.62702176969268653
  0.63698457689092292  0.64630049143353108  0.65505324617378846  0.66354302891012751
  0.67168607386354917  0.67969434412497531  0.68789536980587040  0.69630290274419882
  0.70490547531866476  0.71413594387979062  0.72318606949121278  0.73272665258622560
  0.74331518960984644  0.75415898055802777  0.76461998834492373  0.77516050468621644
  0.78584070195097355  0.79651450210235697  0.80681981447157047  0.81687976897226044
  0.82671797313184392  0.83700350947480440  0.84741441697689113  0.85801408699685011
  0.86871216001158769  0.88025209229607992  0.89211277913477893  0.90340048814588858
  0.91430637774718881  0.92483590136735827  0.93585979690356735  0.94756248671992083
  0.95980693139023354  0.97342616334135834  0.98655372686400489  1.00000000000000000
  0.00713678358581644  0.01597712791199975  0.02739657451427646  0.03912832258629546
  0.05107225761907751  0.06318105986982780  0.07439556453187925  0.08526709344737121
  0.09608815076201660  0.10722619882654723  0.11861128311731343  0.12948667063682978
  0.13977340248309800  0.15003960551075743  0.16009272084837542  0.16996509769660165
  0.17996317373437307  0.19046474282020082  0.20181433966149723  0.21355225778702314
  0.22503778353822845  0.23655174684096894  0.24800694789081223  0.25901169075464076
  0.26957050603001004  0.27951888279703951  0.28920772594591893  0.29922337256953163
  0.30931412856183421  0.31927680722889706  0.32894410181658873  0.33907175921972132
  0.34978959077730870  0.36059954308156084  0.37172697280691236  0.38318175441155627
  0.39467686258710288  0.40562278998128359  0.41583780478007942  0.42550075782539976
  0.43518260811853327  0.44511244872321382  0.45528716623439042  0.46597698142194832
  0.47694181043339906  0.48905342931628215  0.50004323490808589  0.50980264740368608
  0.51912298187722272  0.52869324674849549  0.53829198064581318  0.54753836755825713
  0.55670025137612666  0.56682843176216624  0.57824380323411295  0.58941808699195675
  0.60055598764233553  0.61217575259952706  0.62357920248704324  0.63462356029182032
  0.64564589205725542  0.65690403042836165  0.66777421409243842  0.67760195110904153
  0.68722597274307440  0.69711168024050940  0.70684172967315495  0.71635619014557084
  0.72566668954144198  0.73598746707085105  0.74732168301479596  0.75891720607586244
  0.77052909477200737  0.78183271634487150  0.79270399346531528  0.80332249439095993
  0.81397673400820170  0.82467718793011913  0.83575195178650585  0.84739453137964982
  0.85899857824364034  0.87058568966121253  0.88209947426862156  0.89324373041569705
  0.90479733969784504  0.91624327958943819  0.92675709472340773  0.93634532271866611
  0.94578670807599197  0.95543840804917168  0.96510264377715160  0.97448688710441311
  0.98343426318375382  0.99028598034249737  0.99196161265164917  1.00000000000000000
  0.00303961446317631  0.01236366046206594  0.02369773717205649  0.03442739576222241
  0.04498312867472505  0.05551220509469423  0.06487076173276793  0.07338104102760042
  0.08257331118356946  0.09187851925801287  0.10118724782987465  0.11036308062678972
  0.11996726732502104  0.13059353732401435  0.14226048544648195  0.15370028099966865
  0.16455784907652651  0.17466159058761066  0.18426086383998078  0.19442456041651338
  0.20414213718157723  0.21371794299010810  0.22339664671961953  0.23386547828214499
  0.24514204444778068  0.25610669403675862  0.26634980453983670  0.27669002131732379
  0.28734368625286483  0.29819864876333280  0.30934934888757021  0.32053280586748351
  0.33245004166174924  0.34351573645950334  0.35453094685635045  0.36531614979115878
  0.37621212855093750  0.38717513287517058  0.39805573297124724  0.40801291328600714
  0.41830828714273649  0.42917879710197182  0.44005478826063760  0.45078998810009657
  0.46152891519428313  0.47230896445583886  0.48326193791001532  0.49457287034439978
  0.50630608224857088  0.51860241733990775  0.53041822991509802  0.54205653844548407
  0.55371805932814833  0.56536549295811023  0.57675369723678005  0.58792603119050979
  0.59891627059318475  0.60915614419905728  0.61874202139535284  0.62810141496949601
  0.63710095346662066  0.64606055121251893  0.65493666147750706  0.66370025831324220
  0.67236290826286627  0.68148969267737647  0.69046314463325131  0.69928348031724297
  0.70802509312500217  0.71717371464889978  0.72700352812730185  0.73744714159915581
  0.74802497965417680  0.75855372875785365  0.76912304747025317  0.77924593722680868
  0.78893477238987642  0.79877093878933181  0.80880493155395816  0.81906735315361678
  0.82979366155583412  0.84109648472550635  0.85269193082120354  0.86352265246432192
  0.87457373171045627  0.88635282070483568  0.89800582314291777  0.90802688395458719
  0.91819813623242319  0.92863702825255723  0.93943063216669009  0.94961933827693401
  0.95981797791189083  0.97171998043592611  0.98526548403244774  1.00000000000000000
  0.00541354874194240  0.02021929583434789  0.03607580678341261  0.04992762725234138
  0.06213451258594777  0.07307934705697509  0.08329785188263890  0.09318015962504624
  0.10294111882730267  0.11289092610669893  0.12303845130002566  0.13398863007939243
  0.14486816416314771  0.15596601641820651  0.16669954846679774  0.17716259316938887
  0.18808299839506432  0.19975889086610010  0.21099361610793238  0.22233801000849132
  0.23300359476871657  0.24370445114055464  0.25380629747299793  0.26387900675478843
  0.27409292582473588  0.28429851397983541  0.29430530154349543  0.30413122127589581
  0.31345584146266336  0.32228485536902651  0.33183329013063373  0.34180062862459187
  0.35142529175965587  0.36044237231436654  0.36927381578637775  0.37896051360886168
  0.38983293353497395  0.40038994766757263  0.41086321109750462  0.42202006000604497
  0.43370538137932768  0.44548236804196184  0.45682680799902398  0.46728560548025061
  0.47720732772507268  0.48665186081112721  0.49566528276127692  0.50471040601117068
  0.51359066362293992  0.52261067585902632  0.53180982511773478  0.54122291405230771
  0.55186272783876433  0.56315327401687265  0.57411642577191291  0.58465668485336397
  0.59500081930180726  0.60527766567196872  0.61553973535401441  0.62522208189639283
  0.63422996482374883  0.64340233013838732  0.65354130554028422  0.66363886642553338
  0.67334585461381491  0.68325075174445338  0.69403488367840338  0.70548267860199909
  0.71647035512849566  0.72700052032296825  0.73761714280501012  0.74854712758746134
  0.75962192105273985  0.77083151977857911  0.78190865098057116  0.79279513600454588
  0.80357201985625315  0.81457292574165807  0.82571144394341500  0.83658770453332043
  0.84711126786578628  0.85752381240226416  0.86798378785281127  0.87845617660241926
  0.88891636747256597  0.89938467564275670  0.90988478322761523  0.92028488777088424
  0.93063769577611222  0.94111073446994642  0.95153917079089889  0.96163833331162873
  0.97155838482792678  0.98117498346055010  0.99195164370386768  1.00000000000000000
 -0.00014793635316064  0.00136756489301023  0.00360902563244632  0.00636106530809969
  0.00985421127224760  0.01382114098933547  0.01812397410477537  0.02292566276075143
  0.02792547991685582  0.03344241105366068  0.03914136510811338  0.04489261290719187
  0.05093063083950104  0.05702135337380480  0.06286961824633878  0.06897706564403182
  0.07589529628914425  0.08340589041444402  0.09117255017838427  0.09910821919113094
  0.10724599929333059  0.11472013286010069  0.12189133372295571  0.12935423684048167
  0.13670210908418315  0.14388260620513019  0.15129928924419597  0.15894621354852015
  0.16676300080709272  0.17483397795597877  0.18307399094581359  0.19141904797048351
  0.19997332570450074  0.20877407526373240  0.21771370022094197  0.22660156975615819
  0.23532929531888394  0.24392224164294499  0.25215851331791306  0.26021253038584258
  0.26846167359527434  0.27654717923137967  0.28463849418824066  0.29290126184803927
  0.30162183356822919  0.31064013330501683  0.31981888628545907  0.32990036810588774
  0.34050529543404984  0.35107283266703099  0.36204008200593374  0.37361214080073296
  0.38473214889399143  0.39565274866037881  0.40650380576510037  0.41725677788915133
  0.42771487589130203  0.43831896688655470  0.44934462104567263  0.46045483369427376
  0.47159491284337762  0.48291366209887493  0.49424133206764109  0.50580281921820580
  0.51761960180663358  0.52956658192834194  0.54111935809260603  0.55416552316409984
  0.56793480736505098  0.58208712399137030  0.59649321214091611  0.61108254723210009
  0.62608091585528935  0.64032646104770208  0.65414183478592991  0.66740656291721856
  0.68050971793032622  0.69406714072047493  0.70821655955170659  0.72264957197263069
  0.73740457336865128  0.75263197510195734  0.76835707231280836  0.78447406086456017
  0.80051681891868853  0.81613582895762227  0.83209133463113105  0.84853042832222081
  0.86559672554135292  0.88312705374180711  0.90081151948696991  0.91901370735345500
  0.93811348652071380  0.95832237602443204  0.97913117462397059  1.00000000000000000
 -0.00195147792792039  0.00836143524247476  0.01702218144906260  0.02650426668052516
  0.03675541221935307  0.04772518341103714  0.06031085633739784  0.07177069624621965
  0.08300224081694987  0.09499735919773010  0.10747273412416991  0.12008725498496077
  0.13236372162044233  0.14409972169308527  0.15544614875174600  0.16682582975619281
  0.17836637517021176  0.19018804176113838  0.20211229826866844  0.21375584482022661
  0.22515156800546857  0.23657084421262203  0.24777988799944822  0.25825506128608017
  0.26855719520068339  0.27899350380881210  0.28958161207333816  0.30015497812486680
  0.31089225126635905  0.32243079741858860  0.33403355573030608  0.34518042923989217
  0.35591890865730896  0.36647164073893462  0.37664903835161090  0.38632704015489661
  0.39593764947270221  0.40570592776979336  0.41555538790492619  0.42548891417924090
  0.43513379696873261  0.44516032692104757  0.45563786232854103  0.46503893745688540
  0.47430901260850300  0.48376829036217889  0.49336822354855447  0.50300686972652298
  0.51219983925318224  0.52164930280919708  0.53225001578280084  0.54328240999794175
  0.55391680247598962  0.56391266640763682  0.57377154157671062  0.58361337140999303
  0.59334288156054937  0.60258861889762227  0.61212829362070831  0.62151623451722859
  0.63184018304685452  0.64231125816228296  0.65275478334616988  0.66320141537856403
  0.67434562731895997  0.68535940851659383  0.69506999127774682  0.70430004037008798
  0.71386653222645091  0.72323587378364740  0.73272447017631681  0.74211579926658700
  0.75186596397824579  0.76287134619210606  0.77442107696261608  0.78563598533129519
  0.79649261382235381  0.80667418235464083  0.81697938382181290  0.82763843999168629
  0.83873871177003179  0.85023621213135481  0.86187789476459675  0.87336604058520162
  0.88436710683674036  0.89517835395267309  0.90589162856378092  0.91681241115446366
  0.92793500672918861  0.93876912290278547  0.94869989109699782  0.95880767494204477
  0.96925412677322842  0.98028050701193559  0.99038973434340882  1.00000000000000000
 -0.00322691941964644  0.01278822365183449  0.02601107226413473  0.04041408218062607
  0.05257028742744593  0.06471500164906198  0.07626637545071495  0.08781299237348057
  0.09852483582832419  0.10945354884422730  0.12030717353550227  0.13125520781785330
  0.14215334026084966  0.15363780678742275  0.16567748024629833  0.17750567076159524
  0.18923020055337836  0.20118322357054655  0.21340171270757613  0.22534815978826556
  0.23692121863780724  0.24838120155332127  0.25999428527642815  0.27148959060126093
  0.28289496400906472  0.29404799686630717  0.30513298498199470  0.31618890106484970
  0.32710507825707419  0.33753685166171243  0.34763161460944675  0.35796178585017652
  0.36842203085889469  0.37881789371054342  0.38926997348974018  0.40017662599204662
  0.41133449514225601  0.42237660863072091  0.43350230255633471  0.44469449444784009
  0.45618564754898816  0.46796887369056067  0.47954960361755578  0.49121258172537641
  0.50283334110347444  0.51399900865991854  0.52482944481640492  0.53495954924757871
  0.54540071496260734  0.55637104721285247  0.56789248121115432  0.57959518110354813
  0.59123457711490657  0.60285053716849457  0.61407724342886416  0.62467761610297190
  0.63441333050757631  0.64408071521098686  0.65397470873773045  0.66333311917074056
  0.67221730243083022  0.68098571070544722  0.69040681617845545  0.70066280235904055
  0.71093790138938551  0.72086137294687669  0.73098599679223608  0.74135685649995631
  0.75162139706187037  0.76183619086363108  0.77214793524811876  0.78246312788899341
  0.79254068297400460  0.80218057454077329  0.81164940120200979  0.82129766200608700
  0.83128974147678847  0.84073438934350853  0.85021705884190091  0.85953393016120205
  0.86888474812868144  0.87815183055399748  0.88730845859670215  0.89635537513937968
  0.90555075415898167  0.91487335638336176  0.92377845840127337  0.93260347191802306
  0.94157395912682484  0.95079850332776616  0.95989861561563039  0.96858329848710401
  0.97710824503719018  0.98488381680328663  0.99255454987909186  1.00000000000000000
 -0.00294887965677719  0.01058605381401100  0.02209592668550642  0.03348649729368687
  0.04530660295696157  0.05693692686481552  0.06841632182731848  0.07978761390229236
  0.09135960412689431  0.10302117640168636  0.11429124907564657  0.12560234578146723
  0.13736221760673348  0.14881256803171655  0.15941889679687074  0.16949286493406010
  0.17955073142072489  0.18973182237079897  0.19990779850434856  0.20965329155208773
  0.21889622642166778  0.22809667989942281  0.23762680160386465  0.24753096617796777
  0.25775684709040086  0.26714184056622492  0.27786734005812569  0.28909073578103067
  0.30054183985794480  0.31184180126759786  0.32189323119369340  0.33187695241767107
  0.34204868155980528  0.35224010063060396  0.36205677880316711  0.37160722474582214
  0.38182829611532437  0.39279436269644002  0.40387863200885243  0.41478469497773257
  0.42586889569009156  0.43695954635706030  0.44840877339819640  0.45934228140170641
  0.46989294758427713  0.48028778256396559  0.49054851367986979  0.50055013718791619
  0.51064894545751804  0.52166770155334952  0.53324665221382583  0.54464070132560960
  0.55590650864399260  0.56699413502891294  0.57795802685109465  0.58873364065260336
  0.59897388876345981  0.60926874959598265  0.61964951323133366  0.63013831821837907
  0.64052750058873875  0.65097590986381437  0.66160559381328921  0.67234798091526959
  0.68317553291465405  0.69390714845983681  0.70474379567782963  0.71556760975328015
  0.72623991974190705  0.73713702733097719  0.74765310668776697  0.75779734100254570
  0.76805956274083798  0.77788823522911754  0.78794519351012471  0.79848478596718986
  0.80882663957058587  0.81908557436696627  0.82946741337728047  0.84001749241217483
  0.85049762017620856  0.86076095701769784  0.87110482182124638  0.88118885851240669
  0.89110769069481910  0.90107880747414293  0.91105835682288094  0.92108940068805822
  0.93103765574542241  0.94137786298860981  0.95222356475114800  0.96258999735881312
  0.97228493807489802  0.98175019599222002  0.99099425570014366  1.00000000000000000
 -0.00384326425374934  0.01532374557987350  0.03053022302877852  0.04626918655219143
  0.06032023099453168  0.07370312738215849  0.08694993535185429  0.10105162381102757
  0.11544340664975275  0.12948706896710757  0.14323119713070245  0.15712646370624483
  0.17134771960935202  0.18559211629355551  0.19957059507777253  0.21329675167774834
  0.22666839489543944  0.23985301119124391  0.25307611164877308  0.26650133306277718
  0.27971195056491438  0.29196665071864641  0.30330428245948593  0.31436120861424449
  0.32531413838943862  0.33626739668097649  0.34685284623738966  0.35708019664646540
  0.36663087774886655  0.37664972749910286  0.38787606619270087  0.39946804150347548
  0.41018153429816023  0.42118810608361262  0.43267769970672570  0.44406147628308912
  0.45504961468422567  0.46633633081888115  0.47781047214249139  0.48914897200164448
  0.50027968371583731  0.51092958236824204  0.52140167196341092  0.53206256424219600
  0.54274005599767050  0.55311627252284901  0.56326264342092502  0.57326723586017492
  0.58299129733334776  0.59254123609920162  0.60232143713812525  0.61289915019467966
  0.62410769865194271  0.63480083849098101  0.64519889787513873  0.65538689755640644
  0.66536803091166674  0.67499120268325419  0.68431760350680482  0.69384154612855153
  0.70352342446222926  0.71231076849758779  0.72000532340394940  0.72791495419669816
  0.73600289050591006  0.74419410818134368  0.75244179127982580  0.76035297851414030
  0.76814341379555096  0.77690737172993107  0.78678233354756022  0.79703060172644757
  0.80709824997208812  0.81685501595586596  0.82580310263313650  0.83437392017225565
  0.84279002124838065  0.85087021292274290  0.85895766491823577  0.86724967551738852
  0.87549623967957502  0.88387768772849029  0.89198019625234792  0.89985582303137968
  0.90733797514584535  0.91492928302211407  0.92270511727153937  0.93046198443620343
  0.93834244777723941  0.94650106957180269  0.95457103064676485  0.96331863606551438
  0.97278135824344414  0.98205073140471077  0.99119539396490175  1.00000000000000000
 -0.00257546108874103  0.00957112407234132  0.02072303327428718  0.03187801946846884
  0.04339406556286977  0.05489655069921966  0.06629944493637430  0.07756044375886606
  0.08893330688908048  0.10006148080127523  0.11045595397982601  0.12046508634666585
  0.13066177929956699  0.14120427803292471  0.15220849117139804  0.16323521817918463
  0.17369312722950989  0.18389409078035662  0.19420121429977316  0.20411796475980959
  0.21399272322781554  0.22323831692568671  0.23443638591327945  0.24694052335609684
  0.25954201382325837  0.27165889429905676  0.28329608193418221  0.29388785331710626
  0.30332110115841726  0.31217823566474745  0.32118670288217516  0.33090131262056016
  0.34083568338560949  0.35033289340503398  0.36005970532905646  0.37050331918820301
  0.38084088613564077  0.39145831758699740  0.40235061353004370  0.41343184404535571
  0.42412791555787582  0.43462291540056935  0.44452079368735692  0.45497382636852068
  0.46455067122326071  0.47360336251666735  0.48229159734865662  0.49106106697988189
  0.50014190186583318  0.50962607984426089  0.51915180795193183  0.52980532862207030
  0.54081585251813458  0.55176719193343204  0.56275098477628716  0.57405951369084540
  0.58601493613601796  0.59783850424913054  0.60957866055662224  0.62051518588080290
  0.63160415966121297  0.64271276063692684  0.65428235947832858  0.66620875412175595
  0.67812358552346719  0.68951886503433224  0.69981766530154010  0.70983063163398985
  0.71988056187883775  0.73002941335273486  0.74000447432055771  0.74967082165097421
  0.75890149725927292  0.76845432648991008  0.77823160882888809  0.78817272825002194
  0.79827183677302527  0.80853410998431319  0.81899020118797639  0.83070130217692706
  0.84184386783358878  0.85303613162530711  0.86275210110189127  0.87249138218187616
  0.88279941744516488  0.89317549715590305  0.90318258712446653  0.91276562108567494
  0.92286731023887225  0.93440579761842002  0.94609720358141314  0.95791700650543654
  0.96860647666302646  0.97913071023837484  0.98971633424940353  1.00000000000000000
 -0.00197082775007892  0.00771882030456423  0.01544136956956413  0.02322677131404263
  0.03125129807324712  0.03970341858551336  0.04844833728900572  0.05674299121525230
  0.06518892861790136  0.07485777468878267  0.08448070123905428  0.09432818737931485
  0.10377230205936105  0.11300879633013441  0.12240640772331030  0.13197001852986565
  0.14172015936861887  0.15143913986825916  0.16122223956991097  0.17118496682293080
  0.18140670127985276  0.19179450684456908  0.20227300731445003  0.21314754232663544
  0.22431696487331809  0.23477385631400507  0.24454396020159919  0.25396074068203034
  0.26383035103935421  0.27332692293249305  0.28291426369100436  0.29249651526081599
  0.30146926015548381  0.31025795199896411  0.31901931543423445  0.32815524358497994
  0.33758665676920679  0.34696417407792834  0.35633710241223071  0.36597301820554440
  0.37568191311383675  0.38525407484889634  0.39477387316620849  0.40430679053662261
  0.41390243577454550  0.42369651303670736  0.43370505387022384  0.44380431397325582
  0.45446482553931516  0.46634075472284742  0.47893886368842353  0.49110633340314430
  0.50269220003476800  0.51386674397725973  0.52466209403093733  0.53529568911012748
  0.54601043149549733  0.55713144738740916  0.56831333402618611  0.57902238998444922
  0.59040765260777706  0.60240151980148438  0.61150513679149932  0.62091018680818499
  0.63061331466696791  0.63990283019282235  0.64944554950176758  0.65939729669381153
  0.67021649606333034  0.68232460957553742  0.69436929451901508  0.70555471630841671
  0.71660841310841217  0.72744675822126326  0.73821323932276184  0.74914567382299091
  0.76021696363075286  0.77165560509230258  0.78409339898193409  0.79746911358548067
  0.81128180856006993  0.82502044567266886  0.83846004548842179  0.85150389961297690
  0.86447261024991162  0.87758806160648162  0.89072539481006729  0.90400512053847770
  0.91682271453363651  0.92814258252061155  0.93928187155964338  0.95076104827463392
  0.96181233776314035  0.97276913147789823  0.98484514150475799  1.00000000000000000
 -0.00167847094722668  0.00770923671289772  0.01644415085776613  0.02579830868631957
  0.03570485014929451  0.04662502774529305  0.05864200955088081  0.06974182589048350
  0.07988778280241265  0.08998076732527616  0.10008672226182000  0.10981867847157920
  0.11947769053061447  0.12972142861781652  0.14036469906788931  0.15097613084164799
  0.16154501983478958  0.17249650907813580  0.18392857372954377  0.19560184248364432
  0.20733286150496516  0.21884206343245072  0.22978768331536448  0.24007393029656243
  0.25028916646298593  0.25999843456980182  0.26985877280287540  0.27996014101643563
  0.29007762667358394  0.30017224398344106  0.31012286747261186  0.32122770748658908
  0.33249808982562307  0.34339924940615751  0.35387646972932069  0.36382865541443721
  0.37348788739034833  0.38317892571294454  0.39316142420447231  0.40350716645171247
  0.41382943855488641  0.42344122760499031  0.43275715077646687  0.44231588494053692
  0.45223238309836472  0.46229182349927167  0.47223924460204475  0.48298516246480344
  0.49477044419149890  0.50597710599135459  0.51664109775979450  0.52690080012169349
  0.53674638221614224  0.54720500841571607  0.55808966629886514  0.56878900103140639
  0.57935839336946304  0.59022819402847071  0.60169601317117638  0.61302273599212420
  0.62418198660513868  0.63559619142225132  0.64676873880913255  0.65799937004409259
  0.66926813302169297  0.68063848957117989  0.69193024433287431  0.70249063840978077
  0.71266827421961565  0.72240771603642895  0.73274102372931327  0.74345087136034405
  0.75441769021965221  0.76519450681711498  0.77724320917385636  0.78936291955196169
  0.79999108963142807  0.81036229212406108  0.81983558745046758  0.82884793638943932
  0.83733419960455246  0.84597657108330715  0.85510245945024455  0.86496909154105350
  0.87535357011614678  0.88649447430634210  0.89789308370744092  0.90895590995293829
  0.92020814754856461  0.93176940956071108  0.94345990361796983  0.95482814035657748
  0.96621150787387544  0.97766046055708389  0.98866751155377586  1.00000000000000000
 -0.01738540264781053  0.09779463010594562  0.15809066775873998  0.20519299095065383
  0.24325736335695383  0.27275490749823722  0.29828629636138676  0.32152047249713772
  0.34358283189763633  0.36381069776604336  0.38281610858123727  0.40133098727795580
  0.41915941236649712  0.43642581898103633  0.45217730094540504  0.46597175186465711
  0.47812134065575057  0.49012961736193078  0.50180097614101116  0.51319858343228508
  0.52465053993349386  0.53629791998512621  0.54759916504082906  0.55874616106045616
  0.57034879191159493  0.58175909866460007  0.59244735212883526  0.60229044196104564
  0.61159692117553521  0.62069246012598456  0.63010962770092549  0.63981105354755707
  0.64905110964534229  0.65772374418252300  0.66604502818506373  0.67419368732770724
  0.68219567504267697  0.69004688487735255  0.69775597657065946  0.70522507394643874
  0.71244743805709676  0.71941276485004779  0.72614349002584289  0.73256170163388001
  0.73875081455490088  0.74501553010841026  0.75098498911756795  0.75644231216827196
  0.76187186141222785  0.76762018592735193  0.77347585869238578  0.77924286914775598
  0.78487554919374680  0.79044198895447315  0.79593193029086295  0.80130375164015000
  0.80658179369106808  0.81191294106541934  0.81749816408229148  0.82323632458010410
  0.82896088339195051  0.83467094909915074  0.84036616419739418  0.84600779255872782
  0.85161815804094498  0.85718523126179957  0.86284391994036602  0.86834981912790143
  0.87365625396936664  0.87882929599657222  0.88394348330407257  0.88918291834903962
  0.89453361052160718  0.90001288666004697  0.90550681055895010  0.91087309667231509
  0.91620052369291327  0.92150990207580363  0.92670514288401007  0.93182405865753204
  0.93684945780654949  0.94144346226628528  0.94549708138973643  0.94985589110234725
  0.95432607365245870  0.95873669331331313  0.96328978315407565  0.96775396921085544
  0.97218942534732800  0.97660473760610378  0.98078292196131878  0.98469855781290805
  0.98855341643528727  0.99231880470498424  0.99614140545498375  1.00000000000000000
 -0.00273715432545296  0.01030692634935437  0.02185160233722810  0.03351291425956877
  0.04417639213041431  0.05410285476675886  0.06422965921805522  0.07401016413116421
  0.08360129085564143  0.09284781862016640  0.10236338635985316  0.11278201095709368
  0.12359917421828795  0.13359246781417417  0.14369247578075064  0.15428812102477873
  0.16475142649951585  0.17444668334774077  0.18377265986789026  0.19356061201747629
  0.20364535930511840  0.21419869595328991  0.22503042441923937  0.23663406638895879
  0.24979287323349816  0.26173053191130996  0.27345955044987907  0.28510989832959338
  0.29618928189622618  0.30720312075867862  0.31871978637362131  0.33075168659965315
  0.34261039128986853  0.35397001042243720  0.36492838754911849  0.37589893683993575
  0.38709081156749386  0.39841938715660474  0.40977729122474987  0.42115082743694204
  0.43249835227623895  0.44344116187884475  0.45395135711774531  0.46464599488761438
  0.47528940715513596  0.48569441481267855  0.49606149862562016  0.50699892698587712
  0.51855112210648313  0.52979075587494107  0.54092707835594156  0.55168560874193107
  0.56246296306950716  0.57308632431347417  0.58345050809114474  0.59355334911697522
  0.60365561191322314  0.61419360621340324  0.62419184894953172  0.63387907973984814
  0.64349129421817042  0.65349611896495396  0.66363378348399105  0.67340870214040616
  0.68323842702081661  0.69345273020652709  0.70402171752710763  0.71375545615028979
  0.72286279095777028  0.73225415336115596  0.74175711088057950  0.75145545146644599
  0.76166323351497323  0.77306041668948977  0.78558321603564940  0.79698587812284427
  0.80696702875956117  0.81647995896987280  0.82592620091908586  0.83569495522796999
  0.84529402900226625  0.85588872510886771  0.86740780435161169  0.87839029239556343
  0.88875370207005056  0.89908324056940792  0.90922132601902361  0.91928352702268112
  0.92927742862654250  0.93925464427568961  0.94885746684491334  0.95804336474636920
  0.96774198801202893  0.97768815251141450  0.98864319249660026  1.00000000000000000
  0.03989190157455721  0.30850819249651590  0.37764658548195945  0.42705018472321282
  0.46743179245972771  0.50214692918036841  0.53263633583841075  0.55995967020299742
  0.58432588465156443  0.60621320629109576  0.62638036420621634  0.64438768275898173
  0.66105105733647396  0.67691709336259742  0.69169473613939891  0.70538346945938080
  0.71806944136184647  0.72963659062259978  0.74025902411167110  0.75051625618886864
  0.76031610846045727  0.77008419490188029  0.77947705510836096  0.78837874167131639
  0.79675091003938336  0.80484801448823129  0.81261724858295825  0.81985874193912733
  0.82667162582235032  0.83310965671434434  0.83916540479278778  0.84494906406717041
  0.85058629488384963  0.85589315883286654  0.86085564753829702  0.86569331663704419
  0.87048185887430918  0.87514966289533691  0.87972079955069060  0.88410304891685276
  0.88832854073720646  0.89246884173827912  0.89638475100535875  0.90002852117183929
  0.90360815245991788  0.90713249319052291  0.91059777939594277  0.91407553723466994
  0.91752812700253605  0.92090687583949027  0.92405344016740976  0.92703612107666888
  0.92986681806077087  0.93261542880275439  0.93530574331445260  0.93781789542022909
  0.93998981949101756  0.94198004646303979  0.94407134194982822  0.94608871521593008
  0.94810291476990394  0.95006638541422073  0.95191996129604473  0.95372540871514577
  0.95549329578689080  0.95723537311538076  0.95888918414444924  0.96053880628507826
  0.96218049932774874  0.96377240315235735  0.96533363266739780  0.96687085429726627
  0.96840219938104777  0.96994062220089772  0.97145570820781235  0.97291536537290324
  0.97434359124498249  0.97573493556164947  0.97709141705346347  0.97843550268652257
  0.97969227783193347  0.98084841292440372  0.98201071279505248  0.98316657483418568
  0.98432311663585959  0.98549011073538195  0.98661579143355838  0.98772669459597073
  0.98884439610815633  0.98998106726584678  0.99114012377668714  0.99232334503552855
  0.99356182130665460  0.99499292058606326  0.99697439825408929  1.00000000000000000
 -0.03125851378206672  0.16275275269837602  0.22007576134628704  0.25475580121005359
  0.28037893667483915  0.30204133725656379  0.32097542728729855  0.33740023000776292
  0.35166251567424595  0.36464156335153219  0.37662731685431772  0.38780458605652224
  0.39821154092223859  0.40765469720833569  0.41678144577606624  0.42588542264528689
  0.43482408823918878  0.44328055045591225  0.45120660037305060  0.45877029594413504
  0.46594437551608092  0.47278935275140199  0.47937890188371302  0.48586334832571837
  0.49234421395382938  0.49867918526662369  0.50456330608454703  0.51006431265859886
  0.51584809502459594  0.52174579325314152  0.52751843895891082  0.53314997222363669
  0.53858836417251832  0.54375135405554698  0.54868196015138437  0.55361887739403215
  0.55865610802667853  0.56365659116626277  0.56866960809157296  0.57376176640426391
  0.57882215650923030  0.58392875221114904  0.58890226784024713  0.59386437980068341
  0.59870420069887575  0.60360575453435716  0.60877121204124707  0.61414863643771689
  0.61940901969466389  0.62457267803048566  0.62939530320668946  0.63416645066596533
  0.63893915130105061  0.64370184169092470  0.64838095544202834  0.65297413365186230
  0.65758407887746628  0.66214764148533878  0.66659350427972841  0.67095129727345926
  0.67526807896682595  0.67979429228707045  0.68432872974917391  0.68886982830667487
  0.69325680574296089  0.69752424286019277  0.70178731236179692  0.70616893351542220
  0.71082214070265537  0.71557264342084281  0.72030573184104496  0.72468227332270241
  0.72915494346881371  0.73404968853918540  0.73907987391406105  0.74407213392285687
  0.74905429137312285  0.75432573224290400  0.75980746642276376  0.76541627199708184
  0.77126032283809309  0.77763008442957482  0.78427079595434013  0.79113870590012003
  0.79869384379948483  0.80683469339584324  0.81515278141055370  0.82349351440173646
  0.83212949402736147  0.84156092762757395  0.85226957094322386  0.86464635346674912
  0.87906177002987895  0.89645657198917872  0.92371109978330102  1.00000000000000000
   1.5427159344148049E-004  -1.0000000000000000     
 T F F F T F F F F F F F F F F F F F F F F F F F F F F F F F F F T F F F T F F F F F F F F F F F F F F F F F F F F F F F F F F F F F F F F F F F F F F F F F F F F F F F F F F F F F F F F F F F F F F F F F F F F F F F F F F F F F F F F F F F F F F F F F F F F F F F F F F F F F F F F F F F F F F F F F F F F F F F F F F F F F F F F F F F F F F F F F F F F F F F F F F F F F F F F F F F T F F F T F F F F F F F F F F F F F F F F F F F F F F F F F F F T F F F T F F F F F F F F F F F F F F F F F F F F F F F F F F F T F F F T F F F F F F F F F F F F F F F F F F F F F F F F F F F T F F F T F F F F F F F F F F F F F F F F F F F F F F F F F F F F F F F F F F F F F F F F F F F F F F F F F F F F F F F F F F F F F F F F F F F F F F F F F F F F F F F F F F F F F F F F F F F F F F F F F F F F F F F F F F F F F F F F F F F F F F F F F F F F F F F F F F F F F F F F F F F F F F F F F F F F F F F F F F F T F F F T F F F F F F F F F F F F F F F F F F F F F F F F F F F T F F F T F F F F F F F F F F F F F F F F F F F F F F F F F F F
  <DiscreteSampler_grid>
  grouped_processes
  1 # 1 for a reference and 2 for a running grid.
  10 # Attribute 'min_bin_probing_points' of the grid.
  1 # Attribute 'grid_mode' of the grid. 1=='default',2=='initialization'
  0.0000000000000000 # Attribute 'small_contrib_threshold' of the grid.
  0.5000000000000000 # Attribute 'damping_power' of the grid.
 # binID   n_entries weight   weight_sqr   abs_weight
    16   10   6.998960307745778E+003   2.402010495277115E+008   6.998960307745778E+003
    17   10   6.998960307746065E+003   2.402010495277199E+008   6.998960307746065E+003
    19   10   6.998960307745778E+003   2.402010495277115E+008   6.998960307745778E+003
    20   10   6.998960307746065E+003   2.402010495277199E+008   6.998960307746065E+003
    22   10   7.003002077119170E+003   2.405202461035834E+008   7.003002077119170E+003
    23   10   7.003002077119456E+003   2.405202461035918E+008   7.003002077119456E+003
  </DiscreteSampler_grid>
