  0.00336909127166469  0.01126164975114227  0.02102162515238015  0.03116509427382835
  0.04162645582748872  0.05169310879365693  0.06213085157382381  0.07263101294072348
  0.08330357109166063  0.09342274108981537  0.10386764623970801  0.11394095287275190
  0.12416687927645885  0.13394621632614806  0.14401657249557001  0.15469943997125410
  0.16526725277943438  0.17615724662282042  0.18654789126473512  0.19728242660842232
  0.20798495685813245  0.21846182501242800  0.22884571847767674  0.23933350443918236
  0.24995967637588967  0.26057790759054500  0.27103599190475469  0.28152180734239834
  0.29181755672569598  0.30214339697585074  0.31231118269757935  0.32261165107615913
  0.33299065779158193  0.34335952993030572  0.35398694523601409  0.36459055445961175
  0.37524001116133748  0.38555029501576943  0.39579383967814386  0.40597068546500947
  0.41627227110747583  0.42645926533728090  0.43666978087827546  0.44695678091505764
  0.45732001819160883  0.46743172510510272  0.47740433789907305  0.48748925631098683
  0.49768934138503429  0.50819917726488339  0.51846425100099724  0.52924595471932545
  0.53979547158190977  0.55126779473589571  0.56271352461946667  0.57403081694334812
  0.58508742752993947  0.59622492203723187  0.60732545796721715  0.61814728438724109
  0.62933176682226444  0.64033749183709410  0.65112057639721987  0.66153959141094887
  0.67212166248587224  0.68254489269568608  0.69279820911642254  0.70299401740249901
  0.71319631746296464  0.72316942484245295  0.73336210971292703  0.74372171117205432
  0.75412023109432480  0.76427262184014233  0.77426785093662054  0.78482518957660508
  0.79547080316085794  0.80660680352096636  0.81725348465050263  0.82772901332742610
  0.83802378633424157  0.84837319549150803  0.85862144736122659  0.86855214029488736
  0.87841796151586526  0.88846059230986918  0.89885524342597423  0.90945976411038054
  0.92010669835645442  0.93091885702768384  0.94171859766571464  0.95294634382735177
  0.96425944224068572  0.97598070592873687  0.98787358029391614  1.00000000000000000
  0.00709015016141146  0.01561756986938515  0.02681624118837938  0.03836509923771146
  0.04931081700779049  0.05989735932271675  0.06997815876741895  0.07990093158432444
  0.08993597642219812  0.10020286515310553  0.11054056309352187  0.12123507892308498
  0.13184490567770080  0.14249064123585836  0.15290708488294219  0.16351836918221782
  0.17430630556744292  0.18520283688935513  0.19626401007171210  0.20718582339310898
  0.21813654966028681  0.22886333377595200  0.23939149142295085  0.24979379411012337
  0.26033480906450962  0.27085822590724745  0.28114296681825307  0.29135988975047461
  0.30153492782647084  0.31190629359393024  0.32245477576645964  0.33294790698265558
  0.34342905496357390  0.35395901559008563  0.36463627347602595  0.37546878472797279
  0.38631228744982782  0.39718034769709809  0.40815907210640967  0.41877275506206951
  0.42941251305613187  0.43981461558021562  0.45041032916960128  0.46113674311787650
  0.47151278452546774  0.48178830718199617  0.49210552813476499  0.50266158913243253
  0.51314008237369013  0.52378057733125338  0.53451451234590552  0.54521634293318488
  0.55578622740035999  0.56638652745190843  0.57686639891681435  0.58715821173033900
  0.59714623369485675  0.60729404416002186  0.61733429641352167  0.62761982779233638
  0.63795238052413916  0.64825626460337449  0.65846578203241679  0.66860699276392377
  0.67871127062929348  0.68900326836030223  0.69957458565278841  0.71019750776069046
  0.72110452079287690  0.73184012579600810  0.74257640415742487  0.75293804869574255
  0.76290764399059363  0.77282954647173985  0.78262500804411905  0.79226644398561108
  0.80219854925281231  0.81170703227993746  0.82211763373043467  0.83244698268972661
  0.84336070181739531  0.85417545060252131  0.86504328737028413  0.87568662347734405
  0.88604885543685674  0.89646885662709486  0.90692802565049446  0.91739792277836429
  0.92778040345755153  0.93793448593955786  0.94794967658321538  0.95782899026740487
  0.96795208377492958  0.97781477246076742  0.98869099059885091  1.00000000000000000
  0.00301337060870722  0.01213788460460628  0.02314870957640490  0.03401333285554330
  0.04460990773411851  0.05488564058614064  0.06491790516047351  0.07493470176500132
  0.08519422814551525  0.09556698686809575  0.10588308333723738  0.11586873118887928
  0.12600423623684720  0.13636123426167210  0.14679458314478008  0.15705573363860817
  0.16723741451260105  0.17750484116778711  0.18765570545037133  0.19743314684757582
  0.20699000322865183  0.21664107056602358  0.22666346182963601  0.23695459237091593
  0.24723710082688627  0.25785127528611873  0.26875841096202618  0.27980076772074625
  0.29069291674155645  0.30165023615951037  0.31257866554976832  0.32340057986342252
  0.33407743645211685  0.34464570589753302  0.35535768401925594  0.36625855621374936
  0.37717041452780986  0.38762768564325362  0.39794834736067947  0.40793050594534702
  0.41786030556603809  0.42774249658506480  0.43765798995786265  0.44790036937781774
  0.45830586087243991  0.46876899277055906  0.47895853360965085  0.48932023310313599
  0.50001389733623502  0.51106323706262069  0.52183722162632096  0.53242111871724462
  0.54281017136909382  0.55325327475366093  0.56357279439093444  0.57370382157986777
  0.58397027893686393  0.59425658145370219  0.60447839037743278  0.61455185330943973
  0.62481863218496492  0.63534612047736372  0.64558402888545574  0.65563697597415804
  0.66574948014318136  0.67615040535849880  0.68637727147052330  0.69691924849873377
  0.70736397839408105  0.71812637421113612  0.72871068379280868  0.73927282230804592
  0.74997253242970008  0.76035306652467460  0.77078815286446589  0.78136192630807266
  0.79174841903397064  0.80192620727008967  0.81198698797129942  0.82218221015120252
  0.83244109062627580  0.84275157941237611  0.85324236698376199  0.86420571974321048
  0.87510861564054854  0.88636028897730545  0.89742648580319906  0.90810523466800785
  0.91865165741057486  0.92956695729210492  0.94071584137073561  0.95172182351766943
  0.96266391128571860  0.97415002403463624  0.98658841526800811  1.00000000000000000
  0.00621776516515825  0.02015075822598281  0.03546345678734001  0.04903397026932913
  0.06117685560543686  0.07318267553787122  0.08444876633053854  0.09534392858881673
  0.10600166824510301  0.11679808556505679  0.12744447797083008  0.13816565686029569
  0.14881426761176098  0.15963434672128410  0.17047390824947273  0.18117439307748723
  0.19173138663674857  0.20239006783186525  0.21310666526348493  0.22368013868100195
  0.23388359516019050  0.24394800068120809  0.25403727972363088  0.26434623978847888
  0.27486098503059392  0.28545467286686538  0.29571774260482719  0.30571648323192074
  0.31537131133477164  0.32517406156183337  0.33542053700878299  0.34606280617897400
  0.35685100631662797  0.36733679895878402  0.37774585937215649  0.38826803322413606
  0.39885303029626945  0.40964659189679364  0.42048994539457063  0.43118365371394723
  0.44166160644780450  0.45195157419357163  0.46226965791715496  0.47259932012085643
  0.48281035227089786  0.49290943762421152  0.50311422123392080  0.51331843629860319
  0.52344300576566583  0.53347067726290165  0.54361331258398937  0.55402768474135633
  0.56469348351713289  0.57550573018938755  0.58643064866036987  0.59727762497592007
  0.60807335293748799  0.61887976026129798  0.62951015831449664  0.64002753087408992
  0.65040996300850140  0.66044508682265435  0.67050102323989913  0.68053477986057453
  0.69068563537415184  0.70088262965639314  0.71115899761401924  0.72146526110792941
  0.73166058675597423  0.74153890286389723  0.75135061068448838  0.76142315286731610
  0.77178941720123406  0.78215893833116712  0.79240888156108868  0.80257536880855196
  0.81255347905288244  0.82262092633577888  0.83284568401616943  0.84317399978285790
  0.85349011472092040  0.86368974763422901  0.87388832839640562  0.88430947936608195
  0.89470769704912845  0.90460518428296033  0.91419765052437485  0.92377164584828331
  0.93342539781316991  0.94293328267572107  0.95223181315734362  0.96205841224457911
  0.97221420618238641  0.98203495654147088  0.99186215826057511  1.00000000000000000
 -0.00000026553313166  0.00000537466113309  0.00001088573470985  0.00001511289062583
  0.00001936206414634  0.00002366736260729  0.00002795836367284  0.00003229958902160
  0.00003677392934338  0.00004115438073529  0.00004562932355114  0.00004998481386211
  0.00005429702351095  0.00005866130636536  0.00006313585986620  0.00006774999725853
  0.00007253017756757  0.00007737800169617  0.00008224959127640  0.00008717143299441
  0.00009217820883572  0.00009738158319971  0.00010272101654815  0.00010821815619855
  0.00011389371466668  0.00011971684172957  0.00012569515796017  0.00013186681005810
  0.00013832061844945  0.00014514989285242  0.00015229502999759  0.00015985993078047
  0.00016773904383140  0.00017617122976991  0.00018496290413270  0.00019421984116488
  0.00020379655416571  0.00021366492153034  0.00022385159204494  0.00023450535180959
  0.00024521136342646  0.00025627611265393  0.00026732321348118  0.00027904532774185
  0.00029154237771828  0.00030462688025167  0.00031834517135815  0.00033249883444485
  0.00034728036609578  0.00036273022158333  0.00037846122453265  0.00039514634945982
  0.00041192727899615  0.00043044168254757  0.00044979450175017  0.00047023419961950
  0.00049156430717810  0.00051353623838490  0.00053731678738573  0.00056174861255397
  0.00058862210326824  0.00061596528870847  0.00064570306553322  0.00067640310702034
  0.00070994520030239  0.00074601832765032  0.00078454668115354  0.00082621420865989
  0.00086881182161012  0.00091757800641088  0.00096840459428321  0.00102471552295192
  0.00108345273476068  0.00114798494089185  0.00121785376345929  0.00129468970905953
  0.00137888342607654  0.00147066988818451  0.00157514112800939  0.00168748541473498
  0.00181356377727048  0.00196278320157093  0.00213505669842196  0.00234585582402061
  0.00259665570921954  0.00289278302716853  0.00325237689138547  0.00369137822923103
  0.00421681290275188  0.00486921368323386  0.00576569293678657  0.00706062496171817
  0.00889913163547370  0.01343796424421457  0.44380091681504819  1.00000000000000000
 -0.00272585426359944  0.01078104850736550  0.02159928465316337  0.03265679847650094
  0.04324653344549909  0.05375710998514272  0.06408642931872703  0.07457096009331660
  0.08514826233546105  0.09591705412206614  0.10684030276310461  0.11797890629494101
  0.12894230150323799  0.13996816667061668  0.15084363545331966  0.16187927434682339
  0.17295636955087521  0.18388781006512089  0.19419619433685253  0.20454718901795835
  0.21563694324519928  0.22691675385259882  0.23734555421552705  0.24741067564597677
  0.25758356403901583  0.26814639062667556  0.27864103268473522  0.28887474567619892
  0.29884304993454341  0.30882598975232101  0.31919501014733015  0.32983667828989066
  0.34010598381359336  0.35064283536828594  0.36111503053382721  0.37152232913980154
  0.38140110471867872  0.39122737337129293  0.40128542052569877  0.41145532059528284
  0.42149403743719671  0.43163695193183521  0.44174351813028656  0.45205544393980540
  0.46253192085709149  0.47321578644300361  0.48385109767170631  0.49408965258072723
  0.50422576561671795  0.51455413287793761  0.52508494555703955  0.53578550685411441
  0.54641433648699478  0.55706667080316441  0.56777620793067274  0.57865784396869491
  0.58963200695630236  0.60054805545793244  0.61115360157646981  0.62138919772582046
  0.63156754437920515  0.64180446164730043  0.65191087834721306  0.66189979766781304
  0.67214123575870932  0.68274439318494373  0.69350750890076118  0.70413729287845872
  0.71454998438195083  0.72507556001460438  0.73557716607911039  0.74633539969631735
  0.75679865745119868  0.76714023575744239  0.77747876910434655  0.78801033489721783
  0.79909218601567833  0.81045512493733252  0.82190198157006122  0.83288229360065513
  0.84365903214482918  0.85435637690682520  0.86503528436917154  0.87577660100180554
  0.88638082738634183  0.89675136077849982  0.90722409987497898  0.91775025850622094
  0.92815914436110225  0.93864741261152773  0.94923357165642896  0.95974777088920626
  0.96994742522930877  0.97980161893805118  0.98995235452474450  1.00000000000000000
 -0.00227336361538032  0.00962173739445057  0.01973127362477641  0.02947589386172916
  0.03953472283021336  0.05007940917837675  0.06084866988323934  0.07148791390537979
  0.08169253478320419  0.09197756189748718  0.10226332078806920  0.11268357122949829
  0.12351981304862196  0.13433162911840207  0.14548080688907419  0.15625896547557999
  0.16676670578810160  0.17711372964262281  0.18753370017900500  0.19843426123497918
  0.20923586349997875  0.22025386618016160  0.23114841061477903  0.24197560257847450
  0.25269486485636766  0.26354888766084039  0.27459980695227970  0.28602629043737016
  0.29781972452249911  0.30947402742267477  0.32108463531607595  0.33252102199240702
  0.34342701009540977  0.35434959003618488  0.36507972642625697  0.37561594530067938
  0.38549006488665444  0.39539507078264086  0.40600965443119852  0.41702310612678878
  0.42840072816558000  0.43956805946987076  0.45082785993037289  0.46156013527368628
  0.47200646931049361  0.48262113494586373  0.49310380278485622  0.50336367239816704
  0.51314277086612592  0.52322905388611207  0.53382190588388601  0.54452044510141961
  0.55518016169229079  0.56529442133104235  0.57553216058403700  0.58534163225586922
  0.59516669673091493  0.60493710518577171  0.61495159666695731  0.62493769314072545
  0.63537909832889694  0.64557275940489334  0.65599637551486212  0.66608780630415687
  0.67688405483851266  0.68788039085542418  0.69862434315156774  0.70931642733806655
  0.71914755038551448  0.72926847881850554  0.73891259799780351  0.74901424410299788
  0.75906258284942973  0.76979866155053289  0.78055377710130802  0.79099552233419068
  0.80106284615558354  0.81099693399741934  0.82101080817732341  0.83114553696051097
  0.84113919585071872  0.85119100479406429  0.86102151815538885  0.87118529773699527
  0.88160290919805862  0.89237757313549726  0.90304666880595885  0.91373322283493896
  0.92458706357179099  0.93543284644437308  0.94603655656803098  0.95665427534455028
  0.96747134265252721  0.97847625332447330  0.98938594603659868  1.00000000000000000
 -0.00260258233014867  0.00990974941373409  0.01951446860377467  0.02946544098244222
  0.03933807449993592  0.04931593931647858  0.05948616741275425  0.06950343228761696
  0.07954939484092718  0.08977468771240325  0.10031224786049864  0.11141033452581084
  0.12226111672603508  0.13290726952693444  0.14326436489589181  0.15417223382239881
  0.16522794420470358  0.17611750887119668  0.18704243798839201  0.19806730501138611
  0.20924232536906767  0.22027426103574088  0.23109071784966370  0.24159585403377140
  0.25202586237031455  0.26261170506857884  0.27321000065778467  0.28376610957678178
  0.29425018902656208  0.30435789970945792  0.31465834842835350  0.32496004578675697
  0.33551568492093725  0.34607055798539815  0.35661517214567445  0.36704772334114943
  0.37725706690897209  0.38755601879740653  0.39798134483024650  0.40890387943278977
  0.42019002443148329  0.43140284763480252  0.44217671822312155  0.45259320568422273
  0.46321033514768167  0.47375709601476140  0.48444337903235690  0.49509667143724845
  0.50596959976402978  0.51706042393538565  0.52814222479249917  0.53937085923692218
  0.55029621374713866  0.56123145402492680  0.57188706939800948  0.58239577879428484
  0.59256952624559245  0.60265822793964574  0.61284269557283189  0.62362570549989349
  0.63476462648178666  0.64578041927339802  0.65624492546894264  0.66640351619614457
  0.67658058518254838  0.68680577689135802  0.69696929184604195  0.70736964769280386
  0.71760859691597834  0.72773902911228239  0.73787281387355985  0.74771868147905940
  0.75746285051907525  0.76724338998203212  0.77753552060429088  0.78815525291052413
  0.79842060518828661  0.80844915296849718  0.81851211838106375  0.82880083893125023
  0.83907455583064661  0.84941680250089791  0.85986905802791225  0.87061686400761806
  0.88162448562080242  0.89258775295930193  0.90353664039320114  0.91435452832367925
  0.92507417324318153  0.93598020926282599  0.94700239243184958  0.95782674594985107
  0.96809997574703022  0.97826901188527804  0.98897127387825179  1.00000000000000000
 -0.00268570321188996  0.01004471422866348  0.02076165317323239  0.03150256196551302
  0.04231617955364453  0.05304737088247961  0.06361477378343612  0.07414384198863150
  0.08441158051312565  0.09447966288075753  0.10430864061583932  0.11423623148078467
  0.12413940577350649  0.13400657172734659  0.14410274587178162  0.15455380407915767
  0.16506633414155186  0.17556830522774175  0.18612121463298564  0.19693335630314651
  0.20769466806805226  0.21821037035188015  0.22825715033598257  0.23798936699259166
  0.24790399107294794  0.25816955774285538  0.26863414465492685  0.27883430193361913
  0.28903644093185155  0.29961944922967082  0.31054910562350113  0.32145423254776645
  0.33191287112499651  0.34230778406778772  0.35274203075198629  0.36325954425492596
  0.37367096106157077  0.38419586558303398  0.39510390361235548  0.40662760183602459
  0.41806281026119041  0.42931667906263338  0.44004716388658760  0.45073921000739076
  0.46132416331199805  0.47209885086500036  0.48255790038274654  0.49276536411244304
  0.50297530722086914  0.51343503173839500  0.52404014451421177  0.53434060206250189
  0.54487876004610969  0.55556732716070845  0.56636936597823417  0.57703891668933172
  0.58772481988513481  0.59857138339517346  0.60917450736135736  0.61966556686185392
  0.63017098918953796  0.64077831432806487  0.65124465785354713  0.66145327466013204
  0.67187796262860722  0.68282388545894990  0.69404192011908494  0.70504171416325145
  0.71554493754603077  0.72591218009285829  0.73635808631793465  0.74685593730321087
  0.75725321727493988  0.76744326816376229  0.77783577089872913  0.78840183267499131
  0.79928350729697972  0.81031858474781027  0.82140902577750630  0.83220803476438743
  0.84286971799234223  0.85368374944712122  0.86451528966974933  0.87507703881977250
  0.88534176275527821  0.89529761483347881  0.90516713825891681  0.91493295928076124
  0.92536212227681969  0.93580767081093952  0.94633285663461253  0.95725651080314633
  0.96831647807867161  0.97932654403137498  0.98971539457384439  1.00000000000000000
 -0.00220003139048325  0.00907736381763325  0.01937222173200259  0.02987674316295206
  0.04040985953555604  0.05079732002403572  0.06114641356623178  0.07160408556161924
  0.08200924201242007  0.09270668456030812  0.10311572230857384  0.11332231837745652
  0.12351830219516452  0.13404052711226372  0.14471404009600539  0.15543468080767142
  0.16605983801799812  0.17668605261207163  0.18730384886753279  0.19776347704776903
  0.20817801735362970  0.21863758765850552  0.22894257580215954  0.23902962286859267
  0.24890707636360163  0.25888788439988558  0.26908717173845970  0.27961195431404290
  0.29001938416029327  0.30009310214962120  0.31001682108070738  0.32017351402188121
  0.33051315907562201  0.34068195538146107  0.35082948192537111  0.36110411895766664
  0.37140428190981195  0.38146520814616919  0.39148276101235080  0.40180529027339956
  0.41242808753903454  0.42308042945095803  0.43329900958850881  0.44368764517772280
  0.45440329548078734  0.46559847393849113  0.47660538093449295  0.48719478582555203
  0.49770345321181381  0.50831721585758727  0.51895431160063821  0.52957952644313333
  0.54053350511381615  0.55185888558465013  0.56317585446015583  0.57423808785321850
  0.58517964457869454  0.59599308974554432  0.60645621381370041  0.61675718997783069
  0.62734075402894840  0.63816417604923426  0.64895169732223712  0.65932381188801936
  0.66975729547165153  0.68022654331338395  0.69079253068558366  0.70146848078199742
  0.71195697107599021  0.72256536736630683  0.73293893830807844  0.74325832189326879
  0.75317177140705205  0.76274369235048300  0.77244507566558873  0.78243457885008094
  0.79289409974811975  0.80335913563013872  0.81378247822560135  0.82434585372591695
  0.83509182237292534  0.84609599082942000  0.85698670292911028  0.86787405077194790
  0.87860056653149288  0.88923123848675933  0.90002521131173496  0.91090625176641526
  0.92198728530534257  0.93303307738582264  0.94440281567288964  0.95585051515962716
  0.96674753877384623  0.97774220539076273  0.98872727806697858  1.00000000000000000
 -0.00251203258649904  0.00931648777924394  0.01982887203078688  0.03028270309361180
  0.04082599118062917  0.05122327571684976  0.06157491540415960  0.07204276039761549
  0.08187461645992432  0.09182361846346172  0.10160919579430880  0.11212754380468806
  0.12313905795623821  0.13437492962219877  0.14534353522347199  0.15592336732883358
  0.16657717559253035  0.17738631018707107  0.18826491023327330  0.19866270943010372
  0.20904456042815789  0.21941405735459238  0.22998601728320231  0.24027457449634584
  0.25013661747650745  0.26049273223023606  0.27070984168285772  0.28159907806116147
  0.29241619900130428  0.30331552323402944  0.31399183333517056  0.32401914876035465
  0.33439054050495504  0.34465102818939730  0.35520901589673515  0.36571139450415135
  0.37648466557934485  0.38694401107273757  0.39763040471065725  0.40819577002898194
  0.41896146891012959  0.42962410571614562  0.43994866348672962  0.45038477753071554
  0.46091066510429612  0.47132468009654416  0.48168136222880603  0.49192438206709127
  0.50241178355008498  0.51287934103167299  0.52334685814409809  0.53396992313283242
  0.54474499635158258  0.55559531227174608  0.56642978502286845  0.57689691117283315
  0.58728650587865427  0.59760177851920582  0.60804808339343430  0.61830120391878562
  0.62882907208488792  0.63950101310310425  0.65030754243680422  0.66096284388473581
  0.67191917269637114  0.68260918500919288  0.69283259752462900  0.70292452509072112
  0.71338589175664491  0.72397063602957568  0.73467924811468188  0.74517108420498113
  0.75570330227533478  0.76619007352508106  0.77661766387460218  0.78711538202874154
  0.79735093522908074  0.80759492353409368  0.81793905586726479  0.82810004148372240
  0.83828628972446095  0.84873121969415399  0.85962389447625009  0.87082111939948192
  0.88190323534601800  0.89300443464536561  0.90375149443844194  0.91452508682346645
  0.92577859885841907  0.93687254420414245  0.94756901712640684  0.95779477403633939
  0.96822993574593896  0.97882562870012202  0.98943490893364194  1.00000000000000000
 -0.00228841431110278  0.00918849464248108  0.01930055099040148  0.02993602028216881
  0.04053630201696983  0.05117982970946762  0.06147001520472198  0.07194600312940505
  0.08216599324747235  0.09238647446848919  0.10243744008120140  0.11280924274050137
  0.12340278858111711  0.13410890596689592  0.14450315348796686  0.15532157756371731
  0.16594582397411245  0.17697387871617790  0.18779747874445848  0.19843988871378893
  0.20884369157294294  0.21926350851573548  0.22972252895558587  0.24002245750634035
  0.25028261300662058  0.26066420436462656  0.27116689996705906  0.28193724820454863
  0.29301205998320512  0.30377119551087645  0.31441695019280552  0.32490544604034305
  0.33552563915551786  0.34600273028710721  0.35664643381142608  0.36740492166278055
  0.37844689852505270  0.38958918497429440  0.40100209674700604  0.41210474452376644
  0.42287802216292364  0.43338263241586072  0.44381992181948415  0.45431021349083328
  0.46494403610813689  0.47563325160058811  0.48593254315864404  0.49589892124553292
  0.50579625269630835  0.51597231753432748  0.52677756493734484  0.53777185877373712
  0.54863313080119192  0.55941045287345281  0.57007750682881586  0.58055881082758920
  0.59071382875186162  0.60089161319805773  0.61135342955862926  0.62195643656874677
  0.63269112338993072  0.64343950631134628  0.65454322540524579  0.66557931749725852
  0.67636609412528403  0.68700543878455123  0.69731463564552132  0.70725271723117256
  0.71689467958544861  0.72659468258230042  0.73683212802946063  0.74749612646017372
  0.75807997885827516  0.76860428704037709  0.77891937483955287  0.78920516615882252
  0.79944885565174106  0.80984500550753935  0.82049649235254618  0.83129969828764960
  0.84218183337196606  0.85311501466198747  0.86404877869515384  0.87488630758356201
  0.88566230097128018  0.89649420282224912  0.90713441292561925  0.91774022478855688
  0.92812513162895860  0.93849656573058504  0.94875482664874766  0.95913955756161617
  0.96957498065173431  0.97997837711584190  0.99002912102394292  1.00000000000000000
 -0.00249632205682829  0.00951215832070503  0.01917731472007005  0.02971647092166912
  0.03986677883263533  0.05040777434377489  0.06072624610960471  0.07113793290080539
  0.08147274929782691  0.09178065016095832  0.10193876700728204  0.11218477025265076
  0.12251435888495760  0.13302731563870274  0.14359831792379288  0.15439232662440580
  0.16492068939684659  0.17515610891110750  0.18531942861041550  0.19576356883987447
  0.20638913705045159  0.21701158845327523  0.22769009599895274  0.23846191592179580
  0.24911336404232653  0.25949622163338892  0.27005795000386951  0.28081989384018152
  0.29210229013136357  0.30286458549339429  0.31366761500676704  0.32441676724681079
  0.33463681072990359  0.34469307775087377  0.35475325872521496  0.36521817277536517
  0.37577790744669942  0.38637560996681947  0.39714327504451641  0.40770656714448772
  0.41822638238313103  0.42869840648423929  0.43897555258823462  0.44935511143578133
  0.45975711901471222  0.47074535501552361  0.48143646101276216  0.49219592523438138
  0.50291528293880738  0.51351649373124308  0.52410700175948588  0.53455796713063575
  0.54494794375815336  0.55542224416426733  0.56602828662589821  0.57675197004096745
  0.58753054546575390  0.59810358050601697  0.60834360447685687  0.61842093862983771
  0.62887834437488288  0.63941184860969746  0.64986541784392782  0.66022253061669045
  0.67101888461118220  0.68195592889104917  0.69300120768249496  0.70377761280337259
  0.71433241038408879  0.72446766127472828  0.73485893653677303  0.74494484048283993
  0.75554673022975416  0.76603845427462525  0.77701874996947362  0.78784190664162634
  0.79893830744931627  0.80977254717742986  0.82080576720294740  0.83141070141491169
  0.84207427237454235  0.85250662633917118  0.86291683261866825  0.87360422230798929
  0.88446619888342348  0.89515787841129379  0.90585458832414822  0.91640358322602766
  0.92734440734522872  0.93830809104144230  0.94919826778681204  0.95950792535740592
  0.96958014753874533  0.97957655491410667  0.98979531161987488  1.00000000000000000
 -0.00257229542516700  0.00972677921243436  0.01995621289068111  0.03084094394105845
  0.04139066278041904  0.05244134229762135  0.06335674351780862  0.07413595043897725
  0.08462204427922231  0.09475216283678319  0.10492432502811298  0.11525516057703755
  0.12590691402297988  0.13656775371415283  0.14698354679361741  0.15747458891785945
  0.16812238474476021  0.17906132800287303  0.19013945217243727  0.20065235314984764
  0.21118317530860248  0.22162667235123179  0.23196396743496719  0.24198554917563017
  0.25171819698325831  0.26196459684204582  0.27229122069594697  0.28264475726867000
  0.29309154780059427  0.30338775037099902  0.31369581023013293  0.32388911027182565
  0.33418574526486838  0.34463977347151520  0.35512950124625681  0.36590847070919769
  0.37676142519684730  0.38772258964462408  0.39844669034436869  0.40891296341457706
  0.41962894172155607  0.43023194649765234  0.44126577488164132  0.45226185262179086
  0.46296321504554983  0.47342646034066010  0.48364537243394851  0.49370174645485282
  0.50425431088345385  0.51480537831066286  0.52569188118196675  0.53650173244932031
  0.54744686245914009  0.55797315428295968  0.56839648693444711  0.57869210013372663
  0.58899900821402407  0.59917799032348862  0.60940761812216349  0.61974103504279265
  0.62972596742004261  0.63985077529422685  0.65022217796463677  0.66091781944164085
  0.67159808750696282  0.68222391057660614  0.69282765614255937  0.70339131077903949
  0.71389686657351492  0.72464317474284290  0.73555171341180159  0.74628994898169487
  0.75657232651268724  0.76669619463629357  0.77707904723457422  0.78772960242687384
  0.79828071440400816  0.80882345537294542  0.81942049130286554  0.83003408498931064
  0.84094603268406698  0.85188906729350555  0.86327639340768281  0.87457007586828905
  0.88574231555433358  0.89663116777287044  0.90729389745287814  0.91785589660268019
  0.92815071238201374  0.93839741099837304  0.94858998277740414  0.95885913551619029
  0.96900162362265307  0.97906107627312977  0.98948103523096453  1.00000000000000000
  0.12919894925186021  0.23776835250097886  0.26436094281246836  0.28035144517965144
  0.29350118351530113  0.30543579982207553  0.31632660549714720  0.32659375253901385
  0.33634905368781615  0.34585729607328530  0.35501924792569145  0.36390573399974790
  0.37257429682865834  0.38095510527195386  0.38916798201746455  0.39720923359263915
  0.40506720978610822  0.41284212634444201  0.42026435477555102  0.42738634136288373
  0.43429452213618319  0.44120782067515985  0.44816326892427411  0.45490799050476360
  0.46160505449484279  0.46813314335251288  0.47465109762453067  0.48120199183757922
  0.48765666841075256  0.49412953562314232  0.50054388763332236  0.50690663173772399
  0.51324621934361214  0.51946647764161613  0.52572374928741983  0.53207117727243225
  0.53838624815388814  0.54468342821933691  0.55087090628506263  0.55699163058528989
  0.56310207749581287  0.56920877532454661  0.57529085911471767  0.58132455342126133
  0.58727605157133911  0.59318106331429721  0.59910175397300169  0.60500613059517838
  0.61095244034852658  0.61694190571207763  0.62293174798605599  0.62892796083711000
  0.63493103514114024  0.64096821428324091  0.64713548250935893  0.65329321174927224
  0.65946485094073515  0.66556056709682976  0.67151710966847211  0.67740097320625470
  0.68332468969971527  0.68936617663214139  0.69555113688382297  0.70172846479329154
  0.70789806899231300  0.71416083947443887  0.72051145521388404  0.72685561013374289
  0.73316723884074286  0.73945679217701588  0.74576739807780734  0.75211539836202390
  0.75876580225738754  0.76557991853258689  0.77245500224803054  0.77895981427074557
  0.78536109693447009  0.79196872470031177  0.79894559200048154  0.80621124711740610
  0.81362776852071639  0.82142616795210999  0.82925559512364799  0.83737643785809235
  0.84589027940841877  0.85463857427097389  0.86365508996556317  0.87299720993466856
  0.88259316368843155  0.89267119136355588  0.90352738184213899  0.91500513727232846
  0.92774100999582487  0.94275240666463922  0.96372960379830064  1.00000000000000000
 -0.01777811280460868  0.10819918436201047  0.14518234125329552  0.16817627985776815
  0.18592711356757377  0.20081365547923302  0.21371512994858058  0.22556787325922156
  0.23647270896711486  0.24686429343300517  0.25670877521816987  0.26633781629726638
  0.27529878835462368  0.28392756426931726  0.29238949499689498  0.30064935925094410
  0.30867801292831720  0.31630007295007156  0.32363436056015132  0.33087037893569643
  0.33810558371206606  0.34523481627055319  0.35218363593102031  0.35898852482271282
  0.36567224301010004  0.37228440519750183  0.37877592799755955  0.38504993737843107
  0.39127781262259009  0.39734731979022586  0.40334605871458712  0.40944358388736612
  0.41558308940566718  0.42151552655586400  0.42732058513000232  0.43301619914211603
  0.43861401848172799  0.44411254636246905  0.44960535998844164  0.45512787614056477
  0.46070333205462893  0.46623752202278895  0.47163648846306822  0.47702513092754850
  0.48233766015825696  0.48777229160527535  0.49330005282022610  0.49886795655855087
  0.50446036708293640  0.51007936338274074  0.51567532194415655  0.52111977946214572
  0.52637296138459966  0.53152719635899404  0.53666870427391355  0.54186060931968061
  0.54719536569632843  0.55271663870405818  0.55826347273718990  0.56383663968458453
  0.56957493177260465  0.57545598729134440  0.58145963932975897  0.58743122735624786
  0.59337566301693079  0.59932919633518023  0.60532167386732205  0.61141349615070983
  0.61752074834035864  0.62367567358583809  0.62998510766156501  0.63637277808196646
  0.64284332989783055  0.64950089788710652  0.65630126804031685  0.66323735999342825
  0.67024067537489351  0.67734332602003700  0.68457267236060548  0.69187701116436839
  0.69944434656084697  0.70703280370996657  0.71552095496713364  0.72429331805379971
  0.73353337435580757  0.74306665271193340  0.75299608774781646  0.76339276017819369
  0.77450522443805547  0.78672842008420074  0.80023338468003180  0.81520818995862565
  0.83250094799308927  0.85478404158277910  0.89105658259826581  1.00000000000000000
   9.7446924552638565E-005  -1.0000000000000000     
 T F F F T F F F F F F F F F F F F F F F F F F F F F F F F F F F T F F F T F F F F F F F F F F F F F F F F F F F F F F F F F F F T F F F T F F F F F F F F F F F F F F F F F F F F F F F F F F F T F F F T F F F F F F F F F F F F F F F F F F F F F F F F F F F T F F F T F F F F F F F F F F F F F F F F F F F F F F F F F F F T F F F T F F F F F F F F F F F F F F F F F F F F F F F F F F F T F F F T F F F F F F F F F F F F F F F F F F F F F F F F F F F T F F F T F F F F F F F F F F F F F F F F F F F F F F F F F F F F F F F F F F F F F F F F F F F F F F F F F F F F F F F F F F F F F F F F F F F F F F F F F F F F F F F F F F F F F F F F F F F F F F F F F F F F F F F F F F F F F F F F F F F F F F F F F F F F F F F F F F F F F F F F F F F F F F F F F F F F F F F F F F F F F F F F F F F F F F F F F F F F F F F F F F F F F F F F F F F F F F F F F F F F F F F F F F F F F F F F F F F F F F F F F F F F F F F F F F F F F F F F F F F F F F F F F F F F F F F F F F F F F F F F F F F F F F F F F F F F F F F F F F F F F F F F F F F
  <DiscreteSampler_grid>
  grouped_processes
  1 # 1 for a reference and 2 for a running grid.
  10 # Attribute 'min_bin_probing_points' of the grid.
  1 # Attribute 'grid_mode' of the grid. 1=='default',2=='initialization'
  0.0000000000000000 # Attribute 'small_contrib_threshold' of the grid.
  0.5000000000000000 # Attribute 'damping_power' of the grid.
 # binID   n_entries weight   weight_sqr   abs_weight
    10   10   1.265379326710607E+003   1.302158924551967E+007   1.265379326710607E+003
    16   10   1.265379326710600E+003   1.302158924551952E+007   1.265379326710600E+003
  </DiscreteSampler_grid>
