  0.00309486790207504  0.01239481098010809  0.02234506305766387  0.03292230827002834
  0.04336979091288961  0.05318473632394531  0.06306247606838333  0.07265946170422752
  0.08241809236905279  0.09249205043878721  0.10277876563999866  0.11296146162732654
  0.12311799914860534  0.13325849890480165  0.14364858669092792  0.15409567906708763
  0.16460495674160758  0.17484554396006788  0.18506625134303312  0.19532743078181275
  0.20577525697070270  0.21620521245346647  0.22662124707816794  0.23719590884515415
  0.24790091973815989  0.25863266886381653  0.26950808364800016  0.28034352203361396
  0.29129050739010004  0.30202302801579017  0.31254956278943546  0.32291911758347547
  0.33321104584446526  0.34326701859175635  0.35338885409157239  0.36383272982515286
  0.37452391800043017  0.38506316515022182  0.39556724509920449  0.40593403748382795
  0.41626165301964069  0.42651292154361525  0.43676156396329541  0.44708203825871418
  0.45744852592714647  0.46792600441447796  0.47832052654899332  0.48875298990385302
  0.49909518559710458  0.50942487404002457  0.51962666386114786  0.52999574608188316
  0.54072206014636259  0.55171511432146014  0.56237399783391029  0.57276972022930006
  0.58310294622934011  0.59330210003866390  0.60343363124264882  0.61355465752929783
  0.62403190597536473  0.63459671401559115  0.64517666442584276  0.65580049945345453
  0.66642969199994684  0.67707133690569155  0.68764021525584418  0.69816847941726523
  0.70861145732360331  0.71892442322824035  0.72919532674286736  0.73930965785311709
  0.74924200418806719  0.75917531243808212  0.76944881390051412  0.77999813434049570
  0.79063579423950869  0.80115832992645353  0.81168349919630156  0.82225119019382553
  0.83283930146623986  0.84374738396780680  0.85492515833106886  0.86610647041430688
  0.87705597865938834  0.88770294086376722  0.89846404361829213  0.90902340508703072
  0.91967451905320707  0.93022170470619547  0.94074202175800259  0.95144625559940688
  0.96241093432700575  0.97409717614399594  0.98679332215451843  1.00000000000000000
  0.00689503917799490  0.01629427615906745  0.02750430634696597  0.03902936789837996
  0.05037889092203495  0.06154704143899498  0.07220150887971531  0.08261179779858804
  0.09320489257829445  0.10394596335822090  0.11456583735593517  0.12507716044090073
  0.13566741742277752  0.14626084330606023  0.15676122669082371  0.16729248404992850
  0.17816417193863177  0.18911663063877351  0.19962528831674606  0.21012295835898939
  0.22071312113022262  0.23153630181966769  0.24233156051171220  0.25292504828527662
  0.26354894821995623  0.27391993145114646  0.28440995805119373  0.29485246288864758
  0.30546658989014225  0.31633116841581371  0.32734279609582750  0.33816257352171608
  0.34881680717125618  0.35945310367479799  0.37022083774390541  0.38058694236961832
  0.39086230775347525  0.40115083937424661  0.41186363434718243  0.42263898402828964
  0.43340981492238134  0.44386587890183743  0.45423168915227968  0.46450621917981011
  0.47494400461962449  0.48534762550902111  0.49586432445953377  0.50629548515060696
  0.51674511585588645  0.52718269374294113  0.53785496371585706  0.54865910610537927
  0.55948340340397607  0.57010061794141798  0.58050205114441467  0.59087130044666281
  0.60108157971163234  0.61128700095107380  0.62151701707554208  0.63175682324572890
  0.64206503246363467  0.65259904792390822  0.66321552920179949  0.67382182347768904
  0.68433609985570920  0.69509015687618458  0.70609558104999626  0.71700291118058868
  0.72785450370072624  0.73836859167087243  0.74868103029026534  0.75902176026487178
  0.76947248357828635  0.77979365287010916  0.79023995087667098  0.80076396820994455
  0.81120307890397969  0.82149994736022502  0.83166527500247223  0.84200267934625062
  0.85214808102764228  0.86221096825818222  0.87234672205032326  0.88271829294085979
  0.89300333079115402  0.90320002908466956  0.91315990057185947  0.92309180719772688
  0.93287559529755748  0.94258365631714347  0.95199813444747972  0.96148068217879945
  0.97125889840755819  0.98105360631852767  0.99195307941085908  1.00000000000000000
  0.00335515509810982  0.01143005668029333  0.02167589967670004  0.03163159377478529
  0.04211747413002834  0.05240547345975550  0.06236350041792746  0.07232227748460029
  0.08237233499212490  0.09258888511744960  0.10275008555887984  0.11297266604424089
  0.12316862971781692  0.13317150085300641  0.14329111343658785  0.15350526830591055
  0.16373212158567030  0.17391686415041749  0.18421359716600746  0.19460284675390849
  0.20502183448352052  0.21560243832656020  0.22626810345486006  0.23681413695556522
  0.24744998475046770  0.25797199372827057  0.26865687896032747  0.27933397366041979
  0.29024751442529462  0.30109060867362747  0.31187559437496609  0.32271561631708368
  0.33347942110238127  0.34419555840557320  0.35468947253338390  0.36512798176399425
  0.37552432113637763  0.38606620734227676  0.39657504959583689  0.40687952005751660
  0.41712973326908293  0.42753805227930292  0.43804786506839360  0.44835747153800221
  0.45867619036484214  0.46903030161379144  0.47937968875903497  0.48966160293927996
  0.50019452019763211  0.51092197632162994  0.52177093052620127  0.53239584743806101
  0.54322688139882236  0.55405454337370741  0.56484894744443315  0.57522146785850270
  0.58547277545477516  0.59580256771182605  0.60619306094529490  0.61652984614719308
  0.62688464494446483  0.63739862697452854  0.64800478023958874  0.65859288494620183
  0.66928419037882270  0.68000825904380313  0.69071774851482526  0.70138660542250841
  0.71210727110510841  0.72299274829516902  0.73388604379292588  0.74472305473036771
  0.75527492520658956  0.76570427357874837  0.77614056790627517  0.78640134696344610
  0.79645905892286595  0.80664494659517205  0.81719684344435650  0.82811219535824743
  0.83876688101036001  0.84930662287608782  0.85982484434185191  0.87061689687597810
  0.88134119684894818  0.89224658110209398  0.90246183427747584  0.91269165868959845
  0.92271840220866341  0.93317498838858581  0.94359968817081896  0.95410455822807416
  0.96484122955716223  0.97614230930376844  0.98772046773327693  1.00000000000000000
  0.00590879585228637  0.02013129304455662  0.03428697490592816  0.04664578762477726
  0.05826111872974116  0.07000356380337254  0.08129562664305676  0.09204426242735943
  0.10266571199647639  0.11371140976427044  0.12487423303773704  0.13574908003807504
  0.14642534033805729  0.15715338572924983  0.16806961614208610  0.17904409726088771
  0.18987119965975921  0.20043077040136578  0.21083719169703982  0.22126438113423921
  0.23184155589562205  0.24248021717656593  0.25318851810335269  0.26399686373216136
  0.27462499891251391  0.28519963661499598  0.29564102183076635  0.30607957410335662
  0.31646325771688161  0.32677089551836691  0.33702595462140789  0.34737816945579247
  0.35781173093282442  0.36826932999812723  0.37850237947552356  0.38863606350710611
  0.39883240517679863  0.40922671985107023  0.41952167646234917  0.43022326391298660
  0.44067839705367373  0.45145542839167274  0.46213918423934541  0.47288608341461258
  0.48343235773542664  0.49373880619582200  0.50392097808787950  0.51408689919856643
  0.52442252075395124  0.53472675851377049  0.54520694154135130  0.55586562456603639
  0.56666796567620781  0.57742078680251441  0.58791445304940138  0.59859028955987259
  0.60945113601164147  0.62036678626125741  0.63073680275241739  0.64090690895252300
  0.65103488389139774  0.66116329335556667  0.67122391961720551  0.68136705942986442
  0.69150012114600512  0.70168916564880279  0.71204184145390004  0.72222624896061938
  0.73222598854161913  0.74201229695417337  0.75202733906717356  0.76256564484320999
  0.77331809747582991  0.78384817191907485  0.79422981383237368  0.80429001526012245
  0.81424875059221846  0.82392818532759649  0.83369400022896700  0.84386239885555192
  0.85422523161347996  0.86448717056379998  0.87455187142333002  0.88461716149580960
  0.89490886676261427  0.90533696806446184  0.91564146571961114  0.92569959517423139
  0.93567530423333767  0.94562055042188375  0.95568058785540788  0.96533524960247474
  0.97480188659376121  0.98388072983346964  0.99166008831896446  1.00000000000000000
  0.00000045203902807  0.00000784362285029  0.00001278336157778  0.00001667211475353
  0.00002070075184321  0.00002489576001340  0.00002893995012035  0.00003291267329555
  0.00003693791828647  0.00004100014249102  0.00004498686296850  0.00004890979336667
  0.00005298733752552  0.00005719778652425  0.00006157940635664  0.00006600372392863
  0.00007046366388951  0.00007494484086435  0.00007958151356021  0.00008431575186328
  0.00008922732900703  0.00009411675923276  0.00009906327893627  0.00010414563888942
  0.00010939614716088  0.00011484070194962  0.00012048784811206  0.00012633633188075
  0.00013240218915468  0.00013874121576325  0.00014539455511732  0.00015252963387921
  0.00016014687927474  0.00016823037508714  0.00017664394569001  0.00018534665076857
  0.00019437966022434  0.00020336319288861  0.00021259276390308  0.00022204355185889
  0.00023181795083106  0.00024187798729060  0.00025235412834967  0.00026327349370180
  0.00027462785294934  0.00028635261576742  0.00029846011049592  0.00031124697760121
  0.00032497357792764  0.00033940057055833  0.00035462293953956  0.00037043809959542
  0.00038704247442055  0.00040441616672104  0.00042237243290648  0.00044113238807861
  0.00046090286289061  0.00048210368238836  0.00050460541525804  0.00052819145506259
  0.00055248618691739  0.00057806168382804  0.00060501527604543  0.00063374568403895
  0.00066489651916853  0.00069834589601844  0.00073502438556471  0.00077330724296714
  0.00081503834481901  0.00085941478947782  0.00090684625850042  0.00095880064275194
  0.00101468751769550  0.00107540404536392  0.00113958707054392  0.00121436048944940
  0.00129723048878642  0.00138546081244616  0.00148058004934460  0.00159094587277323
  0.00171769761924860  0.00186217603584811  0.00202615134785575  0.00220117442600779
  0.00238905968795976  0.00261871323235836  0.00290294961003219  0.00321790549743385
  0.00355241520679231  0.00397159138929688  0.00457126802452352  0.00537619372941574
  0.00644047075582487  0.00841053719691987  0.15090512675823095  1.00000000000000000
 -0.00250851849456058  0.01009746695126864  0.02046933567980726  0.03147655685624833
  0.04220509935009371  0.05295087626982418  0.06351188119222839  0.07413110745368150
  0.08513517283275041  0.09622954613384682  0.10718558668517766  0.11773143601279802
  0.12832909749235696  0.13891604353641274  0.14959927608132989  0.16017093337992941
  0.17074173301330120  0.18158569316252618  0.19251193520703994  0.20316244513129386
  0.21360936525571905  0.22395521001576768  0.23433857799391333  0.24465646921939493
  0.25501643345882075  0.26538877764002855  0.27584295533638403  0.28637163917746039
  0.29713346897895776  0.30821010730629900  0.31956970016853925  0.33088733895519701
  0.34194410318010093  0.35277755506255176  0.36355659502822152  0.37435209560025307
  0.38519000242330753  0.39621461357953947  0.40735963238603273  0.41835644795974791
  0.42911100745977154  0.43989768133417029  0.45097925361293484  0.46200893794064929
  0.47276312005222998  0.48323076422014105  0.49365609171186436  0.50402274864019680
  0.51447373031801424  0.52492112005375979  0.53554103943681886  0.54625189483834369
  0.55688948140206707  0.56707724198430798  0.57701178645042239  0.58704301928553870
  0.59741495455701366  0.60776558703772643  0.61825248118533394  0.62892213800506958
  0.63985275428602195  0.65056788026123202  0.66112232638811019  0.67162724475751534
  0.68196122743948961  0.69216052153679120  0.70225469361737092  0.71249843131417812
  0.72262686052656222  0.73282761670702556  0.74292300072396766  0.75309357583827841
  0.76330402959999544  0.77333350806506151  0.78367440041637426  0.79381825314535870
  0.80428556960226238  0.81483856230814056  0.82550781504665993  0.83589873492684041
  0.84601178031732216  0.85591066116737713  0.86592636070083939  0.87581739240456147
  0.88614465695424305  0.89647054747266153  0.90698224242147785  0.91747539463774819
  0.92789217847518579  0.93842524330233057  0.94871567753660102  0.95919871354824293
  0.96946583451884871  0.97977056683518371  0.98983652801747568  1.00000000000000000
 -0.00248846230110825  0.00974817991881547  0.02023476105841854  0.03129445115299086
  0.04167509673103542  0.05188010764481948  0.06213507520996764  0.07264832100467256
  0.08329405761071240  0.09377013635803563  0.10411127505991045  0.11450169786962842
  0.12489871429134601  0.13545561198562678  0.14600176405054391  0.15646936860449945
  0.16681621002224969  0.17742738734182006  0.18768930602431297  0.19812335165775083
  0.20843638386718277  0.21926655166200437  0.23037382288574548  0.24086193045529289
  0.25134886183740768  0.26155024733236276  0.27180509565549316  0.28183033722501366
  0.29177907598333869  0.30193543970358483  0.31237394550504766  0.32279257291280772
  0.33313209729939891  0.34352386406159718  0.35402815935248394  0.36454487762923421
  0.37535874004750891  0.38633275143742196  0.39736536202684597  0.40816815229996101
  0.41883905049897191  0.42951646047871095  0.44005933139292164  0.45043308023969053
  0.46065584515958918  0.47103016099961115  0.48154331998682370  0.49202757436133282
  0.50235949041238392  0.51264131232835120  0.52300966691861883  0.53340671424861785
  0.54377171990097728  0.55400118100803775  0.56424564278927614  0.57470694084524332
  0.58520768768043130  0.59570327397470602  0.60613554903708566  0.61661417952672737
  0.62704434993046654  0.63720157777001996  0.64719575389173156  0.65720820244191214
  0.66724066364775914  0.67724589260504553  0.68725419417784495  0.69751020197730118
  0.70827332665085418  0.71930478593065605  0.73029747559911429  0.74118850233766453
  0.75212016766245671  0.76301100776754849  0.77371565785912633  0.78428781695542260
  0.79493526344395882  0.80554283214324285  0.81618214803764755  0.82674832886339189
  0.83738082720620477  0.84813094420462831  0.85905736631533935  0.87004189292193079
  0.88079935812502819  0.89153731924212343  0.90232674432795867  0.91325329227766394
  0.92425813822361846  0.93520918028364031  0.94644420155069020  0.95756572371417814
  0.96852286689593758  0.97907458939551339  0.98965717339421355  1.00000000000000000
 -0.00222470107769215  0.00893619198294384  0.01920624083862899  0.02967987916254007
  0.04039831564427551  0.05104743678691517  0.06157724240554676  0.07208176362113103
  0.08243250985879376  0.09297628298852112  0.10334756420454323  0.11381063624558954
  0.12446564875556175  0.13503823713291985  0.14549990957933326  0.15605373984002888
  0.16669307603943459  0.17747024396510039  0.18775753452065075  0.19851686679618044
  0.20905315293389670  0.21975936693483397  0.23053693649512186  0.24106248387837856
  0.25179494501708066  0.26203044822586585  0.27244589337867775  0.28270268571906959
  0.29320336314374379  0.30384620373751536  0.31437295320524938  0.32477819785927597
  0.33541384461408463  0.34616641528713182  0.35701927928053306  0.36773381552588918
  0.37815032845367641  0.38844628457400293  0.39862057298493558  0.40911617796417482
  0.41953532204729554  0.43016803111813978  0.44087014697038368  0.45177471121141571
  0.46244865492998571  0.47263791883309630  0.48301995434045819  0.49331893663974336
  0.50372838892035821  0.51401123068278443  0.52456982086651738  0.53554912717985470
  0.54658729209632573  0.55729214640922786  0.56778987084267174  0.57818511899504910
  0.58851124280236711  0.59879197096415693  0.60963580655871508  0.62079582943303335
  0.63162546627322369  0.64198307347673822  0.65245404152358188  0.66315551913888382
  0.67362243551092060  0.68422568162912500  0.69459485233396734  0.70507925370280267
  0.71545482568569529  0.72590250256043465  0.73606720636262635  0.74642723217178530
  0.75653318939979164  0.76686460287120983  0.77683583214631147  0.78695110083701802
  0.79703673452125468  0.80742772651234884  0.81768714737424997  0.82790109232822862
  0.83818731814928482  0.84880398450472183  0.85970903701501855  0.87054565277045526
  0.88113074223676890  0.89148404306658446  0.90207527086980865  0.91300325349254685
  0.92375128632795334  0.93432257214358472  0.94494950613283524  0.95592786031704968
  0.96684448162659953  0.97782894255238650  0.98907462298317594  1.00000000000000000
 -0.00258251155059136  0.00982825254485678  0.02045881039603854  0.03128307340117446
  0.04208410599665573  0.05302863684318911  0.06377049252880250  0.07454226655765527
  0.08513601429406624  0.09576545846806306  0.10611045227023599  0.11655503732437537
  0.12697123278613559  0.13734039376736676  0.14766114893238041  0.15797584142718918
  0.16839672119234053  0.17876765640241082  0.18901905885426978  0.19925984725359597
  0.20955140323676993  0.22004448358590256  0.23045013353332905  0.24074692285429594
  0.25090216183204517  0.26119751021223564  0.27171191034088799  0.28262010006330535
  0.29341048185339513  0.30392402611295344  0.31420866064515912  0.32447272966657237
  0.33443978890467729  0.34412489839166482  0.35414113151053711  0.36474227774159895
  0.37506336591389133  0.38570297191993569  0.39607076232599309  0.40733021738191932
  0.41825827522279174  0.42922766032664750  0.43995599493153126  0.45063136193338521
  0.46129993569526928  0.47187699799478999  0.48276149008943731  0.49343398877303718
  0.50412478658889903  0.51436075708956297  0.52471133067183329  0.53538339784442313
  0.54587185128583449  0.55627415377046707  0.56695856702788372  0.57771306520015886
  0.58880024966489342  0.59950746362154350  0.61027784894778314  0.62050117205426381
  0.63098201281650335  0.64149093127572243  0.65201683965968427  0.66200289230759279
  0.67229482480657421  0.68264482536164972  0.69318411022993032  0.70361306538265322
  0.71397019706042053  0.72429477346942894  0.73498481910346047  0.74613596448949626
  0.75694060423616383  0.76769250958521895  0.77852871278236224  0.78952263910552511
  0.80002739250605281  0.81054603896136634  0.82088171613945182  0.83175644420560990
  0.84215624349941409  0.85252422072696787  0.86276919304003785  0.87311980038002435
  0.88393570183737591  0.89439606564575269  0.90495173862756950  0.91551092027184067
  0.92614127972300908  0.93684663710161520  0.94747569831099465  0.95785589830605433
  0.96826303171595873  0.97860208875303401  0.98926147516493956  1.00000000000000000
 -0.00226989024649684  0.00887376747187820  0.01868425517321105  0.02889277788996517
  0.03932235389530640  0.04923002820138323  0.05926306465996876  0.06943348298477717
  0.07955032410974762  0.08945898567970073  0.09952988749446624  0.10965932989905894
  0.11998830886713793  0.13012065170091278  0.14028966197469081  0.15047049725788700
  0.16064844678576545  0.17112886915467149  0.18162852227540011  0.19210612628432633
  0.20259789731917255  0.21319707721912545  0.22375076092726126  0.23437766428719090
  0.24485695163675919  0.25580696706363248  0.26662524600370563  0.27745762688311043
  0.28790635318587710  0.29822972436359468  0.30875834055916940  0.31961122341943776
  0.33058155379743370  0.34125319174852048  0.35143478947170204  0.36131034872792156
  0.37114611261058228  0.38142816290783449  0.39212475199014035  0.40262687026985849
  0.41282299886268337  0.42303664895510762  0.43344696599936394  0.44370321705763022
  0.45406985358603719  0.46446889262585661  0.47504930970960207  0.48531158722245854
  0.49579103822708098  0.50640485005371305  0.51694391123747951  0.52743635830865521
  0.53771999472958110  0.54825477492522467  0.55882378872147509  0.56962513587381780
  0.58058084390834941  0.59141551248328594  0.60197896996209577  0.61264699125282429
  0.62313747165675171  0.63347188692233880  0.64377039761246280  0.65433330319986105
  0.66507694082207269  0.67593222473373227  0.68674505600409241  0.69766441395967815
  0.70848450988957379  0.71930327586143217  0.73010073907036688  0.74070962202404311
  0.75143796615714620  0.76218006290536122  0.77296749686922883  0.78348919250611437
  0.79392278226657487  0.80450163896412397  0.81524928241322303  0.82609487845139129
  0.83707028293451136  0.84828661006935469  0.85934022655011788  0.87028486465380084
  0.88119800329889275  0.89211304364300126  0.90284368684040928  0.91365790280357695
  0.92445898098587853  0.93531150624769133  0.94582069507786659  0.95633259436410167
  0.96702521529986263  0.97795206892547881  0.98896692368971906  1.00000000000000000
 -0.00254459145399111  0.00964982240315305  0.01994767884275219  0.03081319107526577
  0.04166877393985948  0.05225475501540439  0.06275264148877890  0.07313925015821990
  0.08389874406353084  0.09464763413547653  0.10540779028402614  0.11541760427242825
  0.12564359964738922  0.13585268992028934  0.14630864079122269  0.15669937199755957
  0.16705397795230018  0.17747178849329076  0.18770551308164921  0.19788680053610108
  0.20811796802478541  0.21845330336605528  0.22891997701907979  0.23931614837840345
  0.24985052887988105  0.26023762648691756  0.27100989436863926  0.28172526626449618
  0.29239746086098972  0.30275791392877660  0.31302969250757529  0.32348943508970718
  0.33424700927770545  0.34477871496719226  0.35538083237496337  0.36616720078370796
  0.37678228332047770  0.38727774787127989  0.39762461254077847  0.40815901148887829
  0.41881007135131176  0.42918448048444963  0.43962671306328616  0.44999113308757344
  0.46032216239875340  0.47051134399107852  0.48079073862703886  0.49151459393053998
  0.50223480316722258  0.51296876959785509  0.52354229712304667  0.53417214311837591
  0.54487302754021516  0.55555856997451736  0.56627454857682191  0.57694542336244437
  0.58744990342335102  0.59793368469907138  0.60831165054071201  0.61906041846563753
  0.62969764482343860  0.64044446624322915  0.65108458751540488  0.66163058029233401
  0.67213293757872117  0.68283488542531812  0.69365205002181374  0.70438562638733693
  0.71494892545222055  0.72551303156927283  0.73612964745953779  0.74659131338532081
  0.75696853849629064  0.76723198598921816  0.77764986437453731  0.78817069969173081
  0.79884894247159977  0.80963402308226262  0.82026683604001915  0.83117646273581214
  0.84180512504327698  0.85258338670871447  0.86300267159678778  0.87336781066118063
  0.88384675245674227  0.89438087940636712  0.90491728600574195  0.91538505154809391
  0.92599352169415028  0.93685535807221887  0.94712109677984324  0.95752281667488481
  0.96779731361591348  0.97839462847665903  0.98908909567891834  1.00000000000000000
 -0.00247689402075682  0.00985988765025064  0.02024173243332092  0.03104279286025306
  0.04189573966589068  0.05290986382627631  0.06370540182221700  0.07403514985936693
  0.08437820312244849  0.09490890706008316  0.10562078523460074  0.11638963758740749
  0.12710570010761923  0.13770248496049559  0.14801765677243858  0.15832653969133081
  0.16883110077072142  0.17983289288213614  0.19053388124145740  0.20113906654768376
  0.21157526597206844  0.22242230616565664  0.23311292723725463  0.24334084875999104
  0.25322450227257370  0.26321668130954118  0.27330504362132779  0.28373988242361103
  0.29441881604825343  0.30561275961876949  0.31658017805113836  0.32744916037856625
  0.33823324441430030  0.34896307383438946  0.35926423834009374  0.36937167036883106
  0.37938357454413030  0.38932815599666015  0.39938802713754556  0.40955217509602304
  0.42005746001011612  0.43073074790368432  0.44126587314327953  0.45182876584090742
  0.46249204508953656  0.47319080454653961  0.48376894536131132  0.49404746997155946
  0.50443393363588296  0.51475478490260107  0.52516216838248242  0.53530118800150450
  0.54545028137864793  0.55573943979909124  0.56610785051580903  0.57669516625327222
  0.58745208219001721  0.59823799998098870  0.60894793856470786  0.61938567541628986
  0.62997319898230431  0.64036053202069143  0.65130629010170560  0.66220951522178828
  0.67338022280287591  0.68402404026026264  0.69465688607984866  0.70496528135853420
  0.71539331999254108  0.72568738338952798  0.73614804286834568  0.74656295301410025
  0.75705035640123708  0.76763195490328373  0.77805876339834068  0.78847401063379607
  0.79894109570359129  0.80967083120931227  0.82056297868446870  0.83140428894182850
  0.84224482954941848  0.85322618121785054  0.86385028698465771  0.87451569895961145
  0.88494579648784788  0.89538537837023446  0.90599659882992523  0.91629109080856963
  0.92671329994117757  0.93672419586261213  0.94706051388270940  0.95745543587563575
  0.96832910093353897  0.97902086449091696  0.98962956730782980  1.00000000000000000
 -0.00236948737294455  0.00941658665664480  0.01991098406232108  0.03108813849217867
  0.04225255386630863  0.05329943688544117  0.06388244153554472  0.07414761335834737
  0.08431050427454032  0.09441698744719119  0.10473703470738344  0.11501609618279722
  0.12534372875510980  0.13578898344928256  0.14651586612449810  0.15758895278478388
  0.16860423424879506  0.17920029711677982  0.18962761164993971  0.19996609516794950
  0.21031671589917619  0.22072007443539579  0.23119726352847478  0.24183830015767419
  0.25265502517655597  0.26330513996613025  0.27384643932343117  0.28406576125532751
  0.29469927712206695  0.30554453904055640  0.31633880322945201  0.32722927317222811
  0.33822828112467263  0.34918818172007365  0.35969229770388034  0.36981484077539728
  0.37992062207785338  0.39006753728721066  0.40042044844405683  0.41088824649966238
  0.42111827981121119  0.43122762335319759  0.44171467822093169  0.45251484252599011
  0.46324376710162435  0.47372915176814295  0.48415216730441679  0.49467417824357629
  0.50500842480254149  0.51519977635032632  0.52543222575536563  0.53571828921988929
  0.54614489314763037  0.55673611028543912  0.56745036916401526  0.57832364208355480
  0.58891336037149800  0.59919590872413375  0.60916903385498167  0.61918325076812808
  0.62970292205301259  0.64028065571267723  0.65099302832397954  0.66141229672395818
  0.67179487997223009  0.68214884416558463  0.69262387901452382  0.70323085250456852
  0.71384910545757074  0.72466637544341761  0.73550394968211641  0.74651721021816508
  0.75740328663130774  0.76817270270284332  0.77884663739846116  0.78921344034706031
  0.79969639490384292  0.81015433813087467  0.82084113809440507  0.83142415051478191
  0.84242319223489925  0.85335953780151896  0.86435696916457139  0.87496314057995339
  0.88577929168053859  0.89646470691205160  0.90711124242731722  0.91785095891743718
  0.92857260810038689  0.93923566084728638  0.94948824629190809  0.95976250177025446
  0.96977464076867992  0.98005655987798745  0.99003940471376528  1.00000000000000000
 -0.00241092386178077  0.00942309165837224  0.01931995117292269  0.03000108559857647
  0.04071474669351815  0.05205069390676512  0.06355823547350324  0.07466478458821360
  0.08568682590096142  0.09617531242237594  0.10658063736918347  0.11700769965461338
  0.12759668708532454  0.13810007661587742  0.14856333385027634  0.15914012477148259
  0.16981710559276056  0.18035821512285596  0.19075207865138213  0.20124757216588890
  0.21169370393942624  0.22215027555451838  0.23284512758915135  0.24347383420332902
  0.25416294569130149  0.26454850930489732  0.27543757809664421  0.28639390045395335
  0.29732108012901670  0.30780295812687247  0.31851796501896007  0.32944396111206820
  0.34023711105422361  0.35065724396715692  0.36089369054621112  0.37123374340337034
  0.38140829977481688  0.39159974507868223  0.40193503043759854  0.41237153409299765
  0.42279011839167530  0.43316609497729353  0.44353189624897865  0.45409379995729982
  0.46476300901258760  0.47539805053392575  0.48593729821710663  0.49654805166358029
  0.50733800596465106  0.51814021844046854  0.52885418456168010  0.53952169270851758
  0.55042316747665432  0.56128890343531912  0.57201808554110245  0.58247359381112263
  0.59322230205480031  0.60373823183556652  0.61387005824765295  0.62376381000049963
  0.63378232977000748  0.64387646448585534  0.65401799267437166  0.66411202443737560
  0.67449816782255734  0.68503476813684017  0.69560020732339056  0.70580875410943178
  0.71574777697058856  0.72555697655100793  0.73548584663516381  0.74542088872121803
  0.75570686992466130  0.76621558001498324  0.77681435483411565  0.78720236667096610
  0.79764402941116253  0.80808186603081589  0.81893574323664098  0.82999662224150617
  0.84105340181696098  0.85187669614556982  0.86277205373795163  0.87346465703577758
  0.88411332685034683  0.89458289010736614  0.90539671398991572  0.91605066476825392
  0.92669075658950784  0.93704956054069766  0.94752697136334429  0.95790996267448414
  0.96822166055053027  0.97863496314651188  0.98912891908788447  1.00000000000000000
  0.04843692270321565  0.24201849424245397  0.27198093816817176  0.28863474857993487
  0.30269654725207101  0.31517032255252875  0.32632718930373400  0.33674085393535585
  0.34679064998609910  0.35632160146799313  0.36547020798597935  0.37417196332365960
  0.38250867142582334  0.39041609098760294  0.39802891888512604  0.40544128176406452
  0.41272452513376628  0.41990501889420218  0.42697140539009520  0.43410130929512586
  0.44112577468906461  0.44800995673106703  0.45469423373967138  0.46126584883236366
  0.46777724414299326  0.47435379678591333  0.48094709355954840  0.48749403043000517
  0.49392790322085967  0.50024760808545343  0.50643253254952469  0.51255472051171869
  0.51864816031952532  0.52472794811525214  0.53074735187018929  0.53670077506725156
  0.54266954121553623  0.54868192822914919  0.55474533584058294  0.56085202176989568
  0.56688140609959192  0.57285945793002013  0.57879628124009774  0.58466989966766147
  0.59052101928704293  0.59639848630768910  0.60223821439238590  0.60806079263752022
  0.61386012808922263  0.61963114706624045  0.62535859383790748  0.63104652007410789
  0.63676655092793044  0.64249053620276608  0.64839554458319304  0.65428481068121147
  0.66014983188932241  0.66591292130662216  0.67154976701564040  0.67714255041269611
  0.68274046022486778  0.68842500686438002  0.69425141405499780  0.70013678359639164
  0.70604966278986503  0.71205177796301589  0.71813060963936615  0.72422663359785189
  0.73030174559268912  0.73636509846077769  0.74245846925602832  0.74863223151208969
  0.75496643136986918  0.76148612044508113  0.76812490491901231  0.77478600064770919
  0.78135473861323812  0.78800653587621261  0.79471155726159470  0.80173490823631510
  0.80880164483358430  0.81609713022131081  0.82354787321634781  0.83128612724998197
  0.83952002127084357  0.84806960830530254  0.85682447165719500  0.86585849285529348
  0.87521109365158345  0.88493339885062883  0.89535125808262062  0.90694941044054356
  0.92031659403918342  0.93641146141850107  0.95950341843391618  1.00000000000000000
 -0.02553813114367243  0.12172580198871510  0.15885118550859065  0.18074757520398835
  0.19778704341787381  0.21266635465105452  0.22575077714821395  0.23741438597838682
  0.24801155327920177  0.25798346984344739  0.26745305213118237  0.27667274349460358
  0.28543031353775633  0.29375876135439732  0.30150455315178160  0.30904991876181431
  0.31635989191182790  0.32341367750906130  0.33023230531804110  0.33685309769246374
  0.34329510082779874  0.34960674855135920  0.35595886392795140  0.36230348499342852
  0.36864099886953061  0.37483780020354629  0.38095079708893553  0.38697625823330151
  0.39303124347060309  0.39899030981667205  0.40479135450608278  0.41049904304337603
  0.41606818582142513  0.42158806277257932  0.42709700790041838  0.43259143617827633
  0.43807825332117950  0.44353297185881430  0.44898780429557050  0.45447416834311494
  0.45990726482054484  0.46527359292223713  0.47056253401467030  0.47585701823880400
  0.48121055580619893  0.48664376601395959  0.49212747556515923  0.49759277825379411
  0.50308203071063551  0.50852082945433608  0.51389859624081613  0.51920065933565651
  0.52445167977499763  0.52975295205643869  0.53510979208748000  0.54046937357654967
  0.54579266573079133  0.55107378144890984  0.55637558869984272  0.56176358586993036
  0.56727761077650085  0.57287644227996382  0.57850298166582526  0.58418567282710709
  0.58999191265811923  0.59586033490024026  0.60178630254357346  0.60776932629256841
  0.61371937243373842  0.61968416460468767  0.62574437943172201  0.63193760305300273
  0.63829347623089938  0.64475239400908502  0.65130556438983511  0.65791404045480473
  0.66461200792527142  0.67149564749850565  0.67855735585737276  0.68586723541398964
  0.69339720539182359  0.70106610123349022  0.70898493133932261  0.71715630407909314
  0.72563232350302842  0.73439582359351252  0.74372366337350260  0.75359422629112427
  0.76427712710170581  0.77587911332506976  0.78879020481910123  0.80327331363718024
  0.82013327826186067  0.84167166828253581  0.87771275191302145  1.00000000000000000
   4.8965490351866997E-005  -1.0000000000000000     
 T F F F T F F F F F F F F F F F F F F F F F F F F F F F F F F F T F F F T F F F F F F F F F F F F F F F F F F F F F F F F F F F T F F F T F F F F F F F F F F F F F F F F F F F F F F F F F F F T F F F T F F F F F F F F F F F F F F F F F F F F F F F F F F F T F F F T F F F F F F F F F F F F F F F F F F F F F F F F F F F T F F F T F F F F F F F F F F F F F F F F F F F F F F F F F F F T F F F T F F F F F F F F F F F F F F F F F F F F F F F F F F F T F F F T F F F F F F F F F F F F F F F F F F F F F F F F F F F F F F F F F F F F F F F F F F F F F F F F F F F F F F F F F F F F F F F F F F F F F F F F F F F F F F F F F F F F F F F F F F F F F F F F F F F F F F F F F F F F F F F F F F F F F F F F F F F F F F F F F F F F F F F F F F F F F F F F F F F F F F F F F F F F F F F F F F F F F F F F F F F F F F F F F F F F F F F F F F F F F F F F F F F F F F F F F F F F F F F F F F F F F F F F F F F F F F F F F F F F F F F F F F F F F F F F F F F F F F F F F F F F F F F F F F F F F F F F F F F F F F F F F F F F F F F F F F F
  <DiscreteSampler_grid>
  grouped_processes
  1 # 1 for a reference and 2 for a running grid.
  10 # Attribute 'min_bin_probing_points' of the grid.
  1 # Attribute 'grid_mode' of the grid. 1=='default',2=='initialization'
  0.0000000000000000 # Attribute 'small_contrib_threshold' of the grid.
  0.5000000000000000 # Attribute 'damping_power' of the grid.
 # binID   n_entries weight   weight_sqr   abs_weight
    10   10   1.187755349906787E+002   4.474837011163472E+004   1.187755349906787E+002
    16   10   1.187755349906787E+002   4.474837011163471E+004   1.187755349906787E+002
  </DiscreteSampler_grid>
