  0.00291966867631017  0.01320915488053970  0.02482759869613826  0.03656706005477367
  0.04783790274660241  0.05897467824378974  0.06980907570611097  0.08041117076870771
  0.09112755576926435  0.10216277886579604  0.11332578367300035  0.12347507847566901
  0.13312176814885779  0.14269516440157717  0.15315158485161154  0.16457776462522292
  0.17494926152085730  0.18567619453196049  0.19805160404958569  0.21157975112897703
  0.22354679443710626  0.23507748079407240  0.24583597751156325  0.25592366276983902
  0.26701841273894450  0.27874157356375140  0.29232339503423010  0.30484179691771379
  0.31686339692005316  0.32827264296879988  0.33944501326596188  0.34965343808358429
  0.35936202441198628  0.36861029206570523  0.37815610324892718  0.38837272169766679
  0.39937428508270117  0.41039075770095090  0.42135502413816023  0.43142528062651053
  0.44181312601207351  0.45167335504969591  0.46167394970675574  0.47145961442822210
  0.48127565918661891  0.49079101003513309  0.49955612976827768  0.50817063024338238
  0.51693304293840092  0.52552665769822915  0.53366386236023589  0.54162035916906870
  0.55159036846347320  0.56262998322562863  0.57373451759146843  0.58485031789737074
  0.59621310211437351  0.60748544640043145  0.61810436155477100  0.62851263941529389
  0.63882927619474750  0.64826184357681305  0.65834780508858171  0.66820856705921772
  0.67776678731719442  0.68685162064674965  0.69663147645167944  0.70705396552921573
  0.71765606510353319  0.72833615342049751  0.73966841504805203  0.75023819419160731
  0.76009833637198443  0.76981726418971663  0.77983693043324342  0.79009685967773979
  0.80004571983260298  0.80933490637754235  0.81837464875005128  0.82762780021047944
  0.83732069492036798  0.84780416039920847  0.85864658791399417  0.86976537151711419
  0.88122467411375771  0.89255572326275467  0.90370520051761982  0.91456916120332454
  0.92489431079421158  0.93533125528074579  0.94613409524393755  0.95681171260384235
  0.96730634091073331  0.97779923059299967  0.98860860035440090  1.00000000000000000
  0.00668129969379274  0.01741213729847987  0.02979304639749442  0.04240026448465097
  0.05355947478494642  0.06430951909281156  0.07522823203346976  0.08634365150227589
  0.09847618160819414  0.10972486006835933  0.12133567349251964  0.13312187058002395
  0.14461980311750425  0.15585896138581479  0.16622973077016806  0.17680145997128588
  0.18717683418354936  0.19742345924235283  0.20822288210061332  0.22097519159344647
  0.23314473156460408  0.24472374728993768  0.25477342404093745  0.26458792011201610
  0.27459247813320509  0.28442749454829658  0.29327833681160970  0.30146285258319416
  0.30976590924131342  0.32045322997513409  0.33145042959202586  0.34193838982567348
  0.35217990693932383  0.36307012613993722  0.37438749720599368  0.38502097643574046
  0.39492506873224165  0.40471338731816253  0.41499403669004387  0.42676251586618619
  0.43932647255440715  0.45216761903029462  0.46697176276256186  0.48049159627544785
  0.49187578993472036  0.50273054586201393  0.51367386941127224  0.52386219034611448
  0.53299778177741952  0.54230693431060617  0.55246941839137409  0.56337839241362198
  0.57493818301365884  0.58721289451419367  0.59949322606130340  0.61103275625927456
  0.62258838341915224  0.63420709165253852  0.64512852756766592  0.65427248952597861
  0.66313602283990802  0.67084797261052997  0.67854287343248265  0.68659687950780879
  0.69573921762381374  0.70559476791744091  0.71695273521908987  0.72900673793258297
  0.73957789148278352  0.74993817383701322  0.76083561255377619  0.77164368544139994
  0.78039030028492118  0.78811781069520848  0.79574288666843485  0.80310723381021110
  0.81132379911573127  0.82051457859809118  0.82940213271088881  0.83821411706150573
  0.84775361777208569  0.85720320353291746  0.86597374774336000  0.87437004723056955
  0.88317147964015230  0.89290147382237595  0.90395087650409478  0.91631105031830418
  0.92913403903395886  0.94186471177727915  0.95277660109657547  0.96299498986558307
  0.97246366324020916  0.98187481306173008  0.99186513156167055  1.00000000000000000
  0.00334766502096169  0.01139054259343053  0.02018773370132489  0.02945340316958711
  0.03869675001305080  0.04883524882207141  0.05913162547885317  0.06903950537588131
  0.07789102183799824  0.08795584143968053  0.09869222215220713  0.11097393431452920
  0.12224234711622296  0.13357790111923662  0.14462863639433082  0.15541514661160119
  0.16586227476656099  0.17600302168666229  0.18614642651639049  0.19613803776245578
  0.20575397230084566  0.21517064425493879  0.22441280414232617  0.23433455760466093
  0.24550480067382882  0.25662332942617866  0.26752736227565876  0.27889187053009162
  0.29068077560776245  0.30216093784572956  0.31264107265002333  0.32252892805550676
  0.33222565054619474  0.34182127448458433  0.35149157456043906  0.36082027566000985
  0.36967979949369140  0.37831227341285373  0.38742547656470838  0.39678871114650238
  0.40490117431842537  0.41256260526563920  0.42034293115337895  0.42923148022307994
  0.43762218489293436  0.44669901514720395  0.45656377801432535  0.46746321537163027
  0.47826297379693289  0.48807333598898911  0.49738160042976981  0.50735084257398777
  0.51726248521569407  0.52731573413357902  0.53745917986295044  0.54765099476065138
  0.55753215493072883  0.56676559198702881  0.57606981896603915  0.58594051855370455
  0.59611823121605001  0.60580230699207749  0.61548956364973306  0.62571421662485427
  0.63641408810966493  0.64626982976331804  0.65608601586076931  0.66595177181024290
  0.67640019258637962  0.68722383310072943  0.69737399330177452  0.70803512323078788
  0.71926573152667062  0.73159611659337520  0.74506271201645535  0.75823159438857424
  0.77073949435827516  0.78338136666397595  0.79608496272902296  0.80800842969330289
  0.81900822053521127  0.82987540398790238  0.84085579316265668  0.85228819521891885
  0.86470172130920731  0.87734477892955043  0.88969016945108026  0.90119623625733736
  0.91224641662150519  0.92384552462834790  0.93612253045332272  0.94786028821529811
  0.95932236808908167  0.97144126878787129  0.98495745723896744  1.00000000000000000
  0.00628135865476558  0.01869338755246850  0.03276355959822942  0.04555614417180334
  0.05721052149543912  0.06970511154824384  0.08175997839527624  0.09302676596055498
  0.10419506124772926  0.11419554420705519  0.12560524352222543  0.13555408900853710
  0.14700651973368151  0.15725305082723684  0.16726912237596825  0.17604403276735134
  0.18496170960360467  0.19405839398232946  0.20394671179883933  0.21321481759045113
  0.22185639596094070  0.22936040333298374  0.23725742924298560  0.24543737786533024
  0.25425768868345477  0.26254920831573691  0.27136292003433471  0.28139945679071099
  0.29251530868324022  0.30409482001365190  0.31538990235586889  0.32759978622001834
  0.33990074828409739  0.35234316617552414  0.36637560757992055  0.38012257642759467
  0.39314207746895274  0.40526680840694945  0.41740219850895721  0.42956853478849671
  0.44112785346874456  0.45212863430797468  0.46277395353239331  0.47343746185076763
  0.48416054606950704  0.49472219107839466  0.50510912117725526  0.51556505882246217
  0.52584758252617014  0.53606771481878213  0.54686798008909709  0.55777471645187249
  0.56721525485312063  0.57495606122060505  0.58294384763486373  0.59176807198896697
  0.60044789994309933  0.60928911454809198  0.61919768766553585  0.63086054031458427
  0.64277128408672679  0.65377094607069330  0.66470426626220946  0.67646393190001985
  0.68917579228686354  0.70178710473656281  0.71363010320266840  0.72500302806409467
  0.73626691978610259  0.74709911407319674  0.75709541217496257  0.76652809593629256
  0.77570508327753340  0.78487473608129610  0.79410691583696524  0.80380314163792166
  0.81407675773575405  0.82435310147360485  0.83475370363614754  0.84489342967857450
  0.85500682409861628  0.86504233149661158  0.87501673848181472  0.88487339245777163
  0.89435495370278817  0.90411870596032229  0.91413956549037989  0.92348738246206197
  0.93226128970846001  0.94058413277336028  0.94913559840388040  0.95766382127881000
  0.96668525945643768  0.97619661817993408  0.98687627202363959  1.00000000000000000
 -0.00007623837117539  0.00065130508487830  0.00147785840654475  0.00279148233224592
  0.00460680816574282  0.00673415975344652  0.00908155910030790  0.01177573734302508
  0.01449996340670307  0.01722293989234472  0.02038432772256732  0.02380546931419936
  0.02755932859534676  0.03171867688929476  0.03566177008802091  0.03957870371505584
  0.04395310952046385  0.04887437587315294  0.05440534831001448  0.06037748966255552
  0.06648395100526003  0.07259353600115251  0.07848158099612933  0.08409847485850470
  0.09001884267756766  0.09657939873472551  0.10389582636035781  0.11185472909557952
  0.12015144253965086  0.12826285205778198  0.13629946758537950  0.14423374688973536
  0.15207852130606125  0.16016875082931406  0.16866817274898538  0.17777397709371037
  0.18726612122562036  0.19646075433668839  0.20526717280721776  0.21406577103797264
  0.22278748008135793  0.23107314508604693  0.23895439349342690  0.24707630597868982
  0.25585673971929412  0.26507345620699924  0.27503213485788208  0.28559668679215350
  0.29644983814393910  0.30761534273865454  0.31864280971877212  0.32938029804225799
  0.33998231695973380  0.35036174855129032  0.36072094390437670  0.37068316846288074
  0.38070848849158972  0.39147251227783481  0.40250299550411650  0.41360596830825636
  0.42564430324757990  0.43888658568368777  0.45212050695386652  0.46437142299216011
  0.47572923142254442  0.48730894536444930  0.49935942998747296  0.51151041987384194
  0.52373853213750710  0.53650524637618036  0.55014241816827958  0.56476929229467543
  0.57974744057527738  0.59524802389279652  0.61405175838188686  0.63192150615295806
  0.65007985788045364  0.66729167855444360  0.68478921102246937  0.70250165813785270
  0.71968134859260136  0.73599978084880546  0.75162631034545901  0.76702709080341269
  0.78253260657236234  0.79833906222148843  0.81483764350964916  0.83283626855437509
  0.85282911551642848  0.87351392034166075  0.89398264079449763  0.91424915526195838
  0.93609601971439149  0.95771863618322717  0.97897231148839847  1.00000000000000000
 -0.00287020909787657  0.01119660405628701  0.02211123554344555  0.03181940482828641
  0.04124154362788760  0.05079247063068128  0.06136437898651257  0.07228817780339417
  0.08323730515360912  0.09329044929610253  0.10358247264813870  0.11334715285997747
  0.12321292080562521  0.13276770632050763  0.14219023934981076  0.15256049026323937
  0.16286914387462906  0.17349452508139748  0.18448110319764838  0.19643971758496090
  0.20827844074463950  0.22024959669270683  0.23158860927737768  0.24204333808267559
  0.25210573612784748  0.26206924680421351  0.27245585821150503  0.28358990678346357
  0.29495523204915952  0.30604615950043018  0.31616529080012895  0.32570975232493937
  0.33541736636505176  0.34467695514480468  0.35330719991200921  0.36161107611687082
  0.37019405404429062  0.37943806521819540  0.39038825283951406  0.40077109444649367
  0.41225593065134070  0.42431125830580080  0.43669271180543195  0.44862755028135454
  0.45989900639540771  0.47101945456138428  0.48270885707502104  0.49333580294245755
  0.50259642316583819  0.51218937129017994  0.52368160281334830  0.53713200709781794
  0.54928211741356192  0.56053328751016374  0.57114462998420790  0.58231197103363641
  0.59427426774867276  0.60591205176628116  0.61650364705613070  0.62597994174102023
  0.63479699612995133  0.64430001011039018  0.65478254510680844  0.66494637569176751
  0.67535374171498830  0.68560226911104394  0.69686976322864080  0.70850442350901799
  0.72033761599528734  0.73205753567249687  0.74355401179635827  0.75469283263743436
  0.76511480849992564  0.77548273946551449  0.78582414535548206  0.79601261331060891
  0.80642431557256422  0.81622200364133823  0.82619213483498721  0.83545689914025401
  0.84432098237633457  0.85309209675312547  0.86274212859576838  0.87309194029152970
  0.88379463663141566  0.89417558079024217  0.90543614371916603  0.91670960874959972
  0.92748094333317321  0.93769782850167038  0.94855045762580725  0.95849390660241762
  0.96858745221478759  0.97855462110032543  0.98873974611749293  1.00000000000000000
 -0.00196011320017333  0.01013669188638539  0.02159127417448356  0.03290041787819097
  0.04474837121632108  0.05720525592421014  0.06995222070326101  0.08329473677574324
  0.09669428632566002  0.10939710786251926  0.12131623272985816  0.13331430656004375
  0.14538115350297054  0.15594157079810556  0.16725040100330985  0.17807296648080340
  0.18996123197666007  0.20037497126942735  0.21035655742151241  0.22063297386394076
  0.23166972517263082  0.24330898049777444  0.25576077237208700  0.26980630328153421
  0.28397588517389588  0.29658824592590755  0.30780129073427692  0.31870086373636308
  0.32952648588126687  0.34007159326978437  0.35065709804146478  0.36179215558397798
  0.37365861929609873  0.38439898695097946  0.39420257821072274  0.40378319050452355
  0.41293239029138190  0.42248154845102087  0.43214967111622377  0.44365892895507919
  0.45654888553571171  0.46844603408380869  0.47936526305596328  0.49019735059420549
  0.50088400048252268  0.51105109005843763  0.52215739091340485  0.53446510956107740
  0.54603540824066477  0.55598325668103987  0.56493842091364954  0.57392236870574309
  0.58303902084034209  0.59265062205770813  0.60235240071111695  0.61276409060346260
  0.62330890867931010  0.63368535272213444  0.64384840200633375  0.65326422221544345
  0.66253785659237718  0.67270746947363957  0.68269852638927730  0.69234655457727234
  0.70165551416724381  0.71104405927655723  0.72119842010926083  0.73115772120077571
  0.74077477482868270  0.74977155748377589  0.75894751037865671  0.76887362803280956
  0.77965692104451290  0.79047465123054850  0.80044525435311364  0.81014143352070422
  0.81891151363241665  0.82715864407859174  0.83463096619954669  0.84213799849385063
  0.85127131167407644  0.86156391031177371  0.87033720992303554  0.87983494114507310
  0.88895223764844788  0.89784105182023122  0.90667429832614410  0.91599347072443060
  0.92642163033522884  0.93806347469213724  0.94912430889836230  0.95988458381688069
  0.97081693672615943  0.98095514736563394  0.99075490715774828  1.00000000000000000
 -0.00288520272820350  0.01212486407531980  0.02493052433574275  0.03663590574086120
  0.04873571640466926  0.06100834957642454  0.07244454007079892  0.08442317438081703
  0.09625348554246010  0.10752715653684948  0.11813644243248103  0.12883834954503168
  0.13985430808563196  0.15082361031542726  0.16209180159298858  0.17440207614740630
  0.18714593883774833  0.19851957522670524  0.20880901816347489  0.21861800072747559
  0.22828600750880701  0.23836753833409216  0.25024288493043939  0.26220519197826009
  0.27414386953967584  0.28673974329629542  0.30090308712461178  0.31465902430567033
  0.32683984387090270  0.33913320952263437  0.35158480872163123  0.36353117125947459
  0.37407220490383958  0.38326022769347051  0.39203843241010028  0.40061105313793022
  0.40951283422448576  0.41894142609160068  0.42895457449694496  0.43940906862100909
  0.45044574491657241  0.46155712773437302  0.47196787999142842  0.48233812558579903
  0.49179985864864645  0.50025491010472745  0.50795970872694907  0.51548888733190856
  0.52403146678507795  0.53327167885255589  0.54272175838242265  0.55142059673428889
  0.56014265592641799  0.57010604345388904  0.58112787768775409  0.59168215804782065
  0.60251109375216383  0.61371550725300916  0.62468848387641207  0.63566466225792928
  0.64656438097883528  0.65866685453951523  0.67126778521326713  0.68493191984976276
  0.69640754849243147  0.70777389975845495  0.71818746924820309  0.72869300700205153
  0.73828201015312345  0.74877844863973009  0.75966171791754811  0.77025903228570347
  0.78012322142688473  0.78971455669831603  0.79956676648721081  0.80964333756818896
  0.81989850889753557  0.82911898123817851  0.83804550347072537  0.84733015667788536
  0.85687572312623383  0.86627876445685781  0.87512275331050970  0.88347358932900100
  0.89168930571322402  0.90043551381304621  0.90933293504764423  0.91860876619102028
  0.92877826643874295  0.93943467395113034  0.95033082233386201  0.96124984727879981
  0.97274199873594835  0.98309000718030914  0.99194291338785301  1.00000000000000000
 -0.00219639610857628  0.01014039245405534  0.02051927549016168  0.03219864503410559
  0.04474321847648167  0.05942225135839124  0.07523406646459675  0.09045160060203356
  0.10564128259709812  0.12067573756123998  0.13571408393518780  0.15014823254444867
  0.16399712273801517  0.17718178331893139  0.19023700201670940  0.20343299639820367
  0.21614079937360822  0.22718613518172731  0.23790209565351272  0.24902419804088935
  0.26165334314642552  0.27387142799969888  0.28535913365137583  0.29653736791969032
  0.30914392669608365  0.32123177726091645  0.33269677138728782  0.34445364632077879
  0.35627463411392102  0.36863041715671241  0.37954255534606596  0.38952193982786415
  0.40089317048133560  0.41297659173245865  0.42453500206429295  0.43520348979097712
  0.44690013971353110  0.45925624332285880  0.47132232976985489  0.48271043263573138
  0.49396851974977085  0.50529204430555574  0.51646098817614650  0.52721885161085658
  0.53721961417023179  0.54664326285959786  0.55543757295042451  0.56431694630739826
  0.57406081453814639  0.58399647390396181  0.59307397657111527  0.60228451256644966
  0.61082534064025795  0.61960311623793363  0.62804769535142591  0.63761914476400261
  0.64729263827161687  0.65780961669847771  0.66765292630587869  0.67774481040861256
  0.68832553614926706  0.69884980913501005  0.70917693918935298  0.71896955309609223
  0.72841542506788282  0.73681742718518006  0.74559269103346792  0.75459940520954361
  0.76354633580164399  0.77273468684527058  0.78243812415060232  0.79224875403436867
  0.80190216058928665  0.81010517991533870  0.81789816655808034  0.82534462845162537
  0.83350202148789576  0.84163614694885003  0.84947288590722314  0.85730822912906557
  0.86605967286486052  0.87456061183345990  0.88370449537544393  0.89272138185939476
  0.90163138658188369  0.91035363696298677  0.91896371215749528  0.92748698916673733
  0.93583167634246989  0.94418114924985752  0.95301816439574349  0.96250104265657443
  0.97238143317523418  0.98203563356247481  0.99131611053402136  1.00000000000000000
 -0.00288100454006126  0.01123984658851685  0.02284990909519948  0.03409669021790303
  0.04502918074147468  0.05570121667803277  0.06591008030842636  0.07614872863306812
  0.08651713686031325  0.09760499264625708  0.10895490111603835  0.12094539408630736
  0.13233332013658702  0.14334258357031299  0.15411249535855107  0.16474276283442293
  0.17470829308574934  0.18344446908616482  0.19202086012303071  0.20088027083008717
  0.21073187137801760  0.22081997312015936  0.23113852601723733  0.24151462606557766
  0.25240722725270315  0.26357551567368509  0.27531591519240634  0.28835744642954225
  0.30101588619818520  0.31362035126321341  0.32646802518723422  0.33798246717183311
  0.34874585345083464  0.35905598604107980  0.36978159367167540  0.38114075350265192
  0.39289610008832293  0.40525376256213169  0.41664349253486777  0.42682856524536517
  0.43703028639143671  0.44762758155342031  0.45875111438061683  0.47014007255597506
  0.48191195148114474  0.49435772690880542  0.50682893925394235  0.51903010660924287
  0.53062216072786017  0.54125352180560860  0.55106723903913146  0.56064732454261956
  0.57035339373300264  0.58025696269590576  0.59037964243364960  0.59968915988387006
  0.60919400643213972  0.61931363239403292  0.63020723942484125  0.64162089492366403
  0.65220785164316575  0.66223581358559636  0.67271418117132376  0.68401932822804745
  0.69628648655061065  0.70780825602849207  0.71920799644778866  0.72992937057116547
  0.74018012984621329  0.74899577733597633  0.75728860848456458  0.76633979363440374
  0.77655306964385706  0.78735998080608638  0.79747431371256006  0.80826690208764196
  0.81988556836473436  0.83160429932171387  0.84215877741458356  0.85243566215152811
  0.86232898900205579  0.87246941533466493  0.88258612570978356  0.89335027207963547
  0.90350552688572949  0.91227411555958904  0.92032732175307652  0.92830875954977532
  0.93675119526087980  0.94590044993077882  0.95528822961221449  0.96481577863732093
  0.97450172513746480  0.98348147421634824  0.99185553995319475  1.00000000000000000
 -0.00234015306224589  0.00855050746425125  0.01898468882131029  0.02891577248469349
  0.03842178068152931  0.04734344656183989  0.05606488993243542  0.06572081139689206
  0.07599814443409680  0.08626376741745075  0.09593607792976060  0.10510555717282419
  0.11395610638055041  0.12266175017538307  0.13137704735303229  0.13992310497450161
  0.14901505131874337  0.15887151993950069  0.16868334889808723  0.17808793995384128
  0.18675557922775618  0.19571929574163449  0.20470076115080496  0.21366747406985978
  0.22295693713320697  0.23190144408524047  0.24048339570754226  0.24931008924253634
  0.25867149709417503  0.26818370367927513  0.27685538439227320  0.28565004460031962
  0.29561349557486982  0.30571411794944897  0.31445915390217194  0.32311242034916121
  0.33215182497021317  0.34409182528199961  0.35701985304091471  0.37077115914215886
  0.38396782190476259  0.39526991214283480  0.40557963869643177  0.41479407983983402
  0.42402820558247278  0.43487706159263773  0.44764864097487522  0.45960450085088017
  0.47112795554609554  0.48261707396618131  0.49457330833406832  0.50634149132700768
  0.51754936942454133  0.52831867798063203  0.53905073062559683  0.55046764912043744
  0.56198800863723952  0.57172570034189951  0.58049714834827826  0.58969445995035585
  0.59908570279515871  0.60870521851926174  0.61828371501242729  0.62897917541880133
  0.64107857219781417  0.65227095082295483  0.66418739520649051  0.67548139569329546
  0.68951080856753832  0.70123257558362573  0.71230037041572525  0.72208691693952720
  0.73289481001640766  0.74382961339305687  0.75488374535037239  0.76510287186865733
  0.77528926139673016  0.78485617242958383  0.79421110283050611  0.80360513218864538
  0.81376176296925451  0.82497868148428888  0.83610570032968878  0.84721775269478361
  0.85804910107609056  0.86913643839452015  0.88070408983011006  0.89284955671742150
  0.90536329088251366  0.91789672399880118  0.93088061933178978  0.94457612823201420
  0.95874469347960989  0.97275924294194449  0.98663134812195152  1.00000000000000000
 -0.00241052949164472  0.01070856654473374  0.02045839085417289  0.03031869763965088
  0.03961277465644876  0.04920745397209271  0.05806444045844159  0.06712517861934429
  0.07615136206660560  0.08577643243806940  0.09603363526744615  0.10665443827100241
  0.11804005661216056  0.12928559343769266  0.14040595397406841  0.15147401045636288
  0.16305951159205928  0.17457224369795171  0.18544469111364759  0.19660188346905952
  0.20755540532748706  0.21842849653440641  0.22950893422606464  0.24061551216449800
  0.25169213083193454  0.26100578009023140  0.27104475303134540  0.28148630566714899
  0.29164991697894926  0.30170313848434027  0.31212773566710550  0.32308418823315693
  0.33438903963549610  0.34525367371078214  0.35619109698256363  0.36642737371954037
  0.37687511861122197  0.38752079964229569  0.39796998369669484  0.40773395148114583
  0.41723159905801593  0.42603457766694430  0.43478803109055819  0.44418915030267531
  0.45373561544619329  0.46309324455705486  0.47200427363917147  0.48131205570885621
  0.49197517184582129  0.50272435331286713  0.51346643479413656  0.52386286396033488
  0.53362397422960250  0.54349117432727601  0.55403532671991651  0.56544932601913123
  0.57635691194486738  0.58701463608078175  0.59835959746330913  0.61013065492438701
  0.62281409697742895  0.63537355732597323  0.64721020449676170  0.65871238361526729
  0.67021519442895949  0.68184627397016262  0.69336954831827102  0.70429194879410018
  0.71452685188693965  0.72452945883049624  0.73497325730815255  0.74575574118893107
  0.75783246615590716  0.77013659534257650  0.78059507512237869  0.79033264822446314
  0.80025839416512301  0.81103644212903081  0.82115187861685779  0.83105802732542877
  0.84109021559918851  0.85186090955721405  0.86269904435889033  0.87308705070211212
  0.88421657143468346  0.89548308134573940  0.90622706270372677  0.91619213892733253
  0.92586129656533467  0.93598338676048654  0.94611736946353697  0.95576119042692631
  0.96577876760486392  0.97632565243849734  0.98770947727486347  1.00000000000000000
 -0.00093613141504043  0.00425685937020715  0.00948817530302426  0.01437440159497640
  0.01968449514087778  0.02526363382679303  0.03093784572633445  0.03640706215874965
  0.04191221691506156  0.04768173323848867  0.05372560259492851  0.06013571555826770
  0.06688889674387037  0.07375501453924679  0.08040112478115796  0.08669123336796150
  0.09310237999356920  0.09965771200192430  0.10614530722450319  0.11271379207747603
  0.11956899525452323  0.12671830156773101  0.13420136999394280  0.14140775154089691
  0.14763851652733578  0.15374045614174592  0.15973211180678193  0.16621969044984702
  0.17365982233596816  0.18078870934464650  0.18799849256960549  0.19491288915747976
  0.20204728708064601  0.20886595977559180  0.21544687064265894  0.22206053235775280
  0.22941186825403440  0.23712985347769230  0.24473105988620697  0.25244529243568598
  0.26076962420842853  0.27037797683860881  0.28145996728241768  0.29252462880724328
  0.30189328755760803  0.31047429993484521  0.31873302926718911  0.32735515939978249
  0.33661375812759636  0.34647432226771291  0.35634270686860986  0.36622431160244234
  0.37662192188148430  0.38781923430650866  0.39904019817303776  0.41014853162775700
  0.42145866127325726  0.43451414402398997  0.44849975060270364  0.46071594360211049
  0.47278623344020060  0.48441914366504524  0.49586509784437760  0.50760029666118522
  0.51882914729189455  0.53028893126249088  0.54312965494143528  0.55517383672276865
  0.56763619016863698  0.58036295204012756  0.59355996820254153  0.60622994143924547
  0.61811742851346863  0.63029786663140985  0.64257854222912103  0.65501176033987962
  0.66852873035709437  0.68516709764655293  0.70213464552757465  0.72106538548972110
  0.74129863745445135  0.75931876344535976  0.77485967290727131  0.79006142396534373
  0.80548333264146366  0.82272663160415194  0.84070512550867826  0.85773968868025841
  0.87417586695890614  0.89070288268034770  0.90860893730294001  0.92787905908123669
  0.94703194677525548  0.96493820169524824  0.98221789056104647  1.00000000000000000
 -0.00207304037718665  0.00931715124904696  0.01842477109480499  0.02792963999675200
  0.03728335912749127  0.04754565909687638  0.05720695356506818  0.06713150371012280
  0.07757828347558750  0.08888901625612569  0.10143432324221383  0.11044176648248481
  0.11911308301281204  0.12761103079162706  0.13750094530036003  0.14825068585302201
  0.16030534383293388  0.17254960975954467  0.18569518370526925  0.19761620633362656
  0.20963516831270418  0.22026261479541592  0.23066851353639004  0.23986832710373701
  0.24990734065472969  0.25957820122196767  0.26939111804199922  0.27909520889812112
  0.28963443255234456  0.30054603594454204  0.31196800311758260  0.32168488417194385
  0.33058491708469595  0.33904379958293734  0.34726216030517992  0.35582451075290711
  0.36410971328385128  0.37269896640206190  0.38168447376767184  0.39100877034323039
  0.40145589407119803  0.41360743769257879  0.42491582568791675  0.43540103085133564
  0.44585201779099426  0.45610961048534737  0.46636482654612421  0.47629526279284090
  0.48696696609642570  0.49902122927250270  0.51033073400156215  0.52171403955878115
  0.53318149001662796  0.54488241235410106  0.55694438513835509  0.56889431168536930
  0.58143621184512329  0.59279934454775207  0.60357261476129609  0.61388914366511849
  0.62341031737196007  0.63289076109951070  0.64269268027475057  0.65349352922165438
  0.66348128877086621  0.67321629458646048  0.68307311386197778  0.69473185242752977
  0.70723969813455556  0.71857168510559488  0.72946640575660426  0.74028090905430888
  0.75145674954063568  0.76281843345635847  0.77436882948160979  0.78735973354764921
  0.79777338698509259  0.80770195128666122  0.81826545556803632  0.82851352554485480
  0.83891887136494647  0.84946962308374607  0.86205094750264322  0.87394143423448356
  0.88401182402640954  0.89359438200175156  0.90375157722109789  0.91363896366370623
  0.92407139616800005  0.93440690532160831  0.94756863083182219  0.95843237606240694
  0.96840568237245572  0.97785848089745309  0.98861688125343949  1.00000000000000000
  0.13005976879015702  0.24670826433761717  0.27716703165910667  0.29643145404819787
  0.31225948799569192  0.32736489069033248  0.34193483276224007  0.35408374344742566
  0.36431684113654711  0.37360685278089567  0.38258704121272208  0.39144285000770912
  0.39997931639893902  0.40788648398400984  0.41561970240926283  0.42306039962557229
  0.43046653971078491  0.43793957094807612  0.44586562775293531  0.45361875641653315
  0.46103356420862834  0.46853279059867459  0.47596904362187525  0.48321466410494862
  0.49077722488641612  0.49840367308067690  0.50601256366324898  0.51319597776490800
  0.52015372836595430  0.52730569149043760  0.53462524843851156  0.54148401808442770
  0.54777024361047433  0.55383943883849196  0.55982931070235586  0.56615722062494578
  0.57278052565938997  0.57960837674380838  0.58626216783849872  0.59289752409843721
  0.59955748137118048  0.60639795762415083  0.61305127338444143  0.61940811651798489
  0.62567784806681803  0.63185619435385076  0.63789660867752362  0.64377567432100447
  0.64932291839466405  0.65480431549749707  0.66012868283258286  0.66565518083500497
  0.67125421770241500  0.67703712358971624  0.68363346313815698  0.68940329025763614
  0.69514752459900087  0.70061166183070844  0.70588094966768278  0.71189083032028710
  0.71766275004486424  0.72348802383851496  0.72896672746630631  0.73425033052971034
  0.73956645886246708  0.74474804001652706  0.75011464304669040  0.75582118600189940
  0.76205256835408741  0.76870089057367930  0.77502463594173554  0.78102053066420296
  0.78681658431433665  0.79285722141203541  0.79931384788464943  0.80522804103726719
  0.81095655399041566  0.81636145465816179  0.82206478521963577  0.82844312276283172
  0.83539124992104719  0.84250957386462855  0.84978025714915628  0.85723336527779015
  0.86499421077506355  0.87263718203564045  0.88099660556911152  0.88984136103745626
  0.89894937574355072  0.90899910900453329  0.92044366522336718  0.93354620023635970
  0.94630237390780436  0.95852475477603372  0.97321322792967857  1.00000000000000000
 -0.01880028327909971  0.12827363088791666  0.17366913207471898  0.20583867047384311
  0.23005349343796253  0.25110784187054652  0.27015758394587397  0.28859422031411541
  0.30467095168249075  0.31880892418141082  0.33232280878823645  0.34556943123377093
  0.35814064645334703  0.36944703125498135  0.37996537965075888  0.39053039524660166
  0.40257480185299560  0.41431277530621990  0.42466561473694925  0.43443492756269719
  0.44370209502410141  0.45392485396682181  0.46332065608347422  0.47198397788964513
  0.48004262579603657  0.48746515554051834  0.49466340317542928  0.50180711351154972
  0.50869468018090747  0.51543332661351238  0.52243124882575942  0.52974420025511382
  0.53706809260458965  0.54383145010596246  0.55020436255527383  0.55679614012965517
  0.56367869435871998  0.57055916900016845  0.57685208922284359  0.58250613509480653
  0.58781887774941599  0.59326007913054979  0.59920324784197510  0.60522394134992774
  0.61085139258229093  0.61640526928146588  0.62178796583958273  0.62678494494247838
  0.63140425489536067  0.63573440632044664  0.64018280582732601  0.64457452404645577
  0.64917176791967546  0.65398690537694115  0.65905476639185712  0.66445602253511082
  0.66988882462729726  0.67503965396768129  0.68014271304378127  0.68532648711114008
  0.69067434986065801  0.69601059675476484  0.70109445394253433  0.70608118721315372
  0.71154628370093875  0.71686260850466943  0.72205192162459308  0.72711201678942916
  0.73239587079112523  0.73808554452552788  0.74376443388324831  0.74942032551132010
  0.75478067723920517  0.76007643436347005  0.76554612390276400  0.77115845518601567
  0.77761737777281159  0.78403400675687318  0.79024550534666915  0.79662831592411776
  0.80293127253382834  0.80941285532618290  0.81593511947161756  0.82235815016295088
  0.82904366013785957  0.83620510461595610  0.84398889965184121  0.85223801949214784
  0.86035644779139275  0.86838270647708427  0.87724836717485721  0.88675150283086568
  0.89772885726080032  0.91526093593531355  0.94185259595892534  1.00000000000000000
   2.4682953173470116E-008  -1.0000000000000000     
 T F F F T F F F F F F F F F F F F F F F F F F F F F F F F F F F T F F F T F F F F F F F F F F F F F F F F F F F F F F F F F F F F F F F F F F F F F F F F F F F F F F F F F F F F F F F F F F F F F F F F F F F F F F F F F F F F F F F F F F F F F F F F F F F F F F F F F F F F F F F F F F F F F F F F F F F F F F F F F F F F F F F F F F F F F F F F F F F F F F F F F F F F F F F F F F F T F F F T F F F F F F F F F F F F F F F F F F F F F F F F F F F T F F F T F F F F F F F F F F F F F F F F F F F F F F F F F F F T F F F T F F F F F F F F F F F F F F F F F F F F F F F F F F F T F F F T F F F F F F F F F F F F F F F F F F F F F F F F F F F F F F F F F F F F F F F F F F F F F F F F F F F F F F F F F F F F F F F F F F F F F F F F F F F F F F F F F F F F F F F F F F F F F F F F F F F F F F F F F F F F F F F F F F F F F F F F F F F F F F F F F F F F F F F F F F F F F F F F F F F F F F F F F F F T F F F T F F F F F F F F F F F F F F F F F F F F F F F F F F F T F F F T F F F F F F F F F F F F F F F F F F F F F F F F F F F
  <DiscreteSampler_grid>
  grouped_processes
  1 # 1 for a reference and 2 for a running grid.
  10 # Attribute 'min_bin_probing_points' of the grid.
  1 # Attribute 'grid_mode' of the grid. 1=='default',2=='initialization'
  0.0000000000000000 # Attribute 'small_contrib_threshold' of the grid.
  0.5000000000000000 # Attribute 'damping_power' of the grid.
 # binID   n_entries weight   weight_sqr   abs_weight
    16   10   6.809480093789956E-001   1.418756801551420E+000   6.809480093789956E-001
    17   10   6.809480093789897E-001   1.418756801551383E+000   6.809480093789897E-001
    19   10   6.809480093789956E-001   1.418756801551420E+000   6.809480093789956E-001
    20   10   6.809480093789897E-001   1.418756801551383E+000   6.809480093789897E-001
    22   10   9.704612989930148E-001   2.918553293870709E+000   9.704612989930148E-001
    23   10   9.704612989930059E-001   2.918553293870630E+000   9.704612989930059E-001
  </DiscreteSampler_grid>
