  0.00339748873950767  0.01134213272950012  0.02130870453422563  0.03119739613334116
  0.04125598462429379  0.05116548177766031  0.06103287215592258  0.07110460970696326
  0.08157532908144328  0.09232921589817529  0.10312827208218073  0.11353459106593536
  0.12410852492229475  0.13437639151574171  0.14440276830788720  0.15479769599101434
  0.16544696788966257  0.17637410374574455  0.18703998799756877  0.19764473633637311
  0.20825358135456470  0.21869126380667403  0.22884631416542267  0.23909315007288515
  0.24908550687355596  0.25949855375162745  0.26978410518713847  0.28052787944774954
  0.29111972605247771  0.30203657713737025  0.31282189110479169  0.32310888633921370
  0.33308649078801206  0.34307522382265965  0.35358012674461015  0.36426637428333047
  0.37484715872350644  0.38540291176388253  0.39620211105375552  0.40692243029865344
  0.41765044307093913  0.42842674183848856  0.43909896472366944  0.44934112367309648
  0.45979975328875416  0.47042595520291541  0.48104372139481794  0.49126455977860534
  0.50166933525518731  0.51212241237981715  0.52260972382070070  0.53291004076304105
  0.54316735059495258  0.55338085584186369  0.56369312268162164  0.57413208852188002
  0.58478877181570643  0.59524378860912419  0.60557500095685912  0.61577464738643439
  0.62594809911304061  0.63658719268704245  0.64726519512425684  0.65810682255799413
  0.66876816460854493  0.67916754043441041  0.68957262226489191  0.69993774125583286
  0.71043733915435014  0.72098709404777694  0.73120088509277359  0.74146060239143186
  0.75158175203597355  0.76186486366648210  0.77215312684111059  0.78264366865578683
  0.79346653666850919  0.80461160036285706  0.81531457372501226  0.82579193511589888
  0.83605576927238257  0.84630776516916395  0.85659587118309932  0.86679911408048471
  0.87721362993829122  0.88789766918235047  0.89884846091594173  0.90964041462600842
  0.92052752830868689  0.93140958781974914  0.94223081503332207  0.95284113855521790
  0.96378691609475164  0.97501777534868472  0.98712224436987306  1.00000000000000000
  0.00702616348185809  0.01610182772533435  0.02744461052935194  0.03903435575789654
  0.05021081782512192  0.06136573813784414  0.07241953031591494  0.08339458427316516
  0.09421184863790832  0.10511234966989619  0.11568895518309433  0.12602971474366731
  0.13611711154675205  0.14647312992094330  0.15687829470433778  0.16701530393403863
  0.17715424757507112  0.18737029169072134  0.19792110606261509  0.20886672064879214
  0.21972740992667308  0.23024275049642115  0.24043101676974624  0.25046859004922023
  0.26049970019708429  0.27058919276596144  0.28088217112229991  0.29132436703156500
  0.30172684216074469  0.31218551914501436  0.32278099727730647  0.33354996981030011
  0.34435615408125858  0.35504918556955289  0.36554758010527810  0.37614117900510807
  0.38690483336516013  0.39762269696182062  0.40826512598718295  0.41884340355247351
  0.42951008255894568  0.43999959205222122  0.45029731985332988  0.46051795251828354
  0.47092501354827188  0.48163557537570428  0.49260134793432730  0.50373866180450466
  0.51476560987989439  0.52563029634041336  0.53631109744123195  0.54680908177041121
  0.55718446988677117  0.56746263317212209  0.57796257049006017  0.58854121152458727
  0.59912025100850530  0.60954103300105900  0.61985601455990846  0.63019519096483445
  0.64063679066443746  0.65124291403296575  0.66186799222654236  0.67242592424929604
  0.68296250622525323  0.69350655615578072  0.70410230201649537  0.71455274885925835
  0.72492049889638255  0.73517838715733774  0.74538160673147347  0.75562177893577409
  0.76588050419908149  0.77624350286627286  0.78673706753156281  0.79732156765007411
  0.80789797738623292  0.81822388273677660  0.82842821177647374  0.83868776387080657
  0.84914474624817626  0.85968226656008051  0.87012920318575049  0.88054791424585133
  0.89111791652939620  0.90161622811964737  0.91205862562931150  0.92244125222938633
  0.93303959003254433  0.94377023756635148  0.95424875493483907  0.96465408037006406
  0.97466241703556189  0.98403850462905040  0.99162076428669388  1.00000000000000000
  0.00361937211697144  0.01064944416425054  0.02040483193870547  0.03017393752502887
  0.04042447422196912  0.05058995012590194  0.06080126505153270  0.07085264280867416
  0.08080293836946652  0.09122027803576081  0.10161132630704600  0.11205474467006761
  0.12240895901070123  0.13302267175650559  0.14360045192513127  0.15387318444154865
  0.16427924274407019  0.17510696929408379  0.18584032938805145  0.19592420283095327
  0.20588891667640877  0.21612694537319219  0.22684889884788231  0.23725549011566663
  0.24772791395257956  0.25808253343427551  0.26875412533040433  0.27941442896619600
  0.29007652110303694  0.30051219898154208  0.31063061507098882  0.32072422564278963
  0.33085875948419025  0.34137808074377968  0.35199719729892093  0.36291252220598097
  0.37367432418478891  0.38459550027448447  0.39533605982851766  0.40600351370153176
  0.41646966602108543  0.42677543820456909  0.43722788819000141  0.44787875485220419
  0.45859466141434069  0.46932141769473501  0.48013216861335672  0.49073564625282345
  0.50117092255619522  0.51129897956534454  0.52166303392541868  0.53196076509503587
  0.54217499385455947  0.55236917660600615  0.56238541871158942  0.57245993596942790
  0.58265965864866953  0.59304001814945106  0.60352096102716579  0.61380847479976941
  0.62406811299029752  0.63427903500455352  0.64443886508339443  0.65462558483085220
  0.66483859512050603  0.67523419551932762  0.68568377215565246  0.69614741526445667
  0.70673336185069080  0.71763268621591869  0.72843334473730992  0.73890930074645300
  0.74906191322079807  0.75930945283921381  0.76956610280720206  0.78002916540836886
  0.79063923236724565  0.80132518675770881  0.81172554583211254  0.82205706892575192
  0.83235176147991108  0.84284938224326345  0.85342232846675714  0.86410644400933789
  0.87490566947736037  0.88593957244526489  0.89693582359213075  0.90778012662254115
  0.91834935855169841  0.92927415590090645  0.94042884984983544  0.95185512352667478
  0.96304855231302788  0.97461561929157448  0.98678615511860512  1.00000000000000000
  0.00524164387307024  0.02281862227192655  0.03873023195891116  0.05188582629994862
  0.06386189151602625  0.07517165316079946  0.08588008749271672  0.09675701531431050
  0.10771829393903910  0.11890466652716900  0.12978192569494015  0.14057282379322034
  0.15124249277527640  0.16187202061241185  0.17220620907750853  0.18255801800964586
  0.19292188896642054  0.20335625846803293  0.21376392274970540  0.22406994892178764
  0.23432217665054378  0.24437694037069121  0.25426067860475271  0.26400432398358470
  0.27390987419440843  0.28410453548186876  0.29439611563527374  0.30468652352451969
  0.31487568712129155  0.32496477901443749  0.33506351262503081  0.34531699430370566
  0.35582351425883685  0.36643988848992554  0.37711602366847696  0.38768824306874067
  0.39820978327999101  0.40872051747384108  0.41932525235543783  0.42994110870961594
  0.44046114567626121  0.45084362906640779  0.46094659060193743  0.47089084916900520
  0.48090488805816406  0.49099983752726473  0.50117716044649441  0.51134709471850459
  0.52155950480029334  0.53177522308345582  0.54203804226202568  0.55219729020366126
  0.56238358328806370  0.57243723658012280  0.58244231594914442  0.59253628055004037
  0.60276798454506364  0.61320935096150064  0.62366251248445559  0.63412699389964178
  0.64462127369575717  0.65487484943829888  0.66493003504812864  0.67492924882776628
  0.68517307812858441  0.69551793288614350  0.70599465173628284  0.71656664431476047
  0.72721070400546162  0.73754075550258913  0.74753947368706164  0.75747576050389909
  0.76774007034824809  0.77819349278651384  0.78854570137927804  0.79886619498825018
  0.80927540380614393  0.81986105340004434  0.83031343671106006  0.84076020726208855
  0.85127074048796170  0.86187618636156360  0.87236151851493215  0.88258906589798103
  0.89254596477778103  0.90247271830505227  0.91209508905374825  0.92174194958173095
  0.93121406783192207  0.94087788975682718  0.95075471037909198  0.96064802862019760
  0.97050319481783731  0.98014467717343789  0.98998725272640342  1.00000000000000000
  0.00000169179134769  0.00000622199648259  0.00001169235460149  0.00001644059754332
  0.00002096548390142  0.00002537746606915  0.00002971827098140  0.00003400660328289
  0.00003825509808399  0.00004231608003340  0.00004637537851543  0.00005045396859670
  0.00005458874844744  0.00005882801778913  0.00006313131861164  0.00006743646710321
  0.00007176815416998  0.00007619136669660  0.00008067326280535  0.00008524074031471
  0.00008989579719910  0.00009474803740180  0.00009980033535336  0.00010502306833092
  0.00011040915224351  0.00011589723059177  0.00012150535212641  0.00012722884291227
  0.00013312859568796  0.00013933679573469  0.00014592537718773  0.00015299695069862
  0.00016045732723655  0.00016825507112271  0.00017635089733123  0.00018470416317552
  0.00019336433291207  0.00020225927959500  0.00021137485628952  0.00022062460451122
  0.00023016597140911  0.00024006665401216  0.00025046040595216  0.00026123602929973
  0.00027224308585818  0.00028367991863770  0.00029537467872743  0.00030781474500329
  0.00032065962293296  0.00033403528556003  0.00034776363915262  0.00036194020039784
  0.00037668404483029  0.00039306037536231  0.00040931837903813  0.00042734296009910
  0.00044544633968298  0.00046462068617325  0.00048489806573462  0.00050631405201542
  0.00052911790585404  0.00055332589555257  0.00057948188436135  0.00060721853885559
  0.00063686135541208  0.00066843756686792  0.00070211964624183  0.00073789170954755
  0.00077489310651722  0.00081471060799865  0.00085822199819268  0.00090593532284653
  0.00095665485574459  0.00101087438974002  0.00106918575369249  0.00113168468830459
  0.00119815359173389  0.00127162447473484  0.00135143220044816  0.00143938235230654
  0.00153756760579747  0.00164796093475863  0.00177145842324009  0.00191168001997291
  0.00207616224290805  0.00227414997612452  0.00250152607780039  0.00276412102399259
  0.00307289164191252  0.00343196897878335  0.00388046645794574  0.00445118284835807
  0.00515507538776679  0.00614093124134639  0.00752827717102598  1.00000000000000000
 -0.00265020201437760  0.01046692216531252  0.02145118808077267  0.03232007689635921
  0.04327732509363791  0.05432549944242344  0.06532275923514091  0.07598380759489343
  0.08704612301463509  0.09830975686427641  0.10936754635763073  0.12010167457156647
  0.13089782571278000  0.14168920363241352  0.15212074999110595  0.16278766525414298
  0.17354087256326112  0.18457440695616434  0.19553163535088791  0.20614828752471931
  0.21664156724501263  0.22713389900282646  0.23811041166537142  0.24902430403359643
  0.25973617375439001  0.27031839598726659  0.28093884068486796  0.29148897259686285
  0.30201613170240665  0.31254984962396148  0.32307521582549870  0.33363900321602208
  0.34413673412897405  0.35469497035637604  0.36534331454380015  0.37598763708364646
  0.38637179404014532  0.39657729560663252  0.40666500352454715  0.41687934790252673
  0.42716067966145393  0.43743001208745996  0.44755523164898769  0.45780490382124439
  0.46834077896021609  0.47891851882875625  0.48931280161837276  0.49970623085852028
  0.51037332660634893  0.52114487381988694  0.53185986379844818  0.54259478746923107
  0.55336214633208991  0.56418037201043958  0.57489306289310982  0.58534043084456311
  0.59562615351192338  0.60608444586704335  0.61673670219368537  0.62731981655951163
  0.63763470173483427  0.64787796047918522  0.65826846620067470  0.66873225883744447
  0.67932993439857503  0.68994457683981802  0.70039150233521108  0.71070740510494057
  0.72111007919044579  0.73159919767935122  0.74205056030145322  0.75242384473696111
  0.76276741936295700  0.77321220306646876  0.78356778903584057  0.79380499652694259
  0.80405140595586977  0.81426165575981346  0.82459759327822968  0.83504074880565138
  0.84564448289552230  0.85629182250289149  0.86657882070947645  0.87689121124397473
  0.88723614332774214  0.89747010931261806  0.90784810624684154  0.91843577632475348
  0.92885416329296044  0.93889939114899446  0.94864337351906469  0.95892755000920771
  0.96908575602833091  0.97927471319408743  0.98961187355980973  1.00000000000000000
 -0.00249720850883183  0.00957695452333593  0.01992504682897574  0.03057729416510683
  0.04115154646593028  0.05160400701894661  0.06186910963591299  0.07242524892587836
  0.08313791121835012  0.09364474404386840  0.10366166106852522  0.11367031795691500
  0.12385307568859584  0.13445316605770219  0.14507519930805593  0.15562929335229039
  0.16612746638612330  0.17650358229393112  0.18691958393898203  0.19736489970047499
  0.20803420903764352  0.21879921139650266  0.22932691653999412  0.23985652309882233
  0.25050687461826054  0.26100170274149043  0.27135832899401902  0.28183282782329133
  0.29246169665431559  0.30290326804323575  0.31326177596445970  0.32388260059443691
  0.33437496269855477  0.34464129628797113  0.35499458578615856  0.36570323609782668
  0.37624477269955797  0.38667655664087230  0.39726386512897555  0.40824013484171917
  0.41932827222378155  0.43043125386113623  0.44123443223832265  0.45192534364915377
  0.46265693306697125  0.47334101688256319  0.48372860728530026  0.49376551722214235
  0.50389126118045591  0.51447704245828652  0.52500307640023447  0.53555715544564941
  0.54617292609563173  0.55692382132934393  0.56750691782992246  0.57763645735147240
  0.58805586594431491  0.59857273594555505  0.60905742306670618  0.61939546530561840
  0.62964792955531379  0.64029825471731505  0.65094851637254136  0.66183287567775628
  0.67260625892293735  0.68322770825468959  0.69382960976346930  0.70433614377356391
  0.71499618373120455  0.72535898057310455  0.73608805026775137  0.74701775256107661
  0.75785671959478984  0.76850199334776836  0.77923039307696695  0.79026287286318342
  0.80097648048582892  0.81147315698757605  0.82179086859548467  0.83237057874650955
  0.84287251194570634  0.85351389195574467  0.86375218925134001  0.87404227643638488
  0.88428075554623342  0.89475814993946456  0.90503251934566364  0.91530268588589714
  0.92578773587010088  0.93645484213076990  0.94712354990477488  0.95764692124240747
  0.96839187728734588  0.97907929478967748  0.98960806104812493  1.00000000000000000
 -0.00224603716281164  0.00868774551647921  0.01859645721023147  0.02913055548650673
  0.03976770519197059  0.05042281863218548  0.06096580658675584  0.07133690765082160
  0.08187031706136100  0.09244960919689021  0.10309027103914067  0.11352886819218588
  0.12401748027781291  0.13479969577458692  0.14553774505932476  0.15622173009072543
  0.16686477861442525  0.17762585654267343  0.18819227843678510  0.19836219970823854
  0.20848043255252960  0.21889664932530828  0.22934622118532294  0.23979039922905523
  0.25027720459073904  0.26066564494495220  0.27122871728040149  0.28148179030963311
  0.29187752725722516  0.30204853759435191  0.31227961420168482  0.32266317621930091
  0.33296576138035516  0.34309416735317777  0.35318318318442754  0.36375320179906351
  0.37464403046865957  0.38532161935373865  0.39590181306878119  0.40655644223473236
  0.41725924946651499  0.42781861001617871  0.43828421706052173  0.44869117930179181
  0.45931106986853892  0.46972234270538044  0.48022301373681353  0.49065422505217848
  0.50112504423519943  0.51157503804661486  0.52216260358391309  0.53298564076935939
  0.54387127401974611  0.55511107947111038  0.56630318793425327  0.57699905935162832
  0.58755876556563302  0.59809066714778847  0.60883591914533219  0.61935663172429900
  0.63019902121080151  0.64104589606369766  0.65206073934105480  0.66294588100204233
  0.67386956397300191  0.68458659333954930  0.69516586502302424  0.70570376080907404
  0.71622924523186327  0.72680057076242854  0.73733655851891133  0.74762877147475049
  0.75794100247806051  0.76799970813461094  0.77826312801768027  0.78855406436354947
  0.79940811846376059  0.81005967226545306  0.82061649621530641  0.83102978501983382
  0.84160723567488249  0.85219885022396080  0.86297094032695565  0.87383624656727688
  0.88439777558618360  0.89509390386303256  0.90570153291267597  0.91619924054636970
  0.92663936970383731  0.93686987376750319  0.94716543116522889  0.95710273218679698
  0.96776952155530260  0.97857723890740467  0.98927399192806265  1.00000000000000000
 -0.00257701475223684  0.01009684849684008  0.02063823896254844  0.03152551077659377
  0.04210234319619792  0.05295499423147921  0.06341541238887016  0.07384400045740742
  0.08443541144827330  0.09498707978113460  0.10538528181627872  0.11562251123326471
  0.12634440321963342  0.13750055468693953  0.14845034651868999  0.15880335966231421
  0.16867486846354218  0.17849269665624168  0.18832665834845633  0.19853287571395833
  0.20868634881583689  0.21936516109749832  0.22988854308135714  0.24061277912913262
  0.25119477884604652  0.26180326129529707  0.27229782636725414  0.28295283095446133
  0.29348630753826027  0.30404244363069211  0.31440300899086993  0.32455200613799556
  0.33487077524562020  0.34508700379544133  0.35562050166293507  0.36618505009739116
  0.37703712446840543  0.38772536291733012  0.39856184223499169  0.40943941416762464
  0.42034977504245447  0.43106809822682074  0.44160467190141783  0.45225722550450081
  0.46299170278580881  0.47401713066184881  0.48488459076196799  0.49574564188522185
  0.50660059917171341  0.51755796809709698  0.52822912421870560  0.53891905888232516
  0.54941314575858868  0.55999044238098339  0.57042958036200420  0.58085151917841615
  0.59107448842858212  0.60153157563067916  0.61185204282918326  0.62246401829022657
  0.63295280310697866  0.64355462303821331  0.65398691520062391  0.66417412096567474
  0.67453100230317620  0.68478150895453738  0.69504557320643878  0.70515288833866219
  0.71544493203016546  0.72586435189396514  0.73646131064659692  0.74712258542037335
  0.75747813893380578  0.76792074227254092  0.77838745695132383  0.78913582852654895
  0.79975714251638064  0.81024260634920797  0.82087448878704339  0.83152484399307791
  0.84223826052164807  0.85263252912081855  0.86282039285525758  0.87303593401057555
  0.88354606931518831  0.89427133559097127  0.90486354128460966  0.91552419528955742
  0.92626213609339625  0.93667489362923251  0.94677776961230620  0.95697739179687280
  0.96761296205125658  0.97837899271649154  0.98919708608830748  1.00000000000000000
 -0.00231194034264265  0.00908115413726203  0.01895903330712602  0.02904323705916666
  0.03930025672793055  0.04953514911586540  0.05990218359522460  0.07019602033939883
  0.08070622507766365  0.09102201801573194  0.10121030796447468  0.11108242025631877
  0.12096438564653007  0.13107709418648719  0.14147367494901844  0.15229024347738038
  0.16324646587370925  0.17384371713968949  0.18440488968231603  0.19474803964746801
  0.20548511685756446  0.21613423779408086  0.22703488259773813  0.23760870658279340
  0.24811565682402073  0.25825331419926117  0.26837867325869924  0.27833060277817417
  0.28838465594744572  0.29870099078924661  0.30938673751714962  0.32000273437592119
  0.33036620563512525  0.34068057968076088  0.35119984713194524  0.36176229911307134
  0.37237073379044155  0.38321533189119972  0.39409127561654661  0.40482885942537067
  0.41534577698243458  0.42570872161875756  0.43604487767965094  0.44634470052886710
  0.45658745118351396  0.46689783405751456  0.47744501710514581  0.48817700551661941
  0.49877286619142747  0.50919140492713233  0.51946158841913337  0.52964705019174030
  0.53991937716311877  0.55018751291869405  0.56051659486213112  0.57083881894265609
  0.58122963747836554  0.59174349738258858  0.60225911663594367  0.61276917642888018
  0.62337699151808623  0.63397652153535944  0.64457514696857576  0.65525639221234488
  0.66610198659539877  0.67714516352259146  0.68804101183991784  0.69876958502085751
  0.70929867732888996  0.71994809403870863  0.73069081392397450  0.74126855199434938
  0.75169471203059157  0.76212836038587162  0.77274984232406541  0.78340368485308987
  0.79388931117873807  0.80455053745398752  0.81520600282381284  0.82590151111506704
  0.83641493193880811  0.84686268767364214  0.85721057714003857  0.86773311867830849
  0.87878448188042224  0.88992505638221053  0.90088111522459891  0.91144318830645632
  0.92229520351236216  0.93325632734922759  0.94431648966463555  0.95562666503706650
  0.96683977971698343  0.97798595853560566  0.98901488083002165  1.00000000000000000
 -0.00247973400443507  0.00922811043792763  0.01912487774162602  0.02949606232738088
  0.03995212136840269  0.05106241599313397  0.06215031087525398  0.07283339782578872
  0.08296261413415766  0.09327274380597737  0.10343467766256002  0.11375057340056383
  0.12395241583394111  0.13420010947139177  0.14426883575243474  0.15440584855045383
  0.16459283437037406  0.17506719729520331  0.18542698757524706  0.19614177616994538
  0.20680554377146215  0.21746947099972494  0.22798695281422213  0.23856744987912337
  0.24911289167200218  0.25961193128871579  0.27012690158726849  0.28064714198929125
  0.29132346636308193  0.30171351092085447  0.31233182092554718  0.32255165941652897
  0.33276077634463730  0.34307191573858709  0.35336655124185962  0.36356492143830671
  0.37389889936301063  0.38473810844341388  0.39553343300476390  0.40626877409325723
  0.41691026074415966  0.42803226245707132  0.43896538696188003  0.45008738138059962
  0.46088570513711419  0.47164340421038858  0.48283913506404064  0.49446355920598589
  0.50528589441478089  0.51592690745311010  0.52642123601351387  0.53695982440899737
  0.54756003429411804  0.55809707420766608  0.56841366707676655  0.57870168741545280
  0.58938859241269814  0.60035789828598252  0.61076550760430304  0.62111747772466186
  0.63168670021309037  0.64274431003727217  0.65363893132569351  0.66464586560573180
  0.67541312830089895  0.68608885298363387  0.69646062594216374  0.70709634887330541
  0.71786831296169085  0.72837050023856320  0.73866246052644891  0.74892508202654096
  0.75965980625941032  0.76994837902190527  0.78056343891831848  0.79087613866501760
  0.80144521119895495  0.81195790556604608  0.82248780646437714  0.83299366264694297
  0.84317924285845625  0.85337645283185792  0.86372651491729391  0.87381789944208110
  0.88369689091722670  0.89379427965234526  0.90438456890785379  0.91496506468966032
  0.92539323320915190  0.93570771245948448  0.94672546746675090  0.95750016763666923
  0.96786197083183367  0.97827805171419546  0.98898731877963031  1.00000000000000000
 -0.00211276159404133  0.00870832396111992  0.01818839207937877  0.02817706966055956
  0.03836608772842060  0.04829490392553431  0.05878253382938457  0.06902973384424811
  0.07941614045951961  0.08964076007459143  0.09992236461230745  0.11052175948100647
  0.12102601295548993  0.13167543078261490  0.14205422319277111  0.15242922325583519
  0.16287576728251119  0.17356968361029895  0.18430028352509470  0.19512699557929242
  0.20584273175248485  0.21656542086657016  0.22727184667547820  0.23790073431726746
  0.24841247315733755  0.25887973771437400  0.26939733722538295  0.28001402802573494
  0.29089422207938659  0.30161665792281184  0.31210671039295979  0.32256513314970681
  0.33338982628572994  0.34447181380242975  0.35520989977301515  0.36564959639824429
  0.37612461127151431  0.38697852589770937  0.39803216191496310  0.40870603923549115
  0.41930478012619526  0.42973082304221188  0.44013664531424995  0.45023063195605406
  0.46043536002629426  0.47081321812649990  0.48157506442440662  0.49235584838919300
  0.50327391931071319  0.51404575303679079  0.52474569450463227  0.53534594177971406
  0.54602304103376365  0.55669400753878817  0.56738142344471043  0.57814029587116023
  0.58909330232256163  0.59983032785025725  0.61026725476925647  0.62074216472474453
  0.63170130758411136  0.64278838385621506  0.65350570645150974  0.66403166968596306
  0.67455459136223683  0.68522120368655348  0.69584085759424097  0.70647893231136238
  0.71696487046099688  0.72730938302208092  0.73779419931196177  0.74813010446273420
  0.75833884721393752  0.76855426629100299  0.77896577670284206  0.78946926768543413
  0.79958847043606063  0.80967765163737948  0.82017389233886462  0.83109743206602660
  0.84183398112594265  0.85243816205163314  0.86295858248154456  0.87371683638700826
  0.88434681143040794  0.89520483363567616  0.90606924967669678  0.91705548746220467
  0.92765158450762952  0.93818827722360176  0.94840109081064816  0.95876013397745996
  0.96907692753451002  0.97930294853712097  0.98964558012083415  1.00000000000000000
 -0.00232344533779726  0.00896369127556173  0.01879269381308427  0.02891460982569941
  0.03908200792093430  0.04966819084414703  0.06029080650988466  0.07100328449626470
  0.08166473074541900  0.09211239043762288  0.10259619156705929  0.11286219029685669
  0.12318640931394187  0.13316686194707880  0.14324119697833473  0.15356495031410833
  0.16433077289311984  0.17505853431822879  0.18555678453206770  0.19619851987685252
  0.20667224072033891  0.21719760925018272  0.22762818881243513  0.23828273432602970
  0.24908388828253300  0.25975883234070896  0.27018240579697689  0.28067991505071305
  0.29156038707364162  0.30254033653903001  0.31345508639080943  0.32440563494381863
  0.33547150762342037  0.34625379917657906  0.35687723465031396  0.36724775031654749
  0.37756513665594466  0.38785857800829704  0.39827610617540599  0.40874301676798402
  0.41951192965000172  0.43030988751486410  0.44129244366403458  0.45189127081764968
  0.46244668956658486  0.47276512959887795  0.48311890005966929  0.49343905126156357
  0.50403875044053081  0.51485177706963547  0.52568067704254040  0.53637385942360849
  0.54684883510797999  0.55727515037773268  0.56799493889368213  0.57856640098105794
  0.58904478190664689  0.59962176275256240  0.61031091312117336  0.62091247385373249
  0.63125587975616604  0.64177861806982595  0.65239697986736522  0.66313305082645591
  0.67404678664420181  0.68510273566419422  0.69592193005642100  0.70639541205435730
  0.71722077819604146  0.72825803374321318  0.73908126153548992  0.74956620441220645
  0.76009108693373872  0.77096946514599174  0.78180597590779233  0.79266468217277442
  0.80337341960691666  0.81392507655101898  0.82418849864755572  0.83439462943425047
  0.84468098287668747  0.85508032427386305  0.86551458255952374  0.87584269433535400
  0.88603226287116421  0.89643922226954820  0.90680538421029899  0.91713072813102159
  0.92712131621737748  0.93718051511476119  0.94731179110602670  0.95765513526692880
  0.96828537164173234  0.97897516903886761  0.98952892782714463  1.00000000000000000
 -0.00241221169919147  0.00953402041674038  0.01967141314083449  0.03036785182659786
  0.04083977700937890  0.05123839830434995  0.06140787810715631  0.07180275372907230
  0.08224380805228573  0.09270163603641739  0.10296960530767915  0.11328236896673718
  0.12372591812103785  0.13397131994380351  0.14433694290116578  0.15484239067995276
  0.16533734155678415  0.17589904093582073  0.18642680104027390  0.19695275997857295
  0.20733345781561835  0.21751903562633801  0.22781704858693622  0.23838581823832983
  0.24931582592249518  0.26018261055043734  0.27070000396762661  0.28103098095123802
  0.29147277471122557  0.30212553768266942  0.31276206251901090  0.32356268296538243
  0.33433956755114486  0.34510916869120423  0.35559688662618710  0.36623616113204366
  0.37678800243834559  0.38742792770566020  0.39793561466751742  0.40814410588287053
  0.41826718951272651  0.42846856513096720  0.43864955720597520  0.44875642450142617
  0.45898659756167981  0.46963341063142477  0.48052577096894133  0.49120879889204588
  0.50166742253102903  0.51208633539438353  0.52263529210028292  0.53358794219388783
  0.54453716768621008  0.55541482238916451  0.56632020068282718  0.57731596854440870
  0.58816921718331749  0.59901602490057582  0.60955242731624948  0.62018979503153460
  0.63071007653849676  0.64115685794253885  0.65150145696505912  0.66168449612874447
  0.67193080005248240  0.68233470125034090  0.69282261322262717  0.70367685566679006
  0.71429505273445948  0.72474674792771077  0.73533345782169512  0.74588856999384112
  0.75683379805400142  0.76759223023366474  0.77843244803862222  0.78918017723247824
  0.80007523098147237  0.81112970002811369  0.82219060650949516  0.83326654924991428
  0.84432969788125445  0.85527263534347131  0.86587594656192912  0.87638238111207956
  0.88719148322501296  0.89786226675180081  0.90842076375275804  0.91849250120554182
  0.92877956905263925  0.93910062028055330  0.94944981978258303  0.95936225114880591
  0.96938009165645889  0.97927654839416678  0.98978944697887028  1.00000000000000000
  0.10485046124434691  0.24635566371561871  0.27314721026547822  0.28921639484456796
  0.30266098161347776  0.31492240880019412  0.32634682166272849  0.33689701600379818
  0.34669634793492787  0.35593956826875245  0.36485850763003619  0.37352890977903846
  0.38192469131189166  0.39006745950139521  0.39793237439342194  0.40566120270927347
  0.41312150985589913  0.42056977183349975  0.42783286754913114  0.43512983534651090
  0.44228140286380269  0.44927105907290366  0.45620628918863104  0.46293879997733844
  0.46952618204169133  0.47600775385040794  0.48238429533604144  0.48874995221739742
  0.49514669375457687  0.50150724543908143  0.50777797568524274  0.51398058269256364
  0.52018191758439891  0.52633630947570309  0.53244775096853414  0.53848865334931528
  0.54438325193662096  0.55025768530074093  0.55620671861728377  0.56215372364756844
  0.56808784084967845  0.57395186183798330  0.57975937915300979  0.58553535763634068
  0.59127817208178235  0.59707090547671415  0.60290217683633607  0.60871257867763950
  0.61445120869396719  0.62007121572891655  0.62571511093296206  0.63135305162093114
  0.63700947290751020  0.64266724541280340  0.64840230651254938  0.65409909689816381
  0.65990315833414448  0.66570754441315760  0.67156074942662636  0.67744012661091613
  0.68333773477490678  0.68921134669721107  0.69512838075543293  0.70106446849459225
  0.70699746788958007  0.71291252740548461  0.71881647360609024  0.72472946961440421
  0.73072511114647098  0.73680978723378510  0.74293521875916368  0.74914891926112981
  0.75551484656557599  0.76205335216232040  0.76869200308786712  0.77527311209848315
  0.78180614342995347  0.78837558764744609  0.79501844273256383  0.80179955791517488
  0.80878334122007700  0.81604797357462233  0.82352188455720365  0.83125474441911629
  0.83928899746573804  0.84750832787344244  0.85594427562009801  0.86485895874672725
  0.87440526749184266  0.88453212966107331  0.89530344173236653  0.90697286853623948
  0.92011294516918019  0.93575503895056578  0.95832079594226016  1.00000000000000000
 -0.02521913772758052  0.12186042122449373  0.15842020943740051  0.18037651204034522
  0.19735310296836719  0.21181530494320730  0.22470477927473109  0.23629115088353192
  0.24710250634948100  0.25692822348060501  0.26610230008838215  0.27480657568366595
  0.28312363901568915  0.29133083084452632  0.29937891638327441  0.30716726245476889
  0.31470875938731901  0.32188163387363045  0.32891693446011144  0.33569038743284096
  0.34240601775343821  0.34897266657085296  0.35550653282705541  0.36180091726609287
  0.36794259266710544  0.37398904947652700  0.37993513334232204  0.38588179964212194
  0.39178214454979005  0.39766155887813942  0.40347987761004361  0.40920913025061251
  0.41490974307128498  0.42052230972442300  0.42616423019598665  0.43170946716734321
  0.43713019212571697  0.44251818428698148  0.44792800212202444  0.45336636925272789
  0.45877480950389832  0.46414264248554687  0.46951252739346921  0.47486277390795084
  0.48021723518061199  0.48547632563260690  0.49063870935293452  0.49572992426118623
  0.50087922863080903  0.50617842360834897  0.51146030583797797  0.51675628061460122
  0.52206427511810105  0.52740994805227470  0.53282686868096785  0.53821184282508716
  0.54353990025837329  0.54881904301915208  0.55412163514360158  0.55954032129603803
  0.56512921438251151  0.57082950192192217  0.57654973551948141  0.58224974662461837
  0.58797256326953107  0.59376070168356965  0.59953389395960766  0.60529634301836144
  0.61113402273719408  0.61706107521717668  0.62308425696627878  0.62927985968149469
  0.63552269099757608  0.64188695208119184  0.64824508331525432  0.65475860090895499
  0.66138682619712053  0.66823782025786371  0.67536213479372287  0.68264574250203769
  0.68996620515994633  0.69753671603996092  0.70528424642459608  0.71372084642235534
  0.72257080994907341  0.73191766259173463  0.74169642987225315  0.75222007611395736
  0.76347120625552345  0.77557960787125757  0.78876326109779471  0.80348077796619211
  0.82042695692858691  0.84143856858537436  0.87667073746753776  1.00000000000000000
   4.8495832877384745E-005  -1.0000000000000000     
 T F F F T F F F F F F F F F F F F F F F F F F F F F F F F F F F T F F F T F F F F F F F F F F F F F F F F F F F F F F F F F F F T F F F T F F F F F F F F F F F F F F F F F F F F F F F F F F F T F F F T F F F F F F F F F F F F F F F F F F F F F F F F F F F T F F F T F F F F F F F F F F F F F F F F F F F F F F F F F F F T F F F T F F F F F F F F F F F F F F F F F F F F F F F F F F F T F F F T F F F F F F F F F F F F F F F F F F F F F F F F F F F T F F F T F F F F F F F F F F F F F F F F F F F F F F F F F F F F F F F F F F F F F F F F F F F F F F F F F F F F F F F F F F F F F F F F F F F F F F F F F F F F F F F F F F F F F F F F F F F F F F F F F F F F F F F F F F F F F F F F F F F F F F F F F F F F F F F F F F F F F F F F F F F F F F F F F F F F F F F F F F F F F F F F F F F F F F F F F F F F F F F F F F F F F F F F F F F F F F F F F F F F F F F F F F F F F F F F F F F F F F F F F F F F F F F F F F F F F F F F F F F F F F F F F F F F F F F F F F F F F F F F F F F F F F F F F F F F F F F F F F F F F F F F F F F
  <DiscreteSampler_grid>
  grouped_processes
  1 # 1 for a reference and 2 for a running grid.
  10 # Attribute 'min_bin_probing_points' of the grid.
  1 # Attribute 'grid_mode' of the grid. 1=='default',2=='initialization'
  0.0000000000000000 # Attribute 'small_contrib_threshold' of the grid.
  0.5000000000000000 # Attribute 'damping_power' of the grid.
 # binID   n_entries weight   weight_sqr   abs_weight
    10   10   4.056535265530529E+002   5.133945196374262E+005   4.056535265530529E+002
    16   10   4.056535265530529E+002   5.133945196374262E+005   4.056535265530529E+002
  </DiscreteSampler_grid>
