  0.00311811543356416  0.01334472691582901  0.02278769700122463  0.03258123101922224
  0.04247196309151828  0.05198924354362835  0.06137600914503070  0.07160131910045377
  0.08226209412004838  0.09288274757348026  0.10326209891666925  0.11412329566205995
  0.12491692791305177  0.13473472673978218  0.14404296067190517  0.15421620595350291
  0.16555167749360925  0.17697163571481259  0.18769014475922977  0.19778909828767974
  0.20826341819354149  0.21628633979778489  0.22584266852594945  0.23524254896722246
  0.24450707962336007  0.25355733564660765  0.26309875591162735  0.27307233599007574
  0.28411138577799178  0.29579679271217535  0.30784809470310492  0.32039093373396133
  0.33117713275575228  0.34177258709893449  0.35235667710967722  0.36326730680516905
  0.37357801785088895  0.38359730839407341  0.39327863136760349  0.40312546261191934
  0.41342657038011987  0.42428643643857578  0.43473262059713247  0.44458632811852411
  0.45449542141944116  0.46454035078843847  0.47565280217814715  0.48571465355694132
  0.49599168209540201  0.50651527230663707  0.51755618698616157  0.52911040425979605
  0.54142923837835211  0.55290415610261767  0.56420347914274616  0.57374127131314467
  0.58308309305459860  0.59208535607900081  0.60125750787454990  0.60993503755605405
  0.61846714743086451  0.62744088980125745  0.63715871875524488  0.64679258224567626
  0.65618533293204295  0.66588723716270182  0.67604189064031228  0.68593717597160020
  0.69643632887739404  0.70807594952248443  0.72077831581717389  0.73336928609476115
  0.74480066777218690  0.75641497043850736  0.76819720676652525  0.78073734302627362
  0.79397570466662437  0.80650939074758421  0.81744297595906257  0.82707140113908817
  0.83692447841346573  0.84755482968202944  0.85805533927801536  0.86759306551461235
  0.87684416726981085  0.88613410082821109  0.89593399280529273  0.90601985973531829
  0.91666727505583812  0.92790788525738810  0.93932906235885771  0.95082674082135799
  0.96216628269433790  0.97328972151252369  0.98556926710009463  1.00000000000000000
  0.00718346369542590  0.01532776371644848  0.02616348178027693  0.03752477795527452
  0.04837977689004074  0.05973865284727507  0.07078957912813186  0.08183961975342188
  0.09237785125291702  0.10191170913604311  0.11117591236778593  0.12060116739215121
  0.13063201624424409  0.14082662364784437  0.15103418697702858  0.16134829541469262
  0.17124949950405718  0.18090021072949233  0.19109795636837554  0.20192284808793823
  0.21279507249415117  0.22395215794242834  0.23502363833866402  0.24688050410787876
  0.25881342183993483  0.27105998693255612  0.28411457254761091  0.29738383760164150
  0.31048734313058057  0.32329414430480896  0.33475383281468130  0.34456908826907900
  0.35416158379656776  0.36303202018520819  0.37189208702993981  0.38103038492862801
  0.39016013653068332  0.39960109935602223  0.40960534613400229  0.41963665439719039
  0.42937932463150763  0.43893640225721020  0.44853733639481369  0.45843740299460167
  0.46843179965320142  0.47807769394617533  0.48795311903011224  0.49819387615382416
  0.50857877969117460  0.51970643233473457  0.53086772398425497  0.54168991994297144
  0.55317632708596587  0.56480159883445880  0.57563017851201992  0.58665710746761324
  0.59768110565714982  0.60911740697554462  0.61998294963858513  0.63109752731471502
  0.64263577334721966  0.65382125502769017  0.66481697717940358  0.67529639827523991
  0.68608663986404084  0.69609572397192321  0.70613786888643737  0.71598872744359854
  0.72609901326875692  0.73613596674501813  0.74669895908633566  0.75473684715156353
  0.76225325317848980  0.77019082231523661  0.77983163465128569  0.79054094341354486
  0.80037530657173084  0.80977862527674283  0.82035557329587283  0.83112562628722297
  0.84071001690799196  0.84979562131238984  0.85887234697434134  0.86817150743007210
  0.87808811338649606  0.88928405419960510  0.90065679991996050  0.91237074386557759
  0.92366122821600760  0.93564432745475168  0.94575406098679871  0.95574258040365800
  0.96488849084717387  0.97319902923624513  0.98275718527726219  1.00000000000000000
  0.00285087298178858  0.01277882680412672  0.02347443604765567  0.03466629544194220
  0.04564844450526114  0.05666690105463772  0.06690943193246801  0.07717519837986533
  0.08748918621801842  0.09784692648442034  0.10842991851220844  0.11931844400073743
  0.13047045667283128  0.14190569159091534  0.15429448657801964  0.16675535708705919
  0.17908632316265199  0.19119422947073836  0.20360634730460020  0.21579151336258637
  0.22769324392701876  0.23823407357651696  0.24860598843257506  0.25929757143328480
  0.27066340076692330  0.28050311137455808  0.29028556309258857  0.30007653226305347
  0.31034946650445872  0.31986391867790098  0.32902878486138787  0.33896848824202908
  0.35154301420953488  0.36305634916378826  0.37442475904090067  0.38550645494521607
  0.39603249971214577  0.40575804769570495  0.41553754008879357  0.42660491627891323
  0.43838519222234235  0.44990894827793221  0.46131623894595941  0.47263748976358710
  0.48362677578717828  0.49402743607470995  0.50406101424907968  0.51401608092693407
  0.52443264726474070  0.53453515050590195  0.54430170726295857  0.55392250929034914
  0.56318556825881017  0.57169876572993883  0.58006193416382668  0.58928338110129996
  0.59926358099897781  0.60909446031956072  0.61793908791562580  0.62698075241505868
  0.63606740709031462  0.64649454237737569  0.65713043767517154  0.66678302434809533
  0.67619069642465557  0.68574071677865844  0.69599551729469056  0.70638153645120694
  0.71647273905411490  0.72596463704785152  0.73612234430829748  0.74716355774761500
  0.75892445115570362  0.77069570621150318  0.78148620081920717  0.79175784499835733
  0.80153935490708195  0.81131416657239841  0.82107666840932803  0.83104426485481631
  0.84108590885877010  0.85124230054289551  0.86171673640548785  0.87244362998590408
  0.88374588943085031  0.89521792227662711  0.90671973507781956  0.91768843687290913
  0.92871090330155015  0.93920935785627502  0.94878056500730057  0.95806614311394211
  0.96800714144104216  0.97744869904423881  0.98873822129813593  1.00000000000000000
  0.00615561408761872  0.01964605726867354  0.03295403830737965  0.04517070570315398
  0.05725840574709737  0.06915512552704704  0.08100595000196419  0.09296981829249355
  0.10532415908049711  0.11736346095900621  0.12933168180576721  0.14099095168176756
  0.15255296737091603  0.16373276461597666  0.17473517164547800  0.18582789706868766
  0.19692585941760782  0.20741054087946142  0.21750679413016302  0.22731607506149035
  0.23700576817304941  0.24694680776914885  0.25725420131739113  0.26753187345477858
  0.27761716300716055  0.28776383537450423  0.29826326248878210  0.30919791191720375
  0.32126784666746916  0.33311929334722212  0.34482835762488623  0.35537634718703504
  0.36635791738920442  0.37632357200950456  0.38584765381023300  0.39572536450738854
  0.40584813829424116  0.41620448403726240  0.42663596786313074  0.43807168470643476
  0.44983588800388391  0.46001267359689607  0.46938065714287813  0.47887696270071084
  0.48890989287689873  0.49933276396229687  0.50980841279959321  0.51985785311567101
  0.52952954849050737  0.53888543341560258  0.54882603735873692  0.55967003082912825
  0.57077031275814605  0.58121284483088809  0.59064617770940064  0.59966703038150659
  0.60831010736389501  0.61705926699279356  0.62673924705056183  0.63687771250057879
  0.64645970851246770  0.65551007488676660  0.66490401646669117  0.67499286449103324
  0.68512320866519205  0.69504730560623951  0.70474571440689526  0.71490625922005313
  0.72485702244959593  0.73458146754726816  0.74349675559812223  0.75268303368844136
  0.76220654718520919  0.77297365707647681  0.78493323325122966  0.79693267153879044
  0.80807708147076951  0.81855993191903087  0.82864297325307357  0.83861301326795745
  0.84823111523542638  0.85836714864307528  0.86864775291110441  0.87867284280583358
  0.88817665544297786  0.89785266485290516  0.90754702362278350  0.91702630168429167
  0.92619013514663318  0.93600096639482833  0.94685888142005303  0.95787227660516849
  0.96826851210983389  0.97818004731021702  0.98841460284857796  1.00000000000000000
 -0.00007962477973665  0.00078838659992187  0.00185289026980829  0.00350419535891145
  0.00560118917751384  0.00822808421020492  0.01131267963497209  0.01470915184647692
  0.01840637633750974  0.02271352032202236  0.02680869370219519  0.03132835301699750
  0.03651424560728960  0.04141011537108478  0.04652690671753282  0.05263308091346221
  0.05974917627453438  0.06732427411373053  0.07513138173531930  0.08247880333519159
  0.08969520623164055  0.09697568531639553  0.10456821678633661  0.11304027878143350
  0.12256708719060522  0.13179813122731060  0.14039432241399533  0.14845915376455115
  0.15759544805205050  0.16629917459058652  0.17523457451493663  0.18397205564878283
  0.19262266593203578  0.20130850362079569  0.21028467455236241  0.22024360032147799
  0.23014085241854906  0.24039954103713762  0.25200044562462065  0.26421569819071600
  0.27648459816299381  0.28865529280823077  0.30065274674556830  0.31247381788448925
  0.32446158181502849  0.33675685222205565  0.34906557393846577  0.36062932383782986
  0.37209631220575612  0.38327610589018174  0.39428106307323624  0.40553889419835032
  0.41745328935598736  0.42978171281878630  0.44275086590541413  0.45577789228391569
  0.46896527007981037  0.48252146664564949  0.49647601502074179  0.51039273871555590
  0.52528158097710254  0.53934947973145231  0.55291215932771176  0.56640922196752497
  0.58009417182042611  0.59370249262551766  0.60728629934257672  0.62051322117856633
  0.63329304470942394  0.64582655216837148  0.65828491558022573  0.67081214127557742
  0.68392149987170303  0.69698095774407953  0.71023831978336072  0.72347985086002264
  0.73690526065409745  0.75046844941717405  0.76371020670296885  0.77705314846927476
  0.79047919286814838  0.80450609019626729  0.81909880285322156  0.83390398602901294
  0.84839843554901484  0.86205069900779063  0.87563717482661962  0.88882458250061813
  0.90163333385872868  0.91450941405557151  0.92853458126633237  0.94268551616115459
  0.95668637416582525  0.97081538519769173  0.98522421031299823  1.00000000000000000
 -0.00192629997391680  0.00837705098607445  0.01688376270247782  0.02602625609028692
  0.03538567832799286  0.04523229195595731  0.05628698287603057  0.06717850241767981
  0.07859970479966907  0.08982887491440021  0.10098043267141783  0.11206650282224928
  0.12285357266734934  0.13395422398716464  0.14465824701141075  0.15555702599926902
  0.16642271118258636  0.17727781866278611  0.18809913698632541  0.19972895328053464
  0.21129565782971133  0.22235037267109550  0.23350854709856392  0.24458986557386952
  0.25486488415675757  0.26443435962268774  0.27441829982559929  0.28451706718773045
  0.29390616219455351  0.30224784855263193  0.31047242071143177  0.31917823400556006
  0.32863814351792370  0.33814781816810169  0.34748339552643931  0.35656317555418204
  0.36715312639007125  0.37729399808751068  0.38701495907651023  0.39627718777108994
  0.40579414657081431  0.41536261824581128  0.42510101467037936  0.43475707238465228
  0.44464926993975334  0.45501898793943441  0.46607163648948557  0.47672149324272023
  0.48673655606378874  0.49691790734931190  0.50742702034752996  0.51833895380413264
  0.52948857760231238  0.54141448513771739  0.55405087013322707  0.56670822841958801
  0.57919352829552861  0.59020638234163769  0.60110498703017534  0.61196613063675520
  0.62243915381001125  0.63101714715974366  0.63964565798338380  0.64924012154019195
  0.66085114038695614  0.67347338004817137  0.68557190211085350  0.69656300723580866
  0.70661221616871328  0.71666609808409698  0.72683957148043066  0.73717215592782781
  0.74740169807704371  0.75730587318121090  0.76710125335327306  0.77759632355886810
  0.78913973453075692  0.80135015124352948  0.81384843824178033  0.82640951174295030
  0.83873926553539857  0.85049233136409130  0.86117772746828325  0.87093583745653258
  0.88067269876224863  0.89095471061761566  0.90136816143122334  0.91142669875658511
  0.92189012609564391  0.93265675380230495  0.94300981801848438  0.95312922453511062
  0.96379944138951146  0.97601721385090268  0.98785162733371024  1.00000000000000000
 -0.00181348609400746  0.00797979377782651  0.01719475532180580  0.02683946557352985
  0.03743669448429618  0.04763701567829966  0.05772502461328888  0.06836792195754947
  0.07977183315817166  0.09069029243037281  0.10137128952304526  0.11210909144906553
  0.12303675738529868  0.13380989322685674  0.14427713006383738  0.15516687755045253
  0.16658671383370616  0.17797257989849558  0.18895622136615864  0.19926290888407214
  0.20960615209264624  0.22023521169935531  0.23135253340689119  0.24257755200540010
  0.25357755779366364  0.26446075070525094  0.27447647851536783  0.28422336323660302
  0.29374613417564305  0.30342714824957739  0.31348287028338179  0.32383422237452264
  0.33432235631834817  0.34459638343760896  0.35456560251669922  0.36456012585976311
  0.37511654059745442  0.38539853839543792  0.39510270570560602  0.40432722707463997
  0.41354305650500695  0.42331870727790649  0.43345726940335172  0.44376460805397072
  0.45388517523079341  0.46407559363195910  0.47493469295791579  0.48643227062594924
  0.49819791550989501  0.50923447399066057  0.51993118580924280  0.53088858062349831
  0.54174028125824558  0.55186937073166908  0.56206266912244707  0.57305024112763947
  0.58443043180807730  0.59520653341056018  0.60613899172452224  0.61691627215069766
  0.62775573243961713  0.63867381245309129  0.64915434981702047  0.65970050959423510
  0.66980312728129654  0.67984490165883960  0.69064461202225480  0.70205233476201712
  0.71319789697399405  0.72397719307233810  0.73451565750155490  0.74543832447922576
  0.75644555154163495  0.76656594178649706  0.77733980511096368  0.78827321305091147
  0.79914536312423856  0.81005021218533757  0.82074259995744059  0.83103429274103258
  0.84066436554572110  0.85045929286994992  0.86097979603599384  0.87274881701190388
  0.88477842058201728  0.89558891371359273  0.90544304508694129  0.91553757160242599
  0.92646304971994364  0.93829344233052248  0.94935703474645883  0.95987010491796843
  0.97023370977075007  0.98042521470553634  0.99025383093053498  1.00000000000000000
 -0.00292990561066082  0.00994165749352669  0.02122404608301295  0.03266360282067458
  0.04419411250582472  0.05600346023237065  0.06745036587398916  0.07887775185361885
  0.08937177887403983  0.09917561439090992  0.10909390424087154  0.11948145200823465
  0.13085102625545419  0.14183685548947136  0.15173995957143901  0.16171613169130003
  0.17111095712188898  0.18117327269717126  0.19094401071618150  0.20080509409829897
  0.21123887071536326  0.22188526618257609  0.23290292500771909  0.24338840442792267
  0.25490424928771188  0.26646641415909972  0.27729647235077637  0.28736113682031800
  0.29626237788958432  0.30484206241016326  0.31340874183613560  0.32252659838735265
  0.33209365891772025  0.34214628963783411  0.35262168063733068  0.36302995537605537
  0.37341258937976207  0.38319045118529560  0.39316798652905433  0.40314635119567754
  0.41252404391038627  0.42148647333260769  0.43052666356845892  0.44004623552578664
  0.45076680069455344  0.46141389651832510  0.47093387828372929  0.48003944597142967
  0.48872179027240592  0.49883721331988773  0.50796503934193171  0.51731858373660444
  0.52710973930712213  0.53952999927681899  0.55312536495183906  0.56550154046703560
  0.57704693077093028  0.58824368332015653  0.59975711372701312  0.61212881144633058
  0.62381288765250653  0.63473033742734541  0.64510999563646587  0.65515942067420807
  0.66581618603011061  0.67677730351005594  0.68835427174457997  0.69946608647704711
  0.71013873491842672  0.72088874110807344  0.73136839942039900  0.74184248188301838
  0.75311540774711760  0.76525535411797097  0.77729016278900853  0.78886992973756298
  0.80022649419757563  0.81124360933976780  0.82183392227031515  0.83202458451425709
  0.84275503837750743  0.85415115719050538  0.86546287178053594  0.87669343272218203
  0.88723603482728641  0.89744755482757177  0.90770980163087212  0.91775705423416809
  0.92769385546703875  0.93778952728669873  0.94828646147737106  0.95868192453618761
  0.96858734859091100  0.97857432665647159  0.98886044009676832  1.00000000000000000
 -0.00229602828267352  0.01000092484802137  0.01986240082378889  0.02931804973395540
  0.03929185198418399  0.05012360717400809  0.06155753511262913  0.07371882010401581
  0.08489885045612840  0.09571474664903092  0.10641122365216321  0.11718106345604973
  0.12763436373723427  0.13840180342392855  0.14993079789241542  0.16048072845291250
  0.17059782696830958  0.18059603173138081  0.19081218957528651  0.20302262823347167
  0.21449067723415657  0.22643994551260035  0.23797799437058589  0.24917912426747726
  0.25988880526334779  0.27116983734457717  0.28356092206490024  0.29546164358732779
  0.30539363846133583  0.31474131719037152  0.32412123692569295  0.33436522367497951
  0.34477755269208848  0.35502795907971568  0.36532049825763691  0.37574895092355426
  0.38610150000617627  0.39697714104758197  0.40766632591321089  0.41845280223283676
  0.42928534666905532  0.44055237560306998  0.45168386992479231  0.46246372859750251
  0.47284297392884217  0.48374832594410871  0.49537484848106467  0.50620830352643942
  0.51625360536605680  0.52645870559692098  0.53684938400016613  0.54705237484170544
  0.55686515470716325  0.56778867775688935  0.57994013239064202  0.59195493667693666
  0.60316481749814055  0.61314769239954869  0.62258545846617741  0.63169098527530543
  0.64100946581102403  0.65080312214528824  0.66072716684495514  0.67070944063961879
  0.68093306398944509  0.69129217142620347  0.70207920817508795  0.71212617145928758
  0.72216037432421942  0.73141141409526023  0.74075146220691879  0.75025743743297080
  0.76044579400070322  0.77065737505282905  0.78123703744366602  0.79193554307977598
  0.80235047998020181  0.81363295136143277  0.82500027261422437  0.83536926456131277
  0.84446482467596673  0.85421717984030798  0.86506314063653056  0.87651044613395235
  0.88546919868460705  0.89438740641912229  0.90354960357756187  0.91301827220836118
  0.92324925511087663  0.93396891602306964  0.94530150810049851  0.95647375653982925
  0.96784640209983863  0.97901950390623504  0.98955458456024381  1.00000000000000000
 -0.00225792435919085  0.00877732004313428  0.01825137948674910  0.02785089715783922
  0.03692203694421721  0.04677987774452281  0.05677685846592161  0.06700936798535734
  0.07670160337073156  0.08682039130233071  0.09667418327646028  0.10597609333053923
  0.11517824935291131  0.12487609705297385  0.13513748861075414  0.14483569587578249
  0.15549998409635410  0.16700990652212142  0.17913499332563246  0.19091246868804673
  0.20126458398013256  0.21058365464542830  0.21992462708734350  0.22983814895472707
  0.24033037469091931  0.25099527840615304  0.26164167834900726  0.27274405180827904
  0.28467642329163956  0.29686836162500319  0.30806711683251775  0.31939193566124691
  0.33112250765597562  0.34258875394428384  0.35394334200018879  0.36518133766861094
  0.37683243747491035  0.38689617119984754  0.39671160542408140  0.40607710425076948
  0.41514842610182423  0.42420357113853441  0.43378272792436362  0.44439731354100787
  0.45599469893207456  0.46860528046021904  0.48147747150163395  0.49339923979131689
  0.50450068007082649  0.51562196888890077  0.52652312665841905  0.53709253365968013
  0.54713876036281217  0.55671613530883379  0.56594018768955878  0.57513629072543360
  0.58471505486297626  0.59467825050916545  0.60461801702678908  0.61502396835900641
  0.62608981425701860  0.63784703791738695  0.64918985602857271  0.66034563233100119
  0.67208607849516844  0.68462146058254425  0.69669980050768110  0.70704395208010762
  0.71712901765229908  0.72723039083503394  0.73746560130078054  0.74819856829346820
  0.75990091582537411  0.77240646530746526  0.78450342902620251  0.79687125060020592
  0.80851076729763671  0.81987934934499174  0.83078668050913151  0.84254086207650547
  0.85373337121848236  0.86364897581857114  0.87250428834292260  0.88134065657187988
  0.89047473145737910  0.89958766187107486  0.90859985211615579  0.91792235114042531
  0.92718025465138476  0.93643540798765768  0.94557143813064715  0.95612785542297618
  0.96833394175593790  0.98009530045906579  0.99015817515109905  1.00000000000000000
 -0.00246774938434695  0.00942885244707923  0.01965109522124016  0.02879517627338025
  0.03823775923662136  0.04793231730124555  0.05719185259970070  0.06600816762276039
  0.07507729625431279  0.08476871682969676  0.09497429152000851  0.10436120766224230
  0.11347850764234946  0.12254030748055032  0.13166672743925889  0.14080389745660296
  0.15074669455085482  0.16115364815453712  0.17185046114534641  0.18262200490515007
  0.19400356101858435  0.20478275537064894  0.21609136698694575  0.22789504826828871
  0.23957192819686624  0.25131437890558750  0.26279924707357005  0.27396351747176628
  0.28540446598412322  0.29679670424440507  0.30811142094619598  0.31963414108931926
  0.33118969100261469  0.34402597446793132  0.35716294263770793  0.36947673484116744
  0.38135353675072220  0.39238765376682966  0.40262014844129096  0.41183267826724046
  0.42149950244605094  0.43189509062650894  0.44220516146307398  0.45209686099748880
  0.46226396534339931  0.47284540993671115  0.48330486796646033  0.49378217168863836
  0.50464338939854536  0.51522780770896159  0.52517847199276324  0.53483032453771373
  0.54426769753828552  0.55427898435431400  0.56402663509470607  0.57455692966756344
  0.58458044970238887  0.59544522898941432  0.60628757554611012  0.61781014174769555
  0.62960707687547912  0.64107890658543576  0.65287155249073781  0.66470025798270160
  0.67601418590171436  0.68657083443210176  0.69618727320987916  0.70600899002478801
  0.71637658733061116  0.72676099475739342  0.73609949399115293  0.74585464514305921
  0.75663912112689702  0.76953819484379882  0.78160808735753295  0.79308459114653806
  0.80560171449233109  0.81749531454426905  0.82930559854513586  0.84102790372500691
  0.85247367819352671  0.86208325688053400  0.87175450425005763  0.88175289067969287
  0.89217759146320474  0.90212243138572579  0.91216710064984530  0.92296182795588433
  0.93363525983393669  0.94363548230935790  0.95312093800963027  0.96231832504519577
  0.97113672898717496  0.98022537210378946  0.98949475153929556  1.00000000000000000
 -0.00261023595103635  0.01012214869365423  0.02195620717612263  0.03303379715574792
  0.04380265030423689  0.05595493481126484  0.06816558329736663  0.08082922641392001
  0.09388680454498700  0.10619907927246074  0.11590385510049002  0.12480517484418742
  0.13242363741975624  0.14063872201575509  0.14987438852912568  0.15861163394566732
  0.16681478952299494  0.17519490373943641  0.18350858821180244  0.19156720851705566
  0.20010329267913610  0.20932208892465026  0.21997287047531261  0.22987682391813227
  0.23919772743802045  0.24817859309803392  0.25769738900868255  0.26806049562572953
  0.27871322331037535  0.28940143234961424  0.30052709497657348  0.31239153422139887
  0.32490650901123613  0.33654279210517668  0.34715707083343983  0.35701559952373774
  0.36636077247727938  0.37565439553823970  0.38514988529975752  0.39496453123557768
  0.40541923252443968  0.41581712495091866  0.42578571495076489  0.43585372469565975
  0.44665722838848748  0.45725135637484199  0.46647573598796993  0.47540513886278946
  0.48557206299072064  0.49555495892685636  0.50544660127414565  0.51524433259191338
  0.52628736747789584  0.53801273238667024  0.54969581616059870  0.56075174379763038
  0.57279596617694939  0.58564541535197545  0.59965261690993887  0.61318333212658416
  0.62621347744228928  0.63852695149486471  0.64988608814450499  0.66027038546424455
  0.67047787775231416  0.68090714997124968  0.69137544207284352  0.70197980616818567
  0.71317592738917979  0.72439426537987672  0.73623578102854625  0.74757474991945627
  0.75862548470873736  0.76939947991951785  0.78072717116071899  0.79178726057951720
  0.80178037115217882  0.81085153226719908  0.81946582831031489  0.82820425707465339
  0.83757522293742126  0.84760287892763175  0.85783202871663566  0.86768568175858496
  0.87724244776480942  0.88693495777957287  0.89676492201410507  0.90661302752950845
  0.91670798842242529  0.92718610174178762  0.93806824422875856  0.94900559347040847
  0.95992236048910429  0.97140531251675655  0.98469642609612573  1.00000000000000000
 -0.00180020598755163  0.00739045716975049  0.01544360646816725  0.02394249067562285
  0.03270681933390954  0.04133205210962494  0.05010115296962184  0.05877863519384410
  0.06869376958224467  0.07922537417744890  0.09026604204426070  0.10038518434148534
  0.11004879185521542  0.11953126682155953  0.12915138303444637  0.13921345814064015
  0.14963221737075147  0.15961479985525726  0.16934949364622404  0.17837615908860741
  0.18851239033799683  0.19911948721502964  0.21054742039203569  0.22231401654986893
  0.23423212731546786  0.24573521649359553  0.25605716636128367  0.26540692726831028
  0.27514752623386923  0.28467740102704470  0.29414566713988510  0.30395129519134639
  0.31448507557267164  0.32513971703150041  0.33562352119655675  0.34643051226336008
  0.35736490907118856  0.36801499686287803  0.37902200828379579  0.39049632949927954
  0.40228410073976711  0.41366115926130292  0.42417107157965989  0.43460280231530563
  0.44547477145943148  0.45667703172722413  0.46665463403189972  0.47582549517227601
  0.48538255909648892  0.49568741484003870  0.50641576640480546  0.51756128676208579
  0.52938065094437270  0.54183711725520922  0.55513272931709567  0.56879318483978036
  0.58141310214101760  0.59372485761568261  0.60546001460778509  0.61682024592510487
  0.62787017337205575  0.63840716831967736  0.64891256864587821  0.65810141201142347
  0.66824027910553485  0.67806242415888596  0.68803442591404274  0.69794418151756410
  0.70775432792676674  0.71840031039073726  0.72868547010259588  0.73891752085779794
  0.74882293870150707  0.75931829752984714  0.77047391228415885  0.78169071150058578
  0.79277707717540391  0.80436829636827467  0.81681355863269067  0.82965920617502220
  0.84219406202552249  0.85450459137523993  0.86710186589429827  0.87920959445236058
  0.89062896539239644  0.90141632175680397  0.91220231560140530  0.92359083251714347
  0.93459465908460904  0.94458274721302904  0.95437525019577141  0.96438268471487953
  0.97453728731635558  0.98396670580900569  0.99215031262170572  1.00000000000000000
 -0.00214105765866061  0.00847066098710456  0.01837060623028659  0.02878961286326267
  0.03970100364277290  0.04946422801650763  0.05987561886713652  0.07068758173585139
  0.08195348987970258  0.09326721712474320  0.10446340308149533  0.11579823989417791
  0.12668453860789242  0.13674001302799788  0.14672897492368184  0.15702027100732827
  0.16788350678714681  0.17886476392168449  0.18896531125206406  0.19882930470030966
  0.20960220061034518  0.22174304106491063  0.23392534043467197  0.24531950360338464
  0.25738595857041463  0.27016283679518160  0.28243216954823724  0.29436389329228579
  0.30623248871293385  0.31798725376186610  0.32910442898749709  0.34043934832016809
  0.35179655229631990  0.36351976319239304  0.37466383469565501  0.38616184527360392
  0.39681318690784045  0.40706014012235070  0.41706048136214058  0.42685428278740550
  0.43737218787077448  0.44770009112602210  0.45853927545282103  0.47005319602490786
  0.48129740454320441  0.49253944638921504  0.50405442482400498  0.51589240944519077
  0.52815089843346763  0.53998359781505079  0.55046665346728552  0.56083403698143663
  0.57192206717443428  0.58288164889439198  0.59252933123386209  0.60173316698491974
  0.61169608379270424  0.62228904795079698  0.63236342121626310  0.64261630245653045
  0.65259956526902851  0.66285114006977774  0.67263521529340753  0.68256676792097526
  0.69222461791016254  0.70291920642292915  0.71473568593537362  0.72659656322497757
  0.73751375953976006  0.74770210610035848  0.75845726194935936  0.76940135777457996
  0.78109115117734729  0.79239268850033184  0.80219631897537635  0.81072722507017259
  0.81965375492278536  0.82903391669690263  0.83915541146780925  0.84900100412191393
  0.85962118530118325  0.87077772375603435  0.88105307835979274  0.89065158281726586
  0.90078399412671428  0.91204496494517651  0.92299862316396519  0.93262185035193534
  0.94144998690054627  0.94950991021677245  0.95787973575595675  0.96649974758014923
  0.97508696548730334  0.98324011688199009  0.99148326066743864  1.00000000000000000
  0.12027997561173723  0.21627708679754015  0.24536091539266805  0.26082812832734364
  0.27366524869865433  0.28462158000153565  0.29489776208847662  0.30440205959448768
  0.31332550427381550  0.32117549922994143  0.32871524737333069  0.33647401525481335
  0.34401837866295615  0.35141234502657531  0.35842139823859093  0.36502136848418448
  0.37150488910786922  0.37805343538862474  0.38483378369494275  0.39195249877211602
  0.39927822162960080  0.40644567242114138  0.41313945859484535  0.41933574681385383
  0.42504293643892821  0.43134622076142515  0.43791619387291336  0.44404848585631385
  0.44989346607126085  0.45593534128271002  0.46211603939306473  0.46910809490379868
  0.47588978358708778  0.48263846006545769  0.48882626326778422  0.49489182383928243
  0.50096915055521329  0.50706688829665525  0.51304576602496932  0.51896604213933750
  0.52495562134651874  0.53095820698991059  0.53711741497884036  0.54330822362497622
  0.54937198474907978  0.55552077229020724  0.56149327444809316  0.56717834867423844
  0.57291561717590478  0.57850429518825186  0.58433360232110054  0.59054516339422203
  0.59671602244322541  0.60314063455919409  0.60985887021604501  0.61638534703099312
  0.62282585989684291  0.62899687898011436  0.63461386858376923  0.64040323659746545
  0.64627545134379782  0.65230274667559751  0.65913380520816489  0.66630698877637851
  0.67307632036276432  0.67958234467982526  0.68619646598125306  0.69253707597792102
  0.69876811509616898  0.70465312083067111  0.71056242787968582  0.71631978862510837
  0.72229954159438503  0.72845403657527952  0.73540656170239649  0.74260800969200447
  0.75016476458047032  0.75817957989929019  0.76617865415973507  0.77452465077264787
  0.78364481416113563  0.79322008700501934  0.80328487383715885  0.81347351527821010
  0.82333971597035693  0.83334057357566982  0.84439218061451060  0.85632111862473903
  0.86842883613185895  0.88053193763515203  0.89346682740263594  0.90774100796125612
  0.92319237021162071  0.94086173006986484  0.96422584036705994  1.00000000000000000
 -0.02046936025700311  0.13405286628153826  0.18440711850080807  0.21599481357196640
  0.24182358465515796  0.26452575456326932  0.28435490584171857  0.30215615052606903
  0.31848840112238286  0.33400372804488565  0.34975564930177011  0.36367985972840544
  0.37704804432204975  0.38995797883156291  0.40244616754881640  0.41453582695238600
  0.42525030995427598  0.43521237951976427  0.44378041823444636  0.45217829546799798
  0.46096499071000191  0.47012997739641771  0.47897969670841123  0.48690447363607076
  0.49410712442789795  0.50118136958174164  0.50841216593668748  0.51554124986944594
  0.52252186631161235  0.52924769297351149  0.53577552509421167  0.54213158045026466
  0.54842066002806433  0.55452350949402185  0.56058953876017048  0.56664180633749439
  0.57296949619038540  0.57934830014736205  0.58547648667457408  0.59126146437390348
  0.59730802277601203  0.60379910305845985  0.61022007579050797  0.61656496102371317
  0.62263133931037784  0.62853835227928900  0.63429007056425935  0.63973722719458304
  0.64510175633705813  0.65087922206864546  0.65673494361964269  0.66282411676119912
  0.66861331345801622  0.67400857791479707  0.67888884451143572  0.68355085162019902
  0.68855907223176172  0.69350068571150880  0.69843577879486973  0.70357060400891047
  0.70856872970643037  0.71400461867437082  0.71987040828280247  0.72537775803846738
  0.73080721680705085  0.73638932061772566  0.74207603922283860  0.74786119578512689
  0.75337591311256558  0.75822535731033014  0.76282208750230762  0.76745371972936904
  0.77239510692077329  0.77794917412172759  0.78377127767890165  0.78920770604239676
  0.79402429513532102  0.79853270187903658  0.80315630088618462  0.80810770803034992
  0.81360870904466454  0.81994350527102855  0.82643604024606943  0.83307583506720828
  0.83992731163943646  0.84661484474989446  0.85324653318703092  0.85974038462429414
  0.86649137196217640  0.87437381136220471  0.88378982010676310  0.89431761908148222
  0.90620723071944387  0.92182437866081279  0.94525303976527686  1.00000000000000000
   4.2270812825613669E-008  -1.0000000000000000     
 T F F F T F F F F F F F F F F F F F F F F F F F F F F F F F F F T F F F T F F F F F F F F F F F F F F F F F F F F F F F F F F F F F F F F F F F F F F F F F F F F F F F F F F F F F F F F F F F F F F F F F F F F F F F F F F F F F F F F F F F F F F F F F F F F F F F F F F F F F F F F F F F F F F F F F F F F F F F F F F F F F F F F F F F F F F F F F F F F F F F F F F F F F F F F F F F T F F F T F F F F F F F F F F F F F F F F F F F F F F F F F F F T F F F T F F F F F F F F F F F F F F F F F F F F F F F F F F F T F F F T F F F F F F F F F F F F F F F F F F F F F F F F F F F T F F F T F F F F F F F F F F F F F F F F F F F F F F F F F F F F F F F F F F F F F F F F F F F F F F F F F F F F F F F F F F F F F F F F F F F F F F F F F F F F F F F F F F F F F F F F F F F F F F F F F F F F F F F F F F F F F F F F F F F F F F F F F F F F F F F F F F F F F F F F F F F F F F F F F F F F F F F F F F F T F F F T F F F F F F F F F F F F F F F F F F F F F F F F F F F T F F F T F F F F F F F F F F F F F F F F F F F F F F F F F F F
  <DiscreteSampler_grid>
  grouped_processes
  1 # 1 for a reference and 2 for a running grid.
  10 # Attribute 'min_bin_probing_points' of the grid.
  1 # Attribute 'grid_mode' of the grid. 1=='default',2=='initialization'
  0.0000000000000000 # Attribute 'small_contrib_threshold' of the grid.
  0.5000000000000000 # Attribute 'damping_power' of the grid.
 # binID   n_entries weight   weight_sqr   abs_weight
    31   10   8.716993315551754E-001   2.568457232083539E+000   8.716993315551754E-001
    32   10   8.716993315551745E-001   2.568457232083530E+000   8.716993315551745E-001
    40   10   8.716993315551754E-001   2.568457232083539E+000   8.716993315551754E-001
    41   10   8.716993315551745E-001   2.568457232083530E+000   8.716993315551745E-001
    43   10   2.172344642844127E-001   1.594227606884734E-001   2.172344642844127E-001
    44   10   2.172344642844125E-001   1.594227606884729E-001   2.172344642844125E-001
    52   10   2.172344642844127E-001   1.594227606884734E-001   2.172344642844127E-001
    53   10   2.172344642844125E-001   1.594227606884729E-001   2.172344642844125E-001
  </DiscreteSampler_grid>
