  0.00373640439618141  0.01054265689395937  0.01988216246735158  0.02942725408028595
  0.03964612177587060  0.04929045347857148  0.05881770219540738  0.06916793793452025
  0.08085718206001229  0.09203690796439880  0.10263101038213332  0.11328086451051332
  0.12390123379449489  0.13431813979313398  0.14506148672512736  0.15573471919111945
  0.16680049461529065  0.17736318505045448  0.18781237100143877  0.19793245691481204
  0.20803248282453643  0.21770952425171677  0.22724650417566009  0.23709759090796015
  0.24720968260487128  0.25692425847197142  0.26646314922609421  0.27603926149936975
  0.28553425275630401  0.29438004687939706  0.30295110827485339  0.31219872251629444
  0.32226614406909804  0.33246785963923392  0.34241251330879430  0.35251018184768373
  0.36317268969672739  0.37383603235975643  0.38375996458078027  0.39345106671507479
  0.40347239170849264  0.41372516054591424  0.42439204228805544  0.43546485786956901
  0.44646527032505229  0.45764003466468145  0.46898703141286036  0.48011961216360799
  0.49125060170876728  0.50247952954466124  0.51424431000315385  0.52568786640504583
  0.53670347574908406  0.54737003808888707  0.55838201904391060  0.56969608949269557
  0.58086370557794920  0.59178645802532670  0.60199524922517555  0.61339060848014748
  0.62485963599433980  0.63642692920500832  0.64725510115424312  0.65726361200467098
  0.66738637529928146  0.67746982690299418  0.68786588182325625  0.69798746115685717
  0.70837353722371910  0.71935142077486713  0.73043513728919851  0.74127888019884747
  0.75205164121157253  0.76273279331762722  0.77364094866536826  0.78445288306462413
  0.79558972099290703  0.80677917389652143  0.81793216276326586  0.82898403574621038
  0.83970757647427630  0.85008244850467385  0.86047078728896764  0.87095975118542013
  0.88116877273261784  0.89108024445011935  0.90146098085213766  0.91219258525002289
  0.92270353490702894  0.93332382019991988  0.94399899368222207  0.95457062931588987
  0.96532717312189242  0.97602804960061063  0.98766294967416735  1.00000000000000000
  0.00667084136028184  0.01709303973179303  0.02892251143379836  0.04107118671847772
  0.05299099300496576  0.06415393064885264  0.07470290855943992  0.08531870930427514
  0.09515470163716905  0.10595816799449241  0.11620310877795356  0.12559967061625277
  0.13485033766309937  0.14456502636027055  0.15466472983464469  0.16471380585583120
  0.17479908399543578  0.18499943614767514  0.19494369943136713  0.20483403961935928
  0.21502688051576505  0.22538245736726889  0.23585672917899581  0.24642295523058499
  0.25744804404578631  0.26861569341327329  0.27938396417596761  0.29014928455555600
  0.30110044546079712  0.31192893597032212  0.32264436017072556  0.33335533218862112
  0.34429518632031014  0.35559718318646333  0.36734614951795952  0.37905945186177603
  0.38987770464733862  0.40040706788871566  0.41075668154607486  0.42129750862216231
  0.43198690697920777  0.44274507111205091  0.45359713599496443  0.46438903443663859
  0.47490081429208086  0.48527664810901761  0.49576522280795615  0.50643572755858757
  0.51720060267467227  0.52801159617945936  0.53911354002298306  0.54985088261675841
  0.56024882065410841  0.57074543974266112  0.58083896053994133  0.59111688487262581
  0.60123828053374706  0.61138938561656431  0.62131628539615691  0.63124226937825001
  0.64130089412005586  0.65166589606077974  0.66273533611009305  0.67409861106569502
  0.68502794732172534  0.69456650043283485  0.70333614011449008  0.71276416197513615
  0.72228342209871521  0.73174890029631989  0.74119636179555681  0.75104932491110976
  0.76179212061721302  0.77269324672422190  0.78299308244347599  0.79343699914601207
  0.80464297907831506  0.81517861808821623  0.82494457639536445  0.83456277874149509
  0.84470763300346474  0.85503714502000616  0.86527224479055453  0.87544816723332730
  0.88597888665918378  0.89681352523068769  0.90735600947335138  0.91775475822273711
  0.92783077403012548  0.93778452225964848  0.94772916076401725  0.95791095462528753
  0.96826053418865532  0.97878991443856522  0.98931592485743547  1.00000000000000000
  0.00369838921837658  0.01056843927620072  0.01936813994883049  0.02853716707082879
  0.03863598971151114  0.04923253536083341  0.06040555528011872  0.07083683885451361
  0.08054994344012098  0.09008202758048167  0.09997919200390397  0.11017430827230838
  0.12053160478942235  0.13149614506082064  0.14288250721136503  0.15332534010083937
  0.16304116052195899  0.17276637146279292  0.18300703249391093  0.19332184867322877
  0.20340469127812549  0.21422225308449100  0.22546264353529719  0.23721126629985084
  0.24905352975986100  0.26123001481220209  0.27307239402282663  0.28409003147502315
  0.29458587459603719  0.30512417011464854  0.31656938824577818  0.32822907014311403
  0.33915874409127061  0.34955605420816244  0.36035203199435467  0.37152448797691934
  0.38218582156773612  0.39208553081258579  0.40200002165769771  0.41224492460032203
  0.42264346540449094  0.43253402380366474  0.44238742717856877  0.45246644929503455
  0.46309825779997188  0.47420910140072775  0.48515727698186867  0.49584276698508606
  0.50618873712906420  0.51660310536801290  0.52702131891895121  0.53742656560950730
  0.54799910514388750  0.55869213524317574  0.56936561768984473  0.57994156146066467
  0.59072709090064068  0.60156395257872508  0.61215494553049588  0.62240365436938205
  0.63262213906945930  0.64284396686301004  0.65286213896903011  0.66254715660246666
  0.67186545444918133  0.68131234603933843  0.69168679378875531  0.70259970688408935
  0.71275181586144887  0.72161397417959050  0.73038864313337759  0.73993774003768664
  0.74976300074523305  0.75930304185759512  0.76924251036283320  0.78053335821711345
  0.79223292481990715  0.80309648176982584  0.81326504084007101  0.82334859184752884
  0.83333481874678139  0.84337273734983909  0.85334848813797859  0.86339118498067802
  0.87289907191797322  0.88242707489466887  0.89225183517403972  0.90231682753871978
  0.91317816900557058  0.92514149033086823  0.93789557191889728  0.95005060915801032
  0.96215005644423524  0.97457917855104581  0.98697166816051007  1.00000000000000000
  0.00577237489078386  0.01997657585355667  0.03261938483091729  0.04397175067284430
  0.05511658122146658  0.06577917242348869  0.07583125681035224  0.08612135259820557
  0.09699095567044588  0.10777939481756195  0.11839843718908845  0.12904808293271247
  0.14021567779663505  0.15136507767986704  0.16219465399052904  0.17303286510351412
  0.18389175669645050  0.19470538958211442  0.20528491254907480  0.21596336364120999
  0.22694522532480305  0.23770103223182509  0.24842208775105729  0.25849711397886027
  0.26862804123592432  0.27842483012895741  0.28812375867910572  0.29828828723270912
  0.30864033097739868  0.31850007825986287  0.32825380342306243  0.33771829178360480
  0.34626707036518439  0.35486071893062987  0.36399928970077627  0.37356774430993339
  0.38320894036855441  0.39276910525440589  0.40276196323334246  0.41344727278867005
  0.42477194653466321  0.43614958067270271  0.44704070244257277  0.45772315551901110
  0.46833015901272124  0.47935355830124049  0.49088623651403945  0.50191143638004887
  0.51246878426791986  0.52291021027397611  0.53350603878434522  0.54445663499973407
  0.55584073668438627  0.56750756426392701  0.57899908182654181  0.59022835531290430
  0.60120141645877845  0.61252330700245361  0.62411955212200698  0.63557131254098520
  0.64646760939826997  0.65680108463742504  0.66712247584214324  0.67785293038871253
  0.68841325103336304  0.69890518086349551  0.70819188094411278  0.71917162271752555
  0.72960268790074434  0.74041491741136767  0.75139321293711647  0.76001900783366283
  0.76952843834503482  0.77837814016726681  0.78731208946802489  0.79656032730384807
  0.80633030390832894  0.81721628409314140  0.82913811516181057  0.84134300649106608
  0.85324103424349940  0.86447217094759721  0.87505260132981910  0.88552253689025284
  0.89549647592565074  0.90570180332859074  0.91601292738810292  0.92631959639346195
  0.93630069922160852  0.94615658327841701  0.95625030700963143  0.96578455624601944
  0.97498212089444447  0.98376333585566489  0.99164578496196376  1.00000000000000000
 -0.00015260459947513  0.00137544342420810  0.00342447213085067  0.00618295845107616
  0.00940027817151945  0.01315874851278566  0.01713214749178495  0.02157599635935369
  0.02681701166608189  0.03223997576007492  0.03767652408041064  0.04329959207535550
  0.04952878945441051  0.05611665170469426  0.06273289991592995  0.06935278100276410
  0.07576151408025192  0.08176456042698557  0.08804473107146681  0.09457120580743363
  0.10138328445187764  0.10817032735011910  0.11518991289079296  0.12244833457937282
  0.12984574141206634  0.13755417177441873  0.14542286434522933  0.15326601281129631
  0.16176937628251073  0.17039119170778164  0.17842607772914459  0.18605437585044948
  0.19374249077619818  0.20145160997830683  0.20924846827666277  0.21707550218386673
  0.22501231479527434  0.23344568481064190  0.24220945211466552  0.25116555058468359
  0.26033364568262846  0.26975609627392821  0.27938748522290840  0.28904542254309906
  0.29873198192167749  0.30849173157597609  0.31839954064839249  0.32859086271992177
  0.33898158139022738  0.34954742440957820  0.36040038411170666  0.37169350029241988
  0.38304392760263029  0.39425987036413390  0.40512728297599560  0.41602590922181321
  0.42731309709121390  0.43892955312283416  0.45068972600106189  0.46245874791325292
  0.47417886540546050  0.48594370450730684  0.49776103396254856  0.50901353035535490
  0.51999265656737514  0.53107825295775102  0.54226301577215419  0.55356322758727672
  0.56500557571633769  0.57657909277822283  0.58795799684136119  0.59970352184893594
  0.61228490370165833  0.62537313997562860  0.63883662984592504  0.65257715440588770
  0.66742310975979779  0.68222054035297286  0.69695692438526335  0.71180317417194883
  0.72700590031219903  0.74243801029772660  0.75850277166068969  0.77543543972138540
  0.79283007093242730  0.81062005311881569  0.82870009992208726  0.84603779050325545
  0.86356536074193424  0.88120675634478685  0.89948107147601220  0.91870728858200246
  0.93869625339057838  0.95901400686006466  0.97941635623142076  1.00000000000000000
 -0.00221871365985056  0.00876441328482865  0.01854019265634814  0.02872760123258510
  0.03915027514010471  0.04934717432706530  0.05972785768910101  0.07081690515670189
  0.08218242930372563  0.09405068525271214  0.10638785913353703  0.11774567919209983
  0.12887436512777922  0.14016515446157674  0.15129134410156114  0.16260146150753871
  0.17445457023218153  0.18563725739524636  0.19625221271007548  0.20672573280478496
  0.21710070423968442  0.22729529003881382  0.23731285027602605  0.24752733078213712
  0.25878293470709685  0.27075424291695444  0.28190478996315532  0.29242750979531695
  0.30295095446480869  0.31353385060481281  0.32410330437273216  0.33479424175046252
  0.34573156440229369  0.35682016876384148  0.36752595670483768  0.37783247677124704
  0.38761986460896569  0.39729367661805426  0.40713964815132586  0.41717080553308827
  0.42748335640482987  0.43796729207458224  0.44864107905937323  0.45934722763299013
  0.46994861429631568  0.48062540249124980  0.49130494472623348  0.50175559253301416
  0.51177586422647359  0.52164633024600582  0.53179697346120569  0.54234705558642515
  0.55305558927237974  0.56340769613820763  0.57398609780453869  0.58451971402792391
  0.59520992378926441  0.60558168840032323  0.61573045697211348  0.62581521658287320
  0.63634849321285292  0.64672126311460365  0.65703341592645703  0.66784758101821140
  0.67933428443737254  0.69093232034130059  0.70213833265265924  0.71320963080569733
  0.72399934969261237  0.73424549381000215  0.74363352497273194  0.75272733343953235
  0.76187507612876515  0.77134830509169128  0.78170572540836603  0.79273251898668207
  0.80420541110577992  0.81552189884327675  0.82667963766183783  0.83778819146846528
  0.84894197292722651  0.86001184597005809  0.87093898349318144  0.88202898054673584
  0.89307750962818333  0.90377385850989467  0.91426168288076182  0.92476027267363548
  0.93502373994929189  0.94462434738953016  0.95380383578578998  0.96291063296636703
  0.97217554889029201  0.98145296649678138  0.99058895199460351  1.00000000000000000
 -0.00249676964262234  0.01081477162567284  0.02276235792496206  0.03574069942673416
  0.04866617230766107  0.06145628944065543  0.07348172839702502  0.08550947154872796
  0.09781217245845379  0.10986116561273480  0.12189347895930931  0.13431156654604148
  0.14666062677546596  0.15866443255470095  0.17066080364752553  0.18280700194930091
  0.19457754106337735  0.20608183366723140  0.21745124182546097  0.22877299136385748
  0.23991964182282327  0.25139815597439413  0.26355494002051949  0.27541144250611943
  0.28686496688872132  0.29807015143400822  0.30948399822254025  0.32141867977002070
  0.33350317397470824  0.34556166302705632  0.35754916980251644  0.36955354606367707
  0.38184229366652833  0.39379259876175199  0.40463617212422626  0.41477967019309825
  0.42476240237284313  0.43461996970951705  0.44457919058300527  0.45434024425916564
  0.46617654758985183  0.47799835302797294  0.48930940542356199  0.49968162076790945
  0.50958708218230475  0.51968723732946387  0.52971436976745867  0.53945240018229601
  0.54936410991164686  0.55895420238803761  0.56928296084995100  0.57917797902264201
  0.58974364820482317  0.59999756685015038  0.60959223677598517  0.61917511720553720
  0.62863322748497608  0.63861044288466584  0.64920120391938985  0.65981547258282602
  0.67012812112002007  0.68065916888250033  0.69125484317137964  0.70210269663398928
  0.71332969210583852  0.72459190134211959  0.73555630728105093  0.74600797069854630
  0.75579192248445481  0.76511528534088835  0.77432557681537884  0.78352036702986738
  0.79274662623672054  0.80202877111892579  0.81142266931288043  0.82101191104621696
  0.83093182648932340  0.84111022976560412  0.85144572176642486  0.86114214841458980
  0.86997028297073220  0.87883293784318395  0.88754628258643831  0.89628226681089274
  0.90491372970056272  0.91349065559156262  0.92218793740383131  0.93110654024042783
  0.94031883144976791  0.94964071960986562  0.95874655359531724  0.96691250542280227
  0.97540587827869851  0.98401181064045862  0.99215481528901128  1.00000000000000000
 -0.00232898144292322  0.00902446078382996  0.01909693201819625  0.03002450092585566
  0.04154881828778065  0.05305579723850159  0.06417923326410085  0.07487088559499981
  0.08566905023259422  0.09668469405340886  0.10766859319399387  0.11868420034994290
  0.13024509353500122  0.14183807464373480  0.15310644664581330  0.16375954845650911
  0.17405374322628331  0.18423722549936497  0.19450115788267305  0.20445833845796099
  0.21391480340031921  0.22326221518731915  0.23352147051095326  0.24500975674711087
  0.25591636859686406  0.26617604845236520  0.27652995527569907  0.28732981505716826
  0.29833192887364757  0.30913467922271781  0.31982055761640932  0.33021587337116615
  0.34055587675885451  0.35116576388165555  0.36229233753069190  0.37351233099334047
  0.38449276329350457  0.39532822298079162  0.40614330251570413  0.41675247009541527
  0.42667897095488161  0.43668631932311702  0.44721226943580139  0.45801239870455951
  0.46845761629853877  0.47907762202646637  0.49085684986998335  0.50313156743495679
  0.51526186135225505  0.52702560605734372  0.53834430231441066  0.54955526486966222
  0.56059008949112521  0.57122560836162772  0.58144389176511035  0.59175307063489635
  0.60232130121241390  0.61286969691201809  0.62300694976926285  0.63297440615550915
  0.64324813658010860  0.65344252030624217  0.66324811144676099  0.67258009553044829
  0.68199553769787102  0.69169954652677723  0.70154949333631855  0.71143161314507652
  0.72134828209386281  0.73127245009923414  0.74145277470926241  0.75181667124496820
  0.76241128593749163  0.77287145285111214  0.78335322035671318  0.79340146492174091
  0.80312740985990028  0.81278090365093669  0.82255366052109002  0.83215182935069676
  0.84092846860870574  0.84950919443553552  0.85890450328475443  0.86975401004008757
  0.88114806814623969  0.89203909273367943  0.90229461220954221  0.91259093997074658
  0.92352069987862329  0.93493293199080862  0.94621030747452162  0.95765251277391006
  0.96814069261771529  0.97865945385020103  0.98924195651717139  1.00000000000000000
 -0.00330524108679966  0.01453111653691191  0.02932388019799597  0.04408032017783893
  0.05924205218211065  0.07465077610068817  0.08951286757811337  0.10313759173878509
  0.11594254406200895  0.12884572004833725  0.14234547089609115  0.15635532695419305
  0.17026585540911093  0.18390887157443842  0.19775362430151480  0.21189567167379783
  0.22605752476203031  0.23924743266353082  0.25155463814997769  0.26335945165892632
  0.27510514119578477  0.28678457027592907  0.29858126482444397  0.31079395932951648
  0.32359333910335436  0.33564080920793044  0.34662485052763303  0.35777882703589931
  0.37007763377338065  0.38269282651195258  0.39452512219183034  0.40593880171163832
  0.41717891440340427  0.42860355233537711  0.44037454297104339  0.45233925133790603
  0.46440512988423960  0.47628238349882196  0.48788746219376911  0.49951168992540296
  0.51102409110404812  0.52192557953535690  0.53201968039166414  0.54196179405603984
  0.55194146004175160  0.56178981599963562  0.57118992205284835  0.58044351394024485
  0.59009026783956520  0.60036276753233264  0.61112510087239680  0.62193155105835063
  0.63224431191229491  0.64189769297290045  0.65145121693449570  0.66071996746307193
  0.67024810418398717  0.67907428192637342  0.68862666773243408  0.69776353130713220
  0.70748507322275767  0.71699815799391076  0.72647292209845271  0.73497707527475753
  0.74307686093935810  0.75101920000755473  0.75910265310266523  0.76731706510883857
  0.77556795418631297  0.78344717317356771  0.79137845077680757  0.79981587785444852
  0.80840265328839545  0.81679681964938922  0.82520372676400777  0.83366335358624699
  0.84242540091851370  0.85162288731005897  0.86058684056985213  0.86895725811554980
  0.87715805454569740  0.88533770787119426  0.89349856138114314  0.90144521085994911
  0.90903279862853137  0.91660801495359490  0.92451597917085526  0.93261937966123087
  0.94076502502102632  0.94876076630575301  0.95667732013359585  0.96512228397421618
  0.97425717067718198  0.98279265984074260  0.99137352536489487  1.00000000000000000
 -0.00252386249098173  0.00945326970158689  0.02015950466602899  0.03121384125017483
  0.04224059623383890  0.05324643557426920  0.06403006483399068  0.07470942092740261
  0.08611112661128888  0.09824177005220273  0.10984598606587224  0.12055131767779130
  0.13049996224589167  0.14015446519584018  0.15028283520283561  0.16103121591931596
  0.17231074372057900  0.18343216460570833  0.19396143551938264  0.20409775989056861
  0.21392574624396515  0.22336337406869602  0.23273257044887846  0.24194337354990419
  0.25150654690905627  0.26143067250910745  0.27080295318381487  0.28059190941926476
  0.29045212609709170  0.30006938764905899  0.31010666727340080  0.32013721285734509
  0.32998296678619571  0.34011554792784504  0.34998090673695131  0.36017524036799026
  0.37097588796126751  0.38163875106619893  0.39232995169472756  0.40322700681950663
  0.41392887929194522  0.42417305973140790  0.43405513747832558  0.44424356998515674
  0.45515641413655783  0.46597422166379032  0.47694396124015342  0.48799896154260286
  0.49928054084551865  0.51079197687158417  0.52231721062297221  0.53309520391792597
  0.54322731645182265  0.55320293530317211  0.56349630914339544  0.57382150785662533
  0.58420279175552126  0.59492679509988844  0.60602606019231542  0.61738385050615174
  0.62823642705887561  0.63918651870301046  0.65004285368533321  0.66123333734356271
  0.67142804564933445  0.68104030943177840  0.69046194949912953  0.69935052261278197
  0.70870763571211048  0.71835559509332947  0.72803269642774815  0.73771993722987506
  0.74736138296708021  0.75723938665694501  0.76768603081576781  0.77849518024148956
  0.78979380285431167  0.80118131598942222  0.81234012315152393  0.82329655802846191
  0.83412783681881097  0.84510228775758767  0.85643686060972546  0.86812897977755477
  0.87971476293227069  0.89056136179005385  0.90105799577050205  0.91099268440057046
  0.92164618345624716  0.93293030340629057  0.94392351720399648  0.95461712280964739
  0.96528253422727972  0.97665581406902546  0.98794441974274871  1.00000000000000000
 -0.00224555207109011  0.00770195749594575  0.01688176263797064  0.02602801476297882
  0.03547931606255827  0.04462851917221675  0.05383529315951536  0.06304233362587137
  0.07226748037542101  0.08141007992692302  0.09035854665354467  0.09918618016118469
  0.10817348571690485  0.11759340321968985  0.12734562525514051  0.13716270345296050
  0.14699264006788113  0.15688553233981656  0.16681627053748810  0.17684342329881586
  0.18636698736986657  0.19483048060897756  0.20369509618636852  0.21292115045781068
  0.22277620386808991  0.23209689883396414  0.24117975818935558  0.25068786256082387
  0.26103186002934003  0.27150356363911510  0.28164290206528797  0.29182429897291096
  0.30188260944486567  0.31181166594076976  0.32119446030977067  0.33042618965886555
  0.33995885926603314  0.34966972834495968  0.35971961004567854  0.37015532030420556
  0.38006589773566396  0.38975209612674527  0.39949582977708920  0.40982913454947045
  0.42032286199178692  0.43088806104972233  0.44150876190421012  0.45239006087358602
  0.46321897437277515  0.47405957878344257  0.48503573558791446  0.49616841995313204
  0.50610614137926313  0.51539640536275755  0.52478066418808245  0.53415604825956053
  0.54356564311542965  0.55315383709263999  0.56289540567515528  0.57298158948213851
  0.58323327715427575  0.59353523465587044  0.60382066214150265  0.61396267871680665
  0.62456764570347045  0.63564065838542083  0.64693170871729877  0.65815758250729828
  0.66931460551446609  0.68050018556217640  0.69190814951372326  0.70317290003312594
  0.71421848030595902  0.72525502692505728  0.73624671098768701  0.74707330797884541
  0.75815432431717467  0.76937619088076503  0.78049688629599190  0.79245736260420652
  0.80478994170865314  0.81693612719227859  0.82895921477559675  0.84094517172271255
  0.85396316074804013  0.86762157997230949  0.88100637066410759  0.89348609009689883
  0.90555016833607305  0.91773735633838893  0.93043982734668729  0.94354562673299203
  0.95653074571305030  0.97029990224797880  0.98462366850385730  1.00000000000000000
 -0.00289747274976806  0.01034052614318745  0.02226955130824676  0.03396477192250787
  0.04537575942321383  0.05679941608782151  0.06808125418034140  0.07955251461670820
  0.09086670727628102  0.10181381935193476  0.11240271618924338  0.12248966023735690
  0.13259090961352221  0.14275355405733833  0.15303838764481129  0.16355985576452703
  0.17395765639048669  0.18426664261753398  0.19388736793834199  0.20334182582827062
  0.21431894456216066  0.22590860608638408  0.23696389521580760  0.24773645858266621
  0.25875187115735926  0.26987421658453775  0.28084405406622115  0.29193615435682663
  0.30356447879347392  0.31550183232150053  0.32712712496425173  0.33837580743555606
  0.34909951323275257  0.35923732396700303  0.36898707268529368  0.37842866527279961
  0.38767535568168349  0.39692221465767402  0.40650378901182249  0.41654487004504825
  0.42780279600751764  0.43931414382191913  0.45036936676902978  0.46109023306136826
  0.47155752491267533  0.48188977337850242  0.49235903147568222  0.50307183546247303
  0.51400115802030544  0.52479846585912748  0.53519322712206607  0.54532986008992301
  0.55540564168426432  0.56537008369903663  0.57535619533397808  0.58537116963224678
  0.59533432883824255  0.60504509239452131  0.61460766326869487  0.62446429518769120
  0.63483200186561639  0.64514460900466697  0.65549422838038440  0.66625226772786261
  0.67724799668998281  0.68804447838861726  0.69839239687035093  0.70874081836130265
  0.71911005652304105  0.72915435390008798  0.73848371420866543  0.74780510800651456
  0.75807194343414197  0.76908947797803762  0.77982185831461182  0.79009540856070937
  0.80123391524410781  0.81286824620984510  0.82470639989722672  0.83632364724855268
  0.84743596892923334  0.85839421209549960  0.86942657530630085  0.88052046003016415
  0.89126142028670463  0.90165595778660634  0.91202298311950769  0.92247628003531779
  0.93291081473311432  0.94292906568470125  0.95274139228380117  0.96238189432497823
  0.97190397266928619  0.98135908308709474  0.99056244127485504  1.00000000000000000
 -0.01718657891689069  0.09659679757969729  0.15593878167981229  0.19791835389767537
  0.23068801897976962  0.25963807630927432  0.28625589021075698  0.31068936515646839
  0.33285102736649469  0.35329923658092904  0.37207724194332470  0.38990851270786958
  0.40678503680517830  0.42294797119407729  0.43807746794858365  0.45235846760128146
  0.46578085963781962  0.47872243442911072  0.49170520947749596  0.50441569837493361
  0.51611431586942647  0.52791956756358149  0.53902413495325729  0.54964065100528015
  0.56036623304947519  0.57115069817508268  0.58171898894901519  0.59212018761066620
  0.60232813544408270  0.61205067888053066  0.62146191676021767  0.63047211141901538
  0.63934325599210473  0.64784015230302361  0.65615649612928340  0.66434111372405602
  0.67258925190291985  0.68084572998438031  0.68879232125039247  0.69651223579679666
  0.70408386246900678  0.71137300728752273  0.71843734164634698  0.72533591105931217
  0.73197072390781248  0.73831239024359729  0.74448608710468211  0.75059911419648206
  0.75677888391437675  0.76291282095515034  0.76887916423728575  0.77475392209630711
  0.78052502223371434  0.78631484679731667  0.79210332828326480  0.79770367018271571
  0.80331034487353137  0.80886693465076964  0.81429041360789334  0.81970944935673984
  0.82519282311564890  0.83074394411638519  0.83632598539616654  0.84185156803415462
  0.84719317221549784  0.85233894737393301  0.85739159453536196  0.86248472039543134
  0.86756251703296172  0.87262305940295970  0.87763649112452691  0.88258456012080266
  0.88749172873845561  0.89230346386386883  0.89714386384975620  0.90219425423583410
  0.90720438526348113  0.91231260398263236  0.91755880421928548  0.92294934956767849
  0.92830047265850946  0.93344303982469534  0.93842765803897177  0.94339348809185453
  0.94837671755051989  0.95331395798345131  0.95824899677366482  0.96315375300016670
  0.96793969866298568  0.97271022762393677  0.97745331395702839  0.98210322670907779
  0.98663479221375239  0.99108647192823363  0.99551606740815302  1.00000000000000000
 -0.00202163652051367  0.00799106486088347  0.01761517475140691  0.02719526434763220
  0.03768260226293176  0.04817766804322456  0.05860719637774553  0.06850528609058609
  0.07916201600850623  0.08948766746201038  0.10128027375081732  0.11165310456438152
  0.12196877217091845  0.13218228849527364  0.14262953142786045  0.15289969562231931
  0.16282027583043709  0.17272941636416572  0.18281221512697046  0.19357481858406311
  0.20394125620931744  0.21481726660961886  0.22559133875753259  0.23654979751025973
  0.24740904294401134  0.25801693172594636  0.26858954705503962  0.27972603371009491
  0.29133299091719966  0.30262579009381280  0.31422132821509952  0.32543717289122465
  0.33649870986062375  0.34727464962994536  0.35803685099963123  0.36885728880745700
  0.37978718170701831  0.39101921026724784  0.40258451251865263  0.41411775144274193
  0.42543991954033678  0.43662552311597513  0.44773379318087719  0.45868306585504892
  0.46933748535808412  0.47982365215609252  0.49033360859559039  0.50119595650857685
  0.51228557299380162  0.52331294796200534  0.53417390646420326  0.54480990303084198
  0.55544605584171369  0.56621806135527142  0.57730068873832119  0.58874683798137417
  0.60010369780051254  0.61122025713417882  0.62209159303707673  0.63224453579417261
  0.64177438738537240  0.65103742515322649  0.66048331102046709  0.67036947946475756
  0.68052774305137387  0.69100187121763823  0.70191690104488447  0.71287156151227538
  0.72359603545455842  0.73404159726208029  0.74426026290260328  0.75438786184576601
  0.76418868750185198  0.77345396262585253  0.78243516664429458  0.79152525259146544
  0.80090097253715797  0.81025934140748834  0.81990699769920206  0.82929636814448038
  0.83888908562262476  0.84879151927340024  0.85908114916866907  0.86917325538291401
  0.87911446295158202  0.88863902071170175  0.89915970061952399  0.91042605113459807
  0.92202630180094047  0.93358091511224683  0.94477850560178167  0.95563138182558482
  0.96657753422269410  0.97811359827997546  0.98896465222736163  1.00000000000000000
 -0.00134167899576912  0.30827001310079982  0.37852302533297272  0.42692225401865153
  0.46631109641438218  0.50135000138518693  0.53045826391506801  0.55617661851961209
  0.57938430222966231  0.60109196412926569  0.62116923949422309  0.63922319454547671
  0.65617653721346225  0.67150106242715402  0.68550919480279904  0.69851855023526754
  0.71086413794550463  0.72280052556258156  0.73428280885746966  0.74521212185888808
  0.75550506273610984  0.76556545115822305  0.77524915866632893  0.78427400277160286
  0.79259608500997780  0.80046253928434941  0.80810957063331013  0.81559587824612478
  0.82283785946753751  0.82983097770940606  0.83633608740601784  0.84239763114214750
  0.84828365483082346  0.85381091014498944  0.85909076426696274  0.86417624157541673
  0.86915537790220154  0.87404157857390097  0.87865778517094573  0.88301456170973813
  0.88720518799087955  0.89119940709228496  0.89499348605311069  0.89865558279913915
  0.90228552000900752  0.90581786737552394  0.90919861646007971  0.91248769470269442
  0.91575266604024652  0.91871436835775400  0.92158312423770239  0.92432928362379585
  0.92698932319511795  0.92958549998201701  0.93211029668556522  0.93459832666586284
  0.93693828082840380  0.93903548457894670  0.94109787028690117  0.94318713858565173
  0.94530846133223112  0.94740346539662790  0.94941220076627986  0.95131449043966465
  0.95312049118943265  0.95486921066426778  0.95657737791894570  0.95819510149672404
  0.95984459315088289  0.96143421652432703  0.96298949069871653  0.96452003627181448
  0.96605954064721744  0.96760793047712690  0.96912253710320873  0.97059656667527638
  0.97205131445991544  0.97349564032462355  0.97489756708503694  0.97623281812805818
  0.97748699804035521  0.97873465468176357  0.97998495490481030  0.98124012229614632
  0.98249378265762011  0.98374934389126623  0.98501462304737575  0.98628177774747272
  0.98755110363962262  0.98882451911657254  0.99013767845959133  0.99150787923636630
  0.99295749613837869  0.99455723628022652  0.99689384005930004  1.00000000000000000
 -0.03165275361819345  0.16456367355841117  0.21921865983469319  0.25321522574894073
  0.27779454151186234  0.29807845766675156  0.31513373639799674  0.33048916792101257
  0.34400598009987776  0.35639052927012899  0.36853659827461865  0.38011834026002811
  0.39113134664981430  0.40145490388111416  0.41134115214248496  0.42066433840482953
  0.42926509196511298  0.43723797214026117  0.44484348166963261  0.45240553075412687
  0.45967806859957866  0.46660991422128084  0.47359634010066304  0.48037370667090712
  0.48667345735913264  0.49267297364134877  0.49859923381783799  0.50455011995005061
  0.51039739957260566  0.51596232474044013  0.52132581880326545  0.52665805581461578
  0.53214750455920024  0.53766346207357507  0.54311008914034586  0.54865936286050798
  0.55412511631866312  0.55965716952384481  0.56489202494983082  0.56981615658613571
  0.57440525128056352  0.57879733706486824  0.58338277423917639  0.58831567056845369
  0.59363813347161398  0.59912722888459202  0.60455172360076970  0.60995768654063975
  0.61534759054325350  0.62054650205611916  0.62591359233532384  0.63123293937729619
  0.63648937591314059  0.64154002437081625  0.64643688716427172  0.65125661430939419
  0.65610729866437234  0.66103892646161733  0.66596720807239751  0.67087601410099273
  0.67580759672589108  0.68077277705083827  0.68588685008291239  0.69112332469004700
  0.69628782814337375  0.70126428886980174  0.70610235776319918  0.71079713127309407
  0.71518535036264641  0.71981047736310688  0.72433627157731517  0.72900717315406838
  0.73391577514711226  0.73889592171130170  0.74387094312050539  0.74907538012931574
  0.75454996363901083  0.76023049930853326  0.76607631048631819  0.77206643234321093
  0.77820127930268357  0.78455322893631130  0.79105313218013062  0.79783544251159866
  0.80505514114561083  0.81240566617716492  0.81991801100746098  0.82753767434823333
  0.83547885665684418  0.84399521033952718  0.85376346452453111  0.86531960063347269
  0.87891329849154332  0.89613956450413157  0.92356771147115246  1.00000000000000000
   1.5321240209901577E-004  -1.0000000000000000     
 T F F F T F F F F F F F F F F F F F F F F F F F F F F F F F F F T F F F T F F F F F F F F F F F F F F F F F F F F F F F F F F F F F F F F F F F F F F F F F F F F F F F F F F F F F F F F F F F F F F F F F F F F F F F F F F F F F F F F F F F F F F F F F F F F F F F F F F F F F F F F F F F F F F F F F F F F F F F F F F F F F F F F F F F F F F F F F F F F F F F F F F F F F F F F F F F T F F F T F F F F F F F F F F F F F F F F F F F F F F F F F F F T F F F T F F F F F F F F F F F F F F F F F F F F F F F F F F F T F F F T F F F F F F F F F F F F F F F F F F F F F F F F F F F T F F F T F F F F F F F F F F F F F F F F F F F F F F F F F F F F F F F F F F F F F F F F F F F F F F F F F F F F F F F F F F F F F F F F F F F F F F F F F F F F F F F F F F F F F F F F F F F F F F F F F F F F F F F F F F F F F F F F F F F F F F F F F F F F F F F F F F F F F F F F F F F F F F F F F F F F F F F F F F F T F F F T F F F F F F F F F F F F F F F F F F F F F F F F F F F T F F F T F F F F F F F F F F F F F F F F F F F F F F F F F F F
  <DiscreteSampler_grid>
  grouped_processes
  1 # 1 for a reference and 2 for a running grid.
  10 # Attribute 'min_bin_probing_points' of the grid.
  1 # Attribute 'grid_mode' of the grid. 1=='default',2=='initialization'
  0.0000000000000000 # Attribute 'small_contrib_threshold' of the grid.
  0.5000000000000000 # Attribute 'damping_power' of the grid.
 # binID   n_entries weight   weight_sqr   abs_weight
    16   10   2.915570948292777E+004   7.056208566093096E+009   2.915570948292777E+004
    17   10   2.915570948292794E+004   7.056208566093190E+009   2.915570948292794E+004
    19   10   2.915570948292777E+004   7.056208566093096E+009   2.915570948292777E+004
    20   10   2.915570948292794E+004   7.056208566093190E+009   2.915570948292794E+004
    22   10   2.917042653265552E+004   7.065814146954275E+009   2.917042653265552E+004
    23   10   2.917042653265571E+004   7.065814146954378E+009   2.917042653265571E+004
  </DiscreteSampler_grid>
