  0.00338726656746919  0.01106684760841633  0.02134628354164633  0.03105210304175024
  0.04116512742006593  0.05133498382509983  0.06173793058225493  0.07177565237643174
  0.08167820255458927  0.09183933108215066  0.10226158464596642  0.11206085738740416
  0.12192208248895990  0.13185632501395605  0.14219255500565300  0.15278943959624536
  0.16313375450100862  0.17375313176537990  0.18434166037223790  0.19513722163275132
  0.20612433095520377  0.21678235004789995  0.22721505223882826  0.23747040760488958
  0.24760280463156595  0.25758609453897718  0.26732770495518687  0.27734611842145734
  0.28736946484416359  0.29766735527857835  0.30803309782897154  0.31862148816026747
  0.32881530854893509  0.33896955074652391  0.34908887755038659  0.35912383713937224
  0.36909935698075824  0.37918107585806732  0.38959829321171868  0.39980981841510543
  0.40998959083842207  0.42025553158695983  0.43051911711315610  0.44076530273573117
  0.45080206074398815  0.46096447551015152  0.47119864815740187  0.48152913913395434
  0.49175642960098731  0.50190190724748041  0.51214791677245375  0.52256465531982876
  0.53310584274866080  0.54362684710588016  0.55401661398874547  0.56426438735200257
  0.57449183650644331  0.58503549052496551  0.59575257620669408  0.60649933652384991
  0.61720852804125903  0.62784723517118424  0.63823653277630221  0.64866983458627747
  0.65909442365587023  0.66978442147345485  0.68034378688507058  0.69113578949278687
  0.70195480461187088  0.71273745576750092  0.72332840004745169  0.73411597329258160
  0.74510602192398934  0.75608669098907078  0.76701860124331656  0.77792480029554445
  0.78913291311369227  0.80001995564993789  0.81060634162215706  0.82101428725246550
  0.83161496941830504  0.84205550872989032  0.85255181409427305  0.86322165191998657
  0.87411726949302937  0.88513029406350419  0.89621962493552498  0.90709526723599543
  0.91800957770620950  0.92888734677184559  0.93998427522294714  0.95126218407633700
  0.96299792211252533  0.97495206740080798  0.98733610258202620  1.00000000000000000
  0.00723339397132358  0.01559570764472201  0.02640533628701593  0.03764450214911837
  0.04851870231725483  0.05964287155992105  0.07086731514920049  0.08195328456206152
  0.09276750639877757  0.10345834610014822  0.11376743067305359  0.12394908784814349
  0.13431636527994834  0.14465978745419919  0.15513914413277494  0.16542954867365525
  0.17620502659557774  0.18726984745873340  0.19825818207325302  0.20904923875907924
  0.21978637961926886  0.23051135132535658  0.24109678064068960  0.25140501338671561
  0.26199184541752951  0.27269251478166923  0.28327393667811884  0.29344102616278595
  0.30355493771187203  0.31407007816610372  0.32483997749055277  0.33566427970640983
  0.34632419666691094  0.35728977847832882  0.36829193460870135  0.37920178953426409
  0.39009005355710558  0.40073966693678720  0.41120926596080770  0.42155891736431345
  0.43213165526720587  0.44299727370376707  0.45379399469150494  0.46459798106663824
  0.47557469548673542  0.48609984321372524  0.49640797470396664  0.50633995990151381
  0.51628299728041560  0.52645030472468812  0.53671298786882982  0.54704260276722994
  0.55734118140606836  0.56747630888073886  0.57770202621540412  0.58799720663959665
  0.59824715874162837  0.60860804635665755  0.61900420136208312  0.62972467273002886
  0.64058943496256837  0.65134469790303362  0.66224761354592820  0.67307041777602672
  0.68338834982758367  0.69333839965002730  0.70327981925312666  0.71355025591376220
  0.72381569587819872  0.73400837523196882  0.74391750196754269  0.75358105224567029
  0.76309642963671132  0.77276534307066369  0.78266611762454619  0.79274131284689675
  0.80279555315568374  0.81302000600618873  0.82331195781328170  0.83347948667832039
  0.84355191334701884  0.85358751561835233  0.86376481699699326  0.87402042642055922
  0.88406249518765767  0.89421497736648858  0.90438697749236763  0.91442199704633287
  0.92422252457958876  0.93382422639256557  0.94336340201296809  0.95305168655739669
  0.96277514303507394  0.97259767898222316  0.98215997411949052  1.00000000000000000
  0.00329941499281226  0.01143371276358083  0.02145357698000698  0.03201766633394452
  0.04214446406090716  0.05191884475617026  0.06209812229967204  0.07286033628781077
  0.08395616285858080  0.09445264516623157  0.10451310533130682  0.11431143802070194
  0.12412882017346119  0.13432079978161840  0.14428326533155719  0.15444192270219270
  0.16418257913231302  0.17467110032393349  0.18516142788692866  0.19587790164092286
  0.20651404719363495  0.21714834993814472  0.22768163392021110  0.23813968588663698
  0.24852393736373185  0.25892423182982521  0.26908403267737357  0.27938668687767310
  0.28972649082793478  0.30021836581636036  0.31063545327335901  0.32095945226825545
  0.33141496553995309  0.34192263512613397  0.35245507370718110  0.36276594500471643
  0.37270261628603185  0.38278995728762744  0.39328949336526553  0.40431461021690479
  0.41553798989992952  0.42657895639354299  0.43699189063485439  0.44709992085969202
  0.45675091938091977  0.46687228166617434  0.47706963191630891  0.48730319130160415
  0.49742219361628293  0.50708944630296826  0.51665618983521877  0.52656936926170517
  0.53697997496419525  0.54761331128406221  0.55804387085883511  0.56846324466194942
  0.57873255035268911  0.58904923668200837  0.59938084191436447  0.60998417456662946
  0.62110624285850713  0.63251764187195048  0.64384924168501845  0.65486805251656210
  0.66561921205943986  0.67656743095469707  0.68780842662615138  0.69913636186950412
  0.71034344345100286  0.72109838606447541  0.73160180431038413  0.74172601800195170
  0.75199464360796342  0.76244141804280385  0.77298476892896950  0.78349531002653405
  0.79404105483261223  0.80491091306614093  0.81567145837212895  0.82615782362224066
  0.83646066417019982  0.84661746484996636  0.85679561806052817  0.86685014413906358
  0.87710435649759078  0.88748250479819979  0.89794854354199738  0.90846749435228580
  0.91910958331820336  0.93013631661911278  0.94121362534073527  0.95215451050124944
  0.96339602839612359  0.97468308720728947  0.98701773148023408  1.00000000000000000
  0.00591563292736945  0.02046330178135027  0.03552108373306032  0.04870594330731360
  0.06013028383619506  0.07105578907377526  0.08171577501804669  0.09259697677751734
  0.10354025291209669  0.11438773031005955  0.12518298664341843  0.13563229723783815
  0.14615585071046799  0.15700708991046367  0.16775050734321220  0.17821397931076766
  0.18850681229115804  0.19885459847808556  0.20917081925038958  0.21920950673010342
  0.22929931679326329  0.23939472886993929  0.24962095541191817  0.25975566673668943
  0.26981886173851322  0.28000814418806447  0.29046717143634226  0.30120424954528197
  0.31169412343921832  0.32158278495456161  0.33105452407185143  0.34065112625092075
  0.35048498736952244  0.36062561557664580  0.37054992174438156  0.38061069664937353
  0.39094362361054247  0.40125422100607189  0.41154714802320863  0.42193701287986835
  0.43225412843791938  0.44243022542959198  0.45205258480751165  0.46196332733317863
  0.47211604375178767  0.48219924540910136  0.49220049900844393  0.50240325320065715
  0.51293858316494756  0.52333057619141543  0.53347769876552875  0.54371444223177023
  0.55379799786894313  0.56376147723555636  0.57407343148863998  0.58455104067363917
  0.59520038218760662  0.60573886491818640  0.61598626736040951  0.62614816260964334
  0.63634787291564987  0.64669422848278169  0.65697284708046499  0.66721144282757094
  0.67755132746189062  0.68788579301544017  0.69804235861712993  0.70824999560573676
  0.71869339531522858  0.72917449433364601  0.73955001875059967  0.74972572932885118
  0.75975111417835894  0.76973793198370299  0.77970718483676771  0.78963046414849292
  0.79952196603888459  0.80949913643322713  0.81979363318084675  0.83012615208349361
  0.84028158632786965  0.85044446193153156  0.86073132622971615  0.87123727903477144
  0.88164989094249502  0.89185062288193206  0.90193182215776369  0.91207550713837027
  0.92231515743048897  0.93227082242513537  0.94230317700852106  0.95211086298536662
  0.96214338480028527  0.97191984447462787  0.98156535862272176  1.00000000000000000
  0.00000456910485360  0.00000974046188735  0.00001359774254397  0.00001678962169348
  0.00002108715607003  0.00002552659242679  0.00002998088721793  0.00003441208310729
  0.00003881415601022  0.00004324330876479  0.00004764298214849  0.00005206727215627
  0.00005655726418522  0.00006105379050344  0.00006559318994485  0.00007023952756496
  0.00007499773570220  0.00007993885190820  0.00008494429898715  0.00008997236941172
  0.00009504089381835  0.00010026152724993  0.00010572368389056  0.00011128441851631
  0.00011698185994021  0.00012284992089320  0.00012884428990305  0.00013509833924258
  0.00014159731818745  0.00014849339122545  0.00015593657959478  0.00016384224545107
  0.00017244935385344  0.00018113743522895  0.00019085493895464  0.00020044288188797
  0.00021039267159820  0.00022048258323877  0.00023097173337031  0.00024183467862620
  0.00025299037927683  0.00026453434167957  0.00027645953823282  0.00028882122169496
  0.00030141922582088  0.00031414530385472  0.00032724465959604  0.00034086925437223
  0.00035511234630438  0.00036977143810095  0.00038531491944484  0.00040191169389541
  0.00041945063162099  0.00043895137109722  0.00045854130026873  0.00047936454725153
  0.00050089336413719  0.00052378391823949  0.00054761822812080  0.00057276676568357
  0.00059987317166557  0.00062828072340023  0.00065951805142966  0.00069086271442744
  0.00072584967223527  0.00076241243167704  0.00080322141864315  0.00084618277386842
  0.00089267989237425  0.00094148116510640  0.00099209534440532  0.00104792252365852
  0.00110939485955083  0.00117657833410490  0.00124934697702623  0.00132695619953732
  0.00141238235933378  0.00150869489572396  0.00161454572862442  0.00173602527213285
  0.00187077794324515  0.00203056089071745  0.00222132003711095  0.00244002771139780
  0.00269622886627560  0.00302754728457707  0.00342712049836102  0.00391112498126280
  0.00454683462774928  0.00526006138203618  0.00622094502351952  0.00767563224599933
  0.01014673160297595  0.01545663027659715  0.10941990278492632  1.00000000000000000
 -0.00249323253113564  0.00964244807445157  0.02032791261008446  0.03085638191872933
  0.04168028151960546  0.05239067353937994  0.06320238864705557  0.07420435963194562
  0.08554198265131994  0.09741611344367025  0.10883793914019084  0.11983069068883863
  0.13083589493421874  0.14140018602455193  0.15196591734226261  0.16225712595835301
  0.17262613783555122  0.18279513092077893  0.19316982663842036  0.20389634177876664
  0.21500862704917917  0.22650718796914404  0.23779923237243919  0.24946582306795351
  0.26054054055881898  0.27136548036484198  0.28165537135398894  0.29222284201580534
  0.30279309495912671  0.31329674645430933  0.32374570193865071  0.33439464752267417
  0.34517119724058853  0.35608249495173389  0.36679875753979052  0.37731751606217184
  0.38777515979442134  0.39830938260355431  0.40870508481572593  0.41877567965059193
  0.42915063891736960  0.43975293937068138  0.45040273829968058  0.46093408467448432
  0.47124313485504998  0.48165336826981986  0.49184796775679213  0.50201145172023387
  0.51200538128278839  0.52216899562760322  0.53258464587970644  0.54342696118655553
  0.55432448285176783  0.56494633521883486  0.57543026832396871  0.58591941415639315
  0.59652067068524939  0.60729760975906399  0.61808681239115715  0.62869478002665369
  0.63876823027700358  0.64901752870458029  0.65952473934910516  0.67027246808219376
  0.68072905583917842  0.69136740758425130  0.70184443303455057  0.71228761433442211
  0.72242413216149104  0.73257154418929671  0.74283306537357396  0.75343494812889267
  0.76392051508297176  0.77420817691631372  0.78386532787004737  0.79396145079082958
  0.80387301660054478  0.81388173842276090  0.82374422120683577  0.83359778503425142
  0.84385606524026036  0.85426346847759271  0.86506532697900351  0.87624574651995590
  0.88691650234583908  0.89775157395324678  0.90800320601757478  0.91835266830031892
  0.92849442819771177  0.93863359601591945  0.94866559011391394  0.95899857659257404
  0.96923169676675647  0.97975836781450054  0.98986912868260368  1.00000000000000000
 -0.00223892282071834  0.00890461767154793  0.01839400023833641  0.02877244458502804
  0.03919022492720027  0.04983996930710687  0.06085926540140278  0.07113682489095814
  0.08196433364059590  0.09265278393279004  0.10349152057457932  0.11361212035862701
  0.12379775677737216  0.13408026851647178  0.14420320179951640  0.15425523947782385
  0.16429084199661009  0.17512289665423489  0.18625090615179046  0.19713144175944761
  0.20769739582414071  0.21791682879278967  0.22827508578382094  0.23879425713864844
  0.24940009667079605  0.25992641602685385  0.27075221330612503  0.28165163842161428
  0.29230635060399585  0.30286257654544746  0.31366733133019897  0.32432700523533914
  0.33449840393546743  0.34460266621923297  0.35501165854948002  0.36573523597657248
  0.37644673394696260  0.38694945644090484  0.39730699053255975  0.40771362615561768
  0.41829039353152081  0.42899514248243126  0.43963459056732801  0.45021746738057422
  0.46075366058514616  0.47118686694225204  0.48165004360141678  0.49235579407771113
  0.50314591141163034  0.51387877394230774  0.52443116458198002  0.53484770877858778
  0.54537484812402059  0.55581506783756895  0.56667714758762910  0.57746165877048983
  0.58820882797887752  0.59862776150157349  0.60909619196603126  0.61965004372761234
  0.63037900785120149  0.64101605726030086  0.65168944557843356  0.66217204216882641
  0.67277302310387377  0.68320281759270618  0.69345553204802923  0.70355931319833842
  0.71384775269443079  0.72438848203337169  0.73522364197834766  0.74588810957654206
  0.75648048910110144  0.76687243548532580  0.77665817975272577  0.78614280082386101
  0.79557046170451851  0.80539003822116029  0.81546961646939164  0.82579287682814506
  0.83633153623236611  0.84719778537370327  0.85763221699498648  0.86774918002587209
  0.87809604794055029  0.88912396356528756  0.90015756674554159  0.91080036776310225
  0.92151154631691001  0.93252005201826482  0.94400467881893069  0.95545642916556484
  0.96689444209949793  0.97806922736471513  0.98912905697531783  1.00000000000000000
 -0.00199342205890515  0.00945295189098698  0.01946376394597771  0.03008666243682204
  0.04094668848275437  0.05200710323972166  0.06267604636255890  0.07352800402858918
  0.08431762234495299  0.09519527580658074  0.10609218998005215  0.11698850230037532
  0.12796943515956896  0.13860864913705717  0.14918841008886796  0.15980508885440217
  0.17071378951361257  0.18153343723976584  0.19210844567635046  0.20226213890247696
  0.21249846645859094  0.22264685800309453  0.23298644715523897  0.24341488309403403
  0.25429100732782095  0.26519900106057021  0.27576798867883862  0.28622655002485548
  0.29660808530608457  0.30702142372393421  0.31729598093017913  0.32791832101491419
  0.33856583561328629  0.34943144014195304  0.36031540197367995  0.37109363018598568
  0.38200238356638033  0.39301100903124575  0.40410625102226083  0.41514963414307243
  0.42585963508354135  0.43644826465127312  0.44692510033995836  0.45775055284100197
  0.46883038785696179  0.47993827997320893  0.49082798037281533  0.50154305263952936
  0.51213116448547313  0.52247342570075728  0.53313406319471024  0.54392258103555979
  0.55499631333728405  0.56579591732752599  0.57654829974081367  0.58700086983526434
  0.59754617695829271  0.60782386890678464  0.61827448141511243  0.62832115717066683
  0.63856317250385830  0.64871972756532925  0.65900676784043055  0.66917064170095386
  0.67949178491347395  0.68961404569636053  0.69992418964326331  0.71001924333845268
  0.72025200871373662  0.73042767160735922  0.74067743575153921  0.75074108488455904
  0.76068197713517915  0.77075585349525089  0.78137381207653200  0.79188228863285737
  0.80222441574064218  0.81257361537538098  0.82336350051532126  0.83408976735071538
  0.84505525116230507  0.85592141717095316  0.86665854302905554  0.87699225773996270
  0.88712211477477843  0.89722809571175022  0.90732080948265981  0.91740158909203062
  0.92772407355402642  0.93858621316208057  0.94943575162035765  0.96003222886106199
  0.97027479378920889  0.98019261738284635  0.99001664921216981  1.00000000000000000
 -0.00254522741087929  0.01005729169682212  0.02019017058651092  0.03093743873543582
  0.04177882546151973  0.05316568388946705  0.06434637336285566  0.07495182757388542
  0.08589274060325681  0.09677339583897077  0.10728304578027875  0.11729826798896802
  0.12717391918968554  0.13748749471125113  0.14804577251611412  0.15896385473133495
  0.17002035039548624  0.18089289611883602  0.19158469199283656  0.20188931288335232
  0.21201864512197607  0.22178526395424877  0.23159361852173510  0.24157799389888740
  0.25185254591676837  0.26222598214132248  0.27254554433087630  0.28269380287544327
  0.29296441206086349  0.30361176742799650  0.31414423967079530  0.32477976170709649
  0.33506850081408751  0.34530829021126286  0.35534738470966332  0.36567629097384613
  0.37611447608080756  0.38652301663700239  0.39701046584565786  0.40802415839809475
  0.41904305825353705  0.42952581315884197  0.44029998332992248  0.45133853019608483
  0.46239583518497324  0.47305193392827211  0.48338608684589757  0.49361170770810570
  0.50382584811375219  0.51396055595017620  0.52371622249194649  0.53350605574034926
  0.54356070932364819  0.55425503953786737  0.56489028369072891  0.57546703726624870
  0.58594197538159210  0.59653951553788609  0.60723302758751430  0.61792363772438075
  0.62878347464215845  0.63953199676919625  0.65017973506460591  0.66061593369718319
  0.67113491186962726  0.68145453034512216  0.69182835401236065  0.70206451070575071
  0.71261972103524318  0.72306793775575373  0.73357712306887146  0.74412500918695013
  0.75495173775098889  0.76595679975811892  0.77658203443599083  0.78689598478946521
  0.79688106518626700  0.80732224837403066  0.81807325303472855  0.82934437668051575
  0.84039740500843396  0.85120150405598916  0.86188639671972855  0.87244748229053826
  0.88277858256274377  0.89300287330601114  0.90378140806459917  0.91473865238117491
  0.92551445239095143  0.93635856025337894  0.94742078427237675  0.95797112276833329
  0.96868240574170139  0.97899479501460085  0.98963202501133829  1.00000000000000000
 -0.00239088799794978  0.00958683248164102  0.01933719920489348  0.02949140694885968
  0.03963501529364011  0.04996803288927352  0.06024991035938321  0.07053455101216234
  0.08113366280545657  0.09171399194071256  0.10240224353551533  0.11314748185562630
  0.12382579113722406  0.13455512856017735  0.14532602590941959  0.15618944958931347
  0.16691396544986381  0.17762201190888910  0.18825336684527094  0.19894389871264223
  0.20955638087697032  0.22031184193710027  0.23104974577081086  0.24187155967345153
  0.25263126320673635  0.26311516852234662  0.27323223844911698  0.28320350412355783
  0.29328338777209545  0.30343308104019173  0.31372499737381010  0.32415449235461269
  0.33467612834037330  0.34523800937592580  0.35583472198547128  0.36625815536109529
  0.37632436122657065  0.38648206196231433  0.39665192292783846  0.40719604593260944
  0.41767600485097534  0.42838241884474371  0.43905865548643636  0.44966113910042982
  0.46014195289193588  0.47069739379456621  0.48164460505777795  0.49272509764028338
  0.50336809535918714  0.51349785284415894  0.52354124280109671  0.53367615978997529
  0.54401161936190545  0.55430364093534645  0.56477774770386957  0.57517490196365284
  0.58556210506478334  0.59584918579363366  0.60625764871921139  0.61646323373870282
  0.62685188988373231  0.63704208158385023  0.64751875985875462  0.65781266191022481
  0.66796873375935573  0.67806707279313139  0.68821854833919738  0.69877954298524170
  0.70948432505201087  0.72012629922710625  0.73066709341270353  0.74087906872263676
  0.75119243209057618  0.76175677681775900  0.77225387170002524  0.78313263024842128
  0.79381184304761787  0.80432025885909297  0.81477690111164536  0.82539213234417208
  0.83589222912647032  0.84619843661929595  0.85653166005999182  0.86736368137665898
  0.87852123295972195  0.88968235918536398  0.90080795409707770  0.91155757619990918
  0.92229527243461185  0.93311406523606566  0.94409348834982676  0.95533155393283831
  0.96676778178993239  0.97799262866687309  0.98908250875459669  1.00000000000000000
 -0.00223381294125621  0.00957196183198678  0.01949903542717825  0.03025036392434406
  0.04077553035439643  0.05145014643557623  0.06193040835346615  0.07305155755193178
  0.08403327765813923  0.09453541736192715  0.10511976726254958  0.11597389319394692
  0.12683134308207256  0.13708956556041460  0.14735170313945531  0.15763930898753908
  0.16794705076805233  0.17809274202114331  0.18830255031897661  0.19838494360286396
  0.20882310355611058  0.21953900439346799  0.23062693233861845  0.24143082947275599
  0.25226456901018834  0.26282302129464513  0.27333461670840209  0.28353980269322882
  0.29404646242995991  0.30459089720233584  0.31468476209686846  0.32486127642263546
  0.33507139511410766  0.34573615500474431  0.35605567185901427  0.36637828455424443
  0.37667116262670669  0.38724797102392788  0.39780361939894948  0.40834090251349187
  0.41870846343936668  0.42919136964446941  0.43949391185844411  0.44990808166463836
  0.46015302327881635  0.47043176804577147  0.48105731355306836  0.49140533555441823
  0.50194107721988246  0.51234601326145890  0.52288216124583509  0.53349337019387788
  0.54392549496259601  0.55471425101777050  0.56527292352561220  0.57582204083361310
  0.58647961361349976  0.59745615658991602  0.60816217787485138  0.61843334921681425
  0.62905325824890934  0.63986390608407007  0.65056277448564492  0.66082444386006256
  0.67126538991904350  0.68158689676973483  0.69210064471593080  0.70220069158918563
  0.71242515899528702  0.72291141125547154  0.73376323341503946  0.74481136279377191
  0.75562349260918038  0.76624194348470887  0.77661988130109960  0.78684614837100142
  0.79714122702738754  0.80716537458314230  0.81715957752592572  0.82743714155223369
  0.83851789283367939  0.84981549203474127  0.86075515093502941  0.87136976373253994
  0.88213419514606417  0.89299365882948811  0.90368888072093068  0.91444078491483938
  0.92503816249663040  0.93550063171736342  0.94578411365536152  0.95623340400128709
  0.96718196695433956  0.97832121653117521  0.98922549461591891  1.00000000000000000
 -0.00255913459573101  0.00990167564831418  0.02030219569906180  0.03100672358151231
  0.04162170773271056  0.05230554967994459  0.06277226425841645  0.07339041374507851
  0.08397917254929153  0.09503141978104702  0.10620892986703181  0.11745267331459600
  0.12813757130060638  0.13878138155300324  0.14932466581351225  0.15975800043096752
  0.16997177927629276  0.18013790967765569  0.19051311718495553  0.20090941378707469
  0.21153075656631695  0.22217217217170415  0.23273315400634240  0.24307871102573020
  0.25336160778599032  0.26366360442157810  0.27359573091361861  0.28327259266486304
  0.29320542640047031  0.30345811879241569  0.31376182192332469  0.32387303419070090
  0.33410656751298939  0.34469424230034257  0.35541996967263528  0.36651214268304383
  0.37778279885455857  0.38897407611561019  0.39978418974699170  0.41008652791767825
  0.42021870291769681  0.43019453046279699  0.44033241429863468  0.45056746704181783
  0.46086752025284694  0.47110705496020533  0.48125628836114132  0.49139737730234079
  0.50172325345119961  0.51220277681400816  0.52283894046964519  0.53338816116218191
  0.54413479677870813  0.55474135141308334  0.56512913020841082  0.57516425758021561
  0.58518197428048280  0.59525119841791985  0.60541273509820737  0.61566504649540310
  0.62600615420899641  0.63660635874858462  0.64703542154682803  0.65777914502697488
  0.66833154477675494  0.67911230780697351  0.68987502249222243  0.70039034969776470
  0.71091240765282382  0.72143784550194612  0.73225110948076944  0.74321748437281188
  0.75410591202594102  0.76498305640473196  0.77579045559737203  0.78675707470395961
  0.79791034416957607  0.80928145908960725  0.82052247544182966  0.83174369046219454
  0.84254848347688638  0.85354877567437637  0.86380734631179479  0.87400623921234910
  0.88378065005406015  0.89381121548140274  0.90400929204661629  0.91420140394134652
  0.92445608912393706  0.93485139758957170  0.94544847431037826  0.95628134393183051
  0.96695438483088059  0.97787140320284172  0.98882650432462971  1.00000000000000000
 -0.00234197021382584  0.00891871815872656  0.01869836481965352  0.02921066271953563
  0.03957626116641354  0.05013895378970167  0.06054822295271661  0.07070271339452143
  0.08105464797769531  0.09165735598956262  0.10264403835240889  0.11326164714426740
  0.12374702379531476  0.13417766575145579  0.14467843309249728  0.15521360851099297
  0.16575729670011002  0.17626291431604499  0.18681230392906317  0.19710696025408381
  0.20737485243825954  0.21761266719713560  0.22782808434409454  0.23810395977374460
  0.24839329157183537  0.25919877657507545  0.27014312982349681  0.28079668871575975
  0.29133331538282953  0.30198618927141208  0.31278676143401546  0.32383675542735729
  0.33493497533159305  0.34581177011416542  0.35636564571246648  0.36666096780557306
  0.37688783311801788  0.38695912374144020  0.39731269118473145  0.40782587087815397
  0.41855514897991392  0.42938561201315817  0.44020421686624195  0.45058856391606505
  0.46105826161772134  0.47182097507346582  0.48281016347532746  0.49345117394814364
  0.50371070202231794  0.51390719887691017  0.52397576154037639  0.53431084603064150
  0.54484769798268795  0.55528697589486786  0.56543025152425253  0.57546573619343300
  0.58573030277129801  0.59634819954966911  0.60721759158744026  0.61834689911883733
  0.62945474166938831  0.64052652454071590  0.65130308745876087  0.66206036271665303
  0.67269194738467131  0.68352097857455396  0.69414626750432729  0.70467868285690294
  0.71490611368812795  0.72525106277057638  0.73542070220779421  0.74547905679666604
  0.75572460039163925  0.76614701992708467  0.77670482995298240  0.78715208751561527
  0.79775511683206390  0.80866362010600712  0.81964636380469191  0.83043732870561293
  0.84145668318700129  0.85243143208709615  0.86342971136007240  0.87441904809197868
  0.88558362901936316  0.89667941631073733  0.90734203058233343  0.91773326401722044
  0.92793946193071597  0.93849290678805153  0.94914970421327249  0.95954473082182379
  0.96942818957894872  0.97936671186416246  0.98958274984280625  1.00000000000000000
 -0.00253757994684697  0.00997322825646096  0.02051378536123827  0.03127388651280406
  0.04192049802010334  0.05248039662369286  0.06314527124852862  0.07406879149647257
  0.08529817883062478  0.09684066639933249  0.10799495410657861  0.11885072568741180
  0.12927486251887294  0.13947821161495477  0.15008823269349744  0.16082845687732569
  0.17191619340187569  0.18259989351774772  0.19335475977419961  0.20414979928287755
  0.21477473804834973  0.22496614001784873  0.23525556284800106  0.24557214935292437
  0.25596032487767945  0.26657804928683326  0.27760557304449945  0.28867324861512050
  0.29923086268083449  0.30956634912314784  0.32003362721542528  0.33072922145411560
  0.34149808569202478  0.35242927925778939  0.36301364678984105  0.37340438015441452
  0.38341704865864623  0.39326077565021311  0.40301546929087534  0.41274414435543277
  0.42262894116297656  0.43286815989808430  0.44305313555181380  0.45353434365029727
  0.46444170061896317  0.47558916445669036  0.48638902705416492  0.49676089310198746
  0.50725459042715559  0.51787258739750719  0.52831979753811975  0.53879872345124946
  0.54961740077850041  0.56075420203119852  0.57159379732711635  0.58207025641607557
  0.59232466927843397  0.60282603374763155  0.61367137331074550  0.62470843605396043
  0.63491285293708710  0.64516103600865993  0.65534254087898902  0.66597681706714984
  0.67631620859355324  0.68651353077930799  0.69679666117730377  0.70713371517930490
  0.71751204000193358  0.72794636478073504  0.73883798911501042  0.74974335709386031
  0.76066373238409613  0.77141781303959045  0.78202869139979170  0.79218690490564903
  0.80198575793796567  0.81165703759454155  0.82230666158970234  0.83290730271989677
  0.84350622737888337  0.85377458396081030  0.86411683136440087  0.87422837987107094
  0.88416122618195203  0.89433076021235891  0.90485237944184271  0.91504532012849227
  0.92525250641692414  0.93561294525104044  0.94624426553877738  0.95694347026044491
  0.96745195388163507  0.97813653425601499  0.98880410427644139  1.00000000000000000
  0.02069192794038026  0.23250222961747607  0.26566120919094355  0.28297540841690738
  0.29671497459787916  0.30842060874389959  0.31947192149823772  0.32978421225215865
  0.33953614813881278  0.34891178166766490  0.35816477779536104  0.36729342285582683
  0.37612813634325609  0.38457073456311552  0.39268213979607464  0.40071214977609382
  0.40862479942060415  0.41651877506963958  0.42403829018181438  0.43127217347725089
  0.43823589893409443  0.44501905174875567  0.45189308902724201  0.45863273964764328
  0.46510653040353439  0.47140208493416597  0.47769393583299791  0.48405609865288979
  0.49044492049274269  0.49677071796205480  0.50299513774595273  0.50919483248756003
  0.51543333548325021  0.52165510489671241  0.52781535088998943  0.53393944315707043
  0.54004104010451870  0.54613378369450405  0.55214293487989596  0.55808609782436802
  0.56414029566339496  0.57034091528806863  0.57654067270708653  0.58263699715744377
  0.58863232632795737  0.59459811319520672  0.60062352323486912  0.60673204551048121
  0.61287015289329139  0.61902896521066630  0.62508207667723703  0.63098003162462146
  0.63677687551316076  0.64260696941437767  0.64837858899446554  0.65435966387856770
  0.66026253595080886  0.66628454056212649  0.67226076748135699  0.67821534238761605
  0.68412789958945874  0.69002889546228363  0.69593808844962157  0.70191454432708023
  0.70796406406258128  0.71402587765545655  0.72008946098049775  0.72620338698979869
  0.73247338001706808  0.73895231582708854  0.74550051306223253  0.75206442912554394
  0.75854881102480187  0.76493948764547381  0.77132877539117817  0.77782617910587037
  0.78446834251629172  0.79115714218206112  0.79794827731460094  0.80472738968615320
  0.81170168808550691  0.81902379319780771  0.82653795622199644  0.83434077785341743
  0.84247284627480679  0.85074969170423698  0.85969584540968025  0.86928865851330495
  0.87961598410918407  0.89051307147648795  0.90177374635004781  0.91372778358241824
  0.92702453718225375  0.94278907193605010  0.96458304578336362  1.00000000000000000
 -0.01924886075144745  0.11062794895785040  0.14604116828915034  0.16798296881008057
  0.18527064729331216  0.20013923540979731  0.21344105964479787  0.22571285416391196
  0.23680605065307717  0.24699288857628557  0.25669343157679614  0.26615310164491690
  0.27514990315834792  0.28381402943158851  0.29225128662584821  0.30049971925481389
  0.30838830665879069  0.31592115537415438  0.32325860080107943  0.33040722559951041
  0.33742354489053061  0.34433551335960200  0.35120004666458177  0.35774550728758003
  0.36402686064824447  0.37019087684303126  0.37639419950431241  0.38268753943954420
  0.38901437697500629  0.39527253515003913  0.40125945891128950  0.40705210673827491
  0.41276279744829025  0.41855550933920366  0.42428596119081208  0.43007507396131839
  0.43582546922693283  0.44154129171871320  0.44736080598061040  0.45313644805470538
  0.45877229143998111  0.46436514354649350  0.46981950500631686  0.47553522935555348
  0.48115439993464360  0.48665232630655231  0.49208219088158955  0.49753083263671083
  0.50317654927466482  0.50883282183140299  0.51444340485390683  0.51999589861998663
  0.52553210263542927  0.53104384776193825  0.53647663539671808  0.54186627356484529
  0.54728296630337092  0.55285108223899970  0.55847097118711631  0.56412419571770089
  0.56986515875305577  0.57563046244344618  0.58137281367848204  0.58718939571034923
  0.59303876814246703  0.59910154412520866  0.60540067092335204  0.61191465914340237
  0.61842739043907835  0.62490020992892881  0.63137779244471759  0.63793555773135091
  0.64467813559368747  0.65142999750358110  0.65814165089608168  0.66485102657301320
  0.67174787774777700  0.67869738480173980  0.68581567722321846  0.69302184083820950
  0.70034412092130705  0.70791700481657271  0.71606622270583675  0.72489627918438915
  0.73397393635243302  0.74340765748753979  0.75329881736508164  0.76363843726525071
  0.77462589159627981  0.78645071210112716  0.79959305530528979  0.81433910635307527
  0.83170050858546130  0.85412121125401785  0.89059965877448066  1.00000000000000000
   9.6887023662673420E-005  -1.0000000000000000     
 T F F F T F F F F F F F F F F F F F F F F F F F F F F F F F F F T F F F T F F F F F F F F F F F F F F F F F F F F F F F F F F F T F F F T F F F F F F F F F F F F F F F F F F F F F F F F F F F T F F F T F F F F F F F F F F F F F F F F F F F F F F F F F F F T F F F T F F F F F F F F F F F F F F F F F F F F F F F F F F F T F F F T F F F F F F F F F F F F F F F F F F F F F F F F F F F T F F F T F F F F F F F F F F F F F F F F F F F F F F F F F F F T F F F T F F F F F F F F F F F F F F F F F F F F F F F F F F F F F F F F F F F F F F F F F F F F F F F F F F F F F F F F F F F F F F F F F F F F F F F F F F F F F F F F F F F F F F F F F F F F F F F F F F F F F F F F F F F F F F F F F F F F F F F F F F F F F F F F F F F F F F F F F F F F F F F F F F F F F F F F F F F F F F F F F F F F F F F F F F F F F F F F F F F F F F F F F F F F F F F F F F F F F F F F F F F F F F F F F F F F F F F F F F F F F F F F F F F F F F F F F F F F F F F F F F F F F F F F F F F F F F F F F F F F F F F F F F F F F F F F F F F F F F F F F F F
  <DiscreteSampler_grid>
  grouped_processes
  1 # 1 for a reference and 2 for a running grid.
  10 # Attribute 'min_bin_probing_points' of the grid.
  1 # Attribute 'grid_mode' of the grid. 1=='default',2=='initialization'
  0.0000000000000000 # Attribute 'small_contrib_threshold' of the grid.
  0.5000000000000000 # Attribute 'damping_power' of the grid.
 # binID   n_entries weight   weight_sqr   abs_weight
    10   10   2.435189587118710E+002   4.236337289738567E+005   2.435189587118710E+002
    16   10   2.435189587118709E+002   4.236337289738567E+005   2.435189587118709E+002
  </DiscreteSampler_grid>
