  0.00327071199669853  0.01199169174545943  0.02231159250267233  0.03209604101997193
  0.04188017759854253  0.05199177590626169  0.06219163213867399  0.07240593194570388
  0.08257795721399754  0.09278217079662117  0.10308583204013481  0.11341757302620527
  0.12358301647265317  0.13395685623629808  0.14420087646010629  0.15477641648029083
  0.16514540080261828  0.17597512906187346  0.18694245306889534  0.19784879801511057
  0.20859130504850801  0.21915632161132634  0.22962756339250184  0.24001479649312565
  0.25057685884886499  0.26130935001360245  0.27196595799719864  0.28256103453306025
  0.29290782545832350  0.30320263318308838  0.31341823249408357  0.32406989265088709
  0.33475868864619823  0.34539714266480953  0.35580026573276968  0.36631912915110837
  0.37693925731967459  0.38761857026381941  0.39824826444556954  0.40881690586276365
  0.41922494149260597  0.42967450993662681  0.44017035627809131  0.45087178343220852
  0.46135316437176371  0.47154857361755731  0.48171992530716806  0.49227258898663184
  0.50283618997512314  0.51320551119793245  0.52337729265508537  0.53385026990914586
  0.54435989681825625  0.55470884674663112  0.56494276258868703  0.57510370259327070
  0.58538167841935052  0.59560119042552095  0.60560677118826312  0.61555727745843358
  0.62581154602259925  0.63641295951300225  0.64684178873429021  0.65682919337852153
  0.66671748172057466  0.67665981508805362  0.68666220852618198  0.69670110433398524
  0.70675561409431065  0.71703196105236333  0.72743213965532594  0.73776760720538714
  0.74828769110424154  0.75909301542247409  0.77003234716843438  0.78095890023258618
  0.79196225633381945  0.80322850976315341  0.81441418715691272  0.82523303486287736
  0.83600662453105523  0.84659289916789071  0.85741384227096062  0.86782364797372158
  0.87812759235927329  0.88822309537426847  0.89867985768496605  0.90910438065558397
  0.92012165261999967  0.93125976729949889  0.94229032658172152  0.95312813514480732
  0.96386617829303978  0.97515626952338663  0.98703088128145733  1.00000000000000000
  0.00698588642956431  0.01598631637954509  0.02762784255904100  0.03950151336242051
  0.05072726961056116  0.06150216031606513  0.07212749062555097  0.08270656310130566
  0.09320067201255873  0.10376345993525921  0.11451384555124787  0.12524737444874667
  0.13555311299368744  0.14616036967655022  0.15669424870479864  0.16760443860119667
  0.17826354195677530  0.18909854438750229  0.19977928920747237  0.21025461369122128
  0.22062521505075852  0.23093603873733795  0.24111197337499890  0.25150490405929504
  0.26195199455617052  0.27236086047255226  0.28268900007755282  0.29305175362901015
  0.30354221148850496  0.31393508508747009  0.32430624967818006  0.33470579925590466
  0.34519657060396663  0.35567307632713874  0.36602980049833683  0.37646886750597575
  0.38676283061656519  0.39724558195326676  0.40781689368170548  0.41834335103727888
  0.42862011781249842  0.43878542143133370  0.44946730804427221  0.46017821396029901
  0.47114662274759966  0.48192526185478046  0.49268234823707052  0.50317317005601436
  0.51383558362281645  0.52448432471155093  0.53552099672824327  0.54634094901489749
  0.55727367206829415  0.56769779939154075  0.57796367578035079  0.58845545307048963
  0.59895565365355685  0.60944707240096996  0.61983391339952021  0.63042076896437693
  0.64106119344719170  0.65165579279868457  0.66226895375341521  0.67295443545818501
  0.68344147065840499  0.69382343944858349  0.70408406408818847  0.71449320737987310
  0.72475129255533655  0.73551589694886133  0.74638143196547846  0.75749642858966981
  0.76840777229721013  0.77927054522243988  0.78980613639738173  0.80032409298132512
  0.81058999179879643  0.82122663350942959  0.83200643444394273  0.84246910436119493
  0.85307303126838874  0.86340620355226083  0.87418846505565606  0.88413528038516409
  0.89421149917045795  0.90437352520273484  0.91449820438444396  0.92446920923985487
  0.93416251872285738  0.94427502578283895  0.95457062317319963  0.96468621107320307
  0.97440327926474657  0.98346129274537253  0.99164448708074315  1.00000000000000000
  0.00343178851075948  0.01102840285861161  0.02080019039318037  0.03098141328689152
  0.04095640244849570  0.05079710369943286  0.06062519378764451  0.07078488535940315
  0.08074096102335791  0.09097456217325911  0.10126583949137026  0.11184464734444194
  0.12250341086137025  0.13274105282720422  0.14291319472655581  0.15284971910518827
  0.16284611866431806  0.17320641728546585  0.18373143122358507  0.19397343318208268
  0.20409025864790739  0.21436058450189679  0.22468623648922234  0.23490685378911200
  0.24491205150590442  0.25520400520023551  0.26568314068439614  0.27626058188492641
  0.28675503481203035  0.29705761056706864  0.30725600127158409  0.31742293243611036
  0.32758854614010885  0.33786190012306100  0.34826330178641318  0.35864535446807422
  0.36907646998634341  0.37946010368103550  0.38988970721980259  0.40003302225116394
  0.41012421491662787  0.42043540503376609  0.43081218501826624  0.44129336217536119
  0.45145557970168521  0.46201807242882015  0.47234829067494738  0.48267191402058790
  0.49290359032857528  0.50304765890889991  0.51336353573497839  0.52394890360105650
  0.53476373678741862  0.54552939394939226  0.55581667076697627  0.56615930760479560
  0.57663599866991622  0.58732233235406917  0.59791804719638963  0.60849175871223271
  0.61899844772339174  0.62954922735854546  0.64017358012263459  0.65109522365679717
  0.66192754818481458  0.67251522245725404  0.68296437035853952  0.69360422399896515
  0.70464394596509783  0.71566050330717257  0.72679778545249474  0.73780904516098722
  0.74872682580231165  0.75944360840094249  0.77023329107892802  0.78115603604635797
  0.79204328961223702  0.80260215691796188  0.81338318076767135  0.82395813289675801
  0.83453043590747678  0.84466701996417104  0.85475339940508288  0.86477700301071259
  0.87479523368187906  0.88524916369728612  0.89594286080058172  0.90677428358225554
  0.91750198561146168  0.92849760088794742  0.93976744003557788  0.95085577487903050
  0.96179492694754742  0.97253766394403518  0.98330697872353778  1.00000000000000000
  0.00565908982005081  0.02138619836311158  0.03618926802128769  0.04823632549413316
  0.05934079399860286  0.07043027819548070  0.08151529273894011  0.09259096100495570
  0.10359412400388482  0.11450819550194585  0.12535646220386321  0.13610120768789949
  0.14676147931204819  0.15733827061772623  0.16769922979802987  0.17806519650314995
  0.18847310514867463  0.19908548218013572  0.20979091587284959  0.22052906519227891
  0.23126497417210926  0.24180043221987413  0.25227501466290125  0.26267781701751458
  0.27301122321515020  0.28318134095220243  0.29335759007321616  0.30359495878085890
  0.31407275396268935  0.32457726774923118  0.33492603275191585  0.34486123689312775
  0.35475113779768203  0.36483812116358205  0.37506324274029013  0.38525167708062635
  0.39553324153085717  0.40603909881324446  0.41654270246300273  0.42686305397356583
  0.43726824389974062  0.44786500018139702  0.45835927366088258  0.46845430561582690
  0.47858291929697461  0.48893356116038789  0.49940877407135820  0.50987485390678167
  0.52038632818992803  0.53098531673650717  0.54164304619117021  0.55208909229060799
  0.56253138405925351  0.57282140208485521  0.58315856752742501  0.59362135236729319
  0.60415318484201375  0.61447650458015979  0.62460025459198520  0.63479625595007905
  0.64526714547649022  0.65580531598093605  0.66621249490454637  0.67648079240207826
  0.68684275383312443  0.69735425883624358  0.70782165170096500  0.71818294190076193
  0.72853309814086931  0.73907030496053661  0.74943505816090816  0.75955126058700584
  0.76955543844768914  0.77962352259275225  0.78967233510328272  0.79981593646211779
  0.81029437561188300  0.82102501514191317  0.83166603832079278  0.84210795159950436
  0.85246089674375580  0.86252365764878569  0.87250646921738062  0.88278440115328560
  0.89334132949502776  0.90384064057632341  0.91396311665677954  0.92385875943795015
  0.93397565825747708  0.94423207490511185  0.95464370514532870  0.96482956774942619
  0.97491369437492548  0.98415856059246243  0.99167092152351688  1.00000000000000000
  0.00000118724304883  0.00000724361630549  0.00001172363103884  0.00001569933125772
  0.00001976375469937  0.00002390626721105  0.00002797243298827  0.00003192266328103
  0.00003582073570700  0.00003976245465235  0.00004376949446749  0.00004762570087861
  0.00005156511899597  0.00005555558771761  0.00005959414209458  0.00006370842228107
  0.00006796973349766  0.00007233549557087  0.00007680545042637  0.00008139186920472
  0.00008608167145061  0.00009086327395505  0.00009574524943056  0.00010076447382301
  0.00010596568444034  0.00011137135992328  0.00011697303042101  0.00012269549023420
  0.00012863108754637  0.00013482467906356  0.00014133378896393  0.00014830974514406
  0.00015576963045946  0.00016367654978812  0.00017210144172976  0.00018078559924049
  0.00018960276219767  0.00019861312637834  0.00020788908124703  0.00021731302960800
  0.00022688163453150  0.00023662916184775  0.00024671120005422  0.00025710510979474
  0.00026785550332842  0.00027896818472727  0.00029069619608227  0.00030280972242353
  0.00031584815453438  0.00032934191751149  0.00034337543496696  0.00035799771115453
  0.00037323758913309  0.00038958698751910  0.00040688473510699  0.00042523190815028
  0.00044378657295855  0.00046331562717624  0.00048415409114434  0.00050649018551269
  0.00053027421882591  0.00055511809249110  0.00058145306900105  0.00060904706433642
  0.00063840425001141  0.00067000116192600  0.00070343147244374  0.00073918827482794
  0.00077744775717537  0.00081826278199770  0.00086218728955032  0.00091015840913616
  0.00096214159085779  0.00101796234592696  0.00107838446108691  0.00114383074318261
  0.00121528070382585  0.00129152182246865  0.00137610447839176  0.00146865875866110
  0.00157418038115465  0.00169330853397463  0.00182991640998486  0.00198044990371819
  0.00215438773014063  0.00236094245697289  0.00260035905474319  0.00287225396844839
  0.00318516290196563  0.00356978276296878  0.00405618813569742  0.00469396523550082
  0.00563228770345713  0.00683801626555183  0.15008483037867956  1.00000000000000000
 -0.00240738743170185  0.00985714197339367  0.02043773425940510  0.03190529768972383
  0.04313716032049714  0.05441553355809495  0.06556427581253720  0.07664439809412375
  0.08775951268277614  0.09862682443674776  0.10918155857178272  0.11969162542723366
  0.13059017284222382  0.14159053524302528  0.15228371639437538  0.16285546019339697
  0.17383423957717317  0.18504112596384889  0.19615939126861134  0.20736965994526310
  0.21860307144689162  0.22997597793196095  0.24083493016438640  0.25165892750933455
  0.26227353800266884  0.27293325147143976  0.28350041046058766  0.29397270531669939
  0.30466966339349033  0.31512480640278090  0.32548969357873853  0.33584369657374519
  0.34655387820980116  0.35722029607317118  0.36785639681636367  0.37852323968840940
  0.38950020410068670  0.40046916139086985  0.41140749135023258  0.42217717110501674
  0.43283932227851335  0.44320051727540904  0.45348019580614418  0.46377158619172731
  0.47432654066294005  0.48494487920611506  0.49558661803163073  0.50618387074132198
  0.51665595081326443  0.52714439869115448  0.53740688038341888  0.54761012185529689
  0.55762150851690262  0.56779354958875761  0.57811046328789251  0.58842702803023972
  0.59883002896223791  0.60913324364595822  0.61970009032857853  0.63018677044090288
  0.64072192576883868  0.65094788833472972  0.66132099982272996  0.67181258512143338
  0.68239327810377759  0.69272599630652787  0.70310827430054534  0.71331474360587221
  0.72361659550022017  0.73379903550892844  0.74391219536331277  0.75399869968256128
  0.76415449531638069  0.77433128113037597  0.78475819362609545  0.79507912542554293
  0.80552233412456353  0.81579609108771345  0.82602208771266061  0.83630223446528340
  0.84661890617577984  0.85698737249601376  0.86707217424940564  0.87703160550822767
  0.88720447683351789  0.89745080953987444  0.90781874450922895  0.91809630491796079
  0.92833849891637377  0.93855512367924021  0.94866629299424254  0.95886874894171559
  0.96907713874378232  0.97952424427063023  0.98968389217214847  1.00000000000000000
 -0.00253775033030572  0.00948736003920506  0.01982917699023195  0.03035209230685965
  0.04126200684336461  0.05209635733850101  0.06310305772478168  0.07365185085485380
  0.08428790631679553  0.09474601094352018  0.10530296824400846  0.11571954911655291
  0.12651757495337465  0.13737990918405549  0.14824516183715339  0.15891117259680820
  0.16940444281716593  0.18005151271923575  0.19073177993955520  0.20158826895994492
  0.21213057536030386  0.22239546732138477  0.23273220746133036  0.24304801696634079
  0.25329400723537032  0.26336410980847724  0.27375550437307256  0.28437927650843658
  0.29528657424846172  0.30606496728471833  0.31660667524160435  0.32733907548619112
  0.33809281304281236  0.34920590811754570  0.35999555739765149  0.37069501084462170
  0.38100567807591407  0.39123919866972007  0.40126752266247273  0.41135439248511246
  0.42167415470696334  0.43209993161532739  0.44273979327781349  0.45325205086400666
  0.46396851249773796  0.47465044904217518  0.48562495869276601  0.49664521849713711
  0.50716252117114902  0.51764802563240719  0.52824567767122410  0.53920298321035087
  0.54964316799316304  0.56000542281935484  0.57020633644949259  0.58060295483330182
  0.59118221807523197  0.60198154222435296  0.61277679020523956  0.62350850874507180
  0.63412095086176978  0.64451638432490355  0.65488778646186807  0.66512233935502796
  0.67548591182627271  0.68590914987201412  0.69640232876287600  0.70686028495797970
  0.71737115464170764  0.72794247973651138  0.73855000517317249  0.74927774339367359
  0.75965690463337465  0.77004528034595865  0.78015234834438729  0.79019535083847725
  0.80053216339497668  0.81065567042129161  0.82105060206833491  0.83128524626362921
  0.84167396481363588  0.85181747376142947  0.86203545355510725  0.87220898891379872
  0.88265214115157165  0.89309402843659491  0.90375992199548205  0.91447356895393683
  0.92551723067560165  0.93600672253130957  0.94647578578801705  0.95685432716870433
  0.96756408558074558  0.97838269636581154  0.98905442800372623  1.00000000000000000
 -0.00249842508886264  0.00929180927334420  0.01985094153675544  0.03070023345130264
  0.04158958980315535  0.05235694127842287  0.06293210435913517  0.07358795363491616
  0.08420224834925973  0.09468574079051473  0.10471061368914071  0.11466470004048637
  0.12472892938079436  0.13487003054783056  0.14504082989395817  0.15537981444076279
  0.16584278345251249  0.17621610130813267  0.18659281044256754  0.19719550339927430
  0.20784770373018996  0.21829727350358866  0.22848795892677159  0.23879518093660804
  0.24931669916655949  0.25991538274927878  0.27058712710369359  0.28149587896489003
  0.29237357068875836  0.30314704179666885  0.31369084717893647  0.32406712037763619
  0.33448874140967688  0.34479287436057909  0.35537292944983617  0.36580202115822796
  0.37630585737241112  0.38672989855303630  0.39745441194280412  0.40830908965969187
  0.41917975458573492  0.43003138202352920  0.44100807378042117  0.45206338622786152
  0.46289810312423174  0.47358406063444058  0.48406918084045208  0.49414703071196320
  0.50416044785492276  0.51422010502860960  0.52454198399890084  0.53491923593074564
  0.54527983085730169  0.55565294645317687  0.56620751547640569  0.57700200513439104
  0.58762885745263393  0.59850338662064562  0.60940471011394381  0.62001818909131523
  0.63038280789440138  0.64069395642408722  0.65137227963761568  0.66229148785088399
  0.67302131531079545  0.68366892279028013  0.69422767238508487  0.70486205783914258
  0.71570342373195484  0.72635812663184829  0.73679230304493293  0.74694103703421999
  0.75724550907611032  0.76795902220337420  0.77856394383395222  0.78922793400975466
  0.79941415476897371  0.81007124245785456  0.82088896112703991  0.83160827460461906
  0.84222790059201869  0.85231448866378756  0.86313185754551569  0.87355255413599853
  0.88440069951627753  0.89524963462049678  0.90605969406301268  0.91660618953631812
  0.92671622992294722  0.93694282109237681  0.94746132970924790  0.95775203609271509
  0.96804134942706421  0.97830785739010906  0.98911763351661985  1.00000000000000000
 -0.00245372250163782  0.00949715650262126  0.01957243145946056  0.02995767283165146
  0.04035292462197035  0.05083691167009092  0.06172269706518340  0.07268648362131143
  0.08384382360741617  0.09456304285565825  0.10506342997292729  0.11530095279859211
  0.12559803978507225  0.13614960239553969  0.14683621230077015  0.15737876211574287
  0.16762566720833980  0.17793864337376686  0.18853192865465931  0.19938122952425788
  0.21027742323527115  0.22091427038290476  0.23166813347255638  0.24237292437833860
  0.25281409828302803  0.26300901042907288  0.27327718608740653  0.28388423506342175
  0.29460551499037885  0.30533827989064916  0.31594249187846152  0.32644656660299054
  0.33682094511886296  0.34714995097380136  0.35762107767982132  0.36812697619225354
  0.37855932759985789  0.38897236531168328  0.39945245926826217  0.41017082011273137
  0.42105487721883683  0.43200314300902237  0.44287499965313715  0.45362654827988697
  0.46422151533217554  0.47464470739288817  0.48501187598378465  0.49544656611875848
  0.50595123646829243  0.51630715335224742  0.52671476804591977  0.53702290835191768
  0.54728683964871472  0.55743074944630411  0.56774327739449382  0.57837536986252636
  0.58888241935336127  0.59936732587415009  0.60993703312166270  0.62064010124287805
  0.63134387028944439  0.64174410359011158  0.65188654389338518  0.66190626120388707
  0.67214450002882020  0.68255052836124597  0.69320819620397212  0.70395236822297336
  0.71466246005360301  0.72525382568565167  0.73570808524019471  0.74611011645155934
  0.75631079688588387  0.76644929616198920  0.77671740282649004  0.78711843651253266
  0.79769713624215277  0.80826976969650177  0.81888861193091977  0.82930204263907981
  0.83988099553899298  0.85064182502333385  0.86152688774754660  0.87226803790319851
  0.88294727890220082  0.89350253036377991  0.90405624706706078  0.91458029369125438
  0.92511449907585830  0.93578299078519844  0.94656518779234167  0.95755030189282642
  0.96827083394709146  0.97878087305276784  0.98933254309377516  1.00000000000000000
 -0.00219211232065700  0.00878686987391838  0.01831901248916440  0.02836258711533679
  0.03862116630530297  0.04879601548834180  0.05898450993415892  0.06910406719737802
  0.07940401174062880  0.08945059569593387  0.09972409233685248  0.10985011224894431
  0.12004235213869846  0.13053966431441524  0.14092230005244158  0.15119289663560578
  0.16091048689384849  0.17105596271501280  0.18142744453968090  0.19197425968448145
  0.20224423487081927  0.21243300516195401  0.22255877026854026  0.23283261534466770
  0.24300961803854373  0.25322680624594479  0.26372499816600570  0.27436589759773067
  0.28499858180485294  0.29596263722630189  0.30677822057989912  0.31732594746585818
  0.32749717074374707  0.33781790641402293  0.34847578171512850  0.35910305729074476
  0.36987377438355096  0.38023651796879165  0.39057155933065335  0.40081546446935357
  0.41145384470991092  0.42212798242396532  0.43280351258932798  0.44311354743566034
  0.45333170908919013  0.46381680505817369  0.47464985866769849  0.48534508724781605
  0.49597955578043246  0.50664965624080949  0.51730904621803542  0.52768959721633013
  0.53798921675189959  0.54834671247421152  0.55879433794928590  0.56897964511007326
  0.57944807137600851  0.58984429316821529  0.60056560094926170  0.61099364540480672
  0.62149703643301379  0.63194690492521821  0.64259067879124043  0.65314313101263821
  0.66392463004780755  0.67479738371638143  0.68571056329338298  0.69579286029508802
  0.70597122140832336  0.71625059252949219  0.72694541921384259  0.73759839345418554
  0.74831217442797882  0.75929951163923082  0.77010003600626076  0.78095959230477185
  0.79153601677206564  0.80239511851269307  0.81339584266723197  0.82472822817267843
  0.83612807255556865  0.84759046212384748  0.85859953344409079  0.86919976615547012
  0.87983338099697084  0.89097901365007914  0.90219911349686455  0.91318157192580285
  0.92398534759219408  0.93482166073285167  0.94543320841353717  0.95595304366779166
  0.96671513172295354  0.97773063317473863  0.98899203930758262  1.00000000000000000
 -0.00223071384734460  0.00876403102055412  0.01888219435507596  0.02924834210781661
  0.03975703253336788  0.05045805806079220  0.06125499318091662  0.07205791730654114
  0.08301030200036734  0.09397525553293302  0.10487910180795658  0.11547496949592938
  0.12593693863947153  0.13660622085423529  0.14727380898535194  0.15786866282219486
  0.16821070549758319  0.17854512263436240  0.18900760812152023  0.19943203058464826
  0.21001690529935965  0.22066148016253118  0.23127826134515606  0.24186049280416461
  0.25217531044968788  0.26267295436050986  0.27333835058940958  0.28397329964476303
  0.29452037612071330  0.30491867222701186  0.31500692037912498  0.32495553906114799
  0.33509008183972605  0.34546295143279976  0.35583679610701080  0.36621297970638378
  0.37688095939626765  0.38772066818379458  0.39848999491284870  0.40893795140775219
  0.41928833218362316  0.42964226867522620  0.43997643408845644  0.45041176787574816
  0.46085683839775365  0.47129663741228622  0.48187710837109865  0.49258263775722239
  0.50316918703724856  0.51335896074357712  0.52375365980505340  0.53454923814079258
  0.54520421510390904  0.55553850609586908  0.56600655570895708  0.57651460629350482
  0.58723749944404513  0.59771145658007552  0.60831710974495656  0.61889913838095190
  0.62904269174071548  0.63914500406709185  0.64919975592554413  0.65966174055162119
  0.67002223681087136  0.68034870907465173  0.69061084569630704  0.70128745105049928
  0.71207384634314941  0.72294131566780662  0.73390801828867125  0.74491929570677162
  0.75561408019817611  0.76630228185927407  0.77710567633094829  0.78828704277231576
  0.79941323829631561  0.81003332404367279  0.82074615325299849  0.83119779772932156
  0.84179895317937714  0.85243249452990333  0.86330429651009333  0.87442635583558903
  0.88514345890121537  0.89585168125371206  0.90641788062373796  0.91697817389120795
  0.92737030008125632  0.93772097107422470  0.94826463177930487  0.95914356425395453
  0.96977107470965884  0.97996320524317937  0.98995398540861990  1.00000000000000000
 -0.00237676396975178  0.00918210111326213  0.01925817533571621  0.02971537668330696
  0.04055687123871528  0.05186277293338216  0.06319233425403042  0.07418648441441351
  0.08495224115455366  0.09561535957424670  0.10612603516315899  0.11664910767523697
  0.12706778382970149  0.13750156111781658  0.14769975817395820  0.15786868829742054
  0.16812257019712998  0.17843647578460439  0.18906198418406550  0.19956169509882607
  0.21029596544768872  0.22093353834365950  0.23167270758106909  0.24236589924562862
  0.25297431264017267  0.26347765071748935  0.27411901934907046  0.28487830132193320
  0.29551554591312351  0.30616899518731905  0.31689194977257901  0.32772656358326258
  0.33844992308563671  0.34907295361238772  0.35956694215090745  0.36988216470732393
  0.38013537730152708  0.39049736762465720  0.40099939976697291  0.41161645471936276
  0.42226184165519193  0.43297130274196433  0.44356898827868019  0.45404899440734553
  0.46458135341970985  0.47520973237626157  0.48608170395388450  0.49685603330412575
  0.50749936998766931  0.51808283340400274  0.52864300636019401  0.53921337322638363
  0.54967146514713250  0.56006448608878345  0.57039261429046895  0.58068925803180638
  0.59103977824946452  0.60146024941104848  0.61184200670621658  0.62232629133380879
  0.63285196091729257  0.64337089260876812  0.65359720948176148  0.66376365535291415
  0.67392107540037183  0.68412319750837747  0.69435625741247886  0.70476375615385078
  0.71537119650206160  0.72609718178269878  0.73695990209368012  0.74772557475342372
  0.75852940820957726  0.76929521557002434  0.78008697746177957  0.79089461231401104
  0.80151982909173924  0.81215350073058901  0.82262060300055617  0.83299540193935440
  0.84339660838727593  0.85352467324043646  0.86366761022940275  0.87376168104104823
  0.88404383288905453  0.89434270415286454  0.90463134522428001  0.91512326040583403
  0.92584618077817271  0.93674078788246340  0.94740051365547640  0.95816862739098507
  0.96864098853137670  0.97917074013000238  0.98943205457469341  1.00000000000000000
 -0.00212553165528507  0.00886626023549474  0.01892886935183348  0.02954196555324723
  0.03985053653870984  0.05045231731627239  0.06112601632213230  0.07208000651116826
  0.08260702801252662  0.09273174756267584  0.10290322558740775  0.11311918713709314
  0.12327593919466809  0.13354571755916619  0.14359506736855879  0.15381548956231719
  0.16417160475846912  0.17453027993110298  0.18536335454179242  0.19600440596000115
  0.20649305095158707  0.21657993038696116  0.22643714087034988  0.23663455714263565
  0.24696992393619724  0.25752600692784555  0.26821869264455472  0.27898575633886613
  0.28989663966793899  0.30050580848667968  0.31082587143560297  0.32103991282711197
  0.33130327907057772  0.34218776728065009  0.35310488094390913  0.36387993471970731
  0.37440803780953980  0.38472457478333494  0.39496946280123213  0.40528916103966695
  0.41580288328591725  0.42635693123077112  0.43670709240430206  0.44706464332555923
  0.45733509699041858  0.46765571726756533  0.47802416762170546  0.48863061838763439
  0.49931067138390722  0.51004150948976135  0.52080186734299994  0.53148980945797697
  0.54225815081498252  0.55317155634487902  0.56416053587714921  0.57493980412511403
  0.58554225936715554  0.59595674888200112  0.60635769628593505  0.61668640273621567
  0.62703874025845596  0.63732164365963373  0.64742169289157958  0.65752324848421784
  0.66772248782382249  0.67808546545250692  0.68851853388773265  0.69896257936698358
  0.70959707309783870  0.72051298745039105  0.73165329767166065  0.74292574659363042
  0.75419322697784530  0.76509889558176691  0.77584336935509401  0.78656752745429770
  0.79724875108952709  0.80784598816222819  0.81851666913632726  0.82938946386178913
  0.84043595241020386  0.85136503498194227  0.86200381575204221  0.87242492458777399
  0.88287083343396311  0.89365229645043287  0.90460260702642270  0.91538961623516346
  0.92609923564817864  0.93667685119048860  0.94732826955532634  0.95755533759789602
  0.96800348555723359  0.97846954074235137  0.98915968430403056  1.00000000000000000
 -0.00229206952023702  0.00911867293103077  0.01908839634678982  0.02945126340709892
  0.03987531399502739  0.05016551667679495  0.06052018316418389  0.07147789239212560
  0.08228221778857253  0.09297153235003588  0.10331217826313306  0.11417317998196400
  0.12477284410185732  0.13540348294974858  0.14567769525721103  0.15648065210036494
  0.16717409414248394  0.17777001354556921  0.18830838474636896  0.19916525225640308
  0.20971113638229724  0.21998236973387125  0.23005865375911402  0.24054324800142127
  0.25114291336535111  0.26144978269420338  0.27151312978800046  0.28144296320834733
  0.29165631037121414  0.30206913738175561  0.31225708050257500  0.32226929151170319
  0.33242188790612737  0.34286573412740901  0.35346985241724221  0.36408408081475108
  0.37462680755270583  0.38531123216643381  0.39589651840714446  0.40682337173348693
  0.41794655170155531  0.42898953509776439  0.43944509476638716  0.44955365803144998
  0.45958848525257567  0.46978468914738558  0.48003241171970545  0.49026745030177188
  0.50076943713636823  0.51141507051232160  0.52227077658964449  0.53324565181886918
  0.54401972216280159  0.55459420742021193  0.56500792811131473  0.57537482600783618
  0.58577565764428741  0.59618558427182500  0.60666578778828639  0.61736962639429649
  0.62800470220082483  0.63865591207572869  0.64910131076652933  0.65956393294392490
  0.67001116413036321  0.68067815169031265  0.69168324222580224  0.70272952970100322
  0.71367281419502748  0.72438033529579327  0.73540455565327023  0.74652859497116975
  0.75765737679739797  0.76853197823047181  0.77915318047482107  0.78941303714372968
  0.79990979933342077  0.81016849416898962  0.82068563408023354  0.83099344678559128
  0.84182612544733881  0.85278975842531801  0.86329331213732319  0.87354646047942186
  0.88394847775484275  0.89422293059905233  0.90448251054939199  0.91460590261176000
  0.92576782347466280  0.93700590211407320  0.94775461378296988  0.95832954747839771
  0.96855786575830705  0.97919945583485557  0.98967823046233760  1.00000000000000000
  0.11047776494465404  0.22872576848603482  0.26818712433037101  0.28654211389797318
  0.30073385476153142  0.31309895219391304  0.32427190697620767  0.33468459852336419
  0.34457057126736762  0.35421250879880073  0.36359595846849924  0.37242044471408270
  0.38073207711500368  0.38883351710168823  0.39689216214746126  0.40480090557122372
  0.41242246215867229  0.41977590776940382  0.42701038677067399  0.43414789423098116
  0.44113725728119330  0.44790001643652005  0.45468182893597509  0.46139530082590885
  0.46811053897575361  0.47461283308982499  0.48103687765281422  0.48740693719466260
  0.49373773184914849  0.50002627100680019  0.50630680177897980  0.51250655479695939
  0.51893064205952688  0.52529736828319695  0.53153557868702905  0.53755953633548748
  0.54339822959059936  0.54921079699235864  0.55510970748143817  0.56103886359401101
  0.56683607059081165  0.57253513166558223  0.57823869574460018  0.58395494177012142
  0.58972420673973391  0.59546929210721122  0.60116101723097604  0.60684319294863132
  0.61253460757209710  0.61821465534607645  0.62388181575600021  0.62957669212775635
  0.63528525283437376  0.64101293659762615  0.64686720742128945  0.65288546411682902
  0.65885976494706699  0.66471825958034825  0.67044801021740952  0.67620546442875606
  0.68220329601727103  0.68834904179399981  0.69446001657802348  0.70047324052184023
  0.70642561562108908  0.71244488997255873  0.71853084725712291  0.72462554936956014
  0.73072908391071101  0.73698848663936045  0.74341422935107659  0.74992215172500210
  0.75649483867898393  0.76311726567077243  0.76984469696837443  0.77668019738159322
  0.78352313085309733  0.79032680772505581  0.79717685037321473  0.80411315318972787
  0.81124848502649261  0.81852686135419395  0.82599316637046871  0.83362640073892991
  0.84134538752445132  0.84939712788385791  0.85767850756536890  0.86644089790310375
  0.87570430904031415  0.88555585579538421  0.89617129065855272  0.90791894407376150
  0.92108342411259347  0.93660459380937233  0.95875344564929132  1.00000000000000000
 -0.02550743628187739  0.12068540893408958  0.15693436233228808  0.17812435498337059
  0.19507978657593322  0.20969714690890331  0.22257522409692410  0.23446951191255969
  0.24530766830384967  0.25523204681422546  0.26463708520234336  0.27379881263607025
  0.28261557595213666  0.29101804770598039  0.29897857455095095  0.30658296987293632
  0.31404242908305813  0.32118894447128149  0.32832871222808113  0.33537137148705043
  0.34236562012785154  0.34922985812934632  0.35587677922925576  0.36246360480218476
  0.36901887939436201  0.37540690497263263  0.38153223179386536  0.38753208964640340
  0.39354962755052753  0.39952503780082355  0.40535909784469881  0.41111843362022760
  0.41678824882567661  0.42239605669531693  0.42800735894334008  0.43363835611207113
  0.43925823519509583  0.44480787782724007  0.45025612743206411  0.45558993868350189
  0.46084594702834425  0.46602255965745193  0.47118341816062698  0.47633576986411658
  0.48150052951032368  0.48666479227598114  0.49189814387788600  0.49712210478527802
  0.50241522227249136  0.50767156377625178  0.51291551196319485  0.51815773026575951
  0.52348865169523029  0.52890626441606514  0.53428879074479063  0.53961839902292219
  0.54491357181355593  0.55022428082517694  0.55561331262205271  0.56105049499311155
  0.56651824160105502  0.57205787174926637  0.57760003798414228  0.58310045873606420
  0.58861007475871396  0.59412243962884592  0.59971934562524387  0.60541143601598268
  0.61118985789028657  0.61709799040820812  0.62316095884302825  0.62939978399119512
  0.63579403978259152  0.64227185184666657  0.64891348570504181  0.65562078175111338
  0.66236979621765679  0.66921641965562484  0.67627019014382694  0.68360364139013019
  0.69115843959939971  0.69895185442940111  0.70693253537555378  0.71516967507003615
  0.72368924364315945  0.73235332799472774  0.74144594319815149  0.75139808644711081
  0.76246675550249998  0.77449001371013715  0.78751556117977084  0.80208895466933783
  0.81908712771160153  0.84062015284380920  0.87657614605493017  1.00000000000000000
   4.8674823833676816E-005  -1.0000000000000000     
 T F F F T F F F F F F F F F F F F F F F F F F F F F F F F F F F T F F F T F F F F F F F F F F F F F F F F F F F F F F F F F F F T F F F T F F F F F F F F F F F F F F F F F F F F F F F F F F F T F F F T F F F F F F F F F F F F F F F F F F F F F F F F F F F T F F F T F F F F F F F F F F F F F F F F F F F F F F F F F F F T F F F T F F F F F F F F F F F F F F F F F F F F F F F F F F F T F F F T F F F F F F F F F F F F F F F F F F F F F F F F F F F T F F F T F F F F F F F F F F F F F F F F F F F F F F F F F F F F F F F F F F F F F F F F F F F F F F F F F F F F F F F F F F F F F F F F F F F F F F F F F F F F F F F F F F F F F F F F F F F F F F F F F F F F F F F F F F F F F F F F F F F F F F F F F F F F F F F F F F F F F F F F F F F F F F F F F F F F F F F F F F F F F F F F F F F F F F F F F F F F F F F F F F F F F F F F F F F F F F F F F F F F F F F F F F F F F F F F F F F F F F F F F F F F F F F F F F F F F F F F F F F F F F F F F F F F F F F F F F F F F F F F F F F F F F F F F F F F F F F F F F F F F F F F F F F
  <DiscreteSampler_grid>
  grouped_processes
  1 # 1 for a reference and 2 for a running grid.
  10 # Attribute 'min_bin_probing_points' of the grid.
  1 # Attribute 'grid_mode' of the grid. 1=='default',2=='initialization'
  0.0000000000000000 # Attribute 'small_contrib_threshold' of the grid.
  0.5000000000000000 # Attribute 'damping_power' of the grid.
 # binID   n_entries weight   weight_sqr   abs_weight
    10   10   7.688017522644958E+002   2.569349983792287E+006   7.688017522644958E+002
    16   10   7.688017522644952E+002   2.569349983792283E+006   7.688017522644952E+002
  </DiscreteSampler_grid>
