  0.00352194328726870  0.01114527080884692  0.02122842633104000  0.03116265619899952
  0.04127088442608452  0.05157410604078545  0.06216557508888274  0.07262765316472404
  0.08279865794513513  0.09261409079919812  0.10244173613352510  0.11247032173317120
  0.12259497184557033  0.13294359429251756  0.14345989222726396  0.15419994293536973
  0.16503139520163035  0.17564987405090732  0.18597368476924320  0.19684273556397283
  0.20782457779571553  0.21879340945746115  0.22910835115522118  0.23921561105610487
  0.24938119742233056  0.25971468955233795  0.27004998150428733  0.28019625605216486
  0.29043829941323879  0.30095294892823210  0.31173019991025613  0.32257196089524415
  0.33321480288627642  0.34356804136094865  0.35368473939189399  0.36369326628438492
  0.37388973107864437  0.38408008513209008  0.39441649069439544  0.40500260063722054
  0.41594318954143145  0.42696251083838382  0.43767896087629954  0.44822776336429926
  0.45841617450778749  0.46832911053937587  0.47824939333225064  0.48830218691041766
  0.49842226413956947  0.50857810101323586  0.51881341191429831  0.52930015906918348
  0.53971482607424515  0.55025216084617856  0.56092248082841867  0.57167698888822094
  0.58260183431942181  0.59346184806710289  0.60425548029890708  0.61480914844664125
  0.62537626899243282  0.63589587286949334  0.64643983876107025  0.65707756692543151
  0.66759135681436577  0.67823608431464411  0.68868015337014565  0.69903470282526858
  0.70935879670479218  0.71982919727348615  0.73051157106163622  0.74114277107286952
  0.75179316802105201  0.76239340300296587  0.77302649979040228  0.78357824697407685
  0.79419595916115748  0.80464681067585031  0.81529348227875797  0.82602880132342527
  0.83676663981859656  0.84735672325824674  0.85787824860039796  0.86828341698579403
  0.87862193499705665  0.88920351888957705  0.89998210831681680  0.91083528164350658
  0.92139964529736651  0.93181165915863895  0.94249235907963613  0.95361648432676649
  0.96473756104881658  0.97580149872647115  0.98744263741626970  1.00000000000000000
  0.00682746987385086  0.01681204283578595  0.02856456424451285  0.04015080058602953
  0.05105467935725325  0.06168210941554469  0.07215426849418702  0.08264609863400121
  0.09337018863461796  0.10420900100323077  0.11499249261654439  0.12576137179379474
  0.13650077294260418  0.14725020380784717  0.15786411553381544  0.16870250467105599
  0.17946875033030366  0.19005724614320574  0.20031498396424208  0.21057840683690421
  0.22096176221774930  0.23144402026025293  0.24202526605818234  0.25263911554175006
  0.26324584284063091  0.27402235498816641  0.28484035101790611  0.29560574838594189
  0.30605164547823105  0.31649096495649326  0.32700914403890785  0.33774633710090701
  0.34846364785866624  0.35906166461402184  0.36942477061145462  0.37962448579026975
  0.38969357797508941  0.39965207047604595  0.40968336162600666  0.41987573111780901
  0.43022710929485791  0.44073577058937391  0.45131264139570565  0.46190535191304294
  0.47234047543174429  0.48266492452472448  0.49308534497289497  0.50373467988815079
  0.51456388464566949  0.52538682479321885  0.53603997359630351  0.54651532863237196
  0.55684505099034065  0.56724560357426113  0.57786851560523655  0.58845190402016057
  0.59892136890871739  0.60939345684573110  0.61999852342441164  0.63067478895423268
  0.64128724597024311  0.65195614373365052  0.66264845746141510  0.67338055704003008
  0.68405346083596330  0.69474964016317797  0.70554712468418712  0.71649685563950660
  0.72755693529019427  0.73840129883551286  0.74903323837152413  0.75931827632262250
  0.76948430909828325  0.77963614062456132  0.78990999332530420  0.80027806735332641
  0.81067692858796736  0.82099061403761187  0.83132786323149577  0.84154936333411245
  0.85195044309975076  0.86222227501401871  0.87239034051583897  0.88243906034376129
  0.89250651714623563  0.90293218302719513  0.91351265960486239  0.92398044517562494
  0.93442057647670862  0.94466773105128810  0.95482788823905207  0.96468361896405930
  0.97409048368753026  0.98333183981195338  0.99186616516000492  1.00000000000000000
  0.00353784799382194  0.01084418899332986  0.02048633965813892  0.03049061160263292
  0.04051969351748402  0.05109105199471831  0.06170768501523792  0.07210917577176365
  0.08247017787810060  0.09258388169651602  0.10260270880556005  0.11261142970417579
  0.12269242610295467  0.13297002370284677  0.14339683853181043  0.15411627041410575
  0.16499427849334675  0.17558051152060081  0.18605618877053912  0.19656453289395803
  0.20718822558676275  0.21757798452108301  0.22800314952648590  0.23837012444354602
  0.24892045743156485  0.25933070691986015  0.26962049378434222  0.27995603115293388
  0.29032479602475592  0.30067696961898993  0.31112988181610796  0.32131524883768370
  0.33157758457940845  0.34177549416759445  0.35169387837896438  0.36174786434630951
  0.37224858541171252  0.38310116286685686  0.39422947014763388  0.40487349943468476
  0.41546125332735306  0.42569279145897765  0.43586359340289588  0.44599172965429973
  0.45625050448896071  0.46637363691934242  0.47643389425798754  0.48662811819982260
  0.49703679514201154  0.50773834501763970  0.51833321685798128  0.52874822565128288
  0.53899654885981230  0.54937004587998517  0.56011525669610596  0.57080606756685026
  0.58147763588137080  0.59241620994107524  0.60370883974093303  0.61445426532913006
  0.62540611498024401  0.63586892917751281  0.64670642082765595  0.65693417440943258
  0.66722385331845946  0.67747850345171556  0.68759562104734950  0.69782675139713657
  0.70820939364582070  0.71864765793392660  0.72893827445804771  0.73931377419896083
  0.74986780342711534  0.76076411047539383  0.77130517504978224  0.78213197571149939
  0.79274374009827386  0.80333608351335883  0.81373953847207781  0.82434626559651636
  0.83488993748107987  0.84602525955831565  0.85689817792642731  0.86792612738161068
  0.87867446442147856  0.88971717215817714  0.90079599680970823  0.91174189718519583
  0.92279685141273005  0.93383199298995645  0.94449118890853623  0.95496968855636954
  0.96549065779518428  0.97658031263767298  0.98820744208231914  1.00000000000000000
  0.00583295302037654  0.02038911592574529  0.03458063098362016  0.04697651966641551
  0.05841741370911461  0.06976599255230397  0.08066989832179799  0.09158968608976541
  0.10223507085053801  0.11278852550506402  0.12306094682848849  0.13352330049051150
  0.14431729562730380  0.15532961157253339  0.16667366335518863  0.17820348046633652
  0.18960165104629959  0.20050446941628530  0.21112568659540651  0.22146462934512762
  0.23173963817546669  0.24183620640318323  0.25196455380450511  0.26221107065334937
  0.27272344359935580  0.28344524015266487  0.29398751667844153  0.30425624946264757
  0.31463388862959835  0.32519986407198120  0.33567033676324942  0.34592343002135817
  0.35614997506658952  0.36669325900957611  0.37742934321755178  0.38825893786839588
  0.39914413370831481  0.41012325157034518  0.42100613928839031  0.43167068634130856
  0.44230703791978915  0.45301497623537157  0.46364625975210377  0.47407563772673195
  0.48444406559971515  0.49477071508597276  0.50505721348895460  0.51534473377949641
  0.52565945133662406  0.53596661142439528  0.54619698773755565  0.55645202821486839
  0.56673343537865484  0.57700046002322514  0.58727891344885541  0.59759148348647140
  0.60778084321042269  0.61791221855936795  0.62817466353730345  0.63871504641805210
  0.64929610633394863  0.65981206032549555  0.67018521300925882  0.68038810781629044
  0.69028250562470750  0.69999094969461295  0.70967979509934709  0.71967197982487929
  0.72988331989065602  0.74033139470301634  0.75080533626341206  0.76143794075199522
  0.77205281818494154  0.78272109843642823  0.79315528590074369  0.80352611041065980
  0.81396403283658325  0.82443831341733032  0.83482503558828780  0.84513988222230774
  0.85546492804661733  0.86583896971097352  0.87599845775206742  0.88620095650757214
  0.89634225184086347  0.90644904076932187  0.91643128525826023  0.92621120794543588
  0.93591819592960301  0.94560961461667492  0.95523150662266276  0.96487187987234269
  0.97415867088986863  0.98294232270364845  0.99186923621115453  1.00000000000000000
  0.00000372617279044  0.00000842182931787  0.00001269362505867  0.00001667410187022
  0.00002085918497413  0.00002528033761975  0.00002956942219261  0.00003380569618421
  0.00003801237922078  0.00004216683007553  0.00004621555618061  0.00005019978190468
  0.00005421401159730  0.00005829353330757  0.00006250106639257  0.00006681468118599
  0.00007123376644555  0.00007580820658547  0.00008041161002004  0.00008520748711458
  0.00009018949836808  0.00009524079638893  0.00010044484358395  0.00010579127263258
  0.00011129043842073  0.00011693938046214  0.00012270514255001  0.00012864895754446
  0.00013484308946002  0.00014133782868743  0.00014829112183702  0.00015567625691011
  0.00016339227038519  0.00017153467739592  0.00018002517602368  0.00018876020321870
  0.00019772336708742  0.00020680296056502  0.00021611696563413  0.00022559700934010
  0.00023530986121052  0.00024546831908368  0.00025609850066777  0.00026725546874678
  0.00027870370443988  0.00029075567824529  0.00030265724281816  0.00031569036999350
  0.00032901538577833  0.00034337334889346  0.00035845246850564  0.00037390735226933
  0.00039042611878636  0.00040739003926288  0.00042576668207368  0.00044447331863566
  0.00046424033352574  0.00048490493375250  0.00050697965924218  0.00053030328048718
  0.00055485846253132  0.00058110245289348  0.00060889807504450  0.00063841784406960
  0.00066999354973831  0.00070407805617724  0.00074004561241941  0.00077797423808913
  0.00081800152900479  0.00086147392950097  0.00090908903216012  0.00096102300339527
  0.00101754236711076  0.00107964145582479  0.00114928364665199  0.00122585806602126
  0.00130842552638265  0.00139729711760090  0.00149844482667480  0.00161111987715060
  0.00173626689981077  0.00187903494060213  0.00204909001711646  0.00224415047634394
  0.00245544863698554  0.00270050092389261  0.00299111989074285  0.00335881000644052
  0.00383617929409146  0.00440053724702475  0.00513234549858742  0.00610088141465723
  0.00762078464431429  0.01124456811333855  0.09624184256861958  1.00000000000000000
 -0.00242303568983969  0.00975623327084099  0.02025011339736172  0.03134088798089371
  0.04228630624229014  0.05323261067519679  0.06404025182677822  0.07500826928280423
  0.08563574986179501  0.09644604338155671  0.10714040843121896  0.11791182961536831
  0.12850334338384303  0.13904759138669648  0.14964794710586896  0.16025670844974305
  0.17091176526151142  0.18203878917692687  0.19332608928782660  0.20474579662075781
  0.21585844595637976  0.22713018424249326  0.23832838832050141  0.24927163548941686
  0.26011229785682788  0.27096275043852325  0.28191364537278174  0.29284776178883376
  0.30353800674097747  0.31395647541314864  0.32409299463401819  0.33435631265046606
  0.34473700527042017  0.35492667414898388  0.36511586492345022  0.37550373182496988
  0.38640871400016302  0.39744531391103882  0.40832473281701331  0.41905101546481932
  0.42982814748376880  0.44073992383215904  0.45151106229478194  0.46203817160666161
  0.47256212450269314  0.48313211931254113  0.49362507005472200  0.50417366384715268
  0.51486451984217207  0.52559416337315523  0.53628289415931463  0.54669756819234661
  0.55721962726947982  0.56749098528749098  0.57786938537543120  0.58838324278245546
  0.59897569547185592  0.60923559065678101  0.61964693981879371  0.63001380774728777
  0.64068624062708135  0.65106383976668059  0.66126927220987919  0.67152914049067081
  0.68172340476676407  0.69172383254874126  0.70185442281168919  0.71196026329833018
  0.72250604569954591  0.73315642091956490  0.74422384082532622  0.75477986147854881
  0.76526544619446202  0.77559371867560900  0.78616937890258853  0.79660108199653967
  0.80717180765445851  0.81773306895277620  0.82846085055817409  0.83896630967920849
  0.84946036938700964  0.85959659948743761  0.86956390778484283  0.87945678299150021
  0.88934655668464513  0.89924254303988649  0.90922710532317141  0.91942275197998047
  0.92995808742800479  0.94049329735017639  0.95059960092460183  0.96079500484342362
  0.97077675397155094  0.98064625655604254  0.99033132703352778  1.00000000000000000
 -0.00243410003309630  0.00946865116683622  0.01989407256226615  0.03021596221382312
  0.04051741627515841  0.05084481958603244  0.06113833441978445  0.07141217112526775
  0.08169338918934993  0.09200589304909218  0.10216401134004029  0.11241531809085761
  0.12298152962174042  0.13370327944732652  0.14436839075871477  0.15486326006507922
  0.16536039129485669  0.17576148944925574  0.18630043486746198  0.19711020400982812
  0.20787913205377007  0.21838189466186636  0.22855716455951341  0.23880225710390687
  0.24896850195349932  0.25926368810487155  0.26988809688381349  0.28096439749781571
  0.29191688743573785  0.30236106106778310  0.31264664838367473  0.32297869075415719
  0.33362001014590870  0.34428387191712778  0.35496105642183767  0.36562399031446696
  0.37633730109557567  0.38717848446829878  0.39800725203973220  0.40864552312517050
  0.41933422683268423  0.43002250019361432  0.44053813842222939  0.45094895575705446
  0.46136252579781606  0.47227341724015559  0.48305634533596586  0.49347268681209222
  0.50361803805112026  0.51400879306278735  0.52481063345368417  0.53597246054228387
  0.54715969165768585  0.55827411200843458  0.56872895205171392  0.57893989698499004
  0.58913058380455285  0.59944901402423967  0.60995292225858377  0.62027990826381085
  0.63055723817391196  0.64044162385077064  0.65049240607297099  0.66070347839144294
  0.67126808416854755  0.68178924312105060  0.69204247041892342  0.70228489575723951
  0.71257427613549307  0.72339860522892518  0.73381863732024055  0.74414747676155979
  0.75477359214506612  0.76570009053222976  0.77649424399975575  0.78716344109177938
  0.79813833345419294  0.80890905449925610  0.81963729533335927  0.83021381806512917
  0.84082923727494441  0.85164915916707684  0.86256982910266988  0.87381815150486186
  0.88468240224753070  0.89564816531459635  0.90604325386356588  0.91648498444798787
  0.92668329286037354  0.93690061309538475  0.94718694604223097  0.95758527591154907
  0.96848868739986549  0.97913689121038561  0.98973217109807365  1.00000000000000000
 -0.00242898452828539  0.00961254101599966  0.01955259205200197  0.03029842659414455
  0.04090244434509544  0.05168854135481428  0.06262301704617448  0.07325902169181356
  0.08406852024244948  0.09454657556851682  0.10499932457312623  0.11538716917945749
  0.12604871680428842  0.13683559414017038  0.14753645534851267  0.15826389453597695
  0.16915159236146493  0.18003000468197478  0.19078758233557463  0.20122016384497740
  0.21167188767984049  0.22200772696280471  0.23264519878578899  0.24321931261371404
  0.25387162378407913  0.26447726939229127  0.27516235218771623  0.28574966680034575
  0.29598544584962516  0.30604422087619249  0.31641006113865899  0.32668435223011838
  0.33689145257685732  0.34693722930506044  0.35739772769634331  0.36803457357931185
  0.37876768000883260  0.38956052867917879  0.40031292695319992  0.41085013410329124
  0.42145116391814208  0.43220234468248686  0.44280325485264005  0.45326514098767806
  0.46362773491530668  0.47404093762219274  0.48433585127902318  0.49445599280335423
  0.50466555301270211  0.51515788042850275  0.52575576619654218  0.53650988792030285
  0.54674655307393738  0.55733299097088229  0.56768378296973687  0.57819682338630063
  0.58852754565652043  0.59889412316962032  0.60938722684949287  0.61991301760480633
  0.63063751169224092  0.64167414166686076  0.65254713987761093  0.66335959431553393
  0.67407410981405069  0.68449520375274475  0.69476509127186425  0.70502446651041450
  0.71558683396948763  0.72622000209610749  0.73689278744607978  0.74734677157427709
  0.75788807062999819  0.76841423312454826  0.77920429286368342  0.78997926211589697
  0.80077224929439306  0.81126940198241637  0.82168627418588880  0.83231783658489122
  0.84312306220444377  0.85376994250431848  0.86400812035154684  0.87431356188165554
  0.88477462298086307  0.89521239026296950  0.90576554633728279  0.91617020344672029
  0.92682302387123472  0.93753590568464062  0.94841809239722430  0.95910360071097489
  0.96936785152886207  0.97967936652565613  0.98976164303505387  1.00000000000000000
 -0.00210814827154661  0.00882263061276702  0.01894538441300563  0.02912433412025977
  0.03963116473161507  0.05034182217775363  0.06115678484189722  0.07187513158815484
  0.08235710944059176  0.09298313295065874  0.10367413695564470  0.11411824181923909
  0.12443821861032217  0.13504613496059428  0.14553170530003093  0.15624336009062706
  0.16680924670572925  0.17739370096231491  0.18772821365233255  0.19818860522019191
  0.20853267948128082  0.21925335324948567  0.22962999822869790  0.24052036965253434
  0.25110920455471802  0.26162996745981421  0.27220733378508377  0.28269062455348909
  0.29347689638497532  0.30409815263414469  0.31439267419296579  0.32456330002521544
  0.33502865650340585  0.34592385393667296  0.35696047337829756  0.36779374185515146
  0.37885330351757662  0.38980065298941036  0.40050744112938091  0.41081873730557789
  0.42116573253565670  0.43166804361960792  0.44216675637682235  0.45266827171132307
  0.46304955020475713  0.47343040122469110  0.48380767483285098  0.49418284352337521
  0.50458499080659214  0.51511033097556702  0.52608979173229464  0.53716807858598092
  0.54798315289198951  0.55838196215744940  0.56870541625999049  0.57889980253259932
  0.58920165053629248  0.59938386830212764  0.61007738741852668  0.62081446911866423
  0.63171741182094210  0.64239181457481898  0.65343393841893471  0.66428094700937868
  0.67492596396035598  0.68557071039914186  0.69639851095846950  0.70710180767442177
  0.71773420391096421  0.72819670468622999  0.73860641081840339  0.74885747393348734
  0.75907398500602186  0.76954617578896978  0.78010295147395459  0.79067422713661339
  0.80112532829225580  0.81168911122404686  0.82230217592658739  0.83271836887734041
  0.84311167321538971  0.85349627156124741  0.86409221109106349  0.87475348960504784
  0.88539598642946471  0.89607982136269693  0.90664923822325105  0.91692761395122913
  0.92674851513848999  0.93666888156336670  0.94725991901529061  0.95770433514098108
  0.96799272980241613  0.97809738986032857  0.98906146740626155  1.00000000000000000
 -0.00231140436296680  0.00925067893560885  0.01889963137372788  0.02902943860074672
  0.03924634974473881  0.04987488618461011  0.06029830844895737  0.07094080044136414
  0.08171053606028286  0.09245225911462066  0.10307142251711000  0.11351086316480270
  0.12407968331255001  0.13458376000004249  0.14501986321738039  0.15529840629006242
  0.16535913834289689  0.17549592602945696  0.18573491442540524  0.19604948831984736
  0.20616411537613358  0.21634195239257478  0.22664067697059001  0.23730060950834403
  0.24790586597119976  0.25844734534383562  0.26898775254639901  0.27944714885955801
  0.28973770093494239  0.29985811831453713  0.31012886092565956  0.32079645221282621
  0.33148754926729662  0.34212424407797148  0.35277721889238312  0.36357616578957808
  0.37419771461243539  0.38446932432717174  0.39458983763279681  0.40481147579401872
  0.41524343023640037  0.42568809531531837  0.43616586229099941  0.44673072376080747
  0.45737763857691333  0.46809942488370682  0.47884258779755329  0.48954985431316911
  0.50006304354385511  0.51039128386411359  0.52053085006403910  0.53058386423362947
  0.54058975123241459  0.55074983111227505  0.56100814538430310  0.57155820710914218
  0.58215490185077690  0.59270561855355808  0.60308397754273657  0.61341570753341379
  0.62382754414669417  0.63413542194966765  0.64448919291456641  0.65501779344443367
  0.66566002397227553  0.67632211642663009  0.68703808028369628  0.69773172672022366
  0.70820796659930907  0.71853818398711988  0.72913529845185920  0.74020211765957766
  0.75123945578802742  0.76201607771729873  0.77254338031168879  0.78328675917233936
  0.79416901646826488  0.80522545396275669  0.81627785987682899  0.82738282719204748
  0.83846395885882030  0.84929569661110005  0.86000704895041713  0.87064716406339182
  0.88163576551445733  0.89253495433523655  0.90310796760945400  0.91365865820341430
  0.92437154974844449  0.93532833452893704  0.94621222589471721  0.95717968274827248
  0.96786324036735294  0.97864608145675991  0.98926521288131275  1.00000000000000000
 -0.00231081167888088  0.00896725070237344  0.01937308755308268  0.03010112379595967
  0.04104538677835230  0.05171175474353097  0.06228328216141349  0.07256389589943753
  0.08289880950309853  0.09329055391353919  0.10385420690155485  0.11459207539305612
  0.12563042373281924  0.13622966195470063  0.14674659999617962  0.15735945363754897
  0.16790062870721417  0.17843025682557295  0.18856986086186928  0.19906404723723362
  0.20966158971057203  0.22035958282930260  0.23123433541708316  0.24194532045829995
  0.25260670217120573  0.26310661737373864  0.27366718231689097  0.28455820925868142
  0.29557624787517772  0.30648298092071596  0.31729991129207080  0.32802013935149893
  0.33860592228156150  0.34897777370066480  0.35926602807183772  0.36934845425572138
  0.37957955279843481  0.38974914204071848  0.40028015886735696  0.41066937358137034
  0.42138048618871116  0.43223894896406012  0.44324398267302334  0.45407532476542017
  0.46478728729786767  0.47561772647286654  0.48607801206161200  0.49627621270993999
  0.50640060776635021  0.51660370989024562  0.52716655022211578  0.53785913981847888
  0.54881373437161984  0.55969406602732186  0.57016184136021075  0.58074464189268060
  0.59150141577401993  0.60224029763151543  0.61297495002965885  0.62366798514919741
  0.63433416821761845  0.64511296954136421  0.65574555781789778  0.66619257294845657
  0.67647513003010395  0.68679413834303993  0.69744140530314214  0.70823943944132917
  0.71907652690767143  0.72982282014285726  0.74027936035291186  0.75071672874569162
  0.76092378924345139  0.77120097078528316  0.78115160676676199  0.79127559389925206
  0.80146509853327907  0.81198230114713277  0.82258726804709292  0.83305506640890215
  0.84347739692716106  0.85399001984897993  0.86461581393048181  0.87517979634816401
  0.88531763991724766  0.89550215808724498  0.90568746513320486  0.91630397087395687
  0.92687365346672734  0.93734368002139146  0.94789332134188942  0.95861570564227927
  0.96922665953316112  0.97958815902356255  0.98971363415075064  1.00000000000000000
 -0.00243481722452469  0.00962703696638772  0.01997942557688243  0.03054859475811758
  0.04114345495062263  0.05162505411187912  0.06242301011526075  0.07317665170550641
  0.08409980555602661  0.09490237287336881  0.10555347803036758  0.11626207945139491
  0.12699445525676961  0.13764135581303857  0.14806625551603966  0.15859287817981446
  0.16902332020399402  0.17957969430193899  0.19004228027903394  0.20055012250785340
  0.21077773498057639  0.22098839832813041  0.23126857213099125  0.24193267510877373
  0.25258095649698675  0.26343248930748731  0.27425193060145819  0.28491280494496429
  0.29546721502219303  0.30594864554212170  0.31659741037832684  0.32704063441716413
  0.33736918929512494  0.34783149770689042  0.35832374482609236  0.36882175721711646
  0.37909833667778964  0.38961596392998732  0.40032341481936851  0.41114631350111419
  0.42167443198044863  0.43197675966185417  0.44230043813455089  0.45282406954709126
  0.46345880271109663  0.47410977421456502  0.48481694129960695  0.49548245024936388
  0.50619471444951614  0.51693964099277767  0.52788340995280836  0.53843836663854661
  0.54858072470034847  0.55872435353826533  0.56906572117415377  0.57955796021408112
  0.58989156730659886  0.60021394246944448  0.61055856409611309  0.62097663364806011
  0.63154061070891809  0.64229438295277419  0.65323491645586307  0.66430155447024397
  0.67521457091352288  0.68589300421834676  0.69660428540499253  0.70719545821857921
  0.71766699464047623  0.72801181975539597  0.73862180808680289  0.74934962430747931
  0.75976434824244210  0.77062225383779492  0.78153048390158131  0.79239715929901933
  0.80244236551691950  0.81222781882759598  0.82211592977191483  0.83217817614993006
  0.84238714905733059  0.85256901565735876  0.86283298122088392  0.87313948221568038
  0.88361832561186338  0.89423521258979421  0.90473069222571068  0.91499303234723084
  0.92558311329676279  0.93651687281722029  0.94711842638349097  0.95767508972340265
  0.96794442386215684  0.97848205613920802  0.98920496594264640  1.00000000000000000
 -0.00214662837236508  0.00859283735071820  0.01847528555819621  0.02926009578609477
  0.04011535491416441  0.05066892669997629  0.06101783749379262  0.07188666450137528
  0.08239798071276495  0.09274693241837283  0.10291619817285162  0.11354603334127072
  0.12385878265963440  0.13474094564555011  0.14545838786415910  0.15649318159710945
  0.16723342112732012  0.17834293843580731  0.18919389237350931  0.19989333525286562
  0.21074084921407132  0.22180078462235031  0.23259271762613631  0.24325786518181983
  0.25378691390836383  0.26444297843533521  0.27504627054420877  0.28545455759125765
  0.29541665700086978  0.30522255775166540  0.31530692797366289  0.32591818041940629
  0.33677294250189643  0.34757917778890868  0.35832217597146332  0.36888710783897199
  0.37923456230713337  0.38954635486638983  0.40001565945630752  0.41064630604839447
  0.42111801066635707  0.43123992879523421  0.44125279835479764  0.45135155663954563
  0.46155494282396003  0.47177315707718748  0.48211357092897794  0.49249326649596475
  0.50290005523378256  0.51312047235757352  0.52323692345244388  0.53342111159079120
  0.54390244915903163  0.55454642585697911  0.56515331226414467  0.57560037899076189
  0.58612047246886922  0.59689534989755011  0.60743877177202787  0.61830230059193680
  0.62915507521993841  0.64031789422174190  0.65135528098586370  0.66231534449355700
  0.67315704684678801  0.68411184012641779  0.69473954764825863  0.70527405028982504
  0.71560837483313111  0.72611903690895840  0.73665752747998625  0.74725151273351198
  0.75766511098853295  0.76803058124565393  0.77832261957204285  0.78865356979057311
  0.79895223784579716  0.80917085826067936  0.81946296898987969  0.82989157539045499
  0.84024371616674265  0.85084891383498240  0.86173101885271519  0.87272711719467866
  0.88330786080356827  0.89381991510475400  0.90428964881619189  0.91535421539854300
  0.92589972036957735  0.93690490858787800  0.94716265468438088  0.95784292410381955
  0.96837556511672362  0.97893306374950884  0.98943064783897683  1.00000000000000000
 -0.00253973801146526  0.00973069908496518  0.02037103833200245  0.03092976079881865
  0.04158167912276956  0.05167622350643625  0.06186294371998613  0.07196458344393836
  0.08214872019687544  0.09230131683627159  0.10256134320492317  0.11276943977122053
  0.12317353580015306  0.13351683387098290  0.14385795533322721  0.15436885077049933
  0.16461954965528641  0.17533007847567042  0.18573058724905597  0.19611340034196378
  0.20638156070388383  0.21681754650145721  0.22719811794371053  0.23749322760759647
  0.24769048349238074  0.25791010367135037  0.26798981674638833  0.27816289585427356
  0.28828991106090751  0.29850089706660216  0.30858189327659502  0.31890724552027172
  0.32948637255203567  0.34010232196759627  0.35092668013307599  0.36160445800796681
  0.37241426692483176  0.38276983341302206  0.39320006128150592  0.40371508491361680
  0.41460290314322368  0.42560402056609808  0.43656473062571372  0.44727968907726584
  0.45800808487700845  0.46876090195782721  0.47948582306954685  0.49020296456778578
  0.50078520423847650  0.51177814856853021  0.52254795324578318  0.53328427570494585
  0.54408265681196499  0.55484104182170202  0.56542374770413184  0.57606763637937941
  0.58641095235584773  0.59704804416969026  0.60769855242028470  0.61853785553003937
  0.62930083192138653  0.63989123596842634  0.65062397903342295  0.66109063237607102
  0.67140119974405810  0.68183482452335586  0.69248303171228365  0.70316920822475359
  0.71373904888577711  0.72429942300905803  0.73537201853072731  0.74634745969154537
  0.75702480812406747  0.76758862073437428  0.77815455379590004  0.78886312922240509
  0.79966760103542878  0.81045278093612449  0.82118210443530781  0.83180968918576259
  0.84244891778517461  0.85323485083540151  0.86378986091403387  0.87434412482684865
  0.88470890244926681  0.89525694020796387  0.90578606907080994  0.91656030102294594
  0.92712747183651378  0.93776855143923765  0.94838119610009597  0.95863869589328354
  0.96884118574963363  0.97904330513204840  0.98954548877746906  1.00000000000000000
 -0.01639197198106972  0.23781009283860266  0.26946680119660288  0.28676389182710665
  0.30057637850677427  0.31304124914918424  0.32473944279502009  0.33575411660636084
  0.34592891226969480  0.35557072911196447  0.36466892805413231  0.37340242639272792
  0.38180187057356307  0.38985727229522893  0.39778476390673811  0.40526748990965178
  0.41278710322532275  0.42021200106965423  0.42774330353008350  0.43515589591944021
  0.44230321987494720  0.44928619788876351  0.45618191470466579  0.46300473718784224
  0.46973927299170748  0.47635163467580421  0.48281905390469027  0.48914867842900944
  0.49544735479503232  0.50166323489423792  0.50782925012492308  0.51400219307879946
  0.52021852353630293  0.52641512640756771  0.53260678780605553  0.53874936085422220
  0.54479634372306152  0.55072310779254685  0.55653792069109109  0.56235331767859753
  0.56821814236161217  0.57409908290792500  0.57999187210402336  0.58585860280558699
  0.59168865889326683  0.59740649570700255  0.60308056510935248  0.60876186652447750
  0.61447810486108678  0.62022872934988527  0.62600715393492068  0.63183040143789337
  0.63769616239984994  0.64346567836736801  0.64922646991628674  0.65485923501124477
  0.66061253968582745  0.66638788000471760  0.67216695597324827  0.67788321661101070
  0.68357324126944075  0.68922302419458370  0.69491975601409828  0.70072027339389509
  0.70654960658254340  0.71251118381781708  0.71858359613285605  0.72469800461689182
  0.73080539456079441  0.73687655188949397  0.74298283623440042  0.74916074126862775
  0.75545043749095309  0.76182163396998326  0.76825754753434772  0.77477180889535491
  0.78135263323056148  0.78802146437801812  0.79478284584139403  0.80177699545138470
  0.80882643859331871  0.81614606346511698  0.82368991867762797  0.83140576749092077
  0.83938254615350483  0.84754394527728549  0.85589204873949576  0.86449316263967435
  0.87350182036215596  0.88335021346888787  0.89416491690500177  0.90598066984212355
  0.91923992180140734  0.93518484300898252  0.95826555864788776  1.00000000000000000
 -0.02529300705105212  0.12056124900178165  0.15712694147245523  0.17938663555708081
  0.19684408403382855  0.21158778815059087  0.22460105671780350  0.23649564962083855
  0.24743946622368324  0.25755998600532148  0.26723341338442280  0.27641572712483647
  0.28506774878824165  0.29324270712401518  0.30106495815079931  0.30868631435288024
  0.31609501248822808  0.32329204163830644  0.33031857615630078  0.33720676530417554
  0.34397608257092188  0.35067902848302440  0.35724333663324231  0.36360582965520372
  0.36982033182714930  0.37592329801510593  0.38200140654126913  0.38808380743052001
  0.39404027240042422  0.39984505863696740  0.40548253376555088  0.41106272769444269
  0.41663981127098693  0.42222938006126720  0.42779406625925454  0.43327357040497894
  0.43867142886144217  0.44405340902417417  0.44941533112522336  0.45473511544309281
  0.46010830117613577  0.46550805341738427  0.47093005099395291  0.47635732946970816
  0.48172246193963719  0.48700994930495684  0.49230174351216077  0.49775161074136298
  0.50311784082077582  0.50860779306631410  0.51403703570615555  0.51944458676344007
  0.52477118221188979  0.53006891341506923  0.53541066162634776  0.54077165088460344
  0.54618586075237685  0.55162373816479948  0.55707164236832507  0.56255493153881408
  0.56811218663091345  0.57378166147999954  0.57954251494198417  0.58528551746596524
  0.59094153077478606  0.59660260905143170  0.60231253418651176  0.60810416489468588
  0.61386909101959608  0.61967690046616974  0.62560152711603079  0.63163911085422697
  0.63781178314049480  0.64408293784135817  0.65066166624934074  0.65755082885195115
  0.66450992666938402  0.67164576339698301  0.67892820713539903  0.68629667750422874
  0.69390430799091474  0.70156848360940138  0.70946193685578562  0.71773707698232503
  0.72624575071841158  0.73492276440180071  0.74395947473698731  0.75369130275055229
  0.76445209724870467  0.77607615948107100  0.78896040204283369  0.80372986747183650
  0.82099994862311088  0.84289678608511553  0.87909382140228831  1.00000000000000000
   4.9127335340564811E-005  -1.0000000000000000     
 T F F F T F F F F F F F F F F F F F F F F F F F F F F F F F F F T F F F T F F F F F F F F F F F F F F F F F F F F F F F F F F F T F F F T F F F F F F F F F F F F F F F F F F F F F F F F F F F T F F F T F F F F F F F F F F F F F F F F F F F F F F F F F F F T F F F T F F F F F F F F F F F F F F F F F F F F F F F F F F F T F F F T F F F F F F F F F F F F F F F F F F F F F F F F F F F T F F F T F F F F F F F F F F F F F F F F F F F F F F F F F F F T F F F T F F F F F F F F F F F F F F F F F F F F F F F F F F F F F F F F F F F F F F F F F F F F F F F F F F F F F F F F F F F F F F F F F F F F F F F F F F F F F F F F F F F F F F F F F F F F F F F F F F F F F F F F F F F F F F F F F F F F F F F F F F F F F F F F F F F F F F F F F F F F F F F F F F F F F F F F F F F F F F F F F F F F F F F F F F F F F F F F F F F F F F F F F F F F F F F F F F F F F F F F F F F F F F F F F F F F F F F F F F F F F F F F F F F F F F F F F F F F F F F F F F F F F F F F F F F F F F F F F F F F F F F F F F F F F F F F F F F F F F F F F F F
  <DiscreteSampler_grid>
  grouped_processes
  1 # 1 for a reference and 2 for a running grid.
  10 # Attribute 'min_bin_probing_points' of the grid.
  1 # Attribute 'grid_mode' of the grid. 1=='default',2=='initialization'
  0.0000000000000000 # Attribute 'small_contrib_threshold' of the grid.
  0.5000000000000000 # Attribute 'damping_power' of the grid.
 # binID   n_entries weight   weight_sqr   abs_weight
    10   10   6.872194325329574E+002   1.683041992014427E+006   6.872194325329574E+002
    16   10   6.872194325329579E+002   1.683041992014430E+006   6.872194325329579E+002
  </DiscreteSampler_grid>
