  0.00349023562402518  0.01077492973796376  0.02014131875716581  0.02954167857842606
  0.03919778138271819  0.04954170032800437  0.06029683827794322  0.07063127742224692
  0.08051625308102703  0.09053197903952066  0.10090140994785650  0.11174824540900281
  0.12262165652738334  0.13340113642744178  0.14442460528320777  0.15519833874235714
  0.16651733087581627  0.17703905733639730  0.18741345344454982  0.19713133198876667
  0.20707970036700671  0.21705144750854069  0.22736532727224051  0.23824151209037164
  0.24961214554358743  0.26031073768054830  0.27097644807054855  0.28134774232919585
  0.29166832694477474  0.30159691824779705  0.31153159746619252  0.32192504321083265
  0.33196677496897115  0.34278159611239251  0.35295341760174809  0.36379145156081283
  0.37482379645338948  0.38608344992457322  0.39729135435508883  0.40771134958356070
  0.41764707730903966  0.42741445069299550  0.43725009773125983  0.44733426980883706
  0.45745695617293136  0.46750842919181407  0.47761361313648304  0.48757205845490420
  0.49794081074616692  0.50799319909716545  0.51859663088112384  0.52899390185016815
  0.53990652561776042  0.55051034736755899  0.56073100189239389  0.57092979045957637
  0.58127958058655016  0.59174033569846984  0.60256200531772597  0.61336713806908427
  0.62437293526172144  0.63470400070944044  0.64429879238635168  0.65379649628989167
  0.66328426187132428  0.67370685989307433  0.68437029745380817  0.69524864996361790
  0.70597765414683733  0.71668800452226733  0.72759137179386157  0.73859902265857091
  0.74951705635366939  0.76044431602286000  0.77128919180861133  0.78230800435514158
  0.79377416296050829  0.80506990969829106  0.81590399090539834  0.82629387806239074
  0.83740673670638033  0.84888256770721549  0.85983655206702092  0.87007187229156235
  0.88021364434455107  0.89088425264405247  0.90180230187983890  0.91230456988164399
  0.92251418197807844  0.93276757602017424  0.94342222950649268  0.95418605421372282
  0.96539194931864447  0.97677165583408143  0.98827159853248436  1.00000000000000000
  0.00699473511585072  0.01636112054137022  0.02715886149294525  0.03787183810598136
  0.04794231150871916  0.05793910643154208  0.06816685295955220  0.07860138675502232
  0.08941397890345933  0.10054392900314714  0.11192313001352164  0.12325992601627800
  0.13404843471363648  0.14414649295400897  0.15361469726844343  0.16292448151762753
  0.17227941652196446  0.18163519654418939  0.19124046981297324  0.20119786490454938
  0.21179576238733694  0.22245844171074736  0.23320495793258975  0.24396047999548975
  0.25508380314138795  0.26657300776397852  0.27805217945894783  0.28940249961662773
  0.30085787410636505  0.31220107495430788  0.32345584674206324  0.33465276139103506
  0.34577441677747650  0.35690178450619942  0.36771584130740287  0.37845425680120215
  0.38933148024617714  0.40037655761525687  0.41173572827395943  0.42300628835476095
  0.43378502957495318  0.44411876751857693  0.45435556200037130  0.46518182906845212
  0.47663452932305128  0.48840129436175811  0.49983653052897226  0.51053753405123381
  0.52112333012996814  0.53173118856660373  0.54250575884063246  0.55316424313426882
  0.56399552074573955  0.57516311695790412  0.58635819573419590  0.59713796596887925
  0.60768990120521393  0.61753934052391501  0.62729283217858356  0.63686022992799907
  0.64656352589047694  0.65675927071476159  0.66732690591700139  0.67865357019524442
  0.68954719797534059  0.70088553667670561  0.71204710871408194  0.72273157992215531
  0.73348770034863509  0.74432005898580378  0.75523622396709722  0.76605479737511384
  0.77678402315149275  0.78736873575450017  0.79809405599334415  0.80870562044961747
  0.81948761504633716  0.83004569568367292  0.84072628118281667  0.85135873183247091
  0.86154809437806368  0.87124499928009480  0.88071258289005605  0.89016376832140776
  0.89985349803967773  0.91003414827134732  0.92000145239989817  0.92988012402416442
  0.93942989235727359  0.94919737725600217  0.95895356744377269  0.96782549981270971
  0.97633314562350992  0.98455707873183873  0.99152001681763258  1.00000000000000000
  0.00376828103808621  0.01032867147619519  0.01975021004106436  0.02915092590762745
  0.03877243988527500  0.04856772415060755  0.05907901595474279  0.06965120863764007
  0.08088973296017460  0.09181339134523452  0.10274178929478972  0.11386468166786491
  0.12508384142723422  0.13587066780770213  0.14652107554889401  0.15724171143095364
  0.16748418924169922  0.17772083992964560  0.18795713022948363  0.19838473227927075
  0.20851749387159382  0.21877181426665326  0.22966325786728764  0.24075832191117980
  0.25121417014430419  0.26124553232389852  0.27147935899553860  0.28208945585765594
  0.29254235773027804  0.30284272309215943  0.31250460091090454  0.32234078824796142
  0.33233155584637819  0.34279093317891779  0.35256247988797090  0.36220734927080889
  0.37213620482373139  0.38224998358860462  0.39264051301332853  0.40318078616867686
  0.41399546195590825  0.42444482743145412  0.43476199247307123  0.44542745477502116
  0.45636663389407955  0.46697762286626238  0.47758866824215379  0.48830176708052281
  0.49949523141591173  0.51061838312596364  0.52136772809161780  0.53158185766253441
  0.54134649845537197  0.55113375026554412  0.56100386222828347  0.57046442635380001
  0.57965864509626475  0.58897040058950922  0.59851528099173201  0.60844744622098401
  0.61882002683303305  0.62944470973340427  0.64067957351672611  0.65194075158211062
  0.66344336548144878  0.67471816928861683  0.68631004722275668  0.69809637684128778
  0.71003472785789523  0.72078528091382899  0.73119871710043194  0.74103769799990205
  0.75130923462414012  0.76128521707899466  0.77169184670416002  0.78240080384189892
  0.79317618190008077  0.80332175361531133  0.81320625005869307  0.82402761005561054
  0.83471379182430538  0.84534404712516031  0.85560353388979971  0.86600186007025015
  0.87689553653059515  0.88817893050882069  0.89952834161111217  0.91126864469780222
  0.92207693852053385  0.93314447368620923  0.94334392475399698  0.95331368736747002
  0.96408345252111960  0.97528700871735685  0.98746293571916754  1.00000000000000000
  0.00561364411260968  0.02183767381530661  0.03721747672496851  0.05067048714441429
  0.06285960164697742  0.07383121909545942  0.08412813292839819  0.09443366076580896
  0.10525005277373937  0.11630591698841282  0.12725245304695945  0.13827163504620180
  0.14981424649141195  0.16181076325497570  0.17350309566694294  0.18435137595939077
  0.19496154566888649  0.20559051743877235  0.21619333842923508  0.22692803036980375
  0.23748669143524473  0.24773720285766382  0.25744680980914830  0.26663634333902314
  0.27615371998087507  0.28598058978453456  0.29567294316801424  0.30504935967721075
  0.31546269996094245  0.32748676129926790  0.33911151235901515  0.34987458467036175
  0.36075476009336471  0.37200574865366176  0.38250214563975071  0.39241327662415448
  0.40261408850793151  0.41289936477545819  0.42303906917589917  0.43311929682636796
  0.44324004402610201  0.45370517611874334  0.46413294534369709  0.47468854680122646
  0.48481818728817627  0.49484380810397516  0.50522457564014589  0.51557046142734675
  0.52582576623888189  0.53596586468299057  0.54644137413723726  0.55714100482245377
  0.56764477201663577  0.57790806110579207  0.58829683251354403  0.59882294221354171
  0.60938050421770940  0.61991632211251224  0.63061357584965760  0.64166200683412900
  0.65225757407923601  0.66235858326084385  0.67256384749731879  0.68293035437655758
  0.69354371455884833  0.70428389047998841  0.71464518447040548  0.72440389943971129
  0.73401935246155581  0.74414583760344788  0.75486143773658354  0.76610635883396871
  0.77749543901836715  0.78866213105104133  0.79985599136061436  0.81034599390799278
  0.82033576464157609  0.83025186951732866  0.84046937406496924  0.85082792413035047
  0.86059638042710607  0.86987732619672653  0.87936658038656579  0.88898781480121303
  0.89879244358396937  0.90884940644076850  0.91871989740407500  0.92864841885404059
  0.93820362193739792  0.94755222154567076  0.95693927848520954  0.96603411787341742
  0.97487258736796079  0.98347000855630473  0.99183476649611335  1.00000000000000000
 -0.00008760227073259  0.00079679850469289  0.00184988537791962  0.00339484179811125
  0.00548685352406647  0.00803910748286001  0.01109152688839557  0.01498586920233346
  0.01907585631891421  0.02341138923919047  0.02815979199122634  0.03331053234576005
  0.03853947282497502  0.04393264371403571  0.04989012122162340  0.05603473138478111
  0.06237727147432578  0.06925129228347748  0.07662918319635247  0.08430380699051657
  0.09220186587662807  0.10023579581256030  0.10833616666236240  0.11632069462724083
  0.12464290563759711  0.13355914570736152  0.14261392007292670  0.15220511931788189
  0.16189374452912014  0.17126538939326535  0.18080645361793282  0.19042594942585661
  0.19994133539936731  0.20936495877609659  0.21865196735086628  0.22786398255445839
  0.23720402696433132  0.24703347014625784  0.25723124138398851  0.26760021419021091
  0.27857988221343455  0.28989831977455749  0.30132157630774542  0.31301217718332286
  0.32462432040027844  0.33604271259691509  0.34728599163858914  0.35836611284169556
  0.36929808593802876  0.38023917838302806  0.39136632460315524  0.40272617173890102
  0.41437962554910945  0.42638709064011782  0.43900938862079553  0.45123292157732176
  0.46359735610357328  0.47587045106581044  0.48792194720400234  0.50015247746063940
  0.51288849916441126  0.52583250302830831  0.53869320306149082  0.55281148181275763
  0.56671428393660117  0.58049186249012630  0.59407622126096171  0.60745120374916228
  0.62089147281098234  0.63421310218977756  0.64701217255792365  0.65999354937520238
  0.67304877865693624  0.68614351684673625  0.69942796939142604  0.71291166737519784
  0.72676677359339059  0.74072413774476575  0.75467998797636227  0.76880404512710865
  0.78337599184461526  0.79833760429998224  0.81298816207158153  0.82782168338572903
  0.84274431601514876  0.85756849915728084  0.87221377277993728  0.88643802367909474
  0.90087077794411941  0.91522886050161167  0.92939429177567179  0.94363951677364444
  0.95810943465042331  0.97227250293109857  0.98618758612696844  1.00000000000000000
 -0.00246283526168593  0.00930653500171385  0.01892078654026935  0.02905649706863523
  0.03878832305036399  0.04863508583887682  0.05839669075613620  0.06902405249922020
  0.07957197651351239  0.09050287303655632  0.10116732825404021  0.11257789428110808
  0.12401869743398630  0.13481127029566872  0.14558797334549523  0.15620314563308990
  0.16695837978613964  0.17696517693248362  0.18682176146651391  0.19692854957337644
  0.20738149182876556  0.21792531448457303  0.22851639736514093  0.23890370008498765
  0.24905042662365076  0.25884712416077643  0.26888852535637192  0.27908864523568494
  0.28980590430146258  0.30117441059136246  0.31340881872753040  0.32605705503009597
  0.33804787977562600  0.34992807214050697  0.36089324585926957  0.37237225977089783
  0.38422231492111264  0.39580658553487807  0.40666896342377495  0.41742772193866556
  0.42849517881038224  0.43982271907949366  0.45097115432279911  0.46209038680829262
  0.47349087647635624  0.48523406599426266  0.49690763994950909  0.50803040382676357
  0.51852822247787134  0.52868626703619459  0.53899101914894032  0.54952627095360351
  0.55997839477421474  0.57033242840770060  0.58073294236926731  0.59131404335775339
  0.60202042035002257  0.61283770458556674  0.62354286713833373  0.63366503976302979
  0.64327256967056645  0.65296802953060606  0.66289947341711219  0.67269104484667896
  0.68226559011460464  0.69217031247155791  0.70273080074209782  0.71302699176508033
  0.72275383928191872  0.73220054807097690  0.74170906669508063  0.75142913714452986
  0.76104267508688550  0.77098325702730608  0.78118289568760513  0.79156861810629819
  0.80221855222067007  0.81271431112209369  0.82299580745145262  0.83317102482079919
  0.84361803884846709  0.85402823117263238  0.86428687812590554  0.87436791152615523
  0.88498339173555685  0.89557444311949008  0.90578261443718211  0.91514288838842206
  0.92434151447546975  0.93339523067242736  0.94352833755682985  0.95474358841799245
  0.96605405512078169  0.97717024086562931  0.98846216640598561  1.00000000000000000
 -0.00232837554085757  0.00911886454301156  0.01859164152379178  0.02931159529023259
  0.03962129563444188  0.04976976232314963  0.06000223242993449  0.07071309594117742
  0.08192295112401628  0.09253867788021773  0.10365051118601815  0.11438957494074435
  0.12497353688452881  0.13525600536494370  0.14557065981417319  0.15653300715881144
  0.16753247131034368  0.17919042326348969  0.19053933832234243  0.20226183103359166
  0.21400081457115350  0.22527745596004312  0.23585861837076330  0.24611743736057271
  0.25656660507475015  0.26695714508554019  0.27691669872275843  0.28631921893067996
  0.29571788724145243  0.30532080978986076  0.31537147047588371  0.32573479223808860
  0.33635739870502768  0.34698817728083264  0.35740954458999119  0.36762286156788665
  0.37749971885105860  0.38780027831495184  0.39839778610792365  0.40854959466440482
  0.41872698443037326  0.42797964788171994  0.43775404847913019  0.44707349917117534
  0.45704036006791471  0.46720509893354006  0.47750303590718157  0.48816062445290581
  0.49929529734199329  0.51027464960843538  0.52137729907969843  0.53247172542373056
  0.54411007903137176  0.55655218437431564  0.56962799401150233  0.58265251021376807
  0.59410484462990387  0.60480008639200045  0.61511106139682348  0.62526849846349430
  0.63556225978731251  0.64593468599609172  0.65621072290558269  0.66639164734030731
  0.67639636977079287  0.68625034345381930  0.69605180609296369  0.70626300527019736
  0.71741217010841929  0.72873878634017453  0.73984750976921509  0.75123464904971771
  0.76302989140428967  0.77428731368373083  0.78471812982796763  0.79499877248399609
  0.80528571043405750  0.81570660046875088  0.82603015502467003  0.83623850855603943
  0.84655983658816902  0.85687543674629518  0.86763650506853451  0.87860361660242980
  0.88943749676310635  0.90003443574691011  0.91043299573601322  0.92052150972065672
  0.93013346579242639  0.93988648432924637  0.94966842213730451  0.95975074064185228
  0.96917215424570657  0.97883025420693248  0.98904776094586466  1.00000000000000000
 -0.00269279933135159  0.01044859756601678  0.02186143700763295  0.03350696388339346
  0.04517322036932932  0.05623839220402078  0.06719821933043608  0.07814239912366984
  0.08950714466720415  0.10084429869457606  0.11162850878217381  0.12206603163656823
  0.13249908252667356  0.14320674063114655  0.15425902910059605  0.16511850471027914
  0.17542661290448477  0.18539161531161927  0.19600072067269386  0.20667045464352468
  0.21707906418004522  0.22771522028124103  0.23854189326094555  0.24958452178334095
  0.26022180645985427  0.27052673307606406  0.28087110180340785  0.29144991411316401
  0.30247703501137968  0.31347482270430327  0.32433427919457747  0.33527707796319206
  0.34636027108596468  0.35766671289425400  0.36907702591008379  0.38071989771676412
  0.39243836396548565  0.40378566174057179  0.41468019786417820  0.42542866873726398
  0.43662034474416161  0.44773942105898773  0.45922014808799672  0.47030758081707352
  0.48122370458842906  0.49164059787497527  0.50187908817188320  0.51209125715040837
  0.52267846628189329  0.53386550037387537  0.54507404260442271  0.55556428132956281
  0.56554441150018064  0.57529024251299143  0.58484712124796123  0.59468829623608110
  0.60477454433551092  0.61491983393789351  0.62492207687727019  0.63479719969531223
  0.64460892016944304  0.65449262927325336  0.66412385035092847  0.67395757609535267
  0.68425600194159053  0.69483806143467008  0.70562197180423625  0.71615974249840231
  0.72650583508896849  0.73673386391799889  0.74695147037367227  0.75728439037527229
  0.76785622827213817  0.77798179130475442  0.78748553787854791  0.79688167990671310
  0.80621586060015604  0.81541832419727500  0.82462460784916902  0.83445193634949610
  0.84472873328546960  0.85509682918766150  0.86547055351974778  0.87548338703957684
  0.88580343482279189  0.89636425433440881  0.90784599626086604  0.91900239025202735
  0.92985939667938133  0.93994913018258830  0.94990393476781720  0.95967854028307309
  0.96947020247634175  0.97945261729825861  0.98952677439470837  1.00000000000000000
 -0.00255623570165053  0.00941960009240750  0.01991351771966382  0.03115948682684955
  0.04269272702506331  0.05489995260623597  0.06714643001860784  0.07921937228893750
  0.09075218951736627  0.10228598660622869  0.11357047570251638  0.12488751614282367
  0.13636825338560707  0.14681078485100893  0.15653065117970014  0.16618302905680654
  0.17604345839777280  0.18599913302133700  0.19587841868885666  0.20611045626965913
  0.21680003942885381  0.22767006289982047  0.23847090692238995  0.24955625169351908
  0.26099966230695087  0.27251772635849364  0.28312435994498664  0.29370173234305624
  0.30335518152876345  0.31295864889583902  0.32296518446933764  0.33316064437387566
  0.34330976544980268  0.35316528395442515  0.36308645153693619  0.37329413224125652
  0.38348549137826321  0.39375210749475270  0.40407459087214659  0.41440240215156599
  0.42444973305782430  0.43445535130594248  0.44446577845391860  0.45465778989647626
  0.46424082435127717  0.47345490095688109  0.48285309145646954  0.49227937156896906
  0.50202465832371079  0.51201583280545826  0.52237878400996107  0.53320643946020507
  0.54335014764595579  0.55348607110741688  0.56343580391798376  0.57375080343746665
  0.58394262770077743  0.59438711659131871  0.60453231454489276  0.61443107435789035
  0.62405761624768774  0.63365235400034237  0.64355261869040992  0.65401525357733570
  0.66483108274340652  0.67521090764843628  0.68536503917846747  0.69559723439441590
  0.70592972083681682  0.71644884424115929  0.72707287797000231  0.73797227042173397
  0.74890384561332179  0.75988126346602536  0.77103773535112585  0.78238804546151430
  0.79398323857560948  0.80572777793124262  0.81729072656410551  0.82820612531909221
  0.83914336834024372  0.84950352167413190  0.85958991985360400  0.86934450938061858
  0.87955975053635693  0.88991025730129625  0.90020145082269010  0.91050694659070286
  0.92070401580530670  0.93218867050530752  0.94383633056976135  0.95593829184314560
  0.96744295627600074  0.97883459516779736  0.98953948987672913  1.00000000000000000
 -0.00210935259820172  0.00863337693415138  0.01777777675593268  0.02762050412279422
  0.03791971733415569  0.04813290967993687  0.05798740036204091  0.06785846131699930
  0.07851009085861684  0.08906538656970608  0.09950599225883196  0.10976422502480920
  0.12051872292689898  0.13130237673546033  0.14150762056187788  0.15106753553064026
  0.16045865930124117  0.17019576942229572  0.18012405625210698  0.18993206090561415
  0.19947646219339965  0.20941013031741407  0.21978807529391642  0.23040546507027251
  0.24121922584513447  0.25209344868569156  0.26285198406064081  0.27322135846024992
  0.28280883858124906  0.29286259941388731  0.30223888129403875  0.31241210949907661
  0.32289043365034742  0.33334845409593034  0.34342818131462904  0.35365590614999798
  0.36441800196621826  0.37561391559215385  0.38588324876355717  0.39649205398488929
  0.40697210941963774  0.41781674340352326  0.42850168517197929  0.43896368246134515
  0.44918976304032260  0.45918105558482514  0.46874903135779833  0.47824761873732163
  0.48813931389079385  0.49842224927229950  0.50912921935646827  0.51934342319199212
  0.52988811426022486  0.54069751457672610  0.55158539924706573  0.56284716293435200
  0.57415215245200335  0.58576291004792091  0.59728509427709287  0.60916532122525724
  0.62116631694028246  0.63272597811656017  0.64374653466264542  0.65471695948850150
  0.66498312700768147  0.67519258988994413  0.68535012875881718  0.69630048071406669
  0.70747958718746284  0.71839105714820772  0.72902700059290693  0.73938776255919536
  0.74965367267646121  0.75996723277306799  0.77071945449078860  0.78253619117511208
  0.79402085588621829  0.80494841907702364  0.81541449368941588  0.82605186773900596
  0.83664694250009597  0.84760471922185743  0.85850721647282036  0.86936473641683920
  0.88011198335040908  0.89094826996669163  0.90178869092912128  0.91217002546522974
  0.92281447592792787  0.93360310574478955  0.94473492461150110  0.95605390597489004
  0.96652501962624093  0.97722243659796026  0.98816696989429453  1.00000000000000000
 -0.00228483581360852  0.00863428636923578  0.01862473037069353  0.02940055228359973
  0.04028754062543840  0.05074423618324468  0.06116955360934873  0.07267614262259534
  0.08410680258393688  0.09468146725743737  0.10496858158803279  0.11564430152582604
  0.12661394806578755  0.13723739557847919  0.14753599163037839  0.15746929198954016
  0.16700029038726080  0.17682900168065580  0.18675222126312463  0.19676063534590041
  0.20656191959634240  0.21707854749469216  0.22829641504147397  0.23993671078415849
  0.25182452817266371  0.26289305795659185  0.27359170010685824  0.28375890111242519
  0.29423939569831792  0.30480148331569062  0.31489614997642495  0.32436566847537329
  0.33417991256377849  0.34441901364457705  0.35475970278941654  0.36429504317112377
  0.37354434952131188  0.38351151807965411  0.39364227864457946  0.40366264234919835
  0.41355375024772961  0.42414921224583352  0.43530313382081948  0.44635137580524487
  0.45701183348801167  0.46819549278120076  0.47947479116282016  0.49101232821993723
  0.50148950833319050  0.51182270676819563  0.52195016513856141  0.53227514432903200
  0.54245813120973141  0.55316413262701825  0.56353435297450627  0.57471288420127387
  0.58552583192166863  0.59689445923224727  0.60862796455901302  0.62086578015505234
  0.63226198878789108  0.64304291046095485  0.65339089180229404  0.66361329479634945
  0.67334522316703038  0.68268268270584109  0.69236192433789301  0.70227476119273835
  0.71258149362283030  0.72306716689369666  0.73379001713506875  0.74472701768876282
  0.75607106213205744  0.76733569629160436  0.77776177345479081  0.78789386042430587
  0.79864370092156767  0.80991356241180590  0.82030259865864419  0.83034292875218763
  0.84056669133179118  0.85102083829959974  0.86108098300346125  0.87127677031125050
  0.88156617380430757  0.89179776519025300  0.90217928686184190  0.91289832171701146
  0.92379612493380414  0.93468340898543734  0.94530551889673409  0.95528422189218731
  0.96579908478176812  0.97658393007891842  0.98804459310933757  1.00000000000000000
 -0.00238037757353597  0.00880328570584918  0.01898859583371403  0.02934179105918325
  0.04027745671197511  0.05164523272035763  0.06287786245402974  0.07336951605497501
  0.08370977063285071  0.09436967662150118  0.10594190863895045  0.11797133655239569
  0.12971092804688961  0.14133412041199686  0.15356524869093446  0.16590151291113903
  0.17697776511156232  0.18748802081170965  0.19745557815562545  0.20718593997212301
  0.21669659546034561  0.22613799416766264  0.23564001703358958  0.24516950662535827
  0.25496321233085972  0.26482923033752953  0.27486976854834710  0.28467302146983514
  0.29461747691846174  0.30480560004474239  0.31485012923243799  0.32493483539804857
  0.33523362683514102  0.34546974430226335  0.35511880800222745  0.36473576203860014
  0.37421596147829689  0.38422109703482954  0.39451304501083823  0.40612433067417042
  0.41806159083844702  0.42880895670931785  0.43919843790129415  0.44946256915650773
  0.46002937525973930  0.47030775078980147  0.48073967974689996  0.49169017006604715
  0.50282996450532713  0.51374895087111216  0.52469245424318189  0.53563443019727808
  0.54591900420920048  0.55572568400938593  0.56549126055959942  0.57556912286535011
  0.58565128924230636  0.59614249864225999  0.60657459306718364  0.61717978955932340
  0.62796807655669584  0.63821802713753484  0.64847633939849258  0.65853089911142870
  0.66843060217617412  0.67855537173074632  0.68865369399978293  0.69954985770975542
  0.71113791034268958  0.72336266457139187  0.73520695148926896  0.74616552998247698
  0.75688792744601519  0.76767470401374205  0.77827997402612492  0.78898505510578243
  0.80063574582535968  0.81220943345980590  0.82212512210818145  0.83151837490170921
  0.84131499014079103  0.85166244819166970  0.86203576535983306  0.87255995257321106
  0.88337723411311553  0.89446912430225078  0.90556119448866879  0.91676695040837219
  0.92768977465149161  0.93873685100401083  0.94889590080888575  0.95912415860708522
  0.96896483734227556  0.97889372324869484  0.98931588950306515  1.00000000000000000
 -0.00240095499547925  0.00884920621252895  0.01809672180221844  0.02770134550768752
  0.03699090249572910  0.04650742181602952  0.05619463647816600  0.06595029686714447
  0.07580472964115396  0.08573355840290751  0.09532706011790883  0.10488149324921602
  0.11456969360643320  0.12431944327110186  0.13368765458594040  0.14301213064622825
  0.15273750772626674  0.16287392026803438  0.17313295926047215  0.18364633782626794
  0.19475747105604707  0.20603533952446981  0.21653589582850763  0.22636359045131166
  0.23565866692000198  0.24504314491861437  0.25517026004881943  0.26578326522370810
  0.27770513072317665  0.28982865698748977  0.30186020682818182  0.31385851644653251
  0.32584494028044420  0.33744507181516714  0.34841291372307948  0.35893797784057119
  0.36959337031183165  0.38049721279067278  0.39173537028854605  0.40311575836271674
  0.41464908946256301  0.42626683149884975  0.43785553855983422  0.44877954207085202
  0.45952574995551604  0.47029266603029740  0.48152335999232049  0.49259444523910834
  0.50328187881027264  0.51395742878908235  0.52446407146508123  0.53485534564278803
  0.54501363843983397  0.55489130825405020  0.56516861859957379  0.57559506054722809
  0.58625502901037374  0.59681096992995586  0.60748025900705616  0.61863499565967994
  0.62994703831391385  0.64075771436277340  0.65128827827929336  0.66190444991273489
  0.67283517915849755  0.68372181413359590  0.69471500925997887  0.70584758350467958
  0.71690601146458022  0.72797392926785010  0.73920722973577913  0.75034420352963549
  0.76156082140268389  0.77251060848329922  0.78336675448486393  0.79417293399706634
  0.80513488627670127  0.81597903710877384  0.82623346780355156  0.83692707042037318
  0.84761034984517103  0.85858132684045663  0.86955481112137989  0.88002918632501570
  0.89023410559333926  0.90041985667732294  0.91062097957306343  0.92062605454686286
  0.93056148565384811  0.94071585284395964  0.95108863155610079  0.96143168066120244
  0.97130878839010137  0.98101689273440051  0.99045711677354920  1.00000000000000000
 -0.00257124304767412  0.01079269969117062  0.02191916615043247  0.03364785191296162
  0.04429558472296261  0.05491349229060433  0.06514138436946566  0.07612751820377241
  0.08663574859091734  0.09704417414354778  0.10747290397544208  0.11789724434478746
  0.12865478905507463  0.13947856001545733  0.15109330232690182  0.16243125041236361
  0.17320812490203297  0.18348693097273303  0.19436698228423502  0.20526009453712896
  0.21571893244690774  0.22593470542292046  0.23630399181554429  0.24700968226577361
  0.25770547113216957  0.26833917085418696  0.27843826602662880  0.28830650483623982
  0.29829705566188330  0.30865571462810426  0.31887171755308963  0.32889466006097046
  0.33865131092675027  0.34834925730903943  0.35839771321671526  0.36911365865538032
  0.38001209125756147  0.39095230267580244  0.40203817795014146  0.41336672423663318
  0.42509393018196812  0.43689187358909509  0.44887521882257314  0.45989322303881608
  0.47039144663650556  0.48053446729840638  0.49050687912333329  0.50080488936862766
  0.51144467061711396  0.52174033067897152  0.53224144385015448  0.54271112764978535
  0.55298260220426954  0.56308603187012751  0.57317578135138025  0.58306728806270136
  0.59295528612334791  0.60306102783876514  0.61378948480461981  0.62436769498857358
  0.63481772707386375  0.64511679007715073  0.65574181947603172  0.66609871380442409
  0.67627415644092070  0.68621579026553281  0.69648557437238545  0.70714024844383883
  0.71773416843931948  0.72847381118997057  0.73917596428416232  0.74968766810349285
  0.75962562137694045  0.76967575873578076  0.77970680375220636  0.79007493296332321
  0.79985283956578701  0.80957486458638350  0.81977877844641966  0.82997634256446773
  0.84075557173683557  0.85131571246245585  0.86209079516575737  0.87285220859977919
  0.88340455718667454  0.89423632171688106  0.90453408049530404  0.91501771679863120
  0.92559467900833259  0.93608358684523141  0.94649126969915298  0.95658793490506755
  0.96738908635502929  0.97847754814034216  0.98940125806974455  1.00000000000000000
  0.04971048722898176  0.22650206665402484  0.25560428934575086  0.26920359666760563
  0.27947166374359717  0.28868846968151968  0.29747952249002835  0.30582043438470818
  0.31402774241494280  0.32181449497837955  0.32973379376270140  0.33711948323314067
  0.34432075440128340  0.35148394568155478  0.35858141126475390  0.36556452103721759
  0.37237781943668646  0.37905756446919175  0.38558013252059370  0.39193181346014699
  0.39811679056993327  0.40403406225382538  0.41007195329185692  0.41620308467909162
  0.42223895313593518  0.42816176305222264  0.43378619307299920  0.43912711116430897
  0.44441322343002354  0.44979304212202925  0.45542272985354082  0.46129123482326084
  0.46714966667165703  0.47277241740153408  0.47829660290367737  0.48402932349265615
  0.48998007718893982  0.49605695024906332  0.50214528422839821  0.50825298477287462
  0.51417230853085627  0.52025493775360554  0.52637691854319690  0.53257918754546851
  0.53876384447289749  0.54484998159745179  0.55088858120779272  0.55685979931869989
  0.56276015672127311  0.56866259902288008  0.57463868831356524  0.58047968892088331
  0.58631998135261731  0.59220364058718655  0.59826119521062793  0.60436513336227149
  0.61032366565282914  0.61628060535503060  0.62229511492641165  0.62857533104770402
  0.63488427997734109  0.64118945721372889  0.64747422709152203  0.65412899357917342
  0.66097062484488167  0.66794158106144719  0.67509380960889509  0.68242216511687004
  0.69016821007621876  0.69818709452439098  0.70614127062310150  0.71397180475184496
  0.72167283125515258  0.72931908740350770  0.73700907823540884  0.74477325837701225
  0.75271909249471791  0.76048584935123953  0.76824655038157352  0.77638276778822379
  0.78488159912181521  0.79393742162098502  0.80295157919772631  0.81210860812596009
  0.82145801801105378  0.83092268613320586  0.84071529376403720  0.85088082828383127
  0.86173564453132823  0.87326238230115028  0.88572478810504285  0.89916044058672340
  0.91534427656668971  0.93481635209192260  0.96063679967777615  1.00000000000000000
 -0.02081728995320028  0.13216746997508738  0.17871283902956017  0.20897120522726750
  0.23298896914842845  0.25401780317134182  0.27277112869804931  0.29039994543734371
  0.30709409164360812  0.32312690796495447  0.33787470437776118  0.35130760340268885
  0.36404812665944453  0.37605969640455467  0.38698026019695808  0.39765954862987052
  0.40794322444458864  0.41847662572547772  0.42747989748547538  0.43653308652298339
  0.44529689636740005  0.45389519883410162  0.46230036772367222  0.47048715456531531
  0.47879954354002030  0.48711221028481094  0.49512968378507993  0.50303523722581378
  0.51095136128848773  0.51890629364625884  0.52671373127539212  0.53413258046803891
  0.54154690395232907  0.54904186690317092  0.55652513060237474  0.56382285657029496
  0.57050799050062118  0.57696553945641949  0.58309319436741913  0.58898690869142400
  0.59488464301624200  0.60082388048283975  0.60651839422385390  0.61182076603354152
  0.61697897866639539  0.62216297771197127  0.62731511750048063  0.63235467569809678
  0.63735346949610916  0.64228046750511092  0.64704683625550552  0.65177540607149220
  0.65654881635716189  0.66152000176826442  0.66645875539298838  0.67141797888329935
  0.67642806091942431  0.68154162868240198  0.68668895915877926  0.69202344043795516
  0.69737565509919142  0.70252810619693173  0.70758359015131045  0.71270620525299877
  0.71787267030628876  0.72300351431412824  0.72836041832596188  0.73359295454302098
  0.73865662775874141  0.74369749150990405  0.74872765011798081  0.75375556662753440
  0.75891868848477462  0.76417193371807424  0.76968271776529440  0.77507545600087557
  0.78062975301808191  0.78608742035984835  0.79158779976846516  0.79728928658959886
  0.80295417503730770  0.80851752178631808  0.81438079337660330  0.82076816733753599
  0.82736232431159284  0.83443762701892910  0.84213264572745550  0.85017638065382939
  0.85870317465189250  0.86748316095355227  0.87707356454659213  0.88814901676853086
  0.90084276997227142  0.91750317001874460  0.94239468953841365  1.00000000000000000
   1.5582564483402845E-005  -1.0000000000000000     
 T F F F T F F F F F F F F F F F F F F F F F F F F F F F F F F F T F F F T F F F F F F F F F F F F F F F F F F F F F F F F F F F F F F F F F F F F F F F F F F F F F F F F F F F F F F F F F F F F F F F F F F F F F F F F F F F F F F F F F F F F F F F F F F F F F F F F F F F F F F F F F F F F F F F F F F F F F F F F F F F F F F F F F F F F F F F F F F F F F F F F F F F F F F F F F F F T F F F T F F F F F F F F F F F F F F F F F F F F F F F F F F F T F F F T F F F F F F F F F F F F F F F F F F F F F F F F F F F T F F F T F F F F F F F F F F F F F F F F F F F F F F F F F F F T F F F T F F F F F F F F F F F F F F F F F F F F F F F F F F F F F F F F F F F F F F F F F F F F F F F F F F F F F F F F F F F F F F F F F F F F F F F F F F F F F F F F F F F F F F F F F F F F F F F F F F F F F F F F F F F F F F F F F F F F F F F F F F F F F F F F F F F F F F F F F F F F F F F F F F F F F F F F F F F T F F F T F F F F F F F F F F F F F F F F F F F F F F F F F F F T F F F T F F F F F F F F F F F F F F F F F F F F F F F F F F F
  <DiscreteSampler_grid>
  grouped_processes
  1 # 1 for a reference and 2 for a running grid.
  10 # Attribute 'min_bin_probing_points' of the grid.
  1 # Attribute 'grid_mode' of the grid. 1=='default',2=='initialization'
  0.0000000000000000 # Attribute 'small_contrib_threshold' of the grid.
  0.5000000000000000 # Attribute 'damping_power' of the grid.
 # binID   n_entries weight   weight_sqr   abs_weight
    16   10   1.297357035585997E+003   1.373675152845097E+007   1.297357035585997E+003
    17   10   1.297357035585995E+003   1.373675152845095E+007   1.297357035585995E+003
    19   10   1.297357035585997E+003   1.373675152845097E+007   1.297357035585997E+003
    20   10   1.297357035585995E+003   1.373675152845095E+007   1.297357035585995E+003
    22   10   1.292725242260686E+003   1.363339198128023E+007   1.292725242260686E+003
    23   10   1.292725242260686E+003   1.363339198128023E+007   1.292725242260686E+003
  </DiscreteSampler_grid>
