  0.00406871944212903  0.00979120970255164  0.01807496008227097  0.02616420789235540
  0.03439232824989515  0.04341842169333883  0.05414770674049491  0.06499147225461688
  0.07538907597879944  0.08578168002193111  0.09613218807616626  0.10628682250108232
  0.11629132515956934  0.12612592163450009  0.13596114921829694  0.14629598144217618
  0.15720019806859514  0.16779656360231893  0.17765841021546300  0.18712573315764006
  0.19671079557272206  0.20646853632211143  0.21650483223527611  0.22671332525096505
  0.23691217187085861  0.24717938324102112  0.25756593154254276  0.26812684596826797
  0.27892623671457623  0.29004180979990940  0.30148453623563631  0.31301353375242164
  0.32437041131933481  0.33556227891910989  0.34662580985782510  0.35728128012788429
  0.36720450217728523  0.37694226042931561  0.38690685913129708  0.39734827677987705
  0.40765941855336607  0.41805024179124206  0.42949952049848977  0.44125343890931989
  0.45298298364704992  0.46417674366169592  0.47480691729922497  0.48542078138670863
  0.49646656386016835  0.50789068557785355  0.51877125295746673  0.52954808735879888
  0.54020027183346209  0.55050376593678718  0.56055966363311849  0.57093290828106968
  0.58153714811261792  0.59210575214667671  0.60291071830392029  0.61351693988538047
  0.62417857606070803  0.63469121417973673  0.64521505937784529  0.65603952684052513
  0.66708094487687841  0.67806593478291766  0.68909518927312341  0.70017010331182661
  0.71052669863355788  0.71963099782249551  0.72860301415557371  0.73804370849696777
  0.74815252572619950  0.75841938680333820  0.76867693261397241  0.77955187116770663
  0.79065331515667325  0.80081486246577294  0.81085366673662385  0.82071939825100693
  0.83122355286019489  0.84195363434853820  0.85287168323165186  0.86379081208492670
  0.87478496154107876  0.88582323130472762  0.89729697564597677  0.90937651400461916
  0.92120299942824224  0.93248070425073992  0.94356864824506714  0.95472647609267658
  0.96588384219168100  0.97662533224559855  0.98796244169869174  1.00000000000000000
  0.00677284091744961  0.01696269993887959  0.02925393443713093  0.04174677530823337
  0.05415648289619802  0.06639696107936389  0.07816813224539244  0.08841981565841293
  0.09775458561286153  0.10736542622062847  0.11698768084324535  0.12655044379575978
  0.13622035613919978  0.14609221831850547  0.15671265520310970  0.16800293322296397
  0.17937519599775051  0.19074195976921232  0.20139441871612149  0.21139942264005601
  0.22087482031780181  0.23024674248346802  0.23969705232152763  0.24928139238084535
  0.25942079828403597  0.27001274050105906  0.28076697946277723  0.29193191962247594
  0.30325056999538663  0.31396636848173543  0.32396862235518797  0.33386770933049165
  0.34412507961122740  0.35471158085848548  0.36500149332582593  0.37490203683036599
  0.38495063444876393  0.39512413335012248  0.40528599882535482  0.41580428168448930
  0.42682696847952739  0.43817334731608798  0.44935246424907288  0.45983757093853195
  0.46880162384173391  0.47760023977176819  0.48687292619896250  0.49657622185526334
  0.50616687887802225  0.51500453338773200  0.52520174091408034  0.53678752775025429
  0.54762829054101769  0.55803484698092531  0.56815388912901865  0.57805214549020478
  0.58785773379866302  0.59773995536637725  0.60758084741454288  0.61745799931405099
  0.62744317204776501  0.63730043019085736  0.64679867315666240  0.65623256020068776
  0.66651738175814046  0.67787065331185570  0.68920974706067706  0.69992559612550198
  0.71066219633389027  0.72155916339705883  0.73277994390419798  0.74424012637215053
  0.75584732230917917  0.76709939439811325  0.77775550983814445  0.78807094768285868
  0.79845686772889302  0.80911592225354678  0.81957795189404559  0.82967572480882423
  0.83987391630303709  0.85014772209807976  0.86072207195491068  0.87176890461884526
  0.88296521939894446  0.89434850979105796  0.90565810357790433  0.91631422637374305
  0.92636009008371556  0.93622090420780035  0.94634774082094342  0.95695636823901353
  0.96783087690328218  0.97824304071880874  0.98908912197978249  1.00000000000000000
  0.00322596667658008  0.01158563046590032  0.02250814539212535  0.03402353797108058
  0.04474282620936117  0.05484056110563702  0.06507181015356012  0.07556283659935802
  0.08645242399019848  0.09755306719411314  0.10899585806711325  0.12027880706264975
  0.13126268690369147  0.14219965476837851  0.15285849984452521  0.16336030002967078
  0.17402359227909017  0.18491624673509074  0.19601006876895199  0.20687795042672849
  0.21716066219474212  0.22710153097808938  0.23686901440792721  0.24668884347219716
  0.25690949617031811  0.26722056188983689  0.27680031592507032  0.28583828553320717
  0.29502568900435189  0.30435472984073730  0.31374011086796055  0.32322412431091724
  0.33264207988127159  0.34200297653030137  0.35150602324755170  0.36101405427671768
  0.37022044715712715  0.37994847676519472  0.38977793143994005  0.40021266376949072
  0.41108119366588325  0.42209406516287223  0.43326982027747923  0.44431291491713309
  0.45501917826583699  0.46546968358288615  0.47560742650909371  0.48571239827358209
  0.49580708161667247  0.50624500551610674  0.51660750305377701  0.52664561382451058
  0.53671022388333367  0.54686943663260956  0.55660288711831407  0.56640405418516337
  0.57667768251480800  0.58668673577973229  0.59584792968008293  0.60521566588132503
  0.61465497326893059  0.62403081151306916  0.63314318154435356  0.64197503961292790
  0.65200534468087179  0.66326611124369883  0.67527655644799367  0.68757753705761360
  0.69955896701503439  0.71101060832355201  0.72208165575746719  0.73272210845864405
  0.74300231207383383  0.75329610581373907  0.76387792198936499  0.77467453665282293
  0.78568582532595099  0.79682596441322984  0.80814997991619475  0.81964579728597953
  0.83080673139172379  0.84136645762997242  0.85168498803710624  0.86233495016976203
  0.87342578159341200  0.88458014208140323  0.89572065165136106  0.90668645313321483
  0.91753021617695729  0.92837027343468359  0.93965200755785883  0.95035400035185480
  0.96171742434154617  0.97334373819236764  0.98623751880330490  1.00000000000000000
  0.00584085547066355  0.01959678395352138  0.03398103867887958  0.04676675759763120
  0.05854257955304720  0.07016142014935046  0.08156860460912822  0.09314015622851533
  0.10479909560062790  0.11707665589878587  0.12870976276136328  0.14027780104313470
  0.15154323184072416  0.16258371297917176  0.17364327337753169  0.18462061720260742
  0.19554768913660708  0.20656918111937220  0.21771963698017935  0.22861401870290737
  0.23901198592700165  0.24922895874874371  0.25995290459335069  0.27128259495925799
  0.28192285933884659  0.29229068861120666  0.30296631769023841  0.31411062263335199
  0.32534004042101505  0.33621691984633589  0.34573353162833065  0.35501800244095966
  0.36409180724888596  0.37324161010306833  0.38269705257054998  0.39231179226249507
  0.40242234348420913  0.41297677886660411  0.42360783537835506  0.43437879934852908
  0.44531750453169644  0.45650267938991040  0.46789261837852636  0.47892958671822028
  0.48947235944300543  0.49978623123443089  0.51004597336030055  0.52023697337684160
  0.53035387668237532  0.54037456028586561  0.55074817687088762  0.56169619760398948
  0.57309150659856700  0.58456644463917917  0.59577958654217800  0.60688995217751474
  0.61820997709848458  0.62961823131164452  0.64095871276821603  0.65196906189598502
  0.66271858648427484  0.67288113708839115  0.68267368321464061  0.69280676144502140
  0.70337386945804414  0.71349584273825117  0.72351636321687174  0.73359071402905474
  0.74277822979879782  0.75226904568835828  0.76204345632655401  0.77255468862024257
  0.78306219213541739  0.79357507240509106  0.80426083697529605  0.81504597439095228
  0.82569294887657263  0.83665909697945806  0.84757807969025822  0.85806956881682084
  0.86780438099761725  0.87749274741367755  0.88711140023983381  0.89685215266325824
  0.90663657839981182  0.91638885240871804  0.92617075384396652  0.93602403111931776
  0.94579201911334509  0.95537183559641392  0.96393871270748888  0.97153410573314380
  0.97863208503709931  0.98542077242781723  0.99099779140487188  1.00000000000000000
 -0.00015151777868650  0.00130734996805953  0.00337543719893573  0.00609352415069199
  0.00932121417396241  0.01298034632774745  0.01709848349246637  0.02114551518596434
  0.02574306567122205  0.03078466521785134  0.03587502809389363  0.04116315988121035
  0.04665300327091151  0.05221242140284632  0.05735482629137706  0.06271485856197134
  0.06872228461407490  0.07508031998193576  0.08148003610394318  0.08788978725131606
  0.09444785469263337  0.10121769525415894  0.10822382603637563  0.11567225508027734
  0.12307302979773858  0.13014871111966475  0.13748451336225934  0.14483160236491854
  0.15195116724094979  0.15915090023967401  0.16732288366732231  0.17557757060299128
  0.18412799570813321  0.19254390746092784  0.20079032246852979  0.20883304846401707
  0.21587510960220141  0.22305841061955234  0.23046560203787894  0.23818448125484373
  0.24617498671499516  0.25467305568799237  0.26291260189225163  0.27092082981018029
  0.28053044938871646  0.29042720064980454  0.30008203552476725  0.30979122602803993
  0.31969216957590013  0.32999498600140331  0.34069476986661246  0.35171930388080686
  0.36297676624021741  0.37434186052596785  0.38595345988077373  0.39742003842183432
  0.40869814101869145  0.41996972907286073  0.43165429291700075  0.44329941551598151
  0.45490126888804455  0.46658784911353840  0.47848705624860816  0.49083922221623288
  0.50362190056621015  0.51703673752116608  0.53038485527170998  0.54394481140184869
  0.55764164380212466  0.57148122955095837  0.58558883377224091  0.59963528153605827
  0.61400488553362864  0.62849381818398464  0.64308759323630094  0.65776819006606446
  0.67254531294099074  0.68739153060000058  0.70233411303147752  0.71741161516926100
  0.73240651549216995  0.74784808213150922  0.76325587236067927  0.77883142560770136
  0.79443381116395784  0.81026320282487385  0.82619666716762574  0.84266053773546445
  0.86015597321465431  0.87873978646641349  0.89752178309187414  0.91624604241231289
  0.93578614204784605  0.95648022442853475  0.97810641504914975  1.00000000000000000
 -0.00340353075266722  0.01194091525862778  0.02401724495011295  0.03564173504463148
  0.04691156943970476  0.05800325051069848  0.06895128764367991  0.07958719194529494
  0.08987384190912544  0.09973764584262501  0.10941321760141479  0.11935277046123628
  0.12963002909544952  0.14023412391983509  0.15151503990009596  0.16334819704351933
  0.17507206592179261  0.18621466953097737  0.19685758386095065  0.20723702384688245
  0.21762727490217759  0.22853364874577375  0.23983448385939271  0.25091577119186864
  0.26139097988110460  0.27158787583161914  0.28195209360195883  0.29243752263298950
  0.30314901960844115  0.31353889135400964  0.32394318908337955  0.33439163220022849
  0.34524238676248636  0.35544567906670421  0.36499584374077554  0.37457599316644752
  0.38498515905136127  0.39583394412160472  0.40657258124591034  0.41739509872480873
  0.42854457010715480  0.43981543484189028  0.45111918283385449  0.46198719355081030
  0.47252277716374508  0.48314920288511592  0.49414418417039219  0.50541768559762024
  0.51686524575927151  0.52814507322405313  0.53882479543294459  0.54885102166370736
  0.55869965907780994  0.56877168683902068  0.57902441183173625  0.58944066094067060
  0.60023214602084751  0.61114839473942240  0.62191541139815842  0.63245938933639523
  0.64280766301759829  0.65310184122540549  0.66372177970049573  0.67525272826547855
  0.68710164924904504  0.69843910312034374  0.70928711386471888  0.71975941156725853
  0.73041656419772805  0.74144863399588068  0.75285939199216190  0.76468789481327093
  0.77535443769991030  0.78445101657049254  0.79369740404695288  0.80277507178409613
  0.81185083982802830  0.82084506979882210  0.82953439556997510  0.83865512043371571
  0.84865973208545886  0.85889070285389169  0.86902424553183266  0.87942276711526468
  0.89015136292401964  0.90107565773931719  0.91184370165711959  0.92161096973640699
  0.93048291725166443  0.93944511696354993  0.94857579893142852  0.95802732873671326
  0.96761930791957951  0.97700664316698571  0.98800131215778375  1.00000000000000000
 -0.00325676682710920  0.01298060201595666  0.02529287833485609  0.03829010216108907
  0.05131690120883359  0.06527057076921589  0.07976016688866429  0.09396713495573009
  0.10699748822806032  0.11932197278343043  0.13137921345760584  0.14360579360051848
  0.15597217769535340  0.16815237505641481  0.18032100320431316  0.19258767690786396
  0.20445117844475066  0.21582602601186476  0.22715122861410761  0.23871353270262169
  0.25066083639683007  0.26317380143191027  0.27591276945034987  0.28841510068771609
  0.30003439437977186  0.31191766251411140  0.32385082362917661  0.33630823692499895
  0.34766472887485750  0.35893929207635944  0.37037907438754741  0.38176992660443526
  0.39313238373366138  0.40472554347082240  0.41618242725753574  0.42660219724705090
  0.43643514178204607  0.44657742062840372  0.45665917590593569  0.46740151470750957
  0.47781660783325042  0.48842619532304365  0.49903603584327128  0.50933589058451556
  0.51973694423436367  0.53036088498673761  0.54132176630727324  0.55221487891492715
  0.56293413407244375  0.57275488165568667  0.58228334648743285  0.59192159555465751
  0.60149863198674092  0.61194760187369457  0.62275132938726019  0.63356800244575939
  0.64461835165144710  0.65501640007773099  0.66435117341825678  0.67284569715692866
  0.68120017522645604  0.69005053391245608  0.69941430509830371  0.70792044046631353
  0.71728424891247067  0.72666758195222825  0.73689251702101510  0.74751874894183434
  0.75780550589517948  0.76838208038702260  0.77841708236497864  0.78865102012312027
  0.79857225250355823  0.80851595547882105  0.81790323294831391  0.82799096666539240
  0.83627583762487501  0.84357511585590061  0.85080514950039132  0.85827600499679602
  0.86627919709049483  0.87426707416663596  0.88237230909709585  0.89045090546962846
  0.89915734535024860  0.90888727560125337  0.91842559747407626  0.92735506177659299
  0.93586946237905633  0.94436356741235006  0.95324027091323316  0.96277484645091937
  0.97247386433298799  0.98184557829491670  0.99098913631969487  1.00000000000000000
 -0.00242394190736084  0.00879127552262488  0.01929865680194699  0.02974493091263061
  0.04005188722423503  0.05035741111008399  0.06080353705848624  0.07142279384962745
  0.08282814592992899  0.09370905290931617  0.10404304136711609  0.11360807390667248
  0.12401761815385387  0.13443793843055157  0.14501069843992836  0.15561952910359286
  0.16587804885664684  0.17625473989507656  0.18672534009993932  0.19763133577863021
  0.20891652598289970  0.22085350196602052  0.23278136725441764  0.24443269812129489
  0.25566237526916347  0.26664087710833506  0.27719987358768777  0.28772224593215806
  0.29849767988872822  0.30902837606092098  0.31914443273103649  0.32907412750538767
  0.33903231702953734  0.34938880036767678  0.36011992595431136  0.37119451461689651
  0.38251078511568493  0.39409542283381488  0.40502185797120005  0.41538521742976797
  0.42572956228979869  0.43622638910957817  0.44672499419166911  0.45727279739769172
  0.46837578756184156  0.47957322056521479  0.49085374452504393  0.50160611674396371
  0.51187729911630930  0.52226933461089620  0.53324501797183965  0.54435533701775574
  0.55483768830449376  0.56689377148745601  0.57952488245707823  0.59154962417416623
  0.60290920340668253  0.61419406953245470  0.62537739640546675  0.63594651346407405
  0.64619607215799246  0.65657709236960826  0.66674659249300461  0.67650355364455794
  0.68654929432221146  0.69747075104874567  0.70896175254053106  0.71987998298126710
  0.73016287768875066  0.74040369796890326  0.75053346045453695  0.76048096093349493
  0.77043998125386004  0.78053194156741412  0.79059379210616487  0.80044589901149654
  0.80997833951902409  0.81964123677902589  0.82961688879300621  0.83862099812930979
  0.84842381873322814  0.85818495234530023  0.86742190181327361  0.87604350658977270
  0.88470545116723909  0.89343167492036646  0.90411436879955742  0.91663897788151616
  0.92708403843212395  0.93747685552350379  0.94756355147856619  0.95773636902749693
  0.96833836266672335  0.97856330952956916  0.98919355128242892  1.00000000000000000
 -0.00359592818638393  0.01528303182864338  0.03072794397803288  0.04689430353128288
  0.06307276289705098  0.07894343619168158  0.09445691974090689  0.10981803002178946
  0.12510383359808158  0.14018273804556514  0.15445513126723578  0.16793461031924645
  0.18068014167579277  0.19321933537917849  0.20595447916097420  0.21905234917610839
  0.23284691495486365  0.24688508787869279  0.26046735456635339  0.27363551165876648
  0.28675645300229557  0.29976850292257257  0.31234722513452462  0.32429326682625248
  0.33564190059347571  0.34689450614148115  0.35850939544781341  0.37017619087967257
  0.38103081626660562  0.39124358445528379  0.40153676403561972  0.41193439616389366
  0.42217524114296084  0.43237775738580952  0.44329625444840570  0.45435395273851081
  0.46424554927285644  0.47309221357442960  0.48191240420073861  0.49055090624366249
  0.50010507208368649  0.50954376862863149  0.51893640935448948  0.52943708648185284
  0.54038916654315738  0.55098825714150257  0.56135309198467687  0.57092523234489967
  0.58023156157739930  0.58958558140023953  0.59865144820073501  0.60824403815008399
  0.61735377139430325  0.62735489112177767  0.63794032617705043  0.64823237213229046
  0.65757501808658059  0.66644982592374080  0.67519161664030203  0.68419034650785471
  0.69357385385151482  0.70322211065757900  0.71310985294932305  0.72290376281803703
  0.73228609570172309  0.74132135508533659  0.75041955673236105  0.75991369891524629
  0.76944315007666064  0.77813673550291573  0.78607679060017432  0.79388965486352958
  0.80191080775938106  0.81024761276173429  0.81854880671640928  0.82647732336578594
  0.83485810918136227  0.84420840059676860  0.85415433454569500  0.86408476443863935
  0.87352957927663433  0.88255709703040042  0.89130151450407225  0.89979020608775462
  0.90812280186024441  0.91625415877385530  0.92454220859981795  0.93283383412326482
  0.94110597974938182  0.94937164965894416  0.95800266626258246  0.96663281466393047
  0.97523497571721507  0.98347924115256458  0.99152881489201750  1.00000000000000000
 -0.00288442626485887  0.01093604551013896  0.02213180426662079  0.03139438700936729
  0.04115337824058177  0.05089481141757310  0.06023930883064584  0.06962913255720035
  0.07914016422009110  0.08937692738957397  0.10039102206443892  0.11151089131841725
  0.12245319503756018  0.13302640596559642  0.14316615063648633  0.15386667016267372
  0.16493780980786338  0.17549299402845059  0.18597091448418843  0.19551852053830424
  0.20472368560809800  0.21403473591448166  0.22363049210861510  0.23372747535241392
  0.24437385622658150  0.25518992673439744  0.26586301718054550  0.27627940096693643
  0.28679659101974730  0.29770778737915987  0.30870214119709410  0.31988317820457429
  0.33130911869743523  0.34246101182270133  0.35397642647108968  0.36577252262751370
  0.37737708755065369  0.38873267969749298  0.39982253342615520  0.41182025039129905
  0.42243362244502758  0.43304467626238807  0.44318097164648618  0.45301832510730328
  0.46271864297293508  0.47287040466642050  0.48253393110202014  0.49182083339769567
  0.50062547186038342  0.50946505179577484  0.51808407859343752  0.52678748449303126
  0.53548208824746113  0.54502076148649337  0.55592869248482302  0.56696352537826156
  0.57782372243673341  0.58878188892653383  0.59931887082709057  0.60983679711124050
  0.62054827055153661  0.63150381370457642  0.64238179518500904  0.65329450378513565
  0.66414503259327262  0.67491351374223740  0.68575884541661158  0.69682095308795933
  0.70820137825245488  0.71955419971835644  0.73083860607394480  0.74187404199981888
  0.75279429533438025  0.76342821343543921  0.77404418543743314  0.78457164662458212
  0.79517273380321785  0.80568541229389079  0.81621074442344543  0.82676134861661443
  0.83749225568402441  0.84853250105098033  0.85990908747555084  0.87101047240225393
  0.88132998431275111  0.89110257720107733  0.90135933104824884  0.91194428514256387
  0.92273748825566648  0.93373662824433501  0.94479319104823323  0.95581270086647874
  0.96663426253751850  0.97754067577716541  0.98851213934938031  1.00000000000000000
 -0.00232094258404500  0.00819915484177593  0.01732721716586472  0.02627750039832901
  0.03537577554825511  0.04422111559859700  0.05272060121838104  0.06151274108269383
  0.07059800304846948  0.07993206798281084  0.08946382609534288  0.09873447278482789
  0.10807143569146641  0.11772702466149738  0.12745327097601841  0.13690871438896429
  0.14609858669230771  0.15517349496983679  0.16418886819584633  0.17306349765412002
  0.18192315785357799  0.19094034371879148  0.20009246638456818  0.20921820419275555
  0.21845986613391238  0.22787711553266371  0.23751935076659114  0.24733117702448260
  0.25760686111639247  0.26804645793701415  0.27827635038264259  0.28840481834137860
  0.29868386314722017  0.30925303596578357  0.32026983790315044  0.33125079701908844
  0.34061431061344238  0.34915641388931568  0.35790390321511745  0.36643888559205678
  0.37496946873977544  0.38343772326474418  0.39172074754532638  0.40025914085114672
  0.40890874773173319  0.41787228835159679  0.42662922186068108  0.43543393253549223
  0.44455189195421213  0.45419175768433390  0.46446402643150281  0.47534788633670066
  0.48630227691868905  0.49735457414257572  0.50831831860553711  0.51967376669928023
  0.53088643564299909  0.54182164253722909  0.55246771779094916  0.56284527365397663
  0.57306513300830675  0.58341416401908230  0.59442952396060744  0.60573540969962125
  0.61679474363475506  0.62777501096909027  0.63872961533850126  0.64965638245273449
  0.66072023283582471  0.67202317049801441  0.68374901537199195  0.69572502496673894
  0.70709060860168493  0.71798922368694007  0.72920627575429042  0.74182054536095543
  0.75488031593186322  0.76753776984072597  0.78001460941778933  0.79262411216037421
  0.80533373208336068  0.81856738214631974  0.83168752707723470  0.84486202170823199
  0.85730361106487329  0.86974065632278674  0.88252766789134884  0.89494761533446698
  0.90680701643923212  0.91879380903877916  0.93220604545373287  0.94633168109084476
  0.95962495546939741  0.97253604500412083  0.98555315966797907  1.00000000000000000
 -0.00225551561395880  0.00903382640433237  0.01848446797956304  0.02883046528542832
  0.03915650742554553  0.04977277827118193  0.06099199006644349  0.07152416034567090
  0.08197140817486764  0.09330178924731558  0.10446313145638537  0.11521506698969990
  0.12602921884204660  0.13645988193693767  0.14655378046907697  0.15732314569293135
  0.16775500768660273  0.17867338804882621  0.18891729094858478  0.19906231292376272
  0.20913705308156716  0.21897890144308740  0.22847956195580413  0.23874642303934590
  0.24939343008371290  0.26073252055746476  0.27187707210005169  0.28313760283496703
  0.29422885098200474  0.30480642169489525  0.31511481208516945  0.32551018567282969
  0.33636314532815165  0.34713116203443223  0.35767574911314609  0.36804432952262400
  0.37756369426369568  0.38637960415668993  0.39557317528689490  0.40498650851245915
  0.41425239811374281  0.42285845403730027  0.43168142873160698  0.44131999585078890
  0.45184008427019773  0.46214288131760789  0.47207984991066093  0.48224078508914209
  0.49283426348341441  0.50375205331855255  0.51465520968473610  0.52551120173389099
  0.53608606250920188  0.54649636279719738  0.55710916531108601  0.56796375603616878
  0.57885938302896478  0.58974007058676914  0.60078542960330461  0.61238309398640922
  0.62398063365029433  0.63522004766105278  0.64621931376879771  0.65604146245679107
  0.66578770781004570  0.67544007845390808  0.68527946646436777  0.69551995281743428
  0.70593661588621415  0.71685888495362970  0.72810948762334426  0.74009144918386860
  0.75219169569444166  0.76305012664755090  0.77328278425692243  0.78376231961838838
  0.79516506667607134  0.80601346931585183  0.81609444825314370  0.82604388866063161
  0.83648524613435593  0.84706196402092571  0.85791874988854377  0.86806776448761347
  0.87828518282388879  0.88863695724757952  0.89947982810243110  0.91100566710637920
  0.92188997057941080  0.93217229192707973  0.94284401012404839  0.95412454712302364
  0.96543304112410533  0.97640341665768182  0.98784675764582119  1.00000000000000000
 -0.01660557891147839  0.09353153640354372  0.15746687424894196  0.20101899879288596
  0.23620568817926804  0.26753108280528443  0.29324792680080741  0.31576356812239453
  0.33713524772369202  0.35817937182805182  0.37758542105797299  0.39552850561909830
  0.41247243310161830  0.42761220097813962  0.44177307959990580  0.45548746766565479
  0.46849673326543029  0.48173970301074265  0.49541205229712532  0.50862804494863101
  0.52085476247066886  0.53238723777091745  0.54378262353099593  0.55525604947175899
  0.56629178799640811  0.57671312789755602  0.58721068498030704  0.59791951966798118
  0.60841882301385719  0.61882662861183513  0.62896202846429128  0.63861053567458237
  0.64769889222440991  0.65631881722498053  0.66460744180554210  0.67270214449172583
  0.68072804790001462  0.68862805391157955  0.69620618735452311  0.70354084251453419
  0.71087727718836979  0.71819047066189146  0.72559484504848859  0.73296200446798609
  0.74011584281294940  0.74692615226179193  0.75408252749048188  0.76070270793584238
  0.76743574097274758  0.77393771005813272  0.78080205473181952  0.78771239135009330
  0.79445392379699309  0.80083940146996402  0.80694231862893628  0.81272861257156770
  0.81826721935260960  0.82386730799855745  0.82961731650360160  0.83511072186846813
  0.84044333202122834  0.84586232727273358  0.85129904951305535  0.85665730208231183
  0.86179738054089605  0.86672900983529899  0.87147218562388074  0.87605764042972389
  0.88049363110084955  0.88492735930750543  0.88942943250506279  0.89390633858841828
  0.89837715306544108  0.90296298116648410  0.90757454490156775  0.91239276673043868
  0.91734080466974599  0.92156569661433030  0.92574972239915454  0.92986755033992730
  0.93411960858226217  0.93860930323626213  0.94328085345852097  0.94795461668342573
  0.95254905276885149  0.95730468211413478  0.96202100687368974  0.96666701921386755
  0.97097817816163134  0.97503245676005901  0.97910321715532089  0.98325018537786213
  0.98743079397650368  0.99162394064332282  0.99581146886170269  1.00000000000000000
 -0.00170410162245473  0.00755808476697490  0.01582043430074956  0.02478213610946120
  0.03400536799387967  0.04391447827130467  0.05460040374234083  0.06503082445439891
  0.07524992732428706  0.08543924492536814  0.09582062641149103  0.10680757389953657
  0.11800241747813303  0.12872450545220884  0.13864606275124419  0.14839240543615698
  0.15796128893242281  0.16701252114148257  0.17537283680356194  0.18365407541124909
  0.19247720327968273  0.20187299231311043  0.21128500288298724  0.22066786743507075
  0.22998227376848684  0.24106264189509763  0.25197663613605681  0.26334123979844459
  0.27461083797849356  0.28611583466269613  0.29817520688038829  0.31001370622356605
  0.32149950071844019  0.33258946658359451  0.34343130107082137  0.35430603773877095
  0.36530902105831331  0.37687307856955093  0.38881939997107917  0.40039851854050790
  0.41137815197408095  0.42212789803098155  0.43303101515234538  0.44461027391540631
  0.45697052790179177  0.46923201799521319  0.48131482617551297  0.49339601008466377
  0.50562602702187565  0.51818384367747661  0.53088011522907208  0.54295634573162543
  0.55340081414628173  0.56354196495413411  0.57355611642295412  0.58325916452099258
  0.59328470363873764  0.60324028737131363  0.61415389052709080  0.62481020531235809
  0.63584883295374695  0.64701427431624992  0.65817580301940670  0.66980733746625354
  0.68148124976039948  0.69318438499844293  0.70469397589226124  0.71584149639411510
  0.72676816632900887  0.73655895788028758  0.74582784447033446  0.75555551396044507
  0.76582966322750101  0.77584858676674839  0.78523087733359853  0.79462811874305561
  0.80437116831846689  0.81453837668683615  0.82503277973158096  0.83534642806252701
  0.84537101112571655  0.85495184497313104  0.86474276490076007  0.87453474752620231
  0.88456477740519246  0.89450095663209561  0.90457935626401431  0.91491831842938243
  0.92575316738002689  0.93685364219503364  0.94772777032601629  0.95858592528243491
  0.96941559511359410  0.97990550278007649  0.98994505206763728  1.00000000000000000
 -0.01577348151976042  0.30755928732788673  0.37722012347102868  0.42453524849569452
  0.46568267269391933  0.50027197880295637  0.52827565044026625  0.55371016128695294
  0.57730413141720716  0.59940305171780695  0.61958492497629036  0.63741439376436537
  0.65381279866189623  0.66889207399028527  0.68295941459972542  0.69616420917431654
  0.70861465462730056  0.72077589654522523  0.73231804273994772  0.74334791208260742
  0.75364285339943948  0.76341336915231406  0.77273375338482309  0.78150539537839625
  0.78961090645813126  0.79697639879850823  0.80385519476819633  0.81038745350827734
  0.81660231095475466  0.82250814921864113  0.82853320245521922  0.83445053230971722
  0.84012519399313612  0.84566843276410231  0.85099053712399708  0.85618101141388359
  0.86119982961489150  0.86604660675556711  0.87081619223987905  0.87550739515128695
  0.88010202641643265  0.88460645610048538  0.88895524323613684  0.89315110193941727
  0.89721873567003019  0.90120938551048302  0.90507828275761248  0.90882936200386888
  0.91236592052281773  0.91574042957411073  0.91864172862184301  0.92132307498004529
  0.92399038253287080  0.92661235303609901  0.92921050283408357  0.93177253380080860
  0.93427493909270065  0.93670012840493289  0.93903321916139448  0.94131975522012068
  0.94348056095641419  0.94571077583053398  0.94786096446817647  0.94993762871952026
  0.95200951725380045  0.95405007513899354  0.95600399817115145  0.95785311885072344
  0.95961175016640277  0.96129644406959713  0.96292762274051347  0.96452119261559244
  0.96609274290847647  0.96767693534378918  0.96917155308093106  0.97065378790959922
  0.97213161309152529  0.97359087169360714  0.97502475671551037  0.97641652413903701
  0.97770240518157892  0.97901770250781761  0.98031653320452972  0.98161483462094756
  0.98292003650414606  0.98420663460248792  0.98545442438328978  0.98669120041034786
  0.98793426614256208  0.98921576294891045  0.99053205778727882  0.99189105610664963
  0.99331989493126105  0.99489802774114544  0.99696738569924848  1.00000000000000000
 -0.03010749040337283  0.15909829211858020  0.21562450567234548  0.24880608882818642
  0.27386776797638096  0.29327130483526154  0.30922778265016354  0.32490135953557103
  0.34009449962323612  0.35377883726058756  0.36527972277200826  0.37600375117975848
  0.38597366629656837  0.39545464232956218  0.40470148894185476  0.41359548578733107
  0.42259263569299210  0.43170161634428245  0.44015099211067099  0.44802329703233051
  0.45573479426037483  0.46329857730215518  0.47049075203266322  0.47725123370920525
  0.48369212175794668  0.49031194485273250  0.49669983995507838  0.50305639003563984
  0.50955714614045122  0.51595654511161093  0.52241754062454770  0.52866780934910496
  0.53459082669400737  0.54035320093398964  0.54611263616615136  0.55192566181895952
  0.55765755603350287  0.56325630895479206  0.56880216519253368  0.57438161877701954
  0.58008026715285410  0.58591165309902293  0.59178885977263740  0.59761665289508970
  0.60326915552317517  0.60867016715534406  0.61382976105070330  0.61919042282378234
  0.62457131317026526  0.62982306757471973  0.63501784042457687  0.64021463159256364
  0.64524769011579997  0.65006514336944232  0.65474106198551563  0.65939166935342086
  0.66388308155346420  0.66824072796203504  0.67229386596081320  0.67645027537798441
  0.68075900775702636  0.68517745216546388  0.68955371067942217  0.69384210709013272
  0.69808227912744780  0.70241589155421125  0.70666447183875047  0.71116878827068430
  0.71571269470222376  0.72050876954951881  0.72516385908950376  0.73022396906112275
  0.73549870615896251  0.74084355439430860  0.74625510960609853  0.75167566095834881
  0.75713065339390340  0.76267412327109008  0.76835898439021955  0.77418276409359021
  0.77992641449736577  0.78550049230694996  0.79120391126909573  0.79733054370086198
  0.80388552654796930  0.81068013600122990  0.81768625430152753  0.82541184485231656
  0.83390274816680976  0.84352106780322644  0.85426968569328876  0.86660548683190597
  0.88112963428675029  0.89868044254680068  0.92598379319414736  1.00000000000000000
   1.5230925853562205E-004  -1.0000000000000000     
 T F F F T F F F F F F F F F F F F F F F F F F F F F F F F F F F T F F F T F F F F F F F F F F F F F F F F F F F F F F F F F F F F F F F F F F F F F F F F F F F F F F F F F F F F F F F F F F F F F F F F F F F F F F F F F F F F F F F F F F F F F F F F F F F F F F F F F F F F F F F F F F F F F F F F F F F F F F F F F F F F F F F F F F F F F F F F F F F F F F F F F F F F F F F F F F F T F F F T F F F F F F F F F F F F F F F F F F F F F F F F F F F T F F F T F F F F F F F F F F F F F F F F F F F F F F F F F F F T F F F T F F F F F F F F F F F F F F F F F F F F F F F F F F F T F F F T F F F F F F F F F F F F F F F F F F F F F F F F F F F F F F F F F F F F F F F F F F F F F F F F F F F F F F F F F F F F F F F F F F F F F F F F F F F F F F F F F F F F F F F F F F F F F F F F F F F F F F F F F F F F F F F F F F F F F F F F F F F F F F F F F F F F F F F F F F F F F F F F F F F F F F F F F F F T F F F T F F F F F F F F F F F F F F F F F F F F F F F F F F F T F F F T F F F F F F F F F F F F F F F F F F F F F F F F F F F
  <DiscreteSampler_grid>
  grouped_processes
  1 # 1 for a reference and 2 for a running grid.
  10 # Attribute 'min_bin_probing_points' of the grid.
  1 # Attribute 'grid_mode' of the grid. 1=='default',2=='initialization'
  0.0000000000000000 # Attribute 'small_contrib_threshold' of the grid.
  0.5000000000000000 # Attribute 'damping_power' of the grid.
 # binID   n_entries weight   weight_sqr   abs_weight
    16   10   2.668481031373325E+006   7.058268094352472E+013   2.668481031373325E+006
    17   10   2.668481031373466E+006   7.058268094353222E+013   2.668481031373466E+006
    19   10   2.668481031373325E+006   7.058268094352472E+013   2.668481031373325E+006
    20   10   2.668481031373466E+006   7.058268094353222E+013   2.668481031373466E+006
    22   10   2.670061010876084E+006   7.066648096845622E+013   2.670061010876084E+006
    23   10   2.670061010876228E+006   7.066648096846384E+013   2.670061010876228E+006
  </DiscreteSampler_grid>
