  0.00279895251011787  0.01397566355651409  0.02436573002531474  0.03533285120069058
  0.04556833510481456  0.05485641741756037  0.06437684695882602  0.07476961461839160
  0.08547331015006086  0.09644115212638683  0.10671697832647978  0.11747787010598805
  0.12817280284318530  0.13866733129411166  0.14975512466490526  0.16044780870489270
  0.17077178900252715  0.18058196467865315  0.18987655208727910  0.19966304364406018
  0.20946417945796281  0.22013689278646811  0.23065446874835513  0.24090708190613264
  0.25133638965755301  0.26230379478300664  0.27265085719234278  0.28195675667338094
  0.29155746515238273  0.30145673548996105  0.31161763261564646  0.32150749736631440
  0.33120181623693856  0.34106862065534671  0.35070981140086138  0.36042507140073538
  0.37040466509938652  0.38070219896124302  0.39116108093735830  0.40165272896388704
  0.41249802332607494  0.42377897699260147  0.43538971979103086  0.44691175985507442
  0.45819644668847287  0.46937693750829734  0.48020145547002191  0.49082552542602659
  0.50169476298711524  0.51233022573066778  0.52300480865136811  0.53270087091752516
  0.54266253540792853  0.55301050402965790  0.56331346547279060  0.57301176681429178
  0.58247957615802426  0.59203776836208111  0.60198111129520593  0.61193300748421575
  0.62179781017717450  0.63201539558809816  0.64185373146995428  0.65169792834249018
  0.66210157828489324  0.67315082438415841  0.68458555641026930  0.69629096244130062
  0.70742712769882121  0.71778517628984695  0.72768154480899971  0.73769665444012156
  0.74749265770951145  0.75727248312148887  0.76717833791082768  0.77787065179720116
  0.78869587787574424  0.79926535284749844  0.81008134833742473  0.82119359362292699
  0.83227789520342232  0.84306994600247409  0.85389771126881908  0.86487366811436295
  0.87602180746294844  0.88696615894339881  0.89752532877256141  0.90789476569216698
  0.91821778199165482  0.92855745797661582  0.93885064641530358  0.94970209523409788
  0.96119903834058817  0.97355899956853009  0.98661437868658153  1.00000000000000000
  0.00727483139280202  0.01490769283470705  0.02497732620884811  0.03588424029569075
  0.04647742827852033  0.05776670404610855  0.06880447826004293  0.07984418142354144
  0.09081122173400345  0.10199209846842215  0.11326893043351320  0.12456176020152424
  0.13575247576878413  0.14728739806410743  0.15812425811429137  0.16945987936746362
  0.17961188503307907  0.19002988869923040  0.19979012961160089  0.20989528739546881
  0.22009551955395421  0.23031076880703200  0.24052129220724888  0.25061519173284197
  0.26188303547514657  0.27350990215526760  0.28503447749104238  0.29678848686784992
  0.30857662083154713  0.31929020951240106  0.32968721035617210  0.33981513448482958
  0.34984147666483395  0.35959620139337733  0.36914086153716491  0.37876367556128754
  0.38798277512631574  0.39748108970531842  0.40696314441074671  0.41665795803422329
  0.42641934564488299  0.43637882485809171  0.44676706324252879  0.45745608142802507
  0.46805483391796621  0.47860560641174982  0.48911008376303144  0.49962014968115465
  0.51154930761826933  0.52365448937075765  0.53535132859092038  0.54614255396226719
  0.55633783043056351  0.56646637601564287  0.57672151517107195  0.58655522639502178
  0.59575041103024340  0.60495215462389196  0.61466561329277314  0.62476323892931973
  0.63484975903580831  0.64447659168884286  0.65415865732053180  0.66396483525150674
  0.67374688451596265  0.68355702379372330  0.69426302507804105  0.70481427801411134
  0.71522838286289725  0.72541652437904114  0.73553158930775875  0.74520856519053968
  0.75518632209757053  0.76558854200995563  0.77650990250691854  0.78762947830174102
  0.79848152215609447  0.80944764759889054  0.82087407082329644  0.83229382361081794
  0.84310170690313158  0.85345210431273799  0.86383320366369387  0.87402521304570857
  0.88351142176522068  0.89261142576715047  0.90222814946516072  0.91239706458720726
  0.92265811818547350  0.93296135225079702  0.94338184856830454  0.95392612199307159
  0.96390375744511136  0.97315382561648101  0.98238409230652179  1.00000000000000000
  0.00323781342165391  0.01134545632410324  0.02164126519432840  0.03240742834690970
  0.04297927651083109  0.05374739733057662  0.06409549038497583  0.07479838940100259
  0.08515965149935074  0.09564335506649287  0.10631832683859332  0.11703275387685835
  0.12768533588610567  0.13804156403552079  0.14894286970573950  0.16034336042607289
  0.17142005060143528  0.18212173632857823  0.19272690594181893  0.20341694123725990
  0.21425017250692838  0.22497826011987818  0.23549286942740158  0.24575021177041406
  0.25598073309808961  0.26640002677446528  0.27723570487324639  0.28847156040859112
  0.29982853714464625  0.31126918386447927  0.32268549622503129  0.33423498621936354
  0.34567147737428194  0.35714307145183827  0.36899654749649385  0.38070599525790083
  0.39265005175641593  0.40362669685298558  0.41458946984384865  0.42494251243940434
  0.43610338654488123  0.44701083433850985  0.45778737289405591  0.46872706587672097
  0.47965123404295468  0.49048704822297828  0.50127425890234945  0.51172062027674825
  0.52232841254098794  0.53273033695002758  0.54304244921910516  0.55285927961947345
  0.56242915435522223  0.57197871098506881  0.58155889362468405  0.59108069678434161
  0.60045106430349171  0.61040388516281185  0.62097471403783067  0.63171608335328677
  0.64246221472980058  0.65262251982120234  0.66241697072078709  0.67238642790590442
  0.68198182825620213  0.69169884633888523  0.70096160244945360  0.71051638004461504
  0.72014316740591078  0.72981405061906934  0.73951396057307350  0.74906591203730322
  0.75844809756702802  0.76791538405012738  0.77755508943354812  0.78719200735892070
  0.79697794785344700  0.80753180852350459  0.81799805674003501  0.82845823344138514
  0.83870555103928290  0.84861230745967453  0.85889891817395680  0.86887440563953200
  0.87938513507756710  0.88922089414602079  0.89895473902737255  0.90895190037127405
  0.91927886015751259  0.92985003679232225  0.93998731729479046  0.95073801349616716
  0.96129862955668277  0.97203737731373474  0.98238650754551771  1.00000000000000000
  0.00630107040014227  0.01959696912433534  0.03468543520512973  0.04782991673633211
  0.05936798894623806  0.07046383402466828  0.08105197725958906  0.09193322703089547
  0.10271484273287318  0.11381282605225898  0.12435524664182465  0.13546074982518627
  0.14691774240600691  0.15851403997137428  0.16925998570074680  0.17927591857501163
  0.18917457109153052  0.19843979333293976  0.20830860066739534  0.21790028246521778
  0.22732069796819240  0.23647172634523814  0.24582199592989606  0.25562898153244717
  0.26554007501015076  0.27507906165400264  0.28455557508868834  0.29471353305256970
  0.30553849730329014  0.31626787822288427  0.32661088308896041  0.33731318395737581
  0.34850508668142377  0.35929425687494615  0.36951655370685982  0.37984729398583439
  0.39044127211651525  0.40058013052371433  0.41041697528369631  0.42074449159166827
  0.43167078506639911  0.44205021348184598  0.45168011434918276  0.46164862879035967
  0.47208235407786331  0.48236093688384168  0.49233295783334236  0.50226989443305381
  0.51215314438415083  0.52186438674609792  0.53142240357351866  0.54090358136201788
  0.55061860831244080  0.56061390964159274  0.57125325221201817  0.58197400566143609
  0.59246953741754771  0.60272199385285874  0.61282410283535771  0.62292745576051756
  0.63338113122818196  0.64399039208737974  0.65440928436074974  0.66443739127990609
  0.67465367319668801  0.68537457244560873  0.69619112961500829  0.70693479026180239
  0.71799478263928107  0.72904175646926850  0.73987273588064462  0.75029031951008773
  0.76058946410707862  0.77096343404684742  0.78104588226146299  0.79103492710776602
  0.80063654064862810  0.81024498369781228  0.82005959419172281  0.82999266229227586
  0.84091367510771520  0.85264586457898206  0.86467296979830499  0.87641077185666805
  0.88763020787227087  0.89878352999082589  0.91027847408206619  0.92194235458801588
  0.93343564315131011  0.94463626325755623  0.95569804979196837  0.96582530281831036
  0.97512589303680375  0.98403014568997937  0.99160489091600157  1.00000000000000000
 -0.00008328644123210  0.00075314402830660  0.00179838821489631  0.00329739669422828
  0.00528960468717340  0.00781843564260110  0.01093490782436321  0.01430473758105183
  0.01814699325081415  0.02236148691290073  0.02680093080170183  0.03157921245556732
  0.03662803656517025  0.04210783509716765  0.04798773190319350  0.05411957219855790
  0.06042921885431710  0.06699293087359097  0.07375720815788168  0.08083430342185115
  0.08811403648022620  0.09537101577346477  0.10281857796809855  0.11069604587814717
  0.11883177102357349  0.12711576113885961  0.13540020212669207  0.14389886633809412
  0.15273463665554560  0.16191923641533765  0.17166918663700265  0.18164378614859020
  0.19184650976285039  0.20208689829213250  0.21234588036047716  0.22291211200738087
  0.23334767672104736  0.24379603723631207  0.25428188183157302  0.26476746532026518
  0.27528867912702709  0.28588497726601686  0.29661546161932739  0.30742314469283494
  0.31836814505475258  0.32977805743528088  0.34140254989767133  0.35337740613052898
  0.36547582031885245  0.37714825668397572  0.38909779083795654  0.40105314051444418
  0.41288259293992968  0.42477873466563321  0.43685730908492304  0.44916952963148005
  0.46139266792812655  0.47349745880528843  0.48566736691561757  0.49831290184281979
  0.51100194413751088  0.52358822634135682  0.53624074666450272  0.54921584591159256
  0.56270829993411153  0.57631004059667901  0.58996796103975058  0.60357628750870407
  0.61714146200480513  0.63075727377519542  0.64452140352016196  0.65784290750879593
  0.67089728941825311  0.68441474836236604  0.69790444845227051  0.71132515968699028
  0.72480959153041424  0.73814767062934861  0.75132377707224107  0.76476941466549231
  0.77844318997294082  0.79218988756737019  0.80578074209965234  0.81870928803161613
  0.83155233709150089  0.84522391022150878  0.85989999735029488  0.87492672563064422
  0.88931938171873925  0.90404163558732986  0.91909890332822675  0.93448464762484273
  0.95122012908250886  0.96770436338800314  0.98395942626592603  1.00000000000000000
 -0.00268977657025702  0.01043916978077956  0.02166843622920264  0.03335671163550677
  0.04443757828059601  0.05554023390173634  0.06641467149154842  0.07720516525460204
  0.08810657572785016  0.09896183134947781  0.10967191675295813  0.12001426918745985
  0.13011908275831749  0.14008028824458332  0.15027459537453799  0.16057739554346878
  0.17137325872776990  0.18233325927359992  0.19297561190671930  0.20337319305063239
  0.21333116861766094  0.22348868827113591  0.23379003224724548  0.24463677429454636
  0.25576735854531246  0.26808371602476394  0.28076849314858093  0.29253166610404480
  0.30288955996857869  0.31326346765887897  0.32412543084046208  0.33454651462309742
  0.34452276553677852  0.35425289593961773  0.36498993696725035  0.37608436711057164
  0.38676040433128411  0.39698846961910633  0.40735598508933968  0.41767929470931542
  0.42740123782481343  0.43704951915314860  0.44716180048331772  0.45786078470976022
  0.46857967874940631  0.47882352352347823  0.48910189167698620  0.49926771758157718
  0.50982153427828758  0.52022197500347944  0.53073055898906130  0.54089223195972025
  0.55127231847875591  0.56147339699474175  0.57191789271812632  0.58225321665328234
  0.59357569013813560  0.60478240920529014  0.61528396132875374  0.62541850936659948
  0.63510474781381288  0.64484719419080583  0.65466266557244479  0.66389627014360886
  0.67349605389657830  0.68350078242519541  0.69409736991753423  0.70503743498279181
  0.71558868001949927  0.72626736614103904  0.73711179004104688  0.74769255456575323
  0.75846861565013080  0.76984854329169639  0.78049009765712374  0.79082217129014087
  0.80031017879773880  0.81027791293111018  0.81983774884860028  0.83014385998760609
  0.84038375067593707  0.85106828735013018  0.86105707996416969  0.87122054085083722
  0.88125416550979141  0.89142788455680488  0.90134237619490509  0.91121376671014875
  0.92233390313762653  0.93412434070453743  0.94553895159509238  0.95652764024506665
  0.96736918927593474  0.97847695487709951  0.98927150123526764  1.00000000000000000
 -0.00235324850455734  0.00906325892827252  0.01930369023627113  0.02963939876335711
  0.04058829561625896  0.05204565605494273  0.06356789968893145  0.07491248090310311
  0.08624144392456121  0.09791710467535165  0.10926900085946423  0.12069184342010141
  0.13203417420721358  0.14279788247802014  0.15320938763198497  0.16354474573754482
  0.17374457679762800  0.18368330223866872  0.19316659432414018  0.20278370460409759
  0.21256531683728708  0.22284531371410840  0.23289689826290028  0.24318420356797538
  0.25367443912241183  0.26464797715172128  0.27525289529617669  0.28561892229152547
  0.29551527076114814  0.30585980877132624  0.31622550220679158  0.32643884532177819
  0.33614089423877896  0.34550955267356681  0.35542932205755462  0.36587108670558133
  0.37611970828721586  0.38656680157302831  0.39693645923429932  0.40725471881074365
  0.41720427221193451  0.42703399157567656  0.43693464434016055  0.44719999136629118
  0.45779840534160277  0.46839153898319924  0.47942185784804436  0.49121020201992838
  0.50317831325449203  0.51394535885281123  0.52498953754847455  0.53605038525287318
  0.54720382216813224  0.55809705871925686  0.56901645217571428  0.57960150350492345
  0.58976231373955312  0.59949566298490253  0.61055531847211530  0.62227876399874515
  0.63422523060495772  0.64596315450536823  0.65723122962003666  0.66830625796567844
  0.67861000524104231  0.68870391554217414  0.69820730449877122  0.70738928853597138
  0.71694614688161606  0.72669985030681761  0.73677201758147859  0.74685890400999877
  0.75712034397166972  0.76792014686042853  0.77817542147148200  0.78864468283637501
  0.79930607006539001  0.81038663447220283  0.82078196425472127  0.83050849267318749
  0.84114263148342217  0.85198905458731788  0.86266192583381929  0.87349965927574313
  0.88424267065540429  0.89495475826064141  0.90460634262317752  0.91439923993507599
  0.92474925008541820  0.93534801962185965  0.94612846922804206  0.95698297511062025
  0.96776780534954165  0.97845540373944095  0.98912905858435884  1.00000000000000000
 -0.00222518410016558  0.00833747326027852  0.01752279835714754  0.02712537973924788
  0.03691650312704885  0.04699255246312012  0.05743575267360201  0.06870755272500405
  0.07986049560245601  0.09028495846416441  0.10011070926125976  0.10974837674316656
  0.11936117387780400  0.12923871586115071  0.13949115700811909  0.15003529780697447
  0.16066057343322038  0.17147573871417934  0.18207985297225082  0.19229538600111112
  0.20218021059069036  0.21277726481475875  0.22433177674573490  0.23619443685146432
  0.24803111712761589  0.25981625299657840  0.27150089317658593  0.28236271171589039
  0.29279328782286229  0.30287217389280341  0.31281664009008248  0.32296906884736964
  0.33378336225720118  0.34513032343305589  0.35605151516557831  0.36592054683640945
  0.37553312623903695  0.38544391874072437  0.39539190915251660  0.40532156357743104
  0.41529633658213289  0.42597582692711877  0.43687606931031242  0.44790419847372182
  0.45823777888581035  0.46799853340035003  0.47775176060364150  0.48797467231765951
  0.49842885452415919  0.50884783034980052  0.51903235255601443  0.52929350861240798
  0.53978750263977393  0.55080702243573454  0.56232393376986400  0.57269298025324844
  0.58378027818653266  0.59441624595724896  0.60607664813279327  0.61631433256741797
  0.62701624160964142  0.63718267752921842  0.64795238473378858  0.65943242166269433
  0.67097061163233929  0.68249086984713936  0.69299524888940855  0.70337102682192654
  0.71381521056915098  0.72481730722776860  0.73599714752372292  0.74713501189153120
  0.75832366514457128  0.76944140605157452  0.77996226576841121  0.79025960334574119
  0.80022119089368404  0.81071065825393906  0.82194364426144728  0.83344503359243638
  0.84482420196631014  0.85621214693002745  0.86769549733068474  0.87875761430228283
  0.88933218219004584  0.89981597012425185  0.91016837812802087  0.91987983331363010
  0.92944365601392653  0.93927310406263576  0.94911869254918280  0.95890353624219249
  0.96912694162091451  0.97958576145781573  0.99003484968453159  1.00000000000000000
 -0.00232186752136308  0.00926760377782643  0.01889324297356956  0.02979798543141326
  0.04088617239901023  0.05305762245057191  0.06489186502511812  0.07591151237283554
  0.08705047175136767  0.09822992013267930  0.10943879223135819  0.12054670627602011
  0.13123698271366485  0.14229558775370554  0.15326074017765567  0.16372289912370103
  0.17401990041645563  0.18423619713030706  0.19522812927801475  0.20623377879625882
  0.21775188351467559  0.22884921786874113  0.23991296188044459  0.25105131380032086
  0.26239390996867640  0.27416651427945399  0.28568342720134188  0.29606469610711073
  0.30611082327393885  0.31610972417377387  0.32672996835964685  0.33701360243582329
  0.34718971638646545  0.35752898763930169  0.36837024801759671  0.37908407592531634
  0.38996961538429720  0.40070418427924920  0.41182522395035587  0.42261042037266794
  0.43399956820015473  0.44515206040394995  0.45523770007014924  0.46516139550775981
  0.47479550183113700  0.48558995252477033  0.49600555508918348  0.50714041618540906
  0.51826619278419561  0.52958423066211324  0.54064177695124027  0.55092986962221513
  0.56093229667434241  0.57094535480495379  0.58072274100875754  0.59031908148189882
  0.59984087883352877  0.60990184853596674  0.62025768608932141  0.63056502370866474
  0.64083639653040092  0.65111139703760235  0.66147732316923247  0.67179498902593138
  0.68204246053937900  0.69205869662797725  0.70186827040550070  0.71175981445222114
  0.72180908997947602  0.73196240765304854  0.74228195171720668  0.75266419191915779
  0.76312950715495420  0.77339739578634581  0.78358845524121967  0.79387261916300422
  0.80414370819228265  0.81430247757576701  0.82437001741881288  0.83483911687702761
  0.84576271635408518  0.85647737040050931  0.86673550451970327  0.87652113690855005
  0.88593358655544574  0.89522689356269258  0.90487088426358286  0.91461706096906381
  0.92500744440476912  0.93541406473962696  0.94620406308422789  0.95723738979035811
  0.96728630295459650  0.97797583578849068  0.98860850635846143  1.00000000000000000
 -0.00247165595428744  0.00938861905300506  0.02025831234559300  0.03171526387971838
  0.04371812050669643  0.05478430205804121  0.06520313734034452  0.07490250247891156
  0.08454415758074457  0.09392564250496079  0.10374934083762294  0.11378847233378106
  0.12418686311508183  0.13497789926927387  0.14569724489436089  0.15640082003949402
  0.16692508626581459  0.17716749048514485  0.18734658487248351  0.19732182387875705
  0.20690979148974564  0.21679308486133939  0.22696125717285082  0.23735508745031994
  0.24752097899423467  0.25773792338251222  0.26811531314205445  0.27871969479930070
  0.28936775797598302  0.30062062691824865  0.31230945507978086  0.32352632865934006
  0.33413870961847714  0.34422247931172190  0.35448957180374280  0.36490077215308969
  0.37494612682448025  0.38543603433659046  0.39628555191235448  0.40713433593610793
  0.41784514847952847  0.42841428300219508  0.43896323926515801  0.44908141868069956
  0.45923758131311915  0.46996877717827151  0.48126512498839902  0.49259029501559126
  0.50397451317980024  0.51540325650504870  0.52675540276268740  0.53777449822858880
  0.54829215333996695  0.55828871795925794  0.56806308427475172  0.57791170498977640
  0.58739148744260550  0.59638919612245334  0.60527865863722430  0.61501340800782189
  0.62508851246375197  0.63479384778343639  0.64405821314999934  0.65393205005053368
  0.66432570757015408  0.67482965922662486  0.68530463193625857  0.69579368593451751
  0.70614273570194686  0.71633520228423420  0.72656848594107915  0.73738199356288825
  0.74843765552178765  0.75934927792757956  0.77013320259300433  0.78067575781156096
  0.79103218191304547  0.80126556120944814  0.81160892144812558  0.82226274838627034
  0.83283298769068104  0.84355441165694489  0.85478858923723255  0.86671253171909213
  0.87922767104786381  0.89109276651883773  0.90263468114442946  0.91325432598892231
  0.92358201541766083  0.93375503244971136  0.94470172250625728  0.95549032941248879
  0.96600535237375296  0.97665031203243846  0.98799997414418905  1.00000000000000000
 -0.00286206373882636  0.01037842551712964  0.02162162007093590  0.03239794913414512
  0.04343810165416737  0.05412546830882904  0.06455955675063123  0.07450711352125693
  0.08438650204806536  0.09476300665678293  0.10505340154890662  0.11534614405036106
  0.12565994492311064  0.13662975782974024  0.14728480960539470  0.15702391003111532
  0.16692931214440571  0.17743801435384970  0.18827466428296949  0.19870733418723013
  0.20923635713286545  0.22080382831519141  0.23269786875054271  0.24440024825568066
  0.25581931824478282  0.26729906375454121  0.27870201042975168  0.29001225722896978
  0.30129558780630145  0.31199001401013787  0.32221033231697865  0.33236593867655512
  0.34276892257870739  0.35345063533333693  0.36385684349330122  0.37424188783368850
  0.38423788397172820  0.39416564514570662  0.40414006167915617  0.41453212595065880
  0.42510741616080461  0.43519565553121092  0.44505595026623718  0.45495786365292212
  0.46508944633435567  0.47507055897560035  0.48527512112561549  0.49526007392136556
  0.50584079115606539  0.51640994765853376  0.52669116112042458  0.53723224233097489
  0.54747506617589603  0.55825148391909551  0.56824760346525960  0.57805158986683380
  0.58769805104501327  0.59752580020000989  0.60803349606883395  0.61970119804001567
  0.63143013650752333  0.64242411738786298  0.65291406746457159  0.66331125204363839
  0.67438524128947430  0.68514343456456306  0.69676931435663192  0.70789647052110505
  0.71915532319124664  0.73009834321002565  0.74102665144817348  0.75209116394133546
  0.76271405954696725  0.77301730678956104  0.78310713675600918  0.79301526082478935
  0.80273156241663246  0.81239462865129120  0.82268668502805131  0.83291001129440656
  0.84366856009741253  0.85478147096835788  0.86598585672852446  0.87684195260548259
  0.88762998216769007  0.89882713974160322  0.90947793672256916  0.91946460955751996
  0.92951650629536764  0.93997580295448713  0.95036514840688380  0.96060903523708674
  0.97061480624517182  0.98070187570782152  0.99041196379208318  1.00000000000000000
 -0.00219254669610877  0.00926347941811385  0.01938026382070288  0.02948819770550129
  0.04038898152763258  0.05127839359445218  0.06202643374421990  0.07315052705927233
  0.08406000668557932  0.09622618761063007  0.10743452988258055  0.11828260021646379
  0.12912993142105486  0.14015878516656752  0.15070624882028974  0.16100091236187933
  0.17110447793244693  0.18135346610013817  0.19184973457051788  0.20238420546113403
  0.21313495544109989  0.22383489722928795  0.23440202435812216  0.24491732944984523
  0.25515387761205283  0.26514792506199270  0.27501722988869104  0.28486329451236114
  0.29502724317535078  0.30517301992872120  0.31508904123981207  0.32501221020572379
  0.33469653593041149  0.34452949437541996  0.35439488255869794  0.36461889497775324
  0.37494008329914130  0.38489549687518171  0.39479956355493684  0.40445162167922971
  0.41401223304104789  0.42370963569728404  0.43407850794745362  0.44433119921351810
  0.45454470111751177  0.46470641210961922  0.47510031358018351  0.48575188425399235
  0.49687519264510321  0.50813130331225431  0.51950564404413613  0.53122303362359935
  0.54263002892985468  0.55313764558556311  0.56353495226494987  0.57401852332766368
  0.58425001300462187  0.59427377319865837  0.60451094775708270  0.61514681853657927
  0.62538629012967462  0.63544792151033769  0.64544722742400695  0.65521573706395353
  0.66493422592214180  0.67490637772074302  0.68515314442453867  0.69554486365281265
  0.70565465945917749  0.71609488378784536  0.72711908306363415  0.73792363390928095
  0.74903981060857516  0.76019657908116833  0.77170927259792488  0.78308159653493215
  0.79414257138884969  0.80546659941206766  0.81644889624816075  0.82760919224722096
  0.83865347423735670  0.84904424203051820  0.85934453659656207  0.86916711788061962
  0.87937077346185011  0.88929323400372684  0.89908881272311802  0.90922885481062077
  0.91993194128034594  0.93148557511023533  0.94321689560270772  0.95519842233972552
  0.96686558758052832  0.97821634888081122  0.98919980883559477  1.00000000000000000
 -0.00212619396717367  0.00774923640421359  0.01635376884024234  0.02494780995077100
  0.03342072424455973  0.04194961074974727  0.05073403201714434  0.05965783822203563
  0.06859436773267254  0.07730852407628204  0.08603965173282066  0.09517110049957461
  0.10432604368832965  0.11401362534037977  0.12343540644300605  0.13297403776606589
  0.14238930512195724  0.15183565259567017  0.16122443680366011  0.17041380650028226
  0.18002073592182199  0.19009599102485325  0.20043749092157134  0.21065870387647359
  0.22144658501824069  0.23262643272387656  0.24378177141601912  0.25477024373875418
  0.26549319317853470  0.27611677232630372  0.28651794233676509  0.29766836331548574
  0.30943965155226139  0.32115850149940073  0.33329945020210694  0.34592623379644016
  0.35849906476915461  0.37023028340368580  0.38153678647746814  0.39296940595579605
  0.40399931176674342  0.41500932312431360  0.42631717170543726  0.43798569290924561
  0.45019179636658191  0.46174013178587037  0.47326396608637150  0.48507924862234902
  0.49794231592675997  0.51138328374237452  0.52492990688516561  0.53804848004910122
  0.55000232653785130  0.56121244615687726  0.57268023314133210  0.58407488717207123
  0.59530245868742815  0.60656365615572716  0.61920239490941675  0.63184341171747682
  0.64391617128085243  0.65520737412148855  0.66573524149072716  0.67609920744160346
  0.68644556550528635  0.69677970780838816  0.70707674524055553  0.71733867085781411
  0.72757806515114909  0.73805809725367644  0.74890218846150536  0.76040368489914401
  0.77229545242355602  0.78410318189279171  0.79551093753451407  0.80601435527239795
  0.81651350680183687  0.82707469908294107  0.83720025384969687  0.84690138874626975
  0.85648398233801160  0.86596197206340320  0.87585549592594880  0.88603854479412902
  0.89658340361305644  0.90690042607719401  0.91730700849991365  0.92800681138173247
  0.93886602718913093  0.94790183773380343  0.95705061348193066  0.96569657023810251
  0.97469451278536756  0.98351883834735954  0.99179060065446301  1.00000000000000000
 -0.00229017545830767  0.00869367585225448  0.01805956888686882  0.02724589272066599
  0.03669470768434473  0.04616723511571489  0.05593243456330427  0.06588053820323772
  0.07644889469436517  0.08748893972682875  0.09899881643179570  0.10966683269634747
  0.11991476093947388  0.13008666527385268  0.14073130519689586  0.15131995721260694
  0.16196437823899731  0.17253003628780517  0.18288929999440207  0.19307091986392999
  0.20323954854822196  0.21337964704326734  0.22368533578124949  0.23410152911834245
  0.24513761556075170  0.25621453668772576  0.26766192585223264  0.27869712416000164
  0.28957592346370131  0.30028700781771867  0.31097573926058364  0.32158632084659661
  0.33193075442825448  0.34242547321104183  0.35311618627789870  0.36404862163331059
  0.37542913869720146  0.38646808609885014  0.39772675924701317  0.40876642201555091
  0.41978226249217221  0.43074294751889719  0.44251097153100771  0.45509551855592184
  0.46688139825494190  0.47813373302099871  0.48917556391323713  0.49973612088968578
  0.51004602758272399  0.51996113640323738  0.52999578139314207  0.54031980968867610
  0.55069211449816002  0.56102831517468343  0.57147579789547054  0.58179853578602247
  0.59187737460462342  0.60168003332325526  0.61151676863039395  0.62151403428535168
  0.63185831411408400  0.64264092169528109  0.65344640635528273  0.66434909007665932
  0.67579200462778954  0.68790381422169167  0.69959855111655500  0.71092121259649932
  0.72195110379998306  0.73256139024736078  0.74289261569306420  0.75334447948544869
  0.76415386698080168  0.77488724322328173  0.78493404100035657  0.79439606578499078
  0.80348122007281331  0.81316269620356585  0.82279222873228652  0.83250207838744683
  0.84233484808549131  0.85221624114536665  0.86236553384321668  0.87234873132178936
  0.88230939883307014  0.89279853131178344  0.90390789271763305  0.91495658017686443
  0.92583560345871052  0.93672419845127430  0.94790170085620795  0.95885936288986529
  0.96926535755725729  0.97919949819450347  0.98962453574753373  1.00000000000000000
  0.01442743236102650  0.21542449519927825  0.24703893308109959  0.26340360190650969
  0.27551941468297531  0.28549608461851822  0.29449573816541319  0.30294141550543158
  0.31096002975095016  0.31852696438423361  0.32579702288815870  0.33295427567687974
  0.34009617721154739  0.34724344074503533  0.35435372090339390  0.36127578610538641
  0.36790661744189163  0.37441226129523897  0.38100957479413317  0.38760595290211836
  0.39421222756206720  0.40073800943505711  0.40733078972331099  0.41396522588610618
  0.42095384691476173  0.42781997986569004  0.43452071512391188  0.44100632560002972
  0.44741964487931196  0.45381697135248944  0.46007516233576018  0.46611675815916620
  0.47218658671141495  0.47839052063308946  0.48431952733675582  0.49014035974522469
  0.49597197725530889  0.50193913821762481  0.50805432237825299  0.51419646825322285
  0.52032079207590909  0.52669254362712770  0.53282643484811321  0.53878915918132697
  0.54477843881666332  0.55086723602397725  0.55698942141283381  0.56307612868473456
  0.56907563371022762  0.57496046923157296  0.58086600766955421  0.58688807990055047
  0.59303616179537399  0.59924571239801649  0.60528397900668218  0.61139921732208213
  0.61759399628816625  0.62390920390085458  0.63020232714846425  0.63636682693339719
  0.64257515535247212  0.64888525022976939  0.65527380748348751  0.66177844883479930
  0.66820493748186904  0.67470743460891247  0.68127513912132320  0.68787615843298899
  0.69414583512780259  0.70024433028670141  0.70639567148701610  0.71316457790746346
  0.72028131363767234  0.72757129215156457  0.73510948361098050  0.74281352830714975
  0.75103240717418118  0.75988250104949451  0.76888805823802886  0.77769191459828180
  0.78647915284914816  0.79538799347824252  0.80460031350066430  0.81393899978315132
  0.82327854668194356  0.83268905397034432  0.84282895392827950  0.85348884364298638
  0.86410420090085471  0.87533082015768759  0.88765894231310549  0.90105753805619981
  0.91602095554590302  0.93469393446978277  0.95952173305322719  1.00000000000000000
 -0.02055973721314199  0.13377460148758039  0.17914367170250525  0.20895305866656230
  0.23355627704982818  0.25448336957215900  0.27358334115190563  0.29143883095636441
  0.30827063037738467  0.32319184693357417  0.33644629008492577  0.34810037151843626
  0.36007163782394214  0.37148150047981637  0.38245613775189635  0.39261474233131938
  0.40278980037159223  0.41299819840021268  0.42272440354932317  0.43204824121959368
  0.44106576103756556  0.44969273658665587  0.45797993192654879  0.46613615371436568
  0.47433926529955217  0.48243967090658935  0.49036612328073753  0.49801113798438179
  0.50530051393011943  0.51247669556997788  0.51965928132103734  0.52693110385057595
  0.53441034689307254  0.54177248175332171  0.54864276766504827  0.55511821463136246
  0.56139837668961856  0.56754681933887352  0.57378482765241268  0.57992998587819944
  0.58601933986494315  0.59198661880769821  0.59788136145998028  0.60387655369856630
  0.60997784213408923  0.61610272491246176  0.62224247929256493  0.62847076157710169
  0.63478990724203288  0.64093607453378154  0.64678869019706819  0.65253933387049456
  0.65825257444460394  0.66403486628919173  0.66984807709098215  0.67566715405167199
  0.68158955820605560  0.68733963242938068  0.69257335251287366  0.69739718528451899
  0.70216099800719822  0.70686870691464809  0.71156478355130048  0.71622988145942834
  0.72083325772660112  0.72560109246510374  0.73067598649263854  0.73598656356395842
  0.74139306330373511  0.74667369677857975  0.75189842394457973  0.75725446223466508
  0.76244163547134836  0.76773955641206115  0.77311925028114126  0.77868906659323456
  0.78458132594405605  0.79052045439890128  0.79629520168197820  0.80204838306310233
  0.80768783763847296  0.81352282083298111  0.81961279193715475  0.82595966941349142
  0.83225168008423256  0.83868756986962667  0.84514367207963614  0.85187420126644608
  0.85977239490711932  0.86813283044837830  0.87758920567393617  0.88885624933068408
  0.90188309059842564  0.91854203257353428  0.94329851759979977  1.00000000000000000
   1.5516913651037339E-005  -1.0000000000000000     
 T F F F T F F F F F F F F F F F F F F F F F F F F F F F F F F F T F F F T F F F F F F F F F F F F F F F F F F F F F F F F F F F F F F F F F F F F F F F F F F F F F F F F F F F F F F F F F F F F F F F F F F F F F F F F F F F F F F F F F F F F F F F F F F F F F F F F F F F F F F F F F F F F F F F F F F F F F F F F F F F F F F F F F F F F F F F F F F F F F F F F F F F F F F F F F F F T F F F T F F F F F F F F F F F F F F F F F F F F F F F F F F F T F F F T F F F F F F F F F F F F F F F F F F F F F F F F F F F T F F F T F F F F F F F F F F F F F F F F F F F F F F F F F F F T F F F T F F F F F F F F F F F F F F F F F F F F F F F F F F F F F F F F F F F F F F F F F F F F F F F F F F F F F F F F F F F F F F F F F F F F F F F F F F F F F F F F F F F F F F F F F F F F F F F F F F F F F F F F F F F F F F F F F F F F F F F F F F F F F F F F F F F F F F F F F F F F F F F F F F F F F F F F F F F T F F F T F F F F F F F F F F F F F F F F F F F F F F F F F F F T F F F T F F F F F F F F F F F F F F F F F F F F F F F F F F F
  <DiscreteSampler_grid>
  grouped_processes
  1 # 1 for a reference and 2 for a running grid.
  10 # Attribute 'min_bin_probing_points' of the grid.
  1 # Attribute 'grid_mode' of the grid. 1=='default',2=='initialization'
  0.0000000000000000 # Attribute 'small_contrib_threshold' of the grid.
  0.5000000000000000 # Attribute 'damping_power' of the grid.
 # binID   n_entries weight   weight_sqr   abs_weight
    16   10   5.114810051034350E+002   7.702810762371533E+005   5.114810051034350E+002
    17   10   5.114810051034369E+002   7.702810762371604E+005   5.114810051034369E+002
    19   10   5.114810051034350E+002   7.702810762371533E+005   5.114810051034350E+002
    20   10   5.114810051034369E+002   7.702810762371604E+005   5.114810051034369E+002
    22   10   5.099061569278285E+002   7.654544757240721E+005   5.099061569278285E+002
    23   10   5.099061569278303E+002   7.654544757240788E+005   5.099061569278303E+002
  </DiscreteSampler_grid>
