  0.00344639369074489  0.01300777940949247  0.02303666663542822  0.03368821146632181
  0.04370873114220093  0.05222811059347117  0.05996447833089901  0.06799637400747856
  0.07616738050013452  0.08434810864859943  0.09272762040054851  0.10150863385525168
  0.11325682735849879  0.12498378991389220  0.13473196643889584  0.14365484197780085
  0.15363049322806724  0.16494575933250688  0.17606743245281864  0.18560146107195960
  0.19476946722661290  0.20449647275176980  0.21524966959081362  0.22718032019960513
  0.23956643191633031  0.25162880764357459  0.26272632421235304  0.27395462078046279
  0.28609782091722097  0.29807681495748367  0.30950499094916378  0.32064081934186361
  0.33147320863780416  0.34201767238710185  0.35229393385149183  0.36155410761586299
  0.37001071990963441  0.37844213445644259  0.38686932777575217  0.39608978906363318
  0.40611320053204319  0.41801326489239221  0.43105896718071213  0.44382789586288018
  0.45576327336572048  0.46692246007979865  0.47716886675936726  0.48751494151388852
  0.49765533072480567  0.50716854044930093  0.51595483919270613  0.52489490620408252
  0.53435142710143935  0.54477892708481979  0.55514309848215471  0.56497595013515656
  0.57529008085756073  0.58640353068863615  0.59916457459919426  0.61313617859916114
  0.62804956806595780  0.63947757004480410  0.65121006914285917  0.66214556253722234
  0.67246377695218196  0.68255763492973232  0.69292297065531172  0.70433037931216447
  0.71630696024602081  0.72960911178532095  0.74338620093294183  0.75563456578441490
  0.76583147902815840  0.77547664316300413  0.78535830956536090  0.79517773400304048
  0.80490773915041036  0.81520379596555581  0.82628767932997993  0.83719258824838183
  0.84778736424439238  0.85851680319940882  0.86929347962412262  0.88073511394845960
  0.89169980901837542  0.90170314865752588  0.91180774445756430  0.92089142334398366
  0.93100067000881037  0.94046035876706191  0.94885146933150777  0.95724646515005773
  0.96534253293350858  0.97478227325129663  0.98602966445922791  1.00000000000000000
  0.00666613353389691  0.01371637221559157  0.02298188416993604  0.03326842144920315
  0.04389617743764385  0.05538325533464144  0.06674102299888528  0.07779382108808863
  0.08819116085895230  0.09777204887974851  0.10798071515378495  0.11906498855812077
  0.13075408774959335  0.14240068541365994  0.15442840535187963  0.16629066029076459
  0.17673558845006115  0.18646289076180061  0.19691984509569471  0.20736794166418682
  0.21797369628118754  0.22825731261479035  0.23931159766439553  0.25055572579677071
  0.26146719568676113  0.27274349916367246  0.28433125612830734  0.29676540575081817
  0.30950967893180520  0.32084168837915089  0.33102034414251408  0.34110371575635851
  0.35110244027712623  0.36177151666860752  0.37496579465632551  0.38600648311418018
  0.39812146634773898  0.40995634933610808  0.42024954801586689  0.43070260863868681
  0.44021970057891674  0.45016267235629609  0.46014301080695597  0.47118778186724264
  0.48289044197525038  0.49400741200447257  0.50466294761285357  0.51665710435886902
  0.52931387229084603  0.54117757688959967  0.55216030965211615  0.56321871438586713
  0.57502970145320353  0.58683276147895225  0.59786607302312200  0.60793168109732232
  0.61796291372994949  0.62801514274671510  0.63784483795780866  0.64789346394994229
  0.65825155753087483  0.66906029135293388  0.67914162377865372  0.69056210636850979
  0.70326530558958511  0.71570430709897670  0.72873325545871048  0.74133519066370157
  0.75250234173752772  0.76193737728624922  0.77090448809977719  0.77919753247664780
  0.78744475716394691  0.79604420596476710  0.80461887412690902  0.81302081618554289
  0.82431137502475771  0.83433387087139621  0.84356532873592505  0.85299035281044244
  0.86207530233277085  0.87078591911150405  0.87852384101950098  0.88559821260174887
  0.89274766971080566  0.90127301030509788  0.91038057010036277  0.91959026939135224
  0.92888104863137033  0.93844012401247578  0.94929621709402656  0.96075361892303590
  0.97206006287461888  0.98241686852393817  0.99177021753845451  1.00000000000000000
  0.00302454343699691  0.01148712100180781  0.02245330819457494  0.03559829215206759
  0.04990152733473600  0.06272091846323867  0.07380003465996515  0.08465647432147975
  0.09585904874522294  0.10708969691374806  0.11735395309067409  0.12560734550029792
  0.13297919898410634  0.14047790072917049  0.14843078719469691  0.15735531910072428
  0.16801686161842125  0.17919342172698383  0.19087772859025481  0.20309328341846231
  0.21535622702697438  0.22767235521971382  0.23984700439490680  0.25159320806613444
  0.26363724948151745  0.27470651217235559  0.28469729985819137  0.29425911048067471
  0.30314087100881276  0.31166744017754228  0.32072597902238281  0.33082608066119212
  0.34104591115849059  0.35175815231815788  0.36180688545083806  0.37271607061764628
  0.38535629522605436  0.39849091856325053  0.41137433954979619  0.42299217212816997
  0.43403345364607349  0.44521518471749238  0.45663762020839627  0.46714436406118326
  0.47736836947037198  0.48811934916369498  0.49902693958064215  0.51057138050860396
  0.52279399952427741  0.53596689987669766  0.54945954659219165  0.56243075315945246
  0.57515028308450011  0.58697181224408490  0.59720143233107781  0.60728331179053452
  0.61742818041152980  0.62854092163950503  0.63980055992697360  0.64997576878015428
  0.65930881327057234  0.66780823195008965  0.67559680131021593  0.68432599867291100
  0.69380367108341623  0.70287144692781744  0.71122852316491769  0.72040492597658878
  0.72989781533857279  0.74131233378775785  0.75211769707588316  0.76346939010273540
  0.77737274880877205  0.79396961523219867  0.80731552544321350  0.81870261158497870
  0.82883720169925945  0.83971991092489229  0.85123094144905032  0.86271361250454959
  0.87290496217393010  0.88211638293309180  0.89132422828451607  0.89907586475028478
  0.90716273014395810  0.91548035373821612  0.92372078847863648  0.93132228609911993
  0.93807625183752541  0.94506818000198267  0.95248391532498033  0.95887822794253097
  0.96784093651798464  0.97668255935141990  0.98690312093618193  1.00000000000000000
  0.00700355582152873  0.01634207142507175  0.03023773114673062  0.04330155006461493
  0.05789418239552999  0.07231034527149886  0.08562420189897700  0.09600619634133420
  0.10487417971774010  0.11302058953343633  0.12102429491098610  0.12934970377007768
  0.13773650029819581  0.14608519310378915  0.15493856118580190  0.16390983628247544
  0.17428232728869872  0.18285127440563553  0.19193876637583582  0.20099236541498863
  0.21068925798329802  0.22079242266962706  0.23180324208030781  0.24387942748831765
  0.25603534444862713  0.26725015839410049  0.27920256605677479  0.29123536291002489
  0.30353306615819076  0.31572346917371547  0.32837311253817969  0.34060156608978109
  0.35224981732296656  0.36319857023159258  0.37461974483273669  0.38587736142544127
  0.39669981774295099  0.40696044801158127  0.41655950787181567  0.42524270417310445
  0.43353911028356656  0.44176373263238633  0.45026536733133699  0.45943128411483120
  0.46923571349613530  0.47930442494727721  0.49016477141000442  0.50224786962530243
  0.51475839088953501  0.52755905861478158  0.53995651096956210  0.55217328381572284
  0.56329407809095067  0.57161002413699447  0.57968568745020410  0.58820505334368611
  0.59744575221495699  0.60636647278797917  0.61486558419616544  0.62363918876534563
  0.63433923025495442  0.64744583600129080  0.65916175234115715  0.67023374990493412
  0.68050902221443188  0.69083231684241941  0.70110298379936231  0.71205250006322518
  0.72393098653666954  0.73612309264648590  0.74815928634145179  0.75938072861610828
  0.76963121966219172  0.77938275855029571  0.78864535225735410  0.79707531910444140
  0.80574765771537016  0.81586001465910007  0.82588955416173448  0.83565091441468586
  0.84492190792887223  0.85480907384151872  0.86624019660143814  0.87727147467301625
  0.88685223388911805  0.89703444465671356  0.90806132833675046  0.92151939361526169
  0.93368947965956595  0.94530067943775886  0.95508811091663914  0.96484656758680021
  0.97424620189189959  0.98330453142681362  0.99107056404818528  1.00000000000000000
 -0.00008213379111249  0.00073559061627888  0.00182117913713668  0.00342615567263644
  0.00562225200965377  0.00848804702929290  0.01205829336817333  0.01557054554052064
  0.01958200215561173  0.02430770742451759  0.02943896072794861  0.03447215620323959
  0.04018795978557746  0.04605170462590385  0.05231555400081671  0.05841412034586167
  0.06466248212426906  0.07190853794397561  0.07998783066551383  0.08758471141326885
  0.09495884653773820  0.10339618861327940  0.11379351546090032  0.12470281184799864
  0.13484145409637063  0.14487075163529164  0.15456402089680002  0.16419374490324071
  0.17338735271570641  0.18303771499654437  0.19267753007571006  0.20373861783217634
  0.21517619032051064  0.22556132101022525  0.23579193543175922  0.24594072945781997
  0.25607199987304607  0.26716224062587790  0.27932476607182688  0.29136722014770017
  0.30343985662316453  0.31442851290465723  0.32722098313490250  0.34075436697157468
  0.35511819779169596  0.36807212583500526  0.37998129585463586  0.39217293477902782
  0.40528969130770653  0.41936369970776383  0.43362826669138571  0.44816086926229426
  0.46335404370950489  0.47768593167784434  0.49284562962025807  0.50882719317715375
  0.52590936943390498  0.54156086356796151  0.55554118552898890  0.56909254710925949
  0.58268114647549518  0.59548986000480986  0.60836990050751905  0.62173369009531065
  0.63506527508689548  0.64804194315821539  0.66069395249991414  0.67398832113397267
  0.68713365932160819  0.69990264924950429  0.71176528042473231  0.72311293347181371
  0.73445358734469790  0.74572879543404325  0.75670229111006815  0.76736770605445626
  0.77991877894153239  0.79257812751638956  0.80506412243634073  0.81719102929577825
  0.82898142981606293  0.84053490641017958  0.85139291061214906  0.86317963007114962
  0.87499626728039048  0.88677003790003484  0.89902113951550178  0.91159103734993530
  0.92350172792650853  0.93455637432363392  0.94461319374209374  0.95470660761810844
  0.96502168379829367  0.97586128596992450  0.98762490033432448  1.00000000000000000
 -0.00198395927229365  0.00915216786526075  0.01867502599167885  0.02800770317769282
  0.03732721226236238  0.04640794359164555  0.05562350500798215  0.06536675020776381
  0.07518789927794678  0.08422266715927938  0.09376642617698697  0.10279316739524247
  0.11093951665891769  0.11820586206629397  0.12586527434066019  0.13443264726371421
  0.14387791875166617  0.15392691637544331  0.16352230508970614  0.17341822726806536
  0.18425656923940872  0.19557618239658636  0.20679734028767235  0.21746670564498732
  0.22839354757396566  0.24027140211826520  0.25116899300007561  0.26138137988307775
  0.27205728441238125  0.28366496847164668  0.29467376864110639  0.30539027158602666
  0.31662170758220165  0.32729800253648794  0.33718917872326948  0.34770778700196225
  0.35897028136741049  0.37235150401684231  0.38309187098586933  0.39269727899561158
  0.40261738527250890  0.41209070563631189  0.42158760187391520  0.43155802005141258
  0.44208914957248335  0.45247609285131779  0.46249237162343204  0.47252479888622950
  0.48311211655765235  0.49397872219231864  0.50554172145033704  0.51768577648825920
  0.52922829984191744  0.54031825386604526  0.55107141739789889  0.56223982723501797
  0.57244102031813648  0.58248332278501735  0.59339452824242389  0.60595937835697800
  0.61812919783868270  0.62810894799307593  0.63617513651617630  0.64393427269489234
  0.65180876792095011  0.65963295008206912  0.66723076671277404  0.67473402684114492
  0.68232952375187739  0.69174113868740017  0.70470362598369218  0.71714294233637976
  0.72884287497131239  0.74195599194757078  0.75481338041861346  0.76679227603143041
  0.77840114487807155  0.78956448283817759  0.80113482609349507  0.81444475584412779
  0.82873997200048566  0.84125451049242261  0.85138213400382079  0.86160203656921419
  0.87159781542978154  0.88178935986958695  0.89147175538635670  0.90507332818917641
  0.91844293340487504  0.93106037270240316  0.94268645867993051  0.95416303649878165
  0.96484171665784413  0.97557715902307529  0.98755896796901477  1.00000000000000000
 -0.00167667726042152  0.00841512713764747  0.01762049628215262  0.02805445832083605
  0.03773257347963889  0.04687288045964975  0.05622311098437686  0.06595108218321437
  0.07704569737558474  0.08843695016372889  0.09998311723821776  0.10990246459122147
  0.11853579021227284  0.12645230629205878  0.13481419970201200  0.14321769998588660
  0.15283106430017440  0.16359405790760639  0.17586736876323292  0.18878023943681715
  0.20097507291889449  0.21222503805204104  0.22222473600934547  0.23115292824788344
  0.23948805546176130  0.24842027793080287  0.25795081225664213  0.26792375810581881
  0.27784136347141875  0.28727833149006221  0.29611900030701499  0.30472816912275846
  0.31305880197565994  0.32087665105831187  0.32879024555444847  0.33658843023372342
  0.34489774009826452  0.35339055677917713  0.36207941710635722  0.37064930179751238
  0.37955691339885178  0.38920564891417514  0.39844468125968224  0.40717823806365072
  0.41604628995762666  0.42730474645870142  0.43951533602723097  0.45168156462501091
  0.46374016349714098  0.47599877067122665  0.48877661066545508  0.50191698665908913
  0.51440335417392846  0.52601535301218494  0.53826888588766575  0.55076585166737158
  0.56396665704338178  0.57574935655665671  0.58753663950519408  0.60000739449970242
  0.61317743377817946  0.62608181821211761  0.63810237581094842  0.64822059839556123
  0.65730833018133639  0.66688353019345847  0.67714768986248841  0.68669901981396897
  0.69545648338096255  0.70397566740294704  0.71397653306395215  0.72567091065439615
  0.73699100429121434  0.74805745117702993  0.75909113591483934  0.77020728739263467
  0.78075898549066070  0.79118563204713865  0.80224734819502819  0.81392694734871052
  0.82626005156361426  0.83854814752897733  0.85017016792841760  0.86155181214894783
  0.87237983664839391  0.88264232858441627  0.89309376632119508  0.90661266229318838
  0.92013503254882278  0.93412897269754913  0.94528602270624473  0.95725166518748506
  0.96841694295100844  0.97927747869939730  0.98934311550460707  1.00000000000000000
 -0.00251725476399608  0.01146969436774050  0.02224144753178348  0.03245552748080344
  0.04243966607791939  0.05100958034113384  0.05974174581778983  0.06908013237926450
  0.07989989856083865  0.09229465323130304  0.10504239537464005  0.11676534988446122
  0.12688975720549991  0.13564613372347381  0.14432251651535957  0.15410691643297506
  0.16440616525606841  0.17474356823698675  0.18383096992686113  0.19293954559410714
  0.20276414567034418  0.21277222693394302  0.22285770016736606  0.23487542704381528
  0.24681749102458017  0.25725549306234752  0.26722420318241974  0.27759824557571516
  0.28887238042850322  0.30029217432051014  0.31099522498616200  0.31968279165919677
  0.32700781325866402  0.33459244712410052  0.34269526393606692  0.35044216113197102
  0.35854987887246947  0.36698123749582107  0.37462670260863390  0.38511269539759369
  0.39703113125341982  0.40950036041305549  0.42178026056763862  0.43369073117717388
  0.44575738838820028  0.45788382005493744  0.46917108738944985  0.47871851656418596
  0.48853809168678691  0.49822078672429931  0.50932673381271354  0.52205191053455047
  0.53531901758978140  0.54826962194753392  0.55936967510508828  0.56928856112624515
  0.57922880043132308  0.59140127056575920  0.60310472184766717  0.61326049350103951
  0.62294905283940250  0.63250508191847077  0.64230590846516455  0.65208474156566110
  0.66108807777253564  0.66959253180909784  0.67790310729889536  0.68724727389920426
  0.69887986462598206  0.71039654761510218  0.72031648931591896  0.73016881810563650
  0.74034120449517138  0.75108560493545651  0.76191493336044069  0.77340851485454298
  0.78542075596942462  0.79761178868170812  0.80947432836696687  0.82009106996616898
  0.83080912370193849  0.84237471942729325  0.85478201913229213  0.86669993207605833
  0.87759767562843849  0.88841597062808109  0.89981503096058446  0.91135200832852092
  0.92188625354666398  0.93180050777076751  0.94258646749758423  0.95468547650564006
  0.96631148257225885  0.97644458712637983  0.98771607784735160  1.00000000000000000
 -0.00138054678347494  0.00565209742120007  0.01339853232681438  0.02087205729179957
  0.02856551030943346  0.03783318405427893  0.04802644068475227  0.05806684594058498
  0.06910846570790496  0.08010004669382306  0.09039290912627307  0.10025611601376502
  0.11111788545541407  0.12192734580158633  0.13219765607549852  0.14219222433003623
  0.15155872036038223  0.16084934088345584  0.17061079598430567  0.17914156335413778
  0.18707816438266808  0.19529866810200816  0.20374209615537686  0.21267481509632935
  0.22349132805310851  0.23447572420361398  0.24580553621205772  0.25603904600425748
  0.26606556177050472  0.27617874717103263  0.28592227703977546  0.29546111421236965
  0.30513381622790287  0.31523915371085642  0.32538435433322588  0.33592058559110344
  0.34860933984450365  0.36206294288252977  0.37443802375927959  0.38495838506219793
  0.39491682563722852  0.40555030101848416  0.41635969350825125  0.42684108751287225
  0.43661062182826860  0.44692790516064113  0.45859126983026943  0.47087180071586393
  0.48271624133335128  0.49423089970649470  0.50613332641903852  0.51778085653253358
  0.52935061098773351  0.54064660028955192  0.55271839630745778  0.56502463667518033
  0.57634186726073355  0.58738742054753845  0.59958265601612371  0.61218810326420259
  0.62466612926760223  0.63713697502863054  0.65086077279411403  0.66410487772310911
  0.67555990281977873  0.68701372871124355  0.69764605422095838  0.71026335154481857
  0.72204460713611718  0.73432189375935086  0.74694755641235822  0.76003144421722080
  0.77232492652911822  0.78235349399749166  0.79245816740398878  0.80012210555160690
  0.80758344271809301  0.81532347555890905  0.82367026700604207  0.83203029290188157
  0.84049742007804873  0.84892495045215510  0.85786866531712025  0.86785052230662707
  0.87668328763860415  0.88502499348206898  0.89417095005577396  0.90523359044572849
  0.91733386135921779  0.92833864966298085  0.93917401811976842  0.95047282071126593
  0.96188011134206275  0.97408238476810427  0.98744429060836370  1.00000000000000000
 -0.00241857001085480  0.00930968797489182  0.02078537086535567  0.03273128845890956
  0.04536448395374577  0.05605004069405697  0.06574713797086781  0.07511319567646932
  0.08482640392023601  0.09514317275825743  0.10590573575235347  0.11641471554156120
  0.12786792231644906  0.13665827027507874  0.14674204550723685  0.15634536906170907
  0.16666905820151307  0.17705677295409925  0.18733495083618359  0.19831293141907866
  0.20953795088366051  0.22097705024819614  0.23278469072833124  0.24428021251730572
  0.25600100185692976  0.26676843386625598  0.27503656248161035  0.28327222696632359
  0.29131310926539705  0.29995901876215469  0.30876104660452491  0.31748969364114243
  0.32703142469383717  0.33864744582852618  0.34949918871096480  0.35874679706737378
  0.36731232913770306  0.37635646991246197  0.38605414872748600  0.39606067725185184
  0.40535618691544739  0.41444114945698052  0.42434885134306782  0.43407567582762763
  0.44567367943556008  0.45732198086176740  0.46831716615383273  0.47866136234671797
  0.48717346045963505  0.49631452129680376  0.50576480705813798  0.51553424238886192
  0.52588061884250947  0.53767578623813683  0.54993977052144116  0.56156598734916119
  0.57248743124229418  0.58323633819674403  0.59442062324288669  0.60611799674881561
  0.61818922308369972  0.62885950811762070  0.64042460952033753  0.65218364589866407
  0.66395430622284768  0.67467527133614946  0.68434284378074028  0.69407846390426586
  0.70354079601460229  0.71440276614739295  0.72543998966906342  0.73526358785410617
  0.74379250512185013  0.75283521312647284  0.76205183562479251  0.77150575156369605
  0.78076707832159853  0.79000829126122329  0.79990240782142530  0.81060288833191885
  0.82130792960487953  0.83199341543369931  0.84264128801707772  0.85333619413829975
  0.86483994488412808  0.87733832966000147  0.89012455710228178  0.90343070037551232
  0.91677407696083546  0.93059347299336914  0.94398710258885044  0.95719719852677854
  0.96731257339449916  0.97776476781541843  0.98911764330915419  1.00000000000000000
 -0.00205431656177182  0.00878206589356708  0.01817222354981422  0.02850296541135641
  0.03959963550277650  0.05132722038212834  0.06368945413546045  0.07620326524520363
  0.08794874547075267  0.09847333389716351  0.10876725029652232  0.11974209260438243
  0.13056373741452396  0.13982775237267983  0.14789698233991672  0.15599280979295571
  0.16471294729112237  0.17580946624129243  0.18745864653264524  0.20085614826414880
  0.21383270944357274  0.22589243340008167  0.23822212749979005  0.25014292629424756
  0.26275756759029167  0.27489236313376192  0.28632777616171751  0.29740562521563568
  0.30804665788699753  0.31830820588434283  0.32874754499312514  0.34061517511295819
  0.35273103233068664  0.36352062821506165  0.37380832043631679  0.38437832611292883
  0.39566291915299101  0.40833378403843135  0.42156765231821886  0.43339766942179492
  0.44348647092699950  0.45339367055110380  0.46389341806844814  0.47460296170335559
  0.48527322974497134  0.49666344933556650  0.50686635021920701  0.51651500421721630
  0.52568603700401584  0.53443233326950179  0.54353651209013976  0.55299743437569804
  0.56320519855267492  0.57428813028185499  0.58623473201902121  0.59754312617784822
  0.60882166874868071  0.61956093534231838  0.63012558542510388  0.63950567581743045
  0.64820895485470031  0.65640328423771421  0.66546743866289471  0.67564605051613857
  0.68672576327864110  0.69760715402276918  0.70837794614199134  0.71901748662115594
  0.72930604298882629  0.73959532361644831  0.74903100616286489  0.75976684208894607
  0.77055878204934414  0.78159800679111024  0.79222599903090873  0.80287720220626502
  0.81370295692660399  0.82386032777553075  0.83513818096977288  0.84540282211146967
  0.85545443015498834  0.86510399183907549  0.87486180950648640  0.88419807395513905
  0.89336678990859053  0.90359541775346897  0.91494386575829778  0.92664216381341813
  0.93678043530388921  0.94564814545988862  0.95381022174405983  0.96186062284657847
  0.97092484820073577  0.97939599333877758  0.99015334833740798  1.00000000000000000
 -0.00346102858839506  0.01099509195439252  0.02210283546157248  0.03242685878937550
  0.04306556178011627  0.05436424722873203  0.06557898698054687  0.07615213432527107
  0.08713848495593210  0.09945801244617102  0.11083772019641670  0.12155339190139092
  0.13249808172206523  0.14389894994257124  0.15524803330980622  0.16584848564196567
  0.17643160761737586  0.18648952460853732  0.19661862379043477  0.20747911155720905
  0.21859532104057403  0.22892760972258669  0.23898817593726263  0.24903689659395142
  0.25912044805389428  0.26931001251336351  0.28020805042187535  0.29003243545036234
  0.29923730617952954  0.30732581109659163  0.31649253359929086  0.32742402643876833
  0.33881905905904397  0.35012153135523111  0.36059331060598299  0.37114134647157754
  0.38260956456317591  0.39390267742054424  0.40498806681376864  0.41515615063925282
  0.42414202049145816  0.43174897347287172  0.43901123661026592  0.44691959303924350
  0.45582202071396050  0.46573741125463242  0.47557081273282564  0.48448661190773523
  0.49356223448249043  0.50296869579558445  0.51319863105986763  0.52508805374661571
  0.53743233063658580  0.54881397065450588  0.55920618616132745  0.56989191432991460
  0.58096371126243140  0.59262108535318236  0.60582142915712001  0.62004322174918280
  0.63128115549590147  0.64151465887803960  0.65243239513781359  0.66452634822008327
  0.67589132009742192  0.68655491516631417  0.69809748420104234  0.70988341932883414
  0.72156738105106932  0.73302023894824331  0.74151780081590235  0.74978981184277715
  0.75786594325892631  0.76677744468309184  0.77535562455818829  0.78393692774850376
  0.79292845608898566  0.80269373409688816  0.81221120914416112  0.82210558658091082
  0.83289075865723927  0.84699126157347948  0.86194122113896154  0.87569675023612281
  0.88638656164094487  0.89560176124769975  0.90415093403503011  0.91388595410394946
  0.92459488965580261  0.93447155221218536  0.94557964834902808  0.95738593601567290
  0.96859142799009379  0.97970768564128385  0.99000352019839755  1.00000000000000000
 -0.00119619136321232  0.00281328234472604  0.00776975102195463  0.01294057198753308
  0.01802269993805690  0.02362992665244314  0.03032189782735305  0.03795898991247734
  0.04549031235644111  0.05249840155851040  0.05905116206024207  0.06580377339302372
  0.07237878031926176  0.07870698641373373  0.08478842426556636  0.09067471902822569
  0.09724281310965247  0.10512714777475574  0.11453734767678314  0.12467544640163739
  0.13430731238221905  0.14331000051220086  0.15202391546320995  0.16103284382550540
  0.17045229532381304  0.17982477715728307  0.18941770331827701  0.19913948728466604
  0.20818645506401495  0.21696642608340513  0.22578377914459077  0.23486313975940387
  0.24515391286090599  0.25600007535610425  0.26702588321299298  0.27806264767879985
  0.28905767359971085  0.30118298459130882  0.31260940240286766  0.32179698320556782
  0.33067690172201064  0.34047703485414371  0.35068036596760671  0.36085661103897043
  0.37043316303069224  0.38229088094473096  0.39608985513747402  0.40847100637531275
  0.42020812087586690  0.43138941793787616  0.44132009275177764  0.45119632952651911
  0.46166093415977488  0.47381438043161678  0.48858363966176593  0.50463163607475203
  0.51978397136865473  0.53374341201460185  0.54521654718591595  0.55736902613234052
  0.56941904939998111  0.58054498349596684  0.59141779478812972  0.60291097548185069
  0.61724958036911637  0.63283424218216600  0.64664450212930924  0.65880416112706275
  0.66937024648707755  0.67929576549474147  0.68999526748148532  0.70296515777763635
  0.71411882657721293  0.72291810532008816  0.73188759453116414  0.74218442825452846
  0.75455992388146309  0.76778237581362974  0.78464425487462641  0.79926386053788234
  0.81209773961350518  0.82318296865656249  0.83388854514027533  0.84557092233064035
  0.85578470888757441  0.86767058418575593  0.87889072524056344  0.89093023781381830
  0.90413195552549941  0.91924245177046660  0.93205979296785157  0.94512965910026459
  0.95773114399837389  0.97122218998701049  0.98499982243632755  1.00000000000000000
 -0.00303671372740494  0.01113934471273972  0.02283852518709944  0.03446479216741379
  0.04294690585928349  0.05096151250447503  0.05821789711554456  0.06595577728080437
  0.07493511998517216  0.08442530966710093  0.09467857575961343  0.10581674467018683
  0.11706716265610440  0.12791920392748687  0.13836325241519801  0.14829680392054348
  0.15761697955389750  0.16878620241853562  0.17971931734037999  0.18961584920367092
  0.19925189741833105  0.20963105246507685  0.22169660781214506  0.23303320684160952
  0.24380597850665009  0.25381716220528316  0.26574721050649774  0.27769443257405646
  0.28899880785651116  0.29854306426969662  0.30784310892441746  0.31763417654397597
  0.32760730629253498  0.33783229589655911  0.34873971207612436  0.35977301453465821
  0.37066121533762608  0.38126334759082453  0.39145654972475635  0.40090516950616939
  0.40967656142193687  0.41895366580623483  0.42951291088773536  0.44179085064020945
  0.45442038412566432  0.46524208259654776  0.47483553823769814  0.48441380081677493
  0.49419011932281748  0.50447214770291171  0.51484118666711731  0.52588595361400770
  0.53787176899234246  0.55024590207340851  0.56267956315612344  0.57444551484871431
  0.58566161431552943  0.59648609846814082  0.60719952606869443  0.61808460301584189
  0.62738984966465539  0.63493574927147722  0.64196157965560674  0.64880535619544666
  0.65607548257898862  0.66399992136521668  0.67201766841481014  0.68075771380715266
  0.69000857985095254  0.69944461401963443  0.70870228491588283  0.71811702489876406
  0.72814959964315529  0.74111008650257604  0.75553488380495482  0.76924201105182177
  0.78237486923464838  0.79536336867517698  0.80697270329138093  0.81900050254847756
  0.83096878274475805  0.84234500825499614  0.85387989810496878  0.86493491944474510
  0.87522058777055001  0.88541819683685719  0.89715091400587965  0.91085090827106496
  0.92332905052592840  0.93389234606992833  0.94320554505246545  0.95299728267996286
  0.96414942071951182  0.97724861133516994  0.98882800003075888  1.00000000000000000
  0.13080487244653230  0.26979999305727986  0.30331038997091764  0.32313373685930308
  0.33780867700611666  0.35130575471673126  0.36331785399950284  0.37372574852168716
  0.38406411728629958  0.39463413792704982  0.40492970323291660  0.41437343580987529
  0.42326678978051230  0.43166525877889989  0.43947513747613098  0.44676949471571320
  0.45402759135100734  0.46153625421160488  0.46924765331416007  0.47651842780188858
  0.48298867367590392  0.48912261612596669  0.49505264687336276  0.50082290448470901
  0.50691641533915932  0.51376177130511758  0.52043760939498562  0.52700393799841683
  0.53378475777110956  0.54100199137489491  0.54801311478178527  0.55504520042256311
  0.56236376984287728  0.56962725366846811  0.57645459046781644  0.58339167928890934
  0.59078896155479710  0.59834256377834694  0.60553130320351201  0.61126703580765063
  0.61739033666729959  0.62341742023383140  0.62870014570639976  0.63374540549347180
  0.63938099563672279  0.64472465299882298  0.64977213806291911  0.65464401371844250
  0.65956868864592011  0.66477486275417674  0.67006500199982388  0.67524409108408878
  0.67987094251573088  0.68420002107648559  0.68844973818857313  0.69269777493911766
  0.69715616096136246  0.70206675280795172  0.70739124120459285  0.71309640971123267
  0.71854092485726395  0.72346736198046613  0.72835057662181979  0.73325999357170835
  0.73803173460382543  0.74273910046529801  0.74700729083034068  0.75163822434263172
  0.75684707507920856  0.76242096886798449  0.76792493484738678  0.77321496103101772
  0.77820322460571445  0.78296529273210569  0.78766261369051060  0.79247893232735356
  0.79770842398069897  0.80319538363075005  0.80851478118703424  0.81400723708934575
  0.82023344213359528  0.82745188582759321  0.83477235893037460  0.84257789712774223
  0.85083760288619525  0.86040912393021574  0.87010657644828970  0.87912353718632097
  0.88783490976317714  0.89796149718071383  0.90858624107769803  0.91901476604070209
  0.93017467212058313  0.94495689778512015  0.96723447840429211  1.00000000000000000
 -0.02020794722173002  0.12924385166700875  0.15949831109841972  0.18022351392694794
  0.19751699589463881  0.21254253716759505  0.22380456673593693  0.23547218821622481
  0.24680485891232565  0.25817643899474352  0.26996662288870010  0.28100088070406998
  0.29126689803438671  0.30050126841638208  0.30918414542781048  0.31682570025635987
  0.32436418507960751  0.33230887803896653  0.34101592415013304  0.34969392391126025
  0.35738731099367549  0.36405294918590664  0.37036734787110026  0.37696135871510844
  0.38353936024313073  0.39004521245242008  0.39586422662605697  0.40058139865111786
  0.40492332638498696  0.40929307449300706  0.41390880233972682  0.41924046735858456
  0.42488559175024443  0.43011643183849169  0.43475330276497920  0.43910000351873696
  0.44341620103005813  0.44794985298568007  0.45255110924912312  0.45757353629631387
  0.46338771291166775  0.46948350050365045  0.47526067402254329  0.48050566400435607
  0.48563487621597723  0.49008843465781377  0.49459980505004725  0.49932495749369821
  0.50364577006057187  0.50832859435443567  0.51366713062155112  0.51894657726481330
  0.52384703367029994  0.52856218943621314  0.53368139274552306  0.53898101141708843
  0.54393248876255684  0.54864709090832753  0.55291959021703230  0.55758457448334864
  0.56213301873363208  0.56762361770239078  0.57300433859065569  0.57838983591154702
  0.58357906225103029  0.58890903876868039  0.59443002311284454  0.60013813192020327
  0.60622603939631980  0.61326699696074671  0.62040477392348681  0.62721672149398267
  0.63335667836360776  0.63992202767192274  0.64644630046799201  0.65292315839811799
  0.65954235456179300  0.66645126249210984  0.67340679376693235  0.68035420069321284
  0.68802701680884015  0.69678183683230355  0.70545365605560750  0.71419760866803017
  0.72415543282563566  0.73346809418980208  0.74272439409485302  0.75220561938958475
  0.76246000904022160  0.77386309187242264  0.78627497517673695  0.79970875119925700
  0.81465517314501612  0.83530335967518465  0.87756973159370344  1.00000000000000000
   1.5677033127638797E-011  -1.0000000000000000     
 T F F F T F F F F F F F F F F F F F F F F F F F F F F F F F F F T F F F T F F F F F F F F F F F F F F F F F F F F F F F F F F F T F F F T F F F F F F F F F F F F F F F F F F F F F F F F F F F T F F F T F F F F F F F F F F F F F F F F F F F F F F F F F F F T F F F T F F F F F F F F F F F F F F F F F F F F F F F F F F F T F F F T F F F F F F F F F F F F F F F F F F F F F F F F F F F T F F F T F F F F F F F F F F F F F F F F F F F F F F F F F F F T F F F T F F F F F F F F F F F F F F F F F F F F F F F F F F F T F F F T F F F F F F F F F F F F F F F F F F F F F F F F F F F T F F F T F F F F F F F F F F F F F F F F F F F F F F F F F F F T F F F T F F F F F F F F F F F F F F F F F F F F F F F F F F F T F F F T F F F F F F F F F F F F F F F F F F F F F F F F F F F T F F F T F F F F F F F F F F F F F F F F F F F F F F F F F F F T F F F T F F F F F F F F F F F F F F F F F F F F F F F F F F F T F F F T F F F F F F F F F F F F F F F F F F F F F F F F F F F T F F F T F F F F F F F F F F F F F F F F F F F F F F F F F F F
  <DiscreteSampler_grid>
  grouped_processes
  1 # 1 for a reference and 2 for a running grid.
  10 # Attribute 'min_bin_probing_points' of the grid.
  1 # Attribute 'grid_mode' of the grid. 1=='default',2=='initialization'
  0.0000000000000000 # Attribute 'small_contrib_threshold' of the grid.
  0.5000000000000000 # Attribute 'damping_power' of the grid.
 # binID   n_entries weight   weight_sqr   abs_weight
    10   10   8.789056879361611E-003   2.554779380991848E-004   8.789056879361611E-003
    11   10   8.789056879361778E-003   2.554779380991909E-004   8.789056879361778E-003
  </DiscreteSampler_grid>
