  0.00226493218679939  0.01515814521148749  0.02731627792311006  0.03857773001157588
  0.04962852967033044  0.06036081664466762  0.07108481619608360  0.08241309569433145
  0.09382142031296130  0.10539833184913917  0.11738140489109063  0.12939688327658586
  0.14197252127744311  0.15392547942436427  0.16514948175784580  0.17464898466879791
  0.18313273622149823  0.19143553468436075  0.19922417154769867  0.20736890758117588
  0.21542030550515157  0.22345310565285603  0.23229843598825420  0.24208880370409297
  0.25286753864710709  0.26355279589005531  0.27326256339089128  0.28244582360529885
  0.29218315494604552  0.30285659865191328  0.31359550849978968  0.32439503851315010
  0.33561974110600001  0.34795620671093946  0.35947019847555839  0.37048045742288166
  0.38227036297675188  0.39323995389266808  0.40244917058869323  0.41089261213171002
  0.42000375704100212  0.42925132391104093  0.43839324624131021  0.44767586529634634
  0.45740993379878453  0.46815991209624053  0.47918992842244323  0.48960246386197376
  0.49990829979846407  0.51151918102286276  0.52230973286381133  0.53257713820534991
  0.54249109296133280  0.55298605575193227  0.56321708011527338  0.57162418364586665
  0.58044155354113236  0.58994235347146085  0.59961405819779612  0.60952087543896383
  0.61993989381367698  0.63101544098248130  0.64202835543119952  0.65265323140644593
  0.66320316695942461  0.67346529562682256  0.68375201313619272  0.69493041268603584
  0.70696735611000527  0.71889977243115943  0.73055340670396485  0.74267080535790675
  0.75565362649892720  0.76860496704311232  0.78007094152052159  0.79040691022734688
  0.80038126085131533  0.81021026816347574  0.82012083032911631  0.82922776447705238
  0.83975898560744566  0.85086047890933636  0.86210030881091515  0.87238285984684605
  0.88186744859488631  0.89168892932828081  0.90177346043056184  0.91185152493369814
  0.92192498296648095  0.93168657084607887  0.94157052017909593  0.95201195493018731
  0.96401790263677678  0.97646484131685796  0.98849650235374020  1.00000000000000000
  0.00673925503949492  0.01678504162480458  0.02969086474266244  0.04281019622678871
  0.05448279249856674  0.06583301118128231  0.07749328934297264  0.08841432256575155
  0.09860515275739798  0.10807947791852864  0.11763913947845515  0.12697250411348207
  0.13692732417151005  0.14728843968421260  0.15779740943878032  0.16790333899084983
  0.17786474197675756  0.18743007701220749  0.19624843770005057  0.20410949297318004
  0.21264210406872019  0.22286894177716629  0.23297731703500774  0.24151433113232093
  0.24975008531273341  0.25891351632712023  0.26834400655361595  0.27728615444049259
  0.28634532855516520  0.29622451371127995  0.30753131291129776  0.31976124334353523
  0.33126897687751922  0.34385720730631164  0.35686103532175778  0.36982641995516996
  0.38155872313165456  0.39225084256872983  0.40329709760123833  0.41434603897210809
  0.42496106672299128  0.43490341697227575  0.44460593953852584  0.45515091784315992
  0.46589922366999947  0.47688902131074928  0.48922201277659849  0.50102769140128856
  0.51057431390445362  0.51947090396976203  0.52883277612913515  0.53878250551487727
  0.54905414151338372  0.55847711393633992  0.56874735133406951  0.57993576988141016
  0.59093244914206100  0.60200399954989925  0.61293813322769519  0.62343040033287389
  0.63379754882240169  0.64459749370807073  0.65603456224630075  0.66792955406082533
  0.67982684884906996  0.69094267264437248  0.70098917305085229  0.71112423762170374
  0.72156982151777160  0.73226590848950923  0.74284107370123142  0.75337874710452346
  0.76407978047131697  0.77440485147685334  0.78450799612378364  0.79497415376586733
  0.80621763044886841  0.81867567386210383  0.83217590289832177  0.84516355829035517
  0.85706608615041702  0.86851185679781273  0.88074606161452973  0.89349485749804192
  0.90506214943877983  0.91431173959488710  0.92251156949047297  0.93063877328837941
  0.93977910383642171  0.94938975792582070  0.95881920283916122  0.96826131934587512
  0.97711302744585304  0.98508230398689212  0.99107543521592467  1.00000000000000000
  0.00393662686713216  0.01020659549200226  0.01906119823152900  0.02681110623324012
  0.03461691702952579  0.04275250298544548  0.05230038742780302  0.06201206470005913
  0.07390433686410412  0.08497558336878293  0.09472911321145615  0.10516065302823495
  0.11643248090419206  0.12712537042198935  0.13653334076507953  0.14519078411831537
  0.15395751278033473  0.16281622145746613  0.17301887661595278  0.18272452224716851
  0.19157885770152036  0.20186388631754185  0.21157369481317650  0.22235005344951939
  0.23394330807227207  0.24653753289878505  0.25892818714255561  0.27072924435445322
  0.28252911867156361  0.29394603423834081  0.30581601597901870  0.31763239184961062
  0.32865857176122254  0.34061916554397326  0.35268763178646950  0.36417655000361682
  0.37537484342310529  0.38766256047589770  0.39940645071009917  0.41123291820603292
  0.42322267736800423  0.43661764917635060  0.45015136333118366  0.46404548830020198
  0.47583010708590939  0.48701908032470670  0.49741462630650363  0.50824964970067832
  0.51951368075079951  0.53104689070643685  0.54253732444260194  0.55401601425673730
  0.56466823525059773  0.57419569452041130  0.58343418170026118  0.59287648642746338
  0.60241786867824765  0.61233422338617371  0.62165788176747105  0.63159510545190256
  0.64165399277319823  0.65134179532051284  0.66122754836988895  0.67155214029369481
  0.68299947084376955  0.69303303422269746  0.70167459503644203  0.71018900763352255
  0.71968288065151398  0.72923973623791261  0.73847523740106480  0.74763424771326514
  0.75674852288451377  0.76613015740197721  0.77562552006959151  0.78513869834449557
  0.79438747046644398  0.80350916675564432  0.81239735753784947  0.82096826852787352
  0.82977851743798325  0.83879446015334291  0.84731299794738035  0.85545052456898096
  0.86410953071419006  0.87383060221669218  0.88535568962568278  0.89851571811871811
  0.91166870321263938  0.92508053180587713  0.93993643076298528  0.95323517530097435
  0.96554721753527517  0.97686383170227742  0.98833611429073909  1.00000000000000000
  0.00649747246175018  0.01898016694557321  0.03279156080204075  0.04500597699805488
  0.05615489753613854  0.06706396630177043  0.07841080899171744  0.09039517945130709
  0.10158369546611773  0.11218871975995050  0.12246847513220442  0.13243954896306170
  0.14233946734873690  0.15304723240434273  0.16520051018433643  0.17770287880289312
  0.18982066714635482  0.20183504134531258  0.21398098034447624  0.22700494470613641
  0.23777563531518170  0.24687490597161646  0.25508925304061947  0.26257165336437127
  0.27084781232097416  0.27951548332598458  0.28851582271600529  0.29771855148625376
  0.30726314516716102  0.31697784165426313  0.32679181904317445  0.33707638416465746
  0.34713989617748264  0.35733836690276588  0.36756107402446903  0.37883965550724602
  0.39148451985912708  0.40467477520966416  0.41766005132000994  0.43056366043967237
  0.44241332217301460  0.45291370927482044  0.46201627264122397  0.47053098321066289
  0.47901144829278003  0.48911145708874820  0.49944228400465424  0.51050589450856287
  0.52167257112450960  0.53311263408890297  0.54482973604792395  0.55706417029443211
  0.56830137192799446  0.57803554402413304  0.58794572077501428  0.59760866629024056
  0.60711431444354202  0.61678686613276856  0.62732830687458008  0.64029112654951936
  0.65310921426995050  0.66597038184475499  0.67838183175600475  0.69147536412169552
  0.70463501092682013  0.71780579419148949  0.72978408473775380  0.73873307612452033
  0.74729482782538925  0.75584304272908043  0.76447019193130439  0.77287918535365319
  0.78131933935037912  0.79015056544880713  0.79989174801294283  0.81038271328208278
  0.82049712161946142  0.82995595700848579  0.83816633822002951  0.84563920803754900
  0.85289276910686773  0.86068166715977046  0.86983924309432903  0.87953064848540474
  0.88809459273957747  0.89679208632363960  0.90729150084787968  0.91959303544814486
  0.93269644645628402  0.94551623410882846  0.95705697970645576  0.96721170448036387
  0.97591978346506814  0.98436545555782817  0.99152141895264101  1.00000000000000000
 -0.00008217187550821  0.00081262774461049  0.00186610564469468  0.00357513804565066
  0.00598634519658985  0.00887257747916360  0.01190462475289630  0.01538449635062282
  0.01982708968725628  0.02549623569913011  0.03109333099002433  0.03676907046474721
  0.04276963361693559  0.04930974345735204  0.05612682769434391  0.06310690690013469
  0.07121964226218687  0.07963792143699636  0.08772549133442259  0.09621300044505893
  0.10539973982328785  0.11500531645377568  0.12440849570503278  0.13317991966558843
  0.14202483398457641  0.15110425339706454  0.16101095557528758  0.17241958493101139
  0.18420022296114810  0.19626917053692625  0.20815002948475642  0.21831369692390326
  0.22898038730448908  0.23984161089649728  0.25091009995743013  0.26168921642321741
  0.27152895721266351  0.28139419714472191  0.29145218374197362  0.30223719241436020
  0.31439965886323029  0.32731772245816726  0.33946345753160739  0.35153906010110464
  0.36240829545420189  0.37356101994692592  0.38490068195611449  0.39625410294694519
  0.40707753857760465  0.41839042637064555  0.42954932981230182  0.44040355533360492
  0.45117874826712689  0.46195594992880845  0.47242231740532292  0.48248326292606208
  0.49336605847111170  0.50501737253308832  0.51782199909802662  0.53116696778148398
  0.54432801266861219  0.55732171184671786  0.57039551076718453  0.58372724940271481
  0.59788539451798217  0.61351597669588931  0.62961858633068757  0.64490927379903551
  0.65936339730141003  0.67358023815065582  0.68775218660341320  0.70188348585464733
  0.71552252495322999  0.72900877295112088  0.74275806418068280  0.75727143992310109
  0.77168878973925492  0.78481266453489151  0.79673788002038992  0.80883069765617033
  0.82086980562547096  0.83322107667756606  0.84564980373625875  0.85801690795055174
  0.87032099451588207  0.88304096528624287  0.89694444298980425  0.91153537988483802
  0.92526302939636185  0.93705636043209384  0.94733600951583796  0.95742824144433447
  0.96784093578247532  0.97865132517077125  0.98938469252460282  1.00000000000000000
 -0.00330797791141887  0.01141640751912449  0.02319532832830372  0.03446436225547112
  0.04520803026268492  0.05599937033410272  0.06677833361322229  0.07809553247945367
  0.08977710059816948  0.10194206276548083  0.11417286317161368  0.12616088785805143
  0.13789478436821370  0.14925494029120698  0.16023379880716129  0.17039892833819104
  0.18039588942853427  0.19189322780265999  0.20402258505130028  0.21428624991410053
  0.22325331559447717  0.23267044890109517  0.24281217979144190  0.25342067247024841
  0.26379861145226202  0.27532851802740355  0.28761162147919772  0.29934933022810994
  0.31046727766143944  0.32118678085264774  0.33192656782821350  0.34216131740251160
  0.35204918087512410  0.36223480098620658  0.37290175046506102  0.38390013334340245
  0.39370444071186245  0.40311827004416240  0.41299110968122038  0.42512908177205788
  0.43814098329921924  0.44830700792880696  0.45710699873188060  0.46614447018945765
  0.47543635389481026  0.48539698938639481  0.49566352630831356  0.50818525275626636
  0.52160741304245839  0.53333957975396051  0.54378741279633291  0.55332202887388815
  0.56285956836067652  0.57261218426146798  0.58251904976164581  0.59272937452094787
  0.60310851243216501  0.61298175514939979  0.62176670298816417  0.63038106181707398
  0.63892218906473863  0.64799729830925457  0.65724818038916921  0.66629716288369867
  0.67551967196580354  0.68507178906968069  0.69565572760278727  0.70748163266352926
  0.71986674460538014  0.73122444374179874  0.74075441687569277  0.74932824911230522
  0.75761146965929838  0.76619653271070032  0.77579725226046192  0.78537129177392451
  0.79616269651669902  0.80804631783523673  0.81895321757459627  0.82969525367921593
  0.84087898484460621  0.85288879973662646  0.86647581093126291  0.87946452072283021
  0.89196321938647205  0.90477846649277305  0.91722991389791519  0.92873726779707788
  0.93925633144250853  0.94800098814439826  0.95617560998581697  0.96489336438155782
  0.97429658546452269  0.98315488055584332  0.99189946049137423  1.00000000000000000
 -0.00225826892663825  0.01034287554526615  0.02068374809064305  0.03031503645476811
  0.03957424813000464  0.04889690290599870  0.05815325797395203  0.06848746750146320
  0.07956777703673745  0.09109999809707643  0.10253713647243416  0.11356801420208719
  0.12470363295102554  0.13614300837418039  0.14811837006507697  0.16077304184481112
  0.17257059837408012  0.18249589392635376  0.19163073869688285  0.20108210994730935
  0.21059981542985448  0.22000378221693745  0.22902426683694913  0.23883535254217833
  0.24879201362448405  0.25792515189945858  0.26660727602955436  0.27583381501466503
  0.28542520919082348  0.29497860061278813  0.30456361447998620  0.31500066638902469
  0.32672450170309547  0.33889220333853698  0.35138776199542288  0.36412697922407244
  0.37723945012854121  0.38910340476145766  0.39888196347626514  0.40800356061592280
  0.41687738065432534  0.42714364952780814  0.43760810897269253  0.44796526854280549
  0.45834976363740421  0.46921622680217179  0.47970216853336817  0.49014631303951839
  0.50093972709495960  0.51235410921505986  0.52384162578225391  0.53518105354346979
  0.54541687217755541  0.55480494987388529  0.56451070242235202  0.57477001641879411
  0.58429576785926618  0.59294879486157870  0.60104752044097065  0.60975079185139980
  0.61908835664231687  0.62839349938473132  0.63811784221980228  0.64898824606515459
  0.66306055611607340  0.67669745271426496  0.68799664251668025  0.69812866995021272
  0.70852013401068892  0.71918277472726655  0.73055607711134085  0.74051780454685368
  0.75132541903397332  0.76363037724826877  0.77387883121535361  0.78290020070408151
  0.79227478865784595  0.80364148096200183  0.81475580903223299  0.82514852116763016
  0.83479109182496836  0.84454353522615366  0.85480025791489345  0.86599039888688611
  0.87791513939308197  0.88921486839678976  0.90166880593498144  0.91645104844362923
  0.93142621563080186  0.94211278580939128  0.95066251948878799  0.95937802437976949
  0.96884355414906786  0.97894599659543702  0.98909944821527385  1.00000000000000000
 -0.00385418462072606  0.01406553674742642  0.02743663630601520  0.04072677371399390
  0.05154656892559419  0.06161836781159004  0.07168321886939741  0.08204907937641930
  0.09309519775984998  0.10357860183283793  0.11381136369784248  0.12439148131071404
  0.13601888852174673  0.14733638226822476  0.15519518697436163  0.16358090469845346
  0.17206007984425564  0.18063775323185563  0.18917581832100583  0.19777880869759756
  0.20638322018701460  0.21627960923238843  0.22672307051592447  0.23500308975742099
  0.24283298254279240  0.25091729779895555  0.25920806238135785  0.26755894050463636
  0.27621292621928895  0.28438759035204059  0.29256337741843191  0.30150765869422008
  0.31166150207364346  0.32373617698016144  0.33715785019030686  0.35033587381282327
  0.36273882021760551  0.37410167135784322  0.38404159241518343  0.39417716600920327
  0.40496284759908519  0.41565621489152144  0.42621437015900315  0.43709838846961624
  0.44941605347600883  0.46156643808969033  0.47290466601955128  0.48369471957365329
  0.49399803859719482  0.50520186239765041  0.51730968357902607  0.52814387525006345
  0.53790589299893055  0.54803160398460993  0.55870691129867789  0.56890677592969996
  0.57891060474543377  0.58834454787002899  0.59765982307002419  0.60709564972449548
  0.61711624821428457  0.62766694086854413  0.63766546606270758  0.64776776082295051
  0.65832864597168361  0.66847941768102137  0.67788124481332634  0.68685079084622425
  0.69543205364357741  0.70388842153521314  0.71281959890304503  0.72285747078357643
  0.73395398840483805  0.74456578998137057  0.75525637131806189  0.76523568646683016
  0.77674617154033498  0.78842827791646664  0.80110425932714291  0.81401357401283236
  0.82701777445338109  0.83864500315211987  0.84891880611671122  0.85865850715565373
  0.86895495777214238  0.87965202316612090  0.89047475774972917  0.90293903839473844
  0.91674944423971072  0.93121494122091475  0.94554328940691834  0.95878412161587423
  0.97043849969828155  0.98064338969097031  0.99074388413777947  1.00000000000000000
 -0.00179574545434378  0.00871525229246520  0.01792667085500463  0.02770706642925750
  0.03782319048362461  0.04571665326516309  0.05300132019438843  0.06039297275593630
  0.06864023771902238  0.07732810190296091  0.08713022953754605  0.09465598388039004
  0.10194429470404427  0.11071824494424502  0.12028593739279576  0.13037026778029814
  0.13987591960788387  0.14918111170294820  0.15874229796323991  0.16811862585710588
  0.17808721422100965  0.18836336368162448  0.19879415471646875  0.20995958006301763
  0.22244202870265894  0.23574831439655175  0.24872113541464999  0.26092404671523317
  0.27211268258136151  0.28120372673707755  0.29026779741333664  0.29975125359236904
  0.30926026651965149  0.31883664017400182  0.32892105918320880  0.34073173834750292
  0.35394247019615155  0.36296304288288705  0.37193341477189429  0.38067049546655346
  0.38887513636552501  0.39730365995467171  0.40602080480891162  0.41481688055200111
  0.42493830694275164  0.43581668708736898  0.44719183364518883  0.45927897795949324
  0.47160523008517968  0.48353548977357425  0.49483749104442831  0.50630145427733420
  0.51917181427097436  0.53024486688837857  0.54175432854898187  0.55364479050798143
  0.56498496003364640  0.57601327529115864  0.58626365932498503  0.59673377166749886
  0.60703082921125517  0.61699462318671128  0.62702538379685635  0.63727143289494292
  0.64747957938964851  0.65739390775888640  0.66757149890293510  0.67813182228400626
  0.68950099954148281  0.70097638277264862  0.71263547037926256  0.72369172904884371
  0.73323544921358841  0.74146616695210410  0.75016494033249059  0.75935689023998387
  0.76815546600703577  0.77675009095266245  0.78535152748038251  0.79422035146274361
  0.80437290603093570  0.81479285013995340  0.82646101593477139  0.83818698258515412
  0.85451108888921534  0.86958685935129831  0.88483387504154043  0.89856188707702611
  0.91120952864182203  0.92371665669458225  0.93578362339891119  0.94815666690829825
  0.96126117447895776  0.97444684365762957  0.98804682989237691  1.00000000000000000
 -0.00325496007581783  0.01183561033578224  0.02367962844783246  0.03557684743696467
  0.04793412614361844  0.06127263288709735  0.07580170025033017  0.08911954960429086
  0.10092667283256797  0.11138845477616836  0.12103767060541597  0.13023695186573492
  0.13922945700798561  0.14778266022795997  0.15568063556415329  0.16411812248728930
  0.17367714296372364  0.18372455279984165  0.19366402405578059  0.20469136605874624
  0.21518175823194316  0.22459250916167192  0.23393854827183505  0.24352116774840646
  0.25310942241914758  0.26247820171384817  0.27250446092122477  0.28393370607143176
  0.29535811492502351  0.30617052129014982  0.31742601571184992  0.32774942193767131
  0.33781421683358420  0.34771186339491633  0.35805406922225042  0.36935518420609958
  0.38091831748389754  0.39331299412227461  0.40273963640838445  0.41148145094555516
  0.42035527136836581  0.42958436352278095  0.43783991328946054  0.44572230909609911
  0.45390199706902673  0.46508275947926236  0.48001632585159582  0.49335737756806741
  0.50569560642074307  0.51653431544158002  0.52646068839710969  0.53564432532937978
  0.54554606098514480  0.55618509128028537  0.56652224170834742  0.57684963710348192
  0.58774960991538228  0.59970443767124182  0.61059819479596367  0.62109937421467076
  0.63231388431064728  0.64372815734270628  0.65487119365551438  0.66582981655418794
  0.67610120548395902  0.68635363052368070  0.69678478280767175  0.70746747873377569
  0.71886948503180215  0.73013190696480090  0.74032587800579097  0.75018014028308722
  0.75975396354803992  0.77015619483602882  0.78144456923770111  0.79206107400353554
  0.80152633714887611  0.81083049798900564  0.82133970108419341  0.83233547534663599
  0.84279278478761277  0.85331689846765191  0.86481489467164763  0.87776515184746695
  0.89190198965357537  0.90538655194182815  0.91702920384057673  0.92676773053320405
  0.93556357965257742  0.94420075088381572  0.95347216371964849  0.96276808438281736
  0.97217294650338060  0.98140851733775281  0.99114449909444091  1.00000000000000000
 -0.00202165864892863  0.00780328577747536  0.01728422565584753  0.02645087838805527
  0.03651661537049837  0.04792754149237789  0.05997600020222978  0.06888022409353452
  0.07654893515778499  0.08477530422986565  0.09342798224900710  0.10233605386989220
  0.11141012202952665  0.12057048811196511  0.13046957343151222  0.14221341099460977
  0.15400144598011845  0.16565994738866716  0.17596829182983809  0.18597144779243183
  0.19667349685396771  0.20736778644919265  0.21877275947269278  0.23028567582174025
  0.24236628158552428  0.25420359582035784  0.26577725098930471  0.27784195814857243
  0.29103168536230251  0.30212698757471940  0.31273879734977278  0.32345278146219369
  0.33468882555603252  0.34608910818004762  0.35840198916719213  0.37086025572331499
  0.38217456948085338  0.39345528081492931  0.40494053587454154  0.41746027430577287
  0.42978177687149210  0.44245598132622688  0.45525135830032776  0.46826129387054133
  0.48078299374583888  0.49346311645861723  0.50663132254503895  0.51919577151563190
  0.53103531468320497  0.54177837318682842  0.55184897901094643  0.56198677914610451
  0.57211734719354801  0.58155473957460913  0.59016734144506933  0.59846428900525894
  0.60730290397020636  0.61666993035791828  0.62618816548155376  0.63523350168898218
  0.64398073570190584  0.65393564675460303  0.66374880211714260  0.67291377296056876
  0.68188481503995069  0.69203335187659210  0.70342678725193275  0.71586267458972896
  0.72915673930306490  0.74165756417445527  0.75405266089101020  0.76577302154440674
  0.77576382053161408  0.78515847092836022  0.79354851141170835  0.80180819741998277
  0.81066228427786347  0.81969164307470377  0.82844885518019939  0.83678721256877164
  0.84527709689296127  0.85438849478644119  0.86506097019708461  0.87528223245403958
  0.88472911567251622  0.89364093779848597  0.90262926436620350  0.91172192304229249
  0.92104545228347701  0.93106516029229558  0.94299416382813750  0.95618530965783521
  0.96808889087919048  0.97896335766326381  0.98959076962484893  1.00000000000000000
 -0.00301231656983764  0.01311015291932176  0.02550628845393793  0.03762447879763244
  0.05013112501067184  0.06362801624365336  0.07569302336611937  0.08675447621571732
  0.09713168722509745  0.10738966777968285  0.11818685937425785  0.12832385920197814
  0.13704955212490727  0.14551933452994159  0.15431689988900932  0.16342600291277745
  0.17254690130421396  0.18202232628358522  0.19252008083001909  0.20397539761641928
  0.21485228280860233  0.22570632541220870  0.23703949830486643  0.24744260869261533
  0.25782680638192068  0.26811887944173152  0.27858252061537536  0.28977599934127540
  0.30051929958659418  0.31046947295511557  0.32051477989069349  0.33134201285889681
  0.34294811342779036  0.35476299347646345  0.36619221955004411  0.37722447192351372
  0.38814640045090354  0.39893980821682878  0.40771168261525420  0.41785174660097080
  0.42805647335596114  0.43872379811555207  0.44913798791810217  0.46157494956194101
  0.47535547926352834  0.48934034129130055  0.50110498886290122  0.50979083044458529
  0.51880943823735104  0.52783202020286035  0.53848266957624591  0.54765747332739756
  0.55643161468596780  0.56471675174241409  0.57431992008421751  0.58447791339254562
  0.59579656481652676  0.60800031695231238  0.62021362985590778  0.63114820240397584
  0.64061855130558976  0.64988344458719760  0.65949091919778158  0.66937331143304191
  0.67858447015034751  0.68743163651586014  0.69702444121615892  0.70788696671089157
  0.71872712367820568  0.72798528500168347  0.73997225469435068  0.75180433453578099
  0.76044155742075015  0.76967902160285506  0.77810113335159836  0.78623319283711002
  0.79423414565775519  0.80181109127633798  0.80973868725243858  0.81916598814974950
  0.82937173691275101  0.83903266790281650  0.84797962735891919  0.85863507759756996
  0.87148491164330433  0.88523930175529764  0.89875502098824978  0.91126477506826453
  0.92326129889479147  0.93479992226745112  0.94669985688225289  0.95749898687816692
  0.96795565854941390  0.97801542669762265  0.98787952700242032  1.00000000000000000
 -0.00101714639400510  0.00402623275289680  0.00847656566221930  0.01298981904181811
  0.01760450482051009  0.02228853072957675  0.02701817438259090  0.03184299441169217
  0.03673963139107225  0.04176041910321689  0.04695276697353645  0.05238733282631493
  0.05809478500012814  0.06393752229740633  0.06978488125336288  0.07570263252484181
  0.08176627435662706  0.08858153877536931  0.09533935243508039  0.10206553943755658
  0.10917839346969718  0.11705361202826847  0.12536648682607365  0.13359948444370079
  0.14164458136434274  0.14962739824131907  0.15754248439627605  0.16549762551670086
  0.17326363435400186  0.18093228604901934  0.18901612380148514  0.19723186218610619
  0.20545227484315665  0.21383642413217394  0.22272852725486950  0.23168128687403716
  0.24055884611419157  0.24846959809076574  0.25623993632692799  0.26453733946784719
  0.27391655015972022  0.28293804057363808  0.29209691682009686  0.30147899611224671
  0.31074819370187401  0.32078628236461582  0.33157078288972724  0.34168021156782324
  0.35136779052031353  0.36156799573452397  0.37294427685603582  0.38535871134733357
  0.39865423884311263  0.41157744094481152  0.42371458146722984  0.43536349445246875
  0.44823851016019961  0.46112778397709347  0.47348710634739921  0.48546358843057968
  0.49811323515138040  0.51209040592344612  0.52767908757538695  0.54308026005514276
  0.55620545337846505  0.56886023665251439  0.58413436980599098  0.59965113700517902
  0.61664488429470821  0.63287850516243416  0.65093950526044175  0.66929861552725589
  0.69090451485320692  0.70931498305014640  0.72262486236574996  0.73513472587004181
  0.74747577487829697  0.75924540254304529  0.77078357267076458  0.78390334691296948
  0.79910661472395050  0.81470938711788232  0.82990675885398191  0.84377671915479591
  0.85769543581667718  0.87292498752207370  0.88778815167895608  0.90046596797467460
  0.91108893657479562  0.92219704127057467  0.93354793929653346  0.94586678641138622
  0.95698889199998483  0.97061860030252711  0.98547692576555213  1.00000000000000000
 -0.00166783714704025  0.00773447378303057  0.01579364217353810  0.02417566764628759
  0.03370649907035978  0.04356382367083422  0.05500935671763446  0.06557631770956464
  0.07400204762005541  0.08336200420013441  0.09244248255651066  0.10118430922900506
  0.10957900994308982  0.11801990988670152  0.12678282293803786  0.13647070849654044
  0.14588109537597535  0.15509881777333714  0.16445145192835911  0.17409956553806971
  0.18416419445889631  0.19446774671212236  0.20424485545065579  0.21380483028483965
  0.22307941977387938  0.23337947951203672  0.24524277868496189  0.25705799814631491
  0.26812162927213418  0.27902139995997749  0.29107978257994449  0.30381455050101908
  0.31658416937501616  0.32914993199722981  0.33906313303860153  0.34786845876879918
  0.35688356373963764  0.36494615868392144  0.37302592803351980  0.38096283555312860
  0.38904823675178357  0.39868447406920643  0.40962775453757594  0.42003096618772556
  0.43022382403264908  0.44051072410735526  0.45083469675431431  0.46110545577886325
  0.47127945248619202  0.48287983225541137  0.49521336413718187  0.51127028744328440
  0.52411908379973104  0.53530717173814635  0.54649822729867259  0.55733709157484868
  0.56758642752611788  0.57780583517797246  0.58864776456869605  0.59941250965006354
  0.60928122039548338  0.61870104266399606  0.62853670768037073  0.64026180805700206
  0.65161202843829691  0.66352203157713630  0.67806248382855827  0.69110757475621065
  0.70261453661133877  0.71403851494655213  0.72555350845114275  0.73701415224387301
  0.74842538433667771  0.75989086116889815  0.77336730398405140  0.78436379504482856
  0.79618619615825637  0.80879279709327012  0.82226147774747438  0.83616397997795189
  0.84933536181974323  0.86037022584290934  0.87016140537977460  0.88024405669124495
  0.89089387216660110  0.90147792992156650  0.91133802238240924  0.92136933501590434
  0.93304255309350803  0.94577991222698776  0.95776161202945409  0.96677808696992740
  0.97533595510401339  0.98390865597282162  0.99211518502346208  1.00000000000000000
  0.11214023485991105  0.23049244961875062  0.25302222945091329  0.26589671022935463
  0.27579493486354567  0.28451229311791731  0.29254714946340488  0.30028219529726313
  0.30777720397890845  0.31499560353679162  0.32170515901608482  0.32841635196044272
  0.33528105418918247  0.34219917085709045  0.34908727784785365  0.35547033496615693
  0.36124082560939658  0.36691577879605880  0.37283439984876815  0.37915790340321698
  0.38590171788555477  0.39186728485196587  0.39773107135083946  0.40355604439155202
  0.40965574611314964  0.41606869649665906  0.42273355994980910  0.42962570055393051
  0.43585381389645184  0.44109344317166954  0.44597471101628788  0.45092647131168428
  0.45599267590128745  0.46102989783297998  0.46587377012112774  0.47111909984558969
  0.47620595798137672  0.48110964248331839  0.48570724579833574  0.49004334237976654
  0.49458014841698145  0.49933514833075904  0.50481266304722883  0.51074017740273037
  0.51613487462552665  0.52086882783174593  0.52632309784105658  0.53181929730274413
  0.53736785260340181  0.54367771602833137  0.54983795067087116  0.55584199348396635
  0.56161269121910462  0.56717011070506784  0.57274039264437415  0.57865735268583829
  0.58491489539193298  0.59050477163676429  0.59606102392064397  0.60152734830938193
  0.60736618575409074  0.61373029934714818  0.61933116426680312  0.62498862577789271
  0.63080674705816364  0.63689774011297939  0.64364495743128436  0.65117453473196474
  0.65920295546935004  0.66725181349568707  0.67524685441609023  0.68326453320765357
  0.69075497359833760  0.69736732323700701  0.70453156701318354  0.71210028364127775
  0.72018163277197855  0.72839020502075325  0.73631600357110416  0.74415685583313440
  0.75291165588059306  0.76290855425726189  0.77259346028165299  0.78224331789344581
  0.79236721289775525  0.80392994711911347  0.81565284922757442  0.82954083823771585
  0.84303286142551304  0.85602838802848047  0.86926342317926697  0.88501704142111015
  0.90276868373976682  0.92205554891400021  0.95020137889013701  1.00000000000000000
 -0.02111897366418520  0.11892820290303491  0.15191278405764003  0.17459501954053702
  0.19250483100030616  0.20757042674824019  0.22133807535765976  0.23370989526993446
  0.24516367905894296  0.25539447484891081  0.26531222883713368  0.27521415802534260
  0.28499800337125625  0.29440033058863424  0.30247399760898463  0.30997582991828426
  0.31732218285972685  0.32465443648946574  0.33200423667068868  0.33868371804502456
  0.34577694090301847  0.35291858469282467  0.36034031629381058  0.36795240281419966
  0.37511000731130334  0.38158953165355147  0.38781546414426976  0.39424665193185648
  0.40044411133313446  0.40667697001138853  0.41352899678172689  0.41928472624170482
  0.42530022461306910  0.43121869109601080  0.43702002730050427  0.44269094523324426
  0.44805157396293288  0.45319325416583328  0.45806544109646968  0.46213006736082463
  0.46599700869548227  0.47015382578821213  0.47423112070968021  0.47859284570675326
  0.48316960480733623  0.48787903931717036  0.49270418976419872  0.49733593259763292
  0.50201653229176435  0.50627198279381669  0.51064100807749391  0.51498171103041379
  0.51936378723162413  0.52455709298879105  0.53047328147259287  0.53647613328714039
  0.54203488128312094  0.54725438334805498  0.55199628071018048  0.55675273179054785
  0.56166410716712933  0.56716954243183082  0.57313331443938975  0.57930614832444727
  0.58560945231483763  0.59215633837779325  0.59899014130664896  0.60514645731023420
  0.61069290299264700  0.61633895377082903  0.62191005330674409  0.62831657619844883
  0.63501034619339536  0.64249607174400702  0.64945630566679835  0.65561186183312192
  0.66084021847554386  0.66637812286013687  0.67271958635518858  0.68031211261858393
  0.68820410165378543  0.69584947775360317  0.70363411209963489  0.71171563809586180
  0.72063770991154730  0.72983833293293454  0.73948602343707004  0.75029692668542391
  0.76177280092926980  0.77402252964766516  0.78812178319643911  0.80435145307852840
  0.82322528290976993  0.84618840249332183  0.87928591555342517  1.00000000000000000
   6.7721239206035259E-007  -1.0000000000000000     
 T F F F T F F F F F F F F F F F F F F F F F F F F F F F F F F F T F F F T F F F F F F F F F F F F F F F F F F F F F F F F F F F T F F F T F F F F F F F F F F F F F F F F F F F F F F F F F F F T F F F T F F F F F F F F F F F F F F F F F F F F F F F F F F F T F F F T F F F F F F F F F F F F F F F F F F F F F F F F F F F T F F F T F F F F F F F F F F F F F F F F F F F F F F F F F F F T F F F T F F F F F F F F F F F F F F F F F F F F F F F F F F F T F F F T F F F F F F F F F F F F F F F F F F F F F F F F F F F T F F F T F F F F F F F F F F F F F F F F F F F F F F F F F F F T F F F T F F F F F F F F F F F F F F F F F F F F F F F F F F F T F F F T F F F F F F F F F F F F F F F F F F F F F F F F F F F T F F F T F F F F F F F F F F F F F F F F F F F F F F F F F F F T F F F T F F F F F F F F F F F F F F F F F F F F F F F F F F F T F F F T F F F F F F F F F F F F F F F F F F F F F F F F F F F T F F F T F F F F F F F F F F F F F F F F F F F F F F F F F F F T F F F T F F F F F F F F F F F F F F F F F F F F F F F F F F F
  <DiscreteSampler_grid>
  grouped_processes
  1 # 1 for a reference and 2 for a running grid.
  10 # Attribute 'min_bin_probing_points' of the grid.
  1 # Attribute 'grid_mode' of the grid. 1=='default',2=='initialization'
  0.0000000000000000 # Attribute 'small_contrib_threshold' of the grid.
  0.5000000000000000 # Attribute 'damping_power' of the grid.
 # binID   n_entries weight   weight_sqr   abs_weight
    10   10   1.810842316462683E+002   1.826738358290221E+005   1.810842316462683E+002
    11   10   1.810842316462684E+002   1.826738358290224E+005   1.810842316462684E+002
  </DiscreteSampler_grid>
