  0.00317429957221661  0.01209808255475645  0.02215888769711763  0.03262006390768635
  0.04303119673564927  0.05344162635979758  0.06372530949433337  0.07386085596270661
  0.08410749250261759  0.09443511732070300  0.10495201888824379  0.11558737979558324
  0.12611367288537542  0.13641327943819001  0.14676355746792333  0.15709254964996061
  0.16719090664860137  0.17725734391729467  0.18719397455660097  0.19789433806054199
  0.20869290784227568  0.21937840279955767  0.22968401127440741  0.24019413980597804
  0.25072526995798750  0.26147356779017378  0.27229301436581743  0.28317042193208303
  0.29392555436666595  0.30462009682943991  0.31521408012245167  0.32583823473894141
  0.33618570965980676  0.34656318774090888  0.35683111212357355  0.36730380782713429
  0.37785243150250836  0.38884979953434534  0.39962644520721818  0.41044628406760525
  0.42093877197811003  0.43143404223079684  0.44173316335232565  0.45202674687031646
  0.46230254653413938  0.47264799204000640  0.48283921029871241  0.49302219758042642
  0.50325637567099457  0.51364545326871214  0.52425340705532431  0.53501375906757975
  0.54602548847721855  0.55710285249443992  0.56789887502569525  0.57842219973137432
  0.58856752065226170  0.59876445892504870  0.60895142332737273  0.61939480059562135
  0.62965304048072790  0.63987938347908180  0.65012836847497457  0.66039453040916041
  0.67069717140307505  0.68106474597191702  0.69156093286458553  0.70224067527095435
  0.71273679881971641  0.72321726486196292  0.73345451315962551  0.74360703016773411
  0.75390302683875787  0.76437548734046745  0.77498586439108230  0.78563316848388964
  0.79626928726398849  0.80711116325062515  0.81786619023316787  0.82840303923557790
  0.83866749718683475  0.84896912237077471  0.85949385306283588  0.87001364631691880
  0.88048310294296628  0.89098824412558320  0.90187908776431114  0.91293296563864434
  0.92362831946612467  0.93406208350208075  0.94437302758243202  0.95489713509178586
  0.96565638673062748  0.97665936714339863  0.98825410722662055  1.00000000000000000
  0.00708319031146556  0.01613970712486488  0.02766509876532924  0.03941480817744850
  0.05068319788780053  0.06187469040324632  0.07306323124718787  0.08426790092638708
  0.09535235150572498  0.10623802676197719  0.11693307102166277  0.12768309262671337
  0.13843637722979879  0.14921181315670318  0.16000798630477786  0.17085617502977513
  0.18164313554088274  0.19212167753663845  0.20255964798737880  0.21320048023412327
  0.22418545988266100  0.23539790816475603  0.24642948442649132  0.25727193687004568
  0.26795047188971916  0.27852439080840613  0.28902385164003880  0.29938259858828548
  0.30967047355142413  0.31995973555930973  0.33023150292504749  0.34072019359157873
  0.35147190323425687  0.36241887970734077  0.37328627118748187  0.38401390803259366
  0.39468149871874153  0.40530862445170585  0.41590733909965011  0.42642371526337036
  0.43696605026412372  0.44754688699813638  0.45809334059083878  0.46855915592948660
  0.47905762966781207  0.48966453513573388  0.50031360361092236  0.51093253949860595
  0.52168506100658985  0.53248187517644896  0.54302977333336000  0.55320571569048749
  0.56346721519440979  0.57389691781155816  0.58424859115831074  0.59443187983915657
  0.60465693048728575  0.61505958022835661  0.62556697788715643  0.63610431874775930
  0.64653135784196059  0.65681890979089130  0.66701822984387793  0.67722463620309059
  0.68735680289560175  0.69743778246006516  0.70745212225940857  0.71742963642792712
  0.72738386077593187  0.73762407484431891  0.74821118552973909  0.75893839356802695
  0.76946156379310837  0.77979381958922334  0.79000125818620326  0.80039419638410347
  0.81102571764308784  0.82192275884627630  0.83256140373549614  0.84311333471222594
  0.85370935994610297  0.86436279813634476  0.87481844847412349  0.88459809861428573
  0.89449396119343128  0.90426075851526311  0.91453188184422485  0.92457851594625984
  0.93458180473603247  0.94445000854036298  0.95436782512673590  0.96427006241036861
  0.97384880320166134  0.98277650272155515  0.99194435849068852  1.00000000000000000
  0.00322607943120145  0.01192347856250520  0.02222922643951876  0.03226182250236885
  0.04227866815995353  0.05259146970797039  0.06310735376456533  0.07341951684150130
  0.08372932434470201  0.09369942949810214  0.10351526293062753  0.11317672289313863
  0.12308154414981731  0.13350760985041940  0.14393585462926736  0.15417280012910620
  0.16418575452490675  0.17434552155980704  0.18465526864040013  0.19501500716268153
  0.20534129045657776  0.21572634552243838  0.22620232936391205  0.23650432483415784
  0.24647216013981513  0.25640087860524102  0.26646408576902408  0.27725034689468298
  0.28809852369578254  0.29911618323732642  0.30990136684787017  0.32053111397912309
  0.33114940796019188  0.34181585674003956  0.35257402891500023  0.36335186565172833
  0.37414869124855371  0.38470691432626125  0.39516980387982864  0.40545352332637086
  0.41567553094285042  0.42621439605314404  0.43686206702759928  0.44750910071841105
  0.45792583256353248  0.46838196434709495  0.47894379978825280  0.48932547301866991
  0.49965736205189698  0.51017576002963061  0.52078747342113763  0.53127106500628829
  0.54165733859703158  0.55222925790328647  0.56292120237582977  0.57362083643693929
  0.58421334083652077  0.59473029456437343  0.60533529796401975  0.61596280931402247
  0.62648206759003577  0.63682298527239867  0.64747337082118628  0.65827963923046651
  0.66899735784796488  0.67930295814568031  0.68954875444200858  0.69998256543080950
  0.71031337472390921  0.72061975724775673  0.73085325412778768  0.74120784094931180
  0.75166712964893079  0.76217189061813773  0.77297253327835080  0.78366950896194787
  0.79456281217480729  0.80536737181994345  0.81626610639679176  0.82687111723000806
  0.83744943008175521  0.84809535064236818  0.85857195301800115  0.86903904915126995
  0.87937694787948106  0.88971681209629383  0.89997326918457043  0.91032194137561373
  0.92085716774982285  0.93152947973842659  0.94209756088409968  0.95291060637087410
  0.96403592634605906  0.97549782054588807  0.98758152558441414  1.00000000000000000
  0.00535892653809459  0.02180520155796086  0.03621007952727866  0.04849801032391935
  0.05987967479054125  0.07116611095837830  0.08218854804923909  0.09344160256551333
  0.10478035125997998  0.11526471111886105  0.12545399945144378  0.13567721290125728
  0.14616158233181736  0.15666089442034883  0.16706688956630192  0.17754394400804252
  0.18780322852493386  0.19807018670718965  0.20874491742456197  0.21968802632498421
  0.23070677449544494  0.24143912660989753  0.25233147991104199  0.26310322275037862
  0.27376482225355919  0.28422796238650355  0.29477125221240735  0.30534295885660434
  0.31587644024982919  0.32640980300656697  0.33689855181279427  0.34734855644253121
  0.35771522239135001  0.36800446745612891  0.37823316178963490  0.38843204176374718
  0.39864406097756755  0.40909236592653819  0.41983654329104075  0.43070526929137332
  0.44141439967597507  0.45197875558246042  0.46241522207819802  0.47293145593554270
  0.48328778337379052  0.49346392502495540  0.50350199826160702  0.51335468452733168
  0.52341884605497435  0.53377476612200503  0.54433860272246437  0.55495311122329083
  0.56539191332658556  0.57575599069292283  0.58611951031941611  0.59657672753870405
  0.60698609600938580  0.61723513209685188  0.62726422366036472  0.63724539342050357
  0.64729396177810739  0.65741467870809456  0.66739237186236466  0.67759066114890620
  0.68795194506228730  0.69845779452818846  0.70896106528042147  0.71944586810573230
  0.72999095597172026  0.74035966486192306  0.75082433250297631  0.76136172369850441
  0.77210143045020663  0.78269698601023607  0.79313915088018905  0.80354209740711480
  0.81403085284682430  0.82452342123585476  0.83474395219063735  0.84468935945288981
  0.85485245677217725  0.86538560071859605  0.87605147889294277  0.88657072425110606
  0.89685559879616605  0.90718724352611357  0.91737474068364366  0.92743257801537005
  0.93720449089791169  0.94692854919868852  0.95637330084924810  0.96564156298445314
  0.97462144571904374  0.98351025016738491  0.99181252341525772  1.00000000000000000
  0.00000313059632187  0.00000768194705268  0.00001187002101185  0.00001578195201848
  0.00001979959139151  0.00002408086448861  0.00002834284321554  0.00003246622101451
  0.00003654243784821  0.00004060675570361  0.00004467631183070  0.00004875833141642
  0.00005290689255326  0.00005713528725230  0.00006138290127706  0.00006567479406703
  0.00007002257216510  0.00007439836409101  0.00007888576304974  0.00008352049921163
  0.00008825573221585  0.00009313850531402  0.00009811827939266  0.00010320682468500
  0.00010843618817549  0.00011383625408144  0.00011946743325691  0.00012519755632904
  0.00013110773036998  0.00013727942900200  0.00014382019329058  0.00015070116291147
  0.00015816404746066  0.00016585207499745  0.00017406860861326  0.00018252517114003
  0.00019119978929097  0.00020018420570762  0.00020940741910355  0.00021892776898498
  0.00022878453155765  0.00023898418220119  0.00024960547430788  0.00026059152979578
  0.00027185346875421  0.00028353139360439  0.00029573751952334  0.00030846507626505
  0.00032181124832249  0.00033564804050113  0.00035009750327878  0.00036502665786515
  0.00038046571179032  0.00039672574424756  0.00041323140423302  0.00043092958219314
  0.00044939253285975  0.00046950681099601  0.00049054475791571  0.00051261553962193
  0.00053648032892255  0.00056149832479870  0.00058961246139959  0.00061898936508007
  0.00065054788421704  0.00068374088128610  0.00071962602347896  0.00075819131136817
  0.00079924414621548  0.00084393100132567  0.00089273080757066  0.00094439839045566
  0.00099921347870876  0.00105816630084788  0.00112287429809102  0.00119367318145009
  0.00127106681229131  0.00135706547336221  0.00145350592532496  0.00156174776416244
  0.00168078755955957  0.00181244390761575  0.00196216540812145  0.00213172686805633
  0.00233398667569126  0.00256375065984685  0.00282231846264405  0.00313106748290123
  0.00351636700517407  0.00401451317952266  0.00471903826839266  0.00569070235543086
  0.00699643427850608  0.00927392424583182  0.11070769198075466  1.00000000000000000
 -0.00238583100373943  0.00961822364450814  0.02004080244751708  0.03084157787921388
  0.04180773015988524  0.05246034915420467  0.06315695991095736  0.07373422236358514
  0.08450981095066798  0.09535017623252981  0.10614291349754912  0.11701062052519595
  0.12752420555392707  0.13806967043755231  0.14860307817061277  0.15951999046982376
  0.17042860161542930  0.18117435159489181  0.19199301455090284  0.20293811107429272
  0.21360021798047601  0.22443497313992697  0.23517901451973836  0.24600924248013567
  0.25666228179564443  0.26727986198307790  0.27793579357499076  0.28834652466804167
  0.29900022214675975  0.30973226719046376  0.32038227923124390  0.33068830023832940
  0.34103340055522230  0.35136973243267322  0.36179714234533583  0.37218097341677120
  0.38285758881668430  0.39381096941277316  0.40461649798057908  0.41556427061360923
  0.42646370770606590  0.43735097167148129  0.44797390569197104  0.45840753910297827
  0.46876400595068274  0.47922495282334254  0.48971662394338894  0.50031685754505750
  0.51076247303429079  0.52105742517128761  0.53126669693367723  0.54145272705755765
  0.55192609281369209  0.56273363410174038  0.57392457369852090  0.58484787625476520
  0.59549931857469995  0.60601511031554045  0.61654881358594527  0.62702034885289282
  0.63740898605065577  0.64770313356995912  0.65789730748142727  0.66802279504519035
  0.67816143471542634  0.68828323628017196  0.69833569087556979  0.70848599527268974
  0.71874180151140177  0.72915822664619523  0.73962307625064505  0.75022737033856168
  0.76092037383535460  0.77151299886220437  0.78207164670995621  0.79238905987636499
  0.80256004979531115  0.81267001529872440  0.82294890761585893  0.83346110653014027
  0.84426211596187684  0.85501253445535708  0.86544878858597485  0.87561246044647645
  0.88563876232356897  0.89589496187721973  0.90607286134365050  0.91634210511421632
  0.92654989245440866  0.93705892825785309  0.94764380465489928  0.95822122544383459
  0.96861187274096772  0.97893525326830655  0.98944301670045576  1.00000000000000000
 -0.00222838131823262  0.00892353815437853  0.01851484382171142  0.02866203944384586
  0.03853983637053904  0.04872706243887852  0.05908679399173293  0.06964579930589813
  0.07999414716724093  0.09059760576080507  0.10118934519635581  0.11182592350076669
  0.12264911603019263  0.13359092569111983  0.14461057237359762  0.15517438320205645
  0.16570961469858866  0.17611240958787117  0.18656132093939573  0.19737317574023402
  0.20823529022478421  0.21910685713631883  0.23008882220602689  0.24090627409740223
  0.25160551185317248  0.26178350873957701  0.27186341623871296  0.28175730600622428
  0.29189006809226542  0.30237681543537781  0.31306260294317773  0.32377284212589558
  0.33439705237135842  0.34515905669073915  0.35589452530115095  0.36650135666587541
  0.37719726131984838  0.38801849597454319  0.39872771581308053  0.40923717583286884
  0.41988853564146567  0.43079449836870243  0.44175426241143850  0.45231305229787450
  0.46281500310469115  0.47323630940816680  0.48378423797358050  0.49419082855610497
  0.50465528249785718  0.51508931103561584  0.52550854701635719  0.53593931250187055
  0.54634188268196027  0.55676003577887923  0.56720028229973862  0.57755206760631472
  0.58790252210520799  0.59820482301120603  0.60868816448329510  0.61922672679372748
  0.62970349530694802  0.64020014591546004  0.65076120914795388  0.66145589685431827
  0.67211881748570868  0.68278695116885657  0.69322214083185563  0.70359402669212157
  0.71401861987823267  0.72453968236660571  0.73492183911936182  0.74512121979204626
  0.75541642638278406  0.76568615706685905  0.77603892410083997  0.78633397979616115
  0.79683622289809852  0.80760897844705437  0.81844841398170332  0.82915610813956442
  0.83957830536066991  0.85002659858065666  0.86075551600440103  0.87162941279232631
  0.88251892708163804  0.89311009789105622  0.90356694822344352  0.91403721627420043
  0.92481221819582138  0.93558295989976392  0.94637342456118956  0.95704273739077228
  0.96772635366843029  0.97864980298589710  0.98933740327975339  1.00000000000000000
 -0.00237496207044893  0.00903948629090185  0.01926013079504037  0.02954832927422577
  0.03994673279825946  0.05023306546360291  0.06082391191483925  0.07143882123766558
  0.08177728173008735  0.09258556598169461  0.10330229936304278  0.11393943032156502
  0.12439809286571767  0.13482891478580822  0.14518612519959215  0.15567030227148893
  0.16588932238206938  0.17656227319423640  0.18699738725167520  0.19822830687301304
  0.20964405529614738  0.22065320924352227  0.23168004692463154  0.24243576630332703
  0.25355129996873987  0.26444141065955334  0.27546841421898499  0.28677995660869759
  0.29782660258741783  0.30874100792111575  0.31911976248345358  0.32947902640664978
  0.33963947101736669  0.34984518429571343  0.36028592082157990  0.37083659640475336
  0.38074912405187955  0.39100384783235337  0.40131936814710872  0.41186357225796949
  0.42219569150285235  0.43229833514128024  0.44261070677464626  0.45296655863184554
  0.46337508926649934  0.47393918134315538  0.48443647130130169  0.49512786241264006
  0.50538646233458007  0.51587855601314869  0.52647591901831636  0.53724829275743691
  0.54774496174436171  0.55817472250213540  0.56876185567974058  0.57932863753887054
  0.58973462563115420  0.60007615475103682  0.61038100398450645  0.62092507577924483
  0.63149009329432160  0.64226286984415315  0.65297704838197645  0.66370216844949148
  0.67440826086042127  0.68498718977478679  0.69537586287579156  0.70568184166701187
  0.71614868416000677  0.72690130855203205  0.73741728560319664  0.74781352576827276
  0.75842898395919101  0.76938841158460314  0.78000949979063594  0.79042051551512238
  0.80071689112194822  0.81123844571461823  0.82152853898298495  0.83168381270332925
  0.84186458072125003  0.85223400685826023  0.86268260772756111  0.87307127980287846
  0.88321441385484811  0.89346546381679270  0.90384321947147672  0.91434789010260920
  0.92469842758853260  0.93507124486186111  0.94564686796758490  0.95637924554065135
  0.96698586486480120  0.97781722034750851  0.98873817210875181  1.00000000000000000
 -0.00236304325520773  0.00963393623211582  0.01984060048492324  0.03059833443427072
  0.04095541046903581  0.05144863009287589  0.06188858578209293  0.07253681292913280
  0.08285735473370386  0.09312084298526234  0.10329476292446761  0.11349301027496921
  0.12380324680078854  0.13436942019033501  0.14513640950300144  0.15572835565060708
  0.16651840453204453  0.17730582666428504  0.18797821758082223  0.19855572155772783
  0.20871061948356054  0.21950638583640533  0.23009932442840839  0.24108784878611736
  0.25194646004167975  0.26282628306207800  0.27339378297883699  0.28393796900157459
  0.29446606870437453  0.30508327295630239  0.31546918193566981  0.32579323862771803
  0.33592157291467800  0.34646723174227040  0.35662792993515802  0.36658341334533739
  0.37642182004087066  0.38679945103786095  0.39759986660883845  0.40804243066954982
  0.41852408217287634  0.42866457837329108  0.43909758702858481  0.44950989783313555
  0.46014388704039383  0.47062515970266899  0.48084358209563954  0.49104748722901909
  0.50107923164337120  0.51124321933286554  0.52151608041954511  0.53193811766989785
  0.54257558187942478  0.55330522509221736  0.56417781101600484  0.57502312404936207
  0.58575958185862853  0.59658319524433490  0.60724301044050288  0.61762516310746174
  0.62795297248370696  0.63834722849591441  0.64873318017170423  0.65915085670303630
  0.66952727191324057  0.68038115619078610  0.69100012300964975  0.70181172848062834
  0.71268745419560886  0.72348507556053410  0.73407511321974084  0.74455241223943947
  0.75556905120487172  0.76678882488083755  0.77802920600267300  0.78909157049885925
  0.79979327859303828  0.81036495155738286  0.82094542622025346  0.83180921188595935
  0.84249544657504349  0.85320460410145393  0.86378224947145577  0.87424366462204095
  0.88445501615091127  0.89467080037417601  0.90511224699861403  0.91564270812154602
  0.92605950255538350  0.93647557456542574  0.94722437937974258  0.95816939281451496
  0.96876660657572333  0.97922528488006177  0.98957532915705937  1.00000000000000000
 -0.00221939641546383  0.00925922755838245  0.01900668065488288  0.02977848325337936
  0.03995584431326721  0.04999186537575847  0.05978603119804072  0.06946498384960677
  0.07910599310449587  0.08904618544077039  0.09893338765655690  0.10899572850002542
  0.11887686509163023  0.12906741832653565  0.13959934234783719  0.15009359719070953
  0.16067053450042731  0.17142769759967055  0.18273126649273622  0.19380226721844168
  0.20447471881603357  0.21509517224413768  0.22603563681764824  0.23700845611904295
  0.24778180984618486  0.25806261281848825  0.26812702349345507  0.27818740099692257
  0.28823998846219373  0.29856782539938342  0.30897480684209327  0.31961885998257378
  0.33036009723382970  0.34089202630969978  0.35111802327686370  0.36126113596213916
  0.37156702114571116  0.38197286536924091  0.39236273403759753  0.40266975636603847
  0.41315118321347016  0.42367423095322604  0.43424368895465759  0.44488505365600645
  0.45555847979070652  0.46634773539373364  0.47705704991378700  0.48775296883659019
  0.49842570205256520  0.50910188693998315  0.51972813585662703  0.53015169309302212
  0.54027619744714273  0.55023630882504471  0.56015082661136384  0.57017775213954480
  0.58053856870235565  0.59081381304217839  0.60104316416372261  0.61103616384933801
  0.62126532037499627  0.63168877021557834  0.64231567377819287  0.65316955539583876
  0.66394731361482051  0.67480422416957964  0.68525055289649572  0.69581132618324260
  0.70634125007045234  0.71711404622790287  0.72779053460507803  0.73857451207986358
  0.74911301200598512  0.75980297998992075  0.77012550591029194  0.78068407891176628
  0.79105207574563796  0.80171189050978986  0.81227379222375851  0.82320301987201916
  0.83404786359126371  0.84518062713530051  0.85622695218341505  0.86746945850361434
  0.87876602667188253  0.89005664503060611  0.90118906853728253  0.91207076713753621
  0.92305257868178670  0.93438500639447220  0.94544090547452775  0.95647022204862686
  0.96741953646680900  0.97864348118275890  0.98929296453006310  1.00000000000000000
 -0.00236246200586448  0.00937588151076984  0.01977926908239714  0.03025542895200375
  0.04079546375527488  0.05140729705088626  0.06191625362196611  0.07249323584644084
  0.08304480485948440  0.09389352180068987  0.10469434263114021  0.11547221501471111
  0.12626466103854353  0.13687312328575296  0.14756578865955355  0.15868806436888258
  0.16956104050027304  0.17997847096819508  0.19033957265400597  0.20078043887777752
  0.21154995374117661  0.22204306788851605  0.23259494238382120  0.24342357096009987
  0.25451555082997546  0.26579176523710502  0.27639703742076083  0.28662801621268724
  0.29678024883067267  0.30723651599119867  0.31793236076189946  0.32856169294882964
  0.33925865368120572  0.34986077216310535  0.36048067950674217  0.37100852367688703
  0.38115210674567052  0.39126162281790150  0.40150014420661984  0.41172366033845459
  0.42202901779943702  0.43269086216717551  0.44400955040218049  0.45558131879821812
  0.46684573261962026  0.47766307337535513  0.48819355918099072  0.49876811594018211
  0.50945249518169888  0.52022424976396597  0.53079835862772229  0.54114680014474281
  0.55134665367995228  0.56170586266010414  0.57210726607113216  0.58261896555197024
  0.59312769520397757  0.60373786104233507  0.61429968118226763  0.62467509976915947
  0.63484569079917663  0.64504592581868314  0.65531814209865447  0.66587380441788468
  0.67664924859394271  0.68761330159075718  0.69855403826049622  0.70926279774288603
  0.71989328898284466  0.73015315758561827  0.74028911681009801  0.75045687488580026
  0.76070461998277106  0.77120449159441240  0.78156695621971606  0.79184920333034658
  0.80212177839102305  0.81259897840007556  0.82306886779006139  0.83342624908023588
  0.84357437126327073  0.85343494666540198  0.86332838302172621  0.87320644312389994
  0.88377977206875136  0.89436873533210015  0.90497309339523213  0.91591791054364902
  0.92645069062871221  0.93701201760646013  0.94716765153829896  0.95766045838486802
  0.96821384248748565  0.97885923457456059  0.98947723959476619  1.00000000000000000
 -0.00226532113081352  0.00924915033006417  0.01882697462405820  0.02930349985185386
  0.03954470179364313  0.05051308595820995  0.06170755732845822  0.07262045491509363
  0.08375008753270036  0.09431277684154477  0.10503380390039810  0.11488717608175790
  0.12495151407159323  0.13486500033873189  0.14518447551352714  0.15529393679827894
  0.16530016373008824  0.17546978368547303  0.18580612838562910  0.19611430472887592
  0.20631415317694182  0.21625740915343442  0.22617105443915708  0.23630538381863045
  0.24663087852172236  0.25708520292871079  0.26766881979112245  0.27854339905828773
  0.28956066635214905  0.30032186979497194  0.31125340175454957  0.32245452369944855
  0.33384759792782287  0.34490747070013078  0.35576714890254291  0.36661002549897581
  0.37708486802185026  0.38762664833283939  0.39828690665293326  0.40910299137919082
  0.41970407601564264  0.43003091885441813  0.44058077781563371  0.45106158152638109
  0.46172830129258313  0.47254369135158669  0.48323213033128204  0.49402240447153478
  0.50460450093181997  0.51550021943940172  0.52628037839218023  0.53692526024912024
  0.54765987154139395  0.55828674368838205  0.56874421522460417  0.57900476575787718
  0.58946300743327062  0.60001278857899498  0.61043685238052658  0.62101526204681978
  0.63194152447514618  0.64298130136630383  0.65365223259098004  0.66434517987465103
  0.67502693396626445  0.68562094181510236  0.69607610962999067  0.70642285058077647
  0.71662630645239234  0.72688456952366465  0.73715035796712336  0.74765965107332277
  0.75835933631927677  0.76927393509189657  0.78017362579747584  0.79091963160986822
  0.80183984170772149  0.81301046010866207  0.82399100208449416  0.83484553900090330
  0.84536420964026893  0.85583105418119354  0.86607423324942068  0.87655767708059307
  0.88673640545319854  0.89711686248150369  0.90712420011840600  0.91714673181397899
  0.92722663892514368  0.93754084381922431  0.94829932930342997  0.95875422316199699
  0.96919037220448478  0.97940285220236734  0.98967448084738530  1.00000000000000000
 -0.00260648177351127  0.01026649676361361  0.02075049170391710  0.03127879521889305
  0.04169410699380712  0.05201054411221730  0.06271806202633240  0.07364636870747404
  0.08425604227517591  0.09492167515450448  0.10535915237726572  0.11600081643279568
  0.12659354796447694  0.13728529270710293  0.14801307838673008  0.15828389861507100
  0.16868987011307771  0.17940434976270303  0.19027679382203846  0.20127675198390366
  0.21212872106286246  0.22282821961173588  0.23348935911373592  0.24409515701872359
  0.25484604936331601  0.26554648857816271  0.27653129338318100  0.28722381248260082
  0.29747599771571476  0.30738689570518324  0.31763096804318364  0.32811480661399639
  0.33856573613232466  0.34880489219031319  0.35914975113497710  0.36949025963479987
  0.38001116889564091  0.39075350974181844  0.40127526761688487  0.41186515377011995
  0.42260354734032829  0.43351603565120966  0.44412990757978832  0.45450110898805890
  0.46472869411256473  0.47525358133457007  0.48547894721534368  0.49582145924495385
  0.50576233377849589  0.51598908883919037  0.52626980527694034  0.53676976204211468
  0.54694990603941940  0.55740599329998075  0.56782629262629170  0.57839020643368511
  0.58890014258072165  0.59933335683022937  0.60999482168861630  0.62049871818211544
  0.63146595517911053  0.64227392762786684  0.65271858741788624  0.66322722608816576
  0.67361209037215186  0.68440648733312182  0.69504270862437501  0.70591597279659279
  0.71651988683509027  0.72663770746482825  0.73673886722938309  0.74661782767276541
  0.75676855946413280  0.76713701042110438  0.77768670332863932  0.78827465430235388
  0.79851796285700183  0.80886270756936485  0.81921362087698202  0.82952074651925578
  0.83995407601531258  0.85060302687208811  0.86132804562636145  0.87173450563524169
  0.88194267120301739  0.89212518579379740  0.90297987190535089  0.91366770845687639
  0.92441143933489478  0.93494169848327746  0.94585732962604541  0.95682923116555263
  0.96746735108035820  0.97808911116235542  0.98885857564518076  1.00000000000000000
 -0.00236934703299274  0.00922880634691174  0.01932690360788505  0.02962298922289154
  0.04062300795384056  0.05106936296683658  0.06183979668869516  0.07276555190012031
  0.08365640152287693  0.09434481913239837  0.10518012158208877  0.11600297510221864
  0.12659565857788441  0.13685355935516613  0.14716042548163719  0.15752042283160159
  0.16796725302176055  0.17863628666759018  0.18938279196054220  0.19984359388499182
  0.21016598220928517  0.22066535882532548  0.23148265304526802  0.24250369226812035
  0.25353079845624726  0.26444989514321349  0.27523918570539591  0.28577274038047523
  0.29619349647472826  0.30674973818267220  0.31740426218981621  0.32793828501428557
  0.33807867845801598  0.34821955684638406  0.35836398534971470  0.36861844628247664
  0.37877216146422427  0.38924789431349216  0.39977330060043931  0.41028901024372200
  0.42018474703151099  0.42996923207712839  0.43972862858397010  0.44998099898034649
  0.46019021926916054  0.47036552389197561  0.48041977107355593  0.49065476279907627
  0.50112077656846876  0.51184378681793452  0.52237551850408781  0.53279574289432585
  0.54290235074970161  0.55303560216764402  0.56346571154585035  0.57427578430535742
  0.58515451680188502  0.59590084579533609  0.60657049751597802  0.61736602965966225
  0.62822953154851713  0.63921990367738890  0.65010137230557929  0.66098879982669223
  0.67157530730127268  0.68232341105826999  0.69283631196314910  0.70341338770337203
  0.71369530468527353  0.72404907619284053  0.73449745265609623  0.74513035426283680
  0.75549152176262624  0.76589273415747183  0.77611607647711989  0.78664070205408432
  0.79722154846744520  0.80796654364168530  0.81854776077484426  0.82908943958303360
  0.83994112059138171  0.85088728225499488  0.86158276143611645  0.87204366137163780
  0.88239893719842255  0.89275027397377138  0.90327876979022070  0.91399692258387100
  0.92466409212880973  0.93546755337347975  0.94631519142107035  0.95731146075411178
  0.96789179569343586  0.97853989225133964  0.98916112661769284  1.00000000000000000
  0.03566932112248503  0.24465101705650874  0.27430022372288915  0.29094740444812767
  0.30430341901526009  0.31613574453181736  0.32711893763004724  0.33746879281318110
  0.34716665546331971  0.35645472727717992  0.36532366032106789  0.37409827714766314
  0.38263491835086810  0.39097123497500447  0.39890759838288098  0.40674220875603934
  0.41445560279165139  0.42202952780844610  0.42927780821938627  0.43645824333961236
  0.44340648992368609  0.45027107446537740  0.45709381154005296  0.46388389155569776
  0.47043574522815512  0.47682046978183046  0.48304622422921334  0.48928507069125265
  0.49555408830748021  0.50186488485538339  0.50819542857524114  0.51452297840463967
  0.52074254759816496  0.52690808990937954  0.53302459486205889  0.53917066592055296
  0.54533577695685653  0.55147083167197541  0.55755627388113516  0.56350289529144615
  0.56930204589874012  0.57509478709375306  0.58099409751582320  0.58697285511438613
  0.59280390554648521  0.59849222860055684  0.60407891632997024  0.60972771132825732
  0.61548875799622138  0.62124423441726340  0.62708139388751716  0.63302695485588045
  0.63900479357508766  0.64495442456569441  0.65070095241517634  0.65640043480810395
  0.66206836720061757  0.66777062751029692  0.67341304269469993  0.67915750304342715
  0.68497569872952679  0.69083382909744351  0.69660438796642232  0.70227555327717250
  0.70799084871474982  0.71388865120015044  0.71989937396923154  0.72600096923808077
  0.73220398463385694  0.73845099528664171  0.74470652009072247  0.75097550768944143
  0.75726698958708383  0.76357407797926846  0.76994433063104428  0.77643787601947789
  0.78299884238934236  0.78961513645810377  0.79636683138453090  0.80331969602983277
  0.81044225014561266  0.81770284395158765  0.82514119025552080  0.83271485960233604
  0.84060387946818138  0.84873815573839884  0.85720103972755923  0.86613550356440117
  0.87570042358694622  0.88587230404288553  0.89658774452360834  0.90812483803196076
  0.92126248482618844  0.93703568943336446  0.95931978515737781  1.00000000000000000
 -0.02519083039310100  0.12340585259245382  0.16024227774705749  0.18195193493135123
  0.19895862651809273  0.21361249232643875  0.22653987753009205  0.23816346746882941
  0.24887526385049646  0.25889588056813762  0.26830814264053626  0.27715386986565371
  0.28563481247132627  0.29375313088477534  0.30155442249883452  0.30922259112797157
  0.31663030635635653  0.32370664464575827  0.33057126942963638  0.33719470419762027
  0.34368038974732812  0.35001361197801134  0.35633650945664236  0.36267389746960049
  0.36892686405000619  0.37514299403990059  0.38126107316533331  0.38728969858454032
  0.39309754567068289  0.39875558272066997  0.40431857093001844  0.40986418710463263
  0.41543332088472557  0.42089993126473457  0.42646614735312521  0.43204197933098076
  0.43752480236607344  0.44289869734659670  0.44821955870010421  0.45357733784847748
  0.45892719504776247  0.46416673212175952  0.46928668705031579  0.47431453429016762
  0.47936923685646987  0.48455717067236304  0.48982853718292924  0.49518722745881627
  0.50048894396154942  0.50585692464085963  0.51118904811927601  0.51649565659342611
  0.52179333169517250  0.52721300501973867  0.53258219809454599  0.53798779735800484
  0.54342364590798797  0.54891744537919496  0.55450047313527251  0.56012010126871026
  0.56576106064134790  0.57143823994551746  0.57715640309388039  0.58293033875242395
  0.58871528354957980  0.59454652056980972  0.60037925655168001  0.60617201737442494
  0.61194223031005224  0.61771680549319830  0.62359176235039371  0.62959491520151178
  0.63583079200676951  0.64224508029813765  0.64884323408657441  0.65559170838042691
  0.66233264295384831  0.66928005479023944  0.67634121407426673  0.68349881379933997
  0.69112924349999727  0.69905870160213357  0.70724276744560177  0.71555706216467463
  0.72425236041614616  0.73327670350189578  0.74284364678699399  0.75294576995161977
  0.76384168975561206  0.77559471519008805  0.78853249164239536  0.80294169869993071
  0.81978536129119783  0.84123115485171740  0.87598648699241222  1.00000000000000000
   4.8101900929628574E-005  -1.0000000000000000     
 T F F F T F F F F F F F F F F F F F F F F F F F F F F F F F F F T F F F T F F F F F F F F F F F F F F F F F F F F F F F F F F F T F F F T F F F F F F F F F F F F F F F F F F F F F F F F F F F T F F F T F F F F F F F F F F F F F F F F F F F F F F F F F F F T F F F T F F F F F F F F F F F F F F F F F F F F F F F F F F F T F F F T F F F F F F F F F F F F F F F F F F F F F F F F F F F T F F F T F F F F F F F F F F F F F F F F F F F F F F F F F F F T F F F T F F F F F F F F F F F F F F F F F F F F F F F F F F F F F F F F F F F F F F F F F F F F F F F F F F F F F F F F F F F F F F F F F F F F F F F F F F F F F F F F F F F F F F F F F F F F F F F F F F F F F F F F F F F F F F F F F F F F F F F F F F F F F F F F F F F F F F F F F F F F F F F F F F F F F F F F F F F F F F F F F F F F F F F F F F F F F F F F F F F F F F F F F F F F F F F F F F F F F F F F F F F F F F F F F F F F F F F F F F F F F F F F F F F F F F F F F F F F F F F F F F F F F F F F F F F F F F F F F F F F F F F F F F F F F F F F F F F F F F F F F F F
  <DiscreteSampler_grid>
  grouped_processes
  1 # 1 for a reference and 2 for a running grid.
  10 # Attribute 'min_bin_probing_points' of the grid.
  1 # Attribute 'grid_mode' of the grid. 1=='default',2=='initialization'
  0.0000000000000000 # Attribute 'small_contrib_threshold' of the grid.
  0.5000000000000000 # Attribute 'damping_power' of the grid.
 # binID   n_entries weight   weight_sqr   abs_weight
    10   10   5.805892492962006E+003   2.826024504388080E+008   5.805892492962006E+003
    16   10   5.805892492962011E+003   2.826024504388084E+008   5.805892492962011E+003
  </DiscreteSampler_grid>
