  0.00336695985960024  0.01165692047760309  0.02178744101358369  0.03232713437160063
  0.04264127517968646  0.05341852922968056  0.06392470760999328  0.07447978331424898
  0.08466150213232682  0.09451172562543021  0.10446241784954469  0.11449947371915602
  0.12486982427519792  0.13506803198158701  0.14533852654707755  0.15573770302923509
  0.16610931365594508  0.17657514069006103  0.18708436973927281  0.19765562453133306
  0.20812422811330009  0.21857096178583207  0.22919790653667768  0.23988150512747000
  0.25042415124513556  0.26082781972002300  0.27122300215767448  0.28170353281700977
  0.29232629531276111  0.30279316221016406  0.31306692795885205  0.32338961382211179
  0.33384173960205210  0.34452404038982859  0.35520375303408475  0.36589677064359249
  0.37630195532808486  0.38639768371207861  0.39651565156700408  0.40694504561811151
  0.41760167852357732  0.42829984623432144  0.43899686816696132  0.44969186974450331
  0.46039023026037451  0.47111689533170942  0.48186242812722802  0.49255744988447386
  0.50317131922398861  0.51383421560618336  0.52454747346996400  0.53518094727964483
  0.54546774493129646  0.55556767933538342  0.56583547968325698  0.57645909125158090
  0.58714343932629565  0.59768759916405600  0.60808590690469955  0.61842317224451693
  0.62876649497973380  0.63925792359017841  0.65003802130960286  0.66097653415274082
  0.67176103332726722  0.68226213063072150  0.69246170172918320  0.70259591682275069
  0.71276697258161192  0.72293077277724449  0.73313591582679749  0.74315250967582269
  0.75315523649367289  0.76326009564901243  0.77347273636172809  0.78387077731753219
  0.79431131286284340  0.80491209924096052  0.81531683804405530  0.82569317963320277
  0.83603289306736450  0.84629498975145201  0.85670643366505472  0.86718422217914726
  0.87779336613209780  0.88841324986732706  0.89903651088710645  0.90980067090842376
  0.92056699891272176  0.93133783600875031  0.94211417855447077  0.95255505655665362
  0.96333887643486227  0.97459043360557929  0.98683890538818331  1.00000000000000000
  0.00686477541542841  0.01673112009197302  0.02820866241677854  0.03961935960623349
  0.05077698944368158  0.06177800205537556  0.07264673101646726  0.08327217332536996
  0.09391690794549420  0.10455415971966987  0.11508259130634635  0.12534535764951288
  0.13555095884085397  0.14588663627534471  0.15631975254201178  0.16660728095454244
  0.17664105974670047  0.18660885036724190  0.19675944631450043  0.20715783044227809
  0.21771195724464634  0.22837172802480918  0.23913990580077435  0.24985789781732412
  0.26044244566396263  0.27081039768110371  0.28105479561357000  0.29135097722875813
  0.30169747691975973  0.31210061919982324  0.32262706720836715  0.33328770536631241
  0.34429876369907902  0.35540397866489781  0.36644754427988008  0.37730519346928892
  0.38779878022524827  0.39819217764066395  0.40863196088721154  0.41925025866360932
  0.42993811001873883  0.44032657804347564  0.45035105108175133  0.46031551732110604
  0.47045819199928474  0.48087138618468961  0.49132893274049833  0.50167125350613118
  0.51201276573248256  0.52249413450695048  0.53308664916385406  0.54358404441332553
  0.55388699668273955  0.56408482438665419  0.57457512358564145  0.58506402000555024
  0.59563679981570028  0.60621318630978716  0.61678351030449485  0.62744107636123259
  0.63778869273736338  0.64833308076532548  0.65889788728533316  0.66967983652546692
  0.68054023529060026  0.69133317469979039  0.70198677472229609  0.71229862883744222
  0.72245105028079415  0.73272586659814054  0.74314983355024167  0.75357652112597562
  0.76390539893108167  0.77429100560223318  0.78474977606176444  0.79533268047446037
  0.80575869853337301  0.81625570203122011  0.82678964232083541  0.83736508663758213
  0.84789736522785208  0.85832679968477865  0.86883859441018529  0.87930319888039976
  0.88938641156564924  0.89926001818644574  0.90904658800219273  0.91915363438331343
  0.92930904302102546  0.93951520206991768  0.94988920285359579  0.96034097472172919
  0.97070974936424004  0.98059002524179917  0.99037449500564545  1.00000000000000000
  0.00345978782985640  0.01103458381998833  0.02096961600963250  0.03102946842851449
  0.04119997611094164  0.05168249819670957  0.06210872404106715  0.07253049127985295
  0.08287489726186122  0.09325603538739437  0.10366340529368710  0.11388786925005988
  0.12427610212177524  0.13429052605383415  0.14427498027007740  0.15418728087524994
  0.16435581312385594  0.17482752306659921  0.18543255257238361  0.19634593112636697
  0.20712263289148500  0.21781136322058312  0.22850500790828127  0.23896289823549183
  0.24939436281925006  0.25984043857239075  0.27013484895747575  0.28066628857304932
  0.29103088197809224  0.30140817197509961  0.31168655547718704  0.32156932287316753
  0.33179260252079701  0.34200207580097869  0.35239775749871755  0.36238277096303273
  0.37245588591818807  0.38260434598370024  0.39278297327051764  0.40283360019674358
  0.41265889021034019  0.42295040422784541  0.43328033827120344  0.44384301944865295
  0.45428230391157759  0.46494484450182993  0.47559058766651913  0.48646883123907697
  0.49723799272020702  0.50795796066692145  0.51868621117599845  0.52965247134887605
  0.54039235601435442  0.55099437318877953  0.56148239903050445  0.57251145288641536
  0.58360695996366740  0.59480455151447142  0.60577829512518988  0.61677835557878746
  0.62739407038242756  0.63778577226161803  0.64801844319363577  0.65812845497707750
  0.66826776386769871  0.67838143880062429  0.68867291623707161  0.69907835502592219
  0.70951442767767448  0.72009723943548032  0.73096665243860082  0.74186808462002685
  0.75250977694925247  0.76285746278026567  0.77313477655994201  0.78323903482457846
  0.79337446766619779  0.80369662945368880  0.81440839747643301  0.82530901563965575
  0.83612669317670285  0.84683295073784526  0.85747850310335505  0.86820592085607717
  0.87886909061037577  0.88961716468049801  0.90010966936332282  0.91078603356365651
  0.92124457515971880  0.93221800954268874  0.94287911940323288  0.95391610704582341
  0.96475668733321795  0.97617487864128982  0.98799449099361081  1.00000000000000000
  0.00575177912051528  0.02077862442198248  0.03591661829996102  0.04883917082439796
  0.06068715915637065  0.07232023940955383  0.08342680713528187  0.09411132171204184
  0.10467822112465362  0.11543146192251026  0.12643833502364932  0.13750125960992690
  0.14844714447958351  0.15923645542043499  0.16994264873509166  0.18072517956006842
  0.19154349913257043  0.20234419971728052  0.21304930975410363  0.22359348798409312
  0.23432958633014861  0.24494932218510707  0.25541666472783559  0.26571280879081588
  0.27604985544162919  0.28643250728116415  0.29677764433830184  0.30711179207532735
  0.31724983279494168  0.32752940332309149  0.33808471071350138  0.34895245030252575
  0.35982079982033038  0.37064507402703162  0.38145197471514486  0.39219296753863980
  0.40290989907515423  0.41368829831801357  0.42437624382736849  0.43478060907010990
  0.44497503404421529  0.45511483923511109  0.46535201950484201  0.47584735192335259
  0.48666465347088106  0.49760584182592416  0.50835703393510845  0.51882872821383774
  0.52909062414242736  0.53928007488773988  0.54974916584776534  0.56049464852308040
  0.57133450598279312  0.58198724975999927  0.59257587653872701  0.60309187813753051
  0.61344010357564960  0.62355556815906332  0.63359551721202045  0.64355221254288575
  0.65367006108100367  0.66390057539457825  0.67417364079847131  0.68416673244154802
  0.69379469692331341  0.70334487517106981  0.71320365877000180  0.72328314042521047
  0.73334739921604419  0.74314478110062987  0.75307300146962208  0.76368866905099797
  0.77446569740680449  0.78493631101606809  0.79531354794044518  0.80568008619104636
  0.81614446289949749  0.82649207062616703  0.83650381508171834  0.84622678279167296
  0.85579891859564539  0.86538087148759069  0.87518559103460514  0.88525713935391803
  0.89548670508378114  0.90574667338784487  0.91596821541458351  0.92628332270999458
  0.93671473633218616  0.94691389234085022  0.95677584003352001  0.96642240058549778
  0.97554517155334797  0.98384203997359343  0.99176739807565018  1.00000000000000000
  0.00000024009769821  0.00000876530017203  0.00001341864238718  0.00001753761922456
  0.00002178311860822  0.00002596200387156  0.00003005898875388  0.00003410664948090
  0.00003816126173446  0.00004227275075552  0.00004630985552991  0.00005047933205847
  0.00005473679167398  0.00005907184727849  0.00006346285678470  0.00006793652278155
  0.00007247245777201  0.00007705470637965  0.00008173127425486  0.00008650212637594
  0.00009133127572611  0.00009626402494078  0.00010135965274403  0.00010661850611364
  0.00011200949175309  0.00011752241835820  0.00012315675864358  0.00012896391970208
  0.00013513836312453  0.00014179684585779  0.00014877338800379  0.00015614103891625
  0.00016397790045064  0.00017223991596292  0.00018085524878947  0.00018980005792981
  0.00019883873227086  0.00020820568067276  0.00021777634320059  0.00022747030145895
  0.00023734922689011  0.00024752111689758  0.00025814410683703  0.00026907398717764
  0.00028048996907511  0.00029235623801270  0.00030480698635291  0.00031798110697480
  0.00033172242080486  0.00034602729098541  0.00036107336047094  0.00037701916094468
  0.00039387148050291  0.00041146748083286  0.00042978185873267  0.00044908844146025
  0.00046961030372035  0.00049174413619886  0.00051517638394116  0.00053958769290912
  0.00056521790674752  0.00059235378371569  0.00062134051692767  0.00065254510880017
  0.00068546945764785  0.00072093235928711  0.00075902251236786  0.00079954196769095
  0.00084262813452899  0.00088729411130215  0.00093409871135132  0.00098392060410297
  0.00103924567449715  0.00110320314009734  0.00117492541344454  0.00125367543855113
  0.00133799000360775  0.00143056746130557  0.00153581612262959  0.00165307543197576
  0.00178417924696323  0.00193109199109567  0.00210346207602625  0.00231214334994191
  0.00255307546148358  0.00281147914618894  0.00310886357129447  0.00344524932251265
  0.00385022261002425  0.00438724149563389  0.00510408262000845  0.00634137295845672
  0.00817268081243904  0.01183484146877086  0.18864987322706411  1.00000000000000000
 -0.00249503524287424  0.01027758704299658  0.02076265623858488  0.03204220260703559
  0.04306564730377806  0.05440766944682555  0.06567808864088583  0.07700949592271797
  0.08835485367086299  0.09963250449380043  0.11068410088255082  0.12151775131924990
  0.13231993325296049  0.14316294424752779  0.15417251986001124  0.16516277750136921
  0.17607854745091439  0.18702219206958920  0.19774501388833329  0.20843536459234263
  0.21881675861321442  0.22907165297156673  0.23925273886933060  0.24970337240885035
  0.26024527397101083  0.27078903921899605  0.28150118864094514  0.29211696597387699
  0.30264052287768106  0.31297245558690778  0.32376743430690624  0.33461910963176111
  0.34547930578538155  0.35624611397459360  0.36693018881943990  0.37764713706245279
  0.38833746484886950  0.39880518749863236  0.40886531116539632  0.41895974281072629
  0.42928613239615432  0.43972578730805278  0.45025767622278834  0.46060802265548256
  0.47158189003063944  0.48238515735918969  0.49314250191215836  0.50377736121687966
  0.51446036937444795  0.52518296731153558  0.53585050989161020  0.54656366864251305
  0.55718082391823398  0.56762979411792991  0.57782236362979089  0.58803169581780290
  0.59835461260481437  0.60859527651430678  0.61876543821804786  0.62875569103167728
  0.63899942476345772  0.64915567400485275  0.65909090351311406  0.66916918147804816
  0.67938182502384004  0.68979459475541582  0.70018460407589955  0.71033944670867422
  0.72052755095049803  0.73078093294465629  0.74119791555983250  0.75166335402631523
  0.76196278112866200  0.77208603935135289  0.78231047710977752  0.79274620651068850
  0.80360283666174914  0.81457250013942839  0.82509851059190742  0.83563599037675329
  0.84590603238031570  0.85653950644692656  0.86712714520640255  0.87752974659683614
  0.88809820957131080  0.89845477572272248  0.90909082205023206  0.91964438557286421
  0.92994690635105026  0.94013730884393198  0.94977954461980163  0.95966402469478707
  0.96961612647144146  0.97964004631231560  0.98983823104964785  1.00000000000000000
 -0.00228501314852696  0.00915375297382628  0.01935526677395802  0.03012176147484753
  0.04095723591062533  0.05155508865396230  0.06227466176744154  0.07284733442372006
  0.08377129577381402  0.09444092067682219  0.10509159284548697  0.11548942324121778
  0.12562185930313283  0.13570493630814726  0.14573322705295372  0.15607854210578087
  0.16661988993296978  0.17748686438404288  0.18825340510540209  0.19855941097566193
  0.20864814085754596  0.21863011245214523  0.22870422527029927  0.23867093532895606
  0.24875725946390528  0.25920275992910780  0.26978182582666860  0.28042181691454665
  0.29137689021178487  0.30266020291670237  0.31378333340919989  0.32474203248227024
  0.33526951590960347  0.34558709297776929  0.35591441363326931  0.36629463159216491
  0.37665653016702727  0.38688174450570084  0.39723120650385008  0.40789903752498119
  0.41866249505119446  0.42965613782191175  0.44047917315403501  0.45112857078020119
  0.46140652720790337  0.47183736340997856  0.48228817661026319  0.49261280967213611
  0.50283229889893655  0.51333968137777408  0.52400184692354557  0.53472746367160073
  0.54511986651226252  0.55527719672114384  0.56522608268331742  0.57531286087272693
  0.58526183165818058  0.59542813137506090  0.60559889817997314  0.61648191415180098
  0.62703093892510264  0.63766400992684658  0.64822452898383343  0.65882116857779083
  0.66949385595118804  0.67995420282107144  0.69063011220690795  0.70121223982453662
  0.71173718017312648  0.72269475983124720  0.73348003373458570  0.74428292439316301
  0.75489509800629306  0.76545837532193228  0.77612889139742691  0.78670620682796788
  0.79744419241311670  0.80823956490328763  0.81886849812611828  0.82991891086084202
  0.84084693619584960  0.85191532623115407  0.86236800768316668  0.87294082195568590
  0.88330107425653415  0.89355156782527878  0.90369302830274933  0.91340047614715847
  0.92372568999358284  0.93406626750450439  0.94530011322921326  0.95632883216619902
  0.96733393755644204  0.97829029069205498  0.98916781739791226  1.00000000000000000
 -0.00226189644530481  0.00885833848468778  0.01895438114857718  0.02939749788822443
  0.03978930323077202  0.05006117520310886  0.06023090634999961  0.07073040997323776
  0.08156442807474663  0.09232168391422972  0.10301395512308581  0.11368787521823993
  0.12459088219016874  0.13510999258153958  0.14542098263051564  0.15577614957722405
  0.16658611684304248  0.17720957414303945  0.18772494508933771  0.19781107491544267
  0.20826160127338797  0.21861557463802059  0.22889475022359052  0.23918349421995583
  0.24963027763096265  0.26039412584079036  0.27111199744353226  0.28220919635978353
  0.29331679533216692  0.30423423495615481  0.31497788789787895  0.32560220830143827
  0.33598759956579943  0.34604840963540079  0.35612397742025131  0.36633906025092533
  0.37663418597297216  0.38678649895153072  0.39707128248427831  0.40753640666336216
  0.41821900699950793  0.42893172626869031  0.43953661557898688  0.45012092421168376
  0.46068781879030019  0.47104574643532959  0.48142282643770684  0.49176798625268098
  0.50232866968928258  0.51272254916540161  0.52305956598656722  0.53365578633847843
  0.54445498316793439  0.55542122930017213  0.56652774614899315  0.57771545426852045
  0.58867345997768938  0.59916485014327714  0.60950072294130153  0.61984741012017563
  0.63055607580216766  0.64133008513988199  0.65221380811483209  0.66274170945021349
  0.67343500308255277  0.68406031566106362  0.69465787652559730  0.70521943688044397
  0.71577347720840889  0.72643578193336378  0.73674895364756976  0.74700112749079339
  0.75736297879878856  0.76786200070005417  0.77789772657873069  0.78779001166586093
  0.79772773697025290  0.80794677294925910  0.81821901576306011  0.82874347405529303
  0.83942779560796843  0.84996190119777471  0.86037757737452669  0.87072338891734746
  0.88140761808328127  0.89230771107490248  0.90291010430749152  0.91366825656885853
  0.92425458627500157  0.93492558850688567  0.94529234346190760  0.95615483595082817
  0.96713361833752465  0.97803877040792875  0.98878908616809347  1.00000000000000000
 -0.00256523986732053  0.00973732045170730  0.01991104773217101  0.03040466365422047
  0.04099311143065035  0.05169863804884307  0.06240695793829478  0.07264318896790457
  0.08268155065367079  0.09296868095002957  0.10321683594583995  0.11360961705049488
  0.12400802713591159  0.13450366807176869  0.14507569869369422  0.15570270730882146
  0.16616122581107867  0.17643258184384253  0.18672494918525043  0.19718342716400944
  0.20764446166876258  0.21796439283020977  0.22825291249241658  0.23847554151755651
  0.24861732746767184  0.25893372381863711  0.26951187994328485  0.28013325842784459
  0.29059266628495395  0.30111015202251501  0.31190970921354516  0.32276094856147791
  0.33364807918054884  0.34436365855265916  0.35481745165608092  0.36480551958750707
  0.37482886138450022  0.38507963862430888  0.39555117738662465  0.40594302731162940
  0.41621532437497338  0.42648849148287754  0.43697607894637619  0.44741847953380637
  0.45782464279306012  0.46802923854878559  0.47851192890221034  0.48915822735600828
  0.49992083532985271  0.51070909927166674  0.52173375361372121  0.53285295719130055
  0.54405396023228303  0.55531634504824412  0.56657356716335827  0.57751112962496642
  0.58813387848264065  0.59865449065273879  0.60924933687149652  0.61978734978318417
  0.63053612227227906  0.64123134151882155  0.65212367154732431  0.66280437265242831
  0.67369082719321038  0.68471917921439784  0.69557339971015830  0.70601929413113818
  0.71628345690747453  0.72661388844503028  0.73704344507405428  0.74747109128194567
  0.75765647063099806  0.76787838632861283  0.77837002888361506  0.78918594701599032
  0.80019981024332887  0.81079321691428441  0.82130115142494708  0.83183100547498012
  0.84233664897979099  0.85272148938488534  0.86309041990950108  0.87321677508931550
  0.88339482529628299  0.89335316938616394  0.90370205669521353  0.91430724652688622
  0.92541391388853844  0.93649060023203712  0.94747773595498108  0.95820376829027198
  0.96863874637978054  0.97917548001178745  0.98961896011495976  1.00000000000000000
 -0.00232707492035440  0.00939814215169015  0.01975778793208279  0.03040183689485378
  0.04084847698159826  0.05114637419159920  0.06161525388021134  0.07211117209487114
  0.08260162539944038  0.09284538653184730  0.10307686817694582  0.11335455052067291
  0.12382489171187057  0.13452966075089914  0.14524680532801604  0.15578744973975456
  0.16610902581099324  0.17637821602083226  0.18661019759103861  0.19663475305826464
  0.20665657103043281  0.21682841805734168  0.22732489538916303  0.23774012231578931
  0.24803137540986642  0.25811172179770037  0.26814641713463006  0.27808344208293617
  0.28828326409566235  0.29835131727787806  0.30846545058464397  0.31844160142852962
  0.32862419767119838  0.33892834790073062  0.34942106509546533  0.35980352276722466
  0.37015794334863272  0.38037509350783671  0.39055057451141567  0.40097683725668615
  0.41125230530836482  0.42161303216831825  0.43192644537418923  0.44243029657491445
  0.45310555365156441  0.46391333770544074  0.47481184199045823  0.48570003193825978
  0.49627657893702554  0.50679692446951563  0.51720225429264532  0.52755316716204292
  0.53795142515107008  0.54829134701411197  0.55883903965488280  0.56946606083128593
  0.58001696993406271  0.59050615053949729  0.60088085231564836  0.61152829376927742
  0.62230793983796262  0.63303692977163994  0.64379047421464575  0.65446139130880898
  0.66530299773001234  0.67579266654464698  0.68613521814502720  0.69651970901524918
  0.70709014614616039  0.71804357374519412  0.72929884749091400  0.74068898330392974
  0.75169298412092644  0.76231037016256298  0.77305774695132701  0.78403454590925414
  0.79488269962864866  0.80546176578163442  0.81597947797592918  0.82658137063101922
  0.83720612466654964  0.84764701744727511  0.85822189759086753  0.86915376578299652
  0.88026252799676064  0.89138744263702541  0.90233949510087963  0.91348277169726932
  0.92430409085200338  0.93524787529531050  0.94594250453436179  0.95675827060008956
  0.96753564048422735  0.97804179152267479  0.98912234453874115  1.00000000000000000
 -0.00246651351405742  0.00950489278953214  0.01998918262884805  0.03053810960403438
  0.04117670656231532  0.05165650246578678  0.06212873282452736  0.07246562099036361
  0.08290377345039497  0.09358968994542445  0.10445718620370638  0.11551739552925605
  0.12655972185362521  0.13755494050073980  0.14844963926646734  0.15912520486578555
  0.16971648438847287  0.18034695764948047  0.19097564775911482  0.20154312405609112
  0.21220255288115494  0.22298393435589917  0.23373841928170722  0.24436114548740140
  0.25469966865515403  0.26490224562791609  0.27501477364246296  0.28555403584752603
  0.29637559572672512  0.30732323791975402  0.31806426351095840  0.32888719990749232
  0.33951318880462478  0.34991885580127585  0.36012959807362799  0.37036546551496746
  0.38092888506772743  0.39144985193564746  0.40210885594552143  0.41274736766136627
  0.42367396057884860  0.43465601420208061  0.44518157003916065  0.45554687680251865
  0.46570861651807666  0.47610236267623041  0.48649433688963256  0.49680406458598797
  0.50720309439628442  0.51768548182037155  0.52823361065264374  0.53865450758229994
  0.54911571128801429  0.55944890358553923  0.57016281063729668  0.58074908331396680
  0.59151446077733072  0.60212355957262231  0.61265416219490465  0.62314875688920957
  0.63362684955442017  0.64394166149447229  0.65421301776013774  0.66421795613053913
  0.67435176366360483  0.68461057295554784  0.69479597488999534  0.70493114053900841
  0.71555342363356222  0.72664715936237356  0.73799916162235180  0.74914966912520042
  0.76015465892384981  0.77098765210459053  0.78172550489830328  0.79244185602126960
  0.80310266910364092  0.81367600834411036  0.82407376287955503  0.83448975407285941
  0.84462108274287839  0.85490563865317959  0.86517174614494885  0.87552726458796271
  0.88597557424604634  0.89655916419892867  0.90709556300750327  0.91757103133459528
  0.92784349271790112  0.93833656209878435  0.94862640310922974  0.95891932792011392
  0.96909238414008392  0.97951312354772602  0.98988894865763422  1.00000000000000000
 -0.00244061073678763  0.00971162879015408  0.01938935210374225  0.02989084069509378
  0.04018989436759426  0.05080332990081022  0.06103564234520593  0.07136628954887236
  0.08166477312476506  0.09238558923282925  0.10320960505327433  0.11412834770711332
  0.12508844834326543  0.13578804683514248  0.14651394755955777  0.15727481500377402
  0.16796608120469134  0.17849115851555758  0.18921266060709646  0.19995743405863789
  0.21078394745125764  0.22126974846792777  0.23199294761903996  0.24282218589868065
  0.25341569870321007  0.26415664194662719  0.27504247368702844  0.28596486543570371
  0.29659309220754021  0.30721167145468464  0.31778144446145190  0.32847420633113744
  0.33917676067089297  0.35001110866335700  0.36070274711336614  0.37138861651378552
  0.38187319341310610  0.39245390170129307  0.40296765961841630  0.41346363670504793
  0.42367753037080835  0.43369876591126788  0.44416451334292734  0.45462911150631202
  0.46506245926102341  0.47549797388662191  0.48621246012731434  0.49700630500542403
  0.50774810840552143  0.51851692024227669  0.52956327188392482  0.54019140128664067
  0.55074407142646342  0.56143371702115097  0.57200921376689673  0.58268573458813955
  0.59325734319161749  0.60377386229810859  0.61405760370508133  0.62432444933406384
  0.63482926957656238  0.64541959953781503  0.65551947823116241  0.66582852138343995
  0.67638629244119142  0.68657518165244991  0.69683581967780639  0.70655512262588827
  0.71687474188866251  0.72718208466496259  0.73806324083184571  0.74887123296173663
  0.75944197910540467  0.76951902958513352  0.77954759608723700  0.78981895110221678
  0.80038570035655332  0.81070202086617393  0.82076385646981087  0.83081779899198427
  0.84091598137346890  0.85109448042278513  0.86139560793285430  0.87212350928309279
  0.88318732547546686  0.89430345220195473  0.90517698977904992  0.91608661399160063
  0.92672515383373744  0.93765224813842452  0.94780011610775627  0.95829310320060446
  0.96866505218189969  0.97932625774160176  0.98968425207179767  1.00000000000000000
 -0.00247167086504858  0.00961829193082049  0.02018550287751877  0.03078432974742846
  0.04174140128149300  0.05252095670184319  0.06347839529391544  0.07390651496045957
  0.08445276829210088  0.09518589458736200  0.10589614215076029  0.11621916960323217
  0.12657941529817968  0.13704113205296145  0.14781357503598824  0.15840157009408068
  0.16895826008977108  0.17970665381554310  0.19038806490016155  0.20122653721277511
  0.21184849934789038  0.22231844467409628  0.23276129573482374  0.24314911519991123
  0.25381760443780554  0.26455105153028469  0.27525091534997720  0.28572719033064403
  0.29619845946796530  0.30688715429943303  0.31755291592562152  0.32812106595993551
  0.33869562857298580  0.34935759082659407  0.36004619675977056  0.37074928772322585
  0.38159165640525988  0.39249302863294211  0.40322006236764890  0.41373407665191647
  0.42406381912236324  0.43448082688198669  0.44481349774938533  0.45521500747156196
  0.46563458826220711  0.47610297565361609  0.48657628406233100  0.49696051679336417
  0.50744267750731775  0.51803908757055905  0.52883795968652048  0.53966345933801174
  0.55015213926352358  0.56053265537801766  0.57083705338546797  0.58124171079768705
  0.59155738599768692  0.60193669813138928  0.61250660202013563  0.62321838258698325
  0.63367204593154436  0.64415521657341268  0.65453505714164162  0.66495726390931775
  0.67528972097885798  0.68570307139028464  0.69637312107461236  0.70708060486265256
  0.71788272109306972  0.72854087045033655  0.73919102986436136  0.74975627610158857
  0.76062272967874978  0.77149527340032720  0.78209433347401813  0.79246399925562094
  0.80304959139619247  0.81399172717419532  0.82455632829900660  0.83488194339149768
  0.84497554004817854  0.85515608446811531  0.86529174996911229  0.87550585942947023
  0.88602388272558885  0.89683454810515428  0.90748118675085920  0.91786024374298003
  0.92793953488767678  0.93776880452677536  0.94811187856042911  0.95840037220577778
  0.96916683924753677  0.97947281027127076  0.98990637425803185  1.00000000000000000
 -0.00246679663030251  0.00936390177439586  0.01944482424323283  0.02992356501440854
  0.04078129738189247  0.05155915509691535  0.06240977078855073  0.07304825367854789
  0.08355178820931665  0.09411261059632899  0.10451759497894456  0.11520119182030672
  0.12574861279178565  0.13641143222625721  0.14685856429345576  0.15722558643953391
  0.16778691588806424  0.17823771997939639  0.18874365954862032  0.19908829958574883
  0.20939580476204891  0.21981333491275062  0.23031506887925399  0.24114620694603778
  0.25180238502483743  0.26258403944006858  0.27344584577100800  0.28421186471201970
  0.29476337501025296  0.30521175780756910  0.31552756655792019  0.32596250724078135
  0.33667310419841995  0.34800162809546603  0.35879769726461436  0.36938435205569548
  0.37947770496775529  0.39007698101791077  0.40052831660266480  0.41108039558457798
  0.42143230566164458  0.43202202983680732  0.44296028600958792  0.45401040014215649
  0.46486900660442015  0.47537160187224170  0.48549555677781808  0.49573070919354090
  0.50586052061617037  0.51634535609698717  0.52665116452101890  0.53695032159730971
  0.54707772052694936  0.55744479580631845  0.56793635676935328  0.57833591731584055
  0.58834024257099793  0.59808538813856926  0.60804132560973656  0.61810661466401562
  0.62805743866334662  0.63823482725568426  0.64843356634759719  0.65898777354859850
  0.66924971663777399  0.67946172429133245  0.69006227792947450  0.70072942261910165
  0.71157768074666250  0.72281487043961612  0.73392962573086062  0.74489988572998367
  0.75578617903799794  0.76645889706805936  0.77722540655757300  0.78784653921932690
  0.79863624753553231  0.80948132230453218  0.82020030867886318  0.83116332553072003
  0.84149051340639758  0.85194262096640438  0.86201013916528091  0.87230482255796993
  0.88241156758085215  0.89247232286123213  0.90273668145022190  0.91362360431765555
  0.92437264273793407  0.93522481842849381  0.94586603213298603  0.95678878441890658
  0.96766255045810723  0.97837339405835544  0.98918230116329842  1.00000000000000000
  0.11796357164660662  0.24169341880561476  0.27251693510316383  0.28888279821128932
  0.30223175693609450  0.31423157539917362  0.32526457195194092  0.33576057677380095
  0.34569529256499620  0.35516176242042530  0.36417047782633993  0.37276624170891332
  0.38094316382946747  0.38894720884964074  0.39677270284141813  0.40439985666337730
  0.41185359244566411  0.41913005140499587  0.42631808259363707  0.43351002402501843
  0.44058591385518941  0.44750634080723051  0.45425718501240364  0.46091691159405912
  0.46752844280749856  0.47407759632755964  0.48057162515927221  0.48706258732752372
  0.49348073323598629  0.49996619170639012  0.50624100689807994  0.51250613339903250
  0.51865624232322438  0.52481010730980893  0.53083882893432754  0.53685713330494955
  0.54280052470162954  0.54880642259443402  0.55486058193211385  0.56088490968149662
  0.56680578150888150  0.57264990296887408  0.57849602662719113  0.58432980511152421
  0.59015993219555729  0.59598568890849746  0.60179445402873089  0.60760041467777071
  0.61337784056760714  0.61913714702864564  0.62491242898235355  0.63061549088445767
  0.63632664472683598  0.64211120444060021  0.64788125929054174  0.65371557146276982
  0.65937990991267048  0.66516037771508685  0.67097457849821696  0.67685246306288849
  0.68268335869626429  0.68849126603707722  0.69438045093846712  0.70033608569569183
  0.70639999513808716  0.71245881996803551  0.71850541060755635  0.72460455671101054
  0.73076891036287384  0.73693805936410062  0.74306663970615905  0.74920451124169785
  0.75546491194608278  0.76186061214509104  0.76834729401298940  0.77496162344980468
  0.78170129070914018  0.78854424404427292  0.79553142888401263  0.80263698027731434
  0.80974167775247086  0.81696917993928364  0.82446410167155559  0.83217891174983771
  0.84013290618937475  0.84816568792156766  0.85654993909177268  0.86540576029857919
  0.87460721521902829  0.88460581898577351  0.89546703188270704  0.90738540674540147
  0.92044824272260806  0.93580702623753786  0.95789289392511145  1.00000000000000000
 -0.02535007565146216  0.12220017036925375  0.15849596579511022  0.18026628939080663
  0.19737426199202734  0.21184109461725681  0.22469024575180466  0.23645882217675998
  0.24737807263738631  0.25734173057121912  0.26676657102305673  0.27582427858795966
  0.28440066914684015  0.29271116242984674  0.30057143523073715  0.30827030693279361
  0.31560814790316610  0.32283745305006961  0.33001322859210158  0.33710428449950447
  0.34393600531666552  0.35073620358662583  0.35728251215272877  0.36375885123424118
  0.37012497078826823  0.37628758217529018  0.38229238219650313  0.38819740420757654
  0.39403577514247928  0.39983924028386025  0.40557322771504867  0.41120430434284899
  0.41685674830619673  0.42248892538028315  0.42810793815146997  0.43375044572024657
  0.43939112891791104  0.44501530495553099  0.45061935110471990  0.45611710777324116
  0.46148962227213353  0.46671412443880411  0.47188319804060125  0.47703351013809392
  0.48218052224376107  0.48736671202899096  0.49272804503184214  0.49809297077507592
  0.50330300859786203  0.50838766471119712  0.51341657097532301  0.51852367309559755
  0.52374533324423089  0.52900352366470293  0.53427973006148066  0.53963375677227898
  0.54508422774017118  0.55055868825893572  0.55596731634290775  0.56135116879125890
  0.56681612829445704  0.57238536513543226  0.57798629885086839  0.58355410018739107
  0.58913285206186194  0.59475630677318414  0.60048512846496938  0.60632415234640391
  0.61229435883589678  0.61832655682557458  0.62436173926211214  0.63033693247975675
  0.63632189333073008  0.64248962141727473  0.64893701590235087  0.65564111713070206
  0.66222913421371876  0.66891369342994034  0.67594437445060040  0.68310084282904360
  0.69055174219761228  0.69819386800928718  0.70627389329715362  0.71484348718663349
  0.72372203660569800  0.73276096339835661  0.74209662555506861  0.75185674340975051
  0.76221653732106709  0.77348981181777410  0.78640029392234057  0.80143238052023036
  0.81899087717065944  0.84088964730605553  0.87687822830733242  1.00000000000000000
   4.8834957520230131E-005  -1.0000000000000000     
 T F F F T F F F F F F F F F F F F F F F F F F F F F F F F F F F T F F F T F F F F F F F F F F F F F F F F F F F F F F F F F F F T F F F T F F F F F F F F F F F F F F F F F F F F F F F F F F F T F F F T F F F F F F F F F F F F F F F F F F F F F F F F F F F T F F F T F F F F F F F F F F F F F F F F F F F F F F F F F F F T F F F T F F F F F F F F F F F F F F F F F F F F F F F F F F F T F F F T F F F F F F F F F F F F F F F F F F F F F F F F F F F T F F F T F F F F F F F F F F F F F F F F F F F F F F F F F F F F F F F F F F F F F F F F F F F F F F F F F F F F F F F F F F F F F F F F F F F F F F F F F F F F F F F F F F F F F F F F F F F F F F F F F F F F F F F F F F F F F F F F F F F F F F F F F F F F F F F F F F F F F F F F F F F F F F F F F F F F F F F F F F F F F F F F F F F F F F F F F F F F F F F F F F F F F F F F F F F F F F F F F F F F F F F F F F F F F F F F F F F F F F F F F F F F F F F F F F F F F F F F F F F F F F F F F F F F F F F F F F F F F F F F F F F F F F F F F F F F F F F F F F F F F F F F F F F
  <DiscreteSampler_grid>
  grouped_processes
  1 # 1 for a reference and 2 for a running grid.
  10 # Attribute 'min_bin_probing_points' of the grid.
  1 # Attribute 'grid_mode' of the grid. 1=='default',2=='initialization'
  0.0000000000000000 # Attribute 'small_contrib_threshold' of the grid.
  0.5000000000000000 # Attribute 'damping_power' of the grid.
 # binID   n_entries weight   weight_sqr   abs_weight
    10   10   1.086469151862309E+003   5.911821770768428E+006   1.086469151862309E+003
    16   10   1.086469151862310E+003   5.911821770768445E+006   1.086469151862310E+003
  </DiscreteSampler_grid>
