  0.00315328828948980  0.01166925917965848  0.02211655825641664  0.03316521633338102
  0.04401059377938199  0.05487095245124376  0.06569186927362147  0.07664151778684442
  0.08794088232303550  0.09911006135560707  0.10984641603807543  0.12036807333594658
  0.13108816682561933  0.14196616240288329  0.15278768626636161  0.16350078409979651
  0.17433209404099637  0.18515742312321251  0.19565248432876034  0.20584148618755849
  0.21603609149657213  0.22652539929865118  0.23729543386197657  0.24794534702838630
  0.25836474657835923  0.26870200985530246  0.27914937057495520  0.28971402519414607
  0.30012801820386981  0.31034380546722740  0.32057903237870661  0.33097466486231597
  0.34162401993362645  0.35254661666826081  0.36355244335889902  0.37448265782934953
  0.38530729599352920  0.39595545749180627  0.40644783869055429  0.41693409938309656
  0.42757144392874735  0.43820290425636399  0.44861911925214609  0.45898177956927705
  0.46951434405610809  0.48003098611801465  0.49026410548625932  0.50039817050817592
  0.51065698647353086  0.52088553348098043  0.53109565183786867  0.54156251587895154
  0.55225687857075023  0.56280119852721422  0.57316664113966720  0.58368132733366707
  0.59434320140781249  0.60491533563462996  0.61541860140978788  0.62600299207347987
  0.63659508065158921  0.64714056351354121  0.65750609415623140  0.66772616547863628
  0.67786689665250932  0.68799107568344742  0.69836812990424613  0.70894322967187273
  0.71963982285764183  0.73028205281892888  0.74092516561939670  0.75152159801413188
  0.76212518380475958  0.77266802134969315  0.78301014618291698  0.79321567882814359
  0.80343697219431653  0.81403120714424937  0.82443797715139788  0.83462083701929923
  0.84478530387262629  0.85482983580526539  0.86513439255223812  0.87514853684034788
  0.88564656513576601  0.89605487886856239  0.90642827824399608  0.91673290063940971
  0.92692904579079793  0.93737540881108983  0.94778817371990065  0.95801964534273898
  0.96845213637238259  0.97911564971750853  0.98969536635050614  1.00000000000000000
  0.00690340464118368  0.01622211687775256  0.02749898413055018  0.03900078607876421
  0.05001792013153464  0.06066333965503114  0.07092721910748769  0.08122800637061459
  0.09182107548471573  0.10264202405426623  0.11330611938498744  0.12373686847952035
  0.13406938653240064  0.14450924719983840  0.15501794128273089  0.16577353129334896
  0.17646569864280273  0.18718988121346053  0.19841084071776666  0.20966674895523407
  0.22106564675910426  0.23207745850178255  0.24334414858057513  0.25440191679894952
  0.26502381326487684  0.27536696588821197  0.28546530893965610  0.29572159356313138
  0.30591814883181240  0.31629334048506019  0.32682728905108327  0.33730943318780154
  0.34793296744830260  0.35843276595030804  0.36908418242956065  0.37957137302435651
  0.39000219894640542  0.40001812958624694  0.41013599472016998  0.42045877417819660
  0.43097414088401387  0.44177757609876267  0.45227627437250406  0.46286176279573682
  0.47273445101032163  0.48282139259755186  0.49319744228305612  0.50413328568873772
  0.51506256869571621  0.52530718881809080  0.53571449109831615  0.54612517094843160
  0.55656406463495622  0.56676063984210112  0.57668485885150034  0.58659243034113906
  0.59652650037173294  0.60634500323708151  0.61620246745522689  0.62609174870963147
  0.63637076168068440  0.64669694618630746  0.65674720534649378  0.66651761185514435
  0.67638522885909447  0.68624857985860899  0.69609599505104536  0.70602653880347621
  0.71628188672245363  0.72667164167033516  0.73672856436059297  0.74643178248469688
  0.75613581658374540  0.76629117956096948  0.77681452775478643  0.78736213550963796
  0.79757855867577687  0.80765004113284800  0.81766470913446854  0.82748102304060334
  0.83721837081925088  0.84700341516895328  0.85700019153306839  0.86734529129260907
  0.87806809072168701  0.88897105392232012  0.89984359567965144  0.91068186642167370
  0.92139161795246560  0.93189245254603015  0.94228340188439841  0.95267679531182825
  0.96306018565679996  0.97271352724659621  0.98216981740638709  1.00000000000000000
  0.00340581330406242  0.01133874916848730  0.02113060620965627  0.03076295055920826
  0.04024462104546611  0.04995831577541120  0.06003073468905461  0.07039749095089486
  0.08082820935958002  0.09145450567039190  0.10225878996129631  0.11313773312264684
  0.12408798663901240  0.13468531233017911  0.14506388524672031  0.15508039829702727
  0.16498419992511287  0.17525695622701540  0.18568634661101430  0.19613268894138575
  0.20643261499648108  0.21682555335330439  0.22737649540273083  0.23823735636813775
  0.24923436148086300  0.26043414644959323  0.27159220471960999  0.28256179792851011
  0.29323993195841458  0.30369552574765812  0.31424082023237293  0.32501514077030824
  0.33537731615953825  0.34555404505720594  0.35561710120077061  0.36621060171945197
  0.37685989074252219  0.38756540064690276  0.39815515853523387  0.40875206679845938
  0.41928278016569032  0.42972639712046029  0.44037416694015291  0.45125746165079100
  0.46266957477782261  0.47386336588182215  0.48434862732756240  0.49470153100574737
  0.50511675620384944  0.51530057956208120  0.52542722992980662  0.53564067589266118
  0.54641674444980914  0.55714458600125738  0.56765701069766838  0.57790023426300396
  0.58831606165184769  0.59872287781043820  0.60906389501696678  0.61904227025204295
  0.62898196839762666  0.63924784274730884  0.64969691411386143  0.66028907462582653
  0.67069592427188141  0.68109691110747039  0.69150566318673978  0.70179588124883163
  0.71218721950366415  0.72274656544445381  0.73340461162632087  0.74399685645997959
  0.75443770577748548  0.76496103568191165  0.77539293083482697  0.78558568978577703
  0.79549576613796202  0.80516211196378906  0.81499248114057909  0.82477552701191414
  0.83456390497702082  0.84463760799631171  0.85519957605243790  0.86676859477289248
  0.87825328556167648  0.88935617767050301  0.90022964999096011  0.91085974283975879
  0.92136050893403210  0.93170592499524230  0.94208811157859218  0.95257313896432527
  0.96368565000081940  0.97539790584324071  0.98747563499939006  1.00000000000000000
  0.00603953003494417  0.01974692172639619  0.03565641600095921  0.05002779087941396
  0.06275856616939253  0.07502616368876927  0.08677134363998960  0.09817245308410225
  0.10938676605894695  0.12009329602077222  0.13113087911359161  0.14165577999685769
  0.15225762448869545  0.16262591949307295  0.17303624428280903  0.18328032362242008
  0.19344421411060347  0.20397362922606199  0.21461241838165235  0.22520879036653577
  0.23553080848893418  0.24589961228393217  0.25641323335563831  0.26683251822692883
  0.27692754000043662  0.28700631112905228  0.29737722782186182  0.30807342360648682
  0.31845284604053747  0.32857856466318180  0.33885616546950525  0.34929553102872779
  0.35962502459552564  0.36961604285974231  0.37978737083294356  0.39039594040820708
  0.40128335789077046  0.41196258228295179  0.42221040243542690  0.43204993905287858
  0.44195882204755693  0.45220685377600595  0.46248986337696935  0.47286270396630414
  0.48323659924654588  0.49373792821862378  0.50435849077254213  0.51481045257041746
  0.52506698777596605  0.53509126232887261  0.54508455432171099  0.55492383083484353
  0.56470237992343741  0.57463077585933386  0.58466459850272323  0.59435449882813274
  0.60388755491650437  0.61353467283332308  0.62377427350129233  0.63419161027359527
  0.64480050281235890  0.65525216582989942  0.66585131680107168  0.67654274653949731
  0.68725047544427365  0.69774072417842303  0.70810154305735573  0.71853047098569134
  0.72891318785180670  0.73926934116612164  0.74963759336121083  0.76002339439834554
  0.77026274207564760  0.78051560487982397  0.79075885613245722  0.80093765851952048
  0.81080122143269429  0.82068476288542325  0.83083088804956062  0.84140826655237677
  0.85233345609846700  0.86302893299456074  0.87338738683710004  0.88361091842562944
  0.89383062330483376  0.90421554214100208  0.91440289778158457  0.92467748734258404
  0.93507419435369055  0.94519643430775080  0.95507713641544922  0.96455300887981199
  0.97398953541492528  0.98316383545297914  0.99184274363289149  1.00000000000000000
  0.00000039784721887  0.00000576634949497  0.00001065862175602  0.00001498685295585
  0.00001941939679458  0.00002392196087069  0.00002831768982192  0.00003251991046278
  0.00003665285942316  0.00004092616258018  0.00004530539683433  0.00004983804261311
  0.00005444908348610  0.00005907734591001  0.00006372752571127  0.00006837496463604
  0.00007304870093105  0.00007787240893330  0.00008280129032762  0.00008777174574616
  0.00009285259578720  0.00009810521496826  0.00010356933708423  0.00010924100208657
  0.00011502917956312  0.00012093409656955  0.00012706532599460  0.00013348780689830
  0.00014014838535746  0.00014726084616260  0.00015474227141154  0.00016275399394924
  0.00017118793465747  0.00017996853487256  0.00018906796297081  0.00019826253662503
  0.00020770904257966  0.00021728322218157  0.00022723220977042  0.00023743623190545
  0.00024790789313436  0.00025872648778404  0.00026985603129696  0.00028142618040187
  0.00029346204163033  0.00030592016580111  0.00031896466952553  0.00033262959554900
  0.00034705483521536  0.00036248681830945  0.00037870077830924  0.00039561126301765
  0.00041344877139631  0.00043221825006730  0.00045188205268003  0.00047200808564043
  0.00049315372939949  0.00051559010553968  0.00053976075587606  0.00056504256850172
  0.00059178219515760  0.00062046422696236  0.00065118797049154  0.00068527881260998
  0.00072107668927830  0.00075916543562711  0.00079971430360512  0.00084359079753258
  0.00089094653613905  0.00094163424803143  0.00099696874419988  0.00105457275333674
  0.00111586353226252  0.00118257842176791  0.00125924664995843  0.00134466028068703
  0.00144240725975580  0.00155314679889092  0.00167318499430510  0.00180483557731350
  0.00195000693591161  0.00211556914719449  0.00230712309166750  0.00252457721042835
  0.00279432164257766  0.00314623518273161  0.00351565243432965  0.00390758927678795
  0.00436904380643357  0.00508742320396103  0.00624051363792394  0.00759700925424745
  0.00960851173608366  0.01389211675440511  0.06046116180140319  1.00000000000000000
 -0.00230222450010886  0.00958871157722867  0.01979484265615645  0.03023273019056450
  0.04102038806818959  0.05169259116796380  0.06235777101416110  0.07316078752660650
  0.08390631777385139  0.09516883280983160  0.10626861246726306  0.11767402161830375
  0.12867935063396349  0.13964548762351128  0.15022568396396366  0.16041831188758837
  0.17061458939270488  0.18120936027815177  0.19205423901497221  0.20279000310704393
  0.21328349903379112  0.22350923801912639  0.23381440432378606  0.24391399662722882
  0.25445277590944160  0.26511260620176325  0.27598519066663990  0.28680115437819259
  0.29734994843627222  0.30755247547223880  0.31783356870265561  0.32809565031779536
  0.33870204882939808  0.34917706821804273  0.35990593803320448  0.37079836630342144
  0.38168335791912322  0.39237603014879385  0.40300620402972664  0.41339625115256629
  0.42386190973652632  0.43435370123006706  0.44538909396245230  0.45644861028148231
  0.46715000496821674  0.47782110992524007  0.48841396142138116  0.49905548674714351
  0.50926310168818978  0.51983946341348208  0.53058009720854749  0.54140929064038190
  0.55207431381443339  0.56260704138175677  0.57350161214825590  0.58439877693938524
  0.59504803808491979  0.60550133710256915  0.61555196416707658  0.62581590538959153
  0.63579041011825843  0.64603537518434351  0.65572264595042284  0.66525842899034182
  0.67477097569038558  0.68463262562218252  0.69480419651085279  0.70508737943206268
  0.71528953380521931  0.72558204674960580  0.73600776573180049  0.74649495632248519
  0.75662677977192849  0.76656134954157862  0.77646221856355746  0.78645857045358147
  0.79668776484186454  0.80710819498726039  0.81770144821640123  0.82860605533056708
  0.83960686018025155  0.85052419512034794  0.86117470491597592  0.87181671860181043
  0.88273146181586015  0.89382389432038012  0.90456651903210894  0.91512660692950221
  0.92528511773545519  0.93580064676355346  0.94627041986431570  0.95673198835959072
  0.96701388871681093  0.97745435894269361  0.98867427633430904  1.00000000000000000
 -0.00254027743128030  0.00941174755210921  0.01953559587188843  0.02969633858942641
  0.03992846149761198  0.05005976367315060  0.06025012527552332  0.07042164315327283
  0.08076005035124410  0.09156185080999216  0.10302584768652413  0.11453383163847385
  0.12585892681495836  0.13666919035010069  0.14749720336893080  0.15812158305968194
  0.16902047090656167  0.17965527957119651  0.19026189100759688  0.20041277322779594
  0.21074903813797441  0.22126880069118998  0.23174333450633405  0.24233600722301193
  0.25300828553155080  0.26450241822594328  0.27571000674607132  0.28632252988978107
  0.29666397003438372  0.30707977313332485  0.31749961080936340  0.32800995628553170
  0.33867385155726992  0.34987462724509572  0.36095016403204272  0.37160448069498520
  0.38179705947165332  0.39213150746962233  0.40258418069565910  0.41320549254438693
  0.42381002854531796  0.43457668872020300  0.44523854975965871  0.45563811792632225
  0.46565870417106270  0.47568089279078352  0.48565959109791201  0.49563456587946031
  0.50598092839470787  0.51655054059819783  0.52742538733961164  0.53827077858433225
  0.54890654993259058  0.55935627383165298  0.56981738980382635  0.58043411689407665
  0.59101029918032177  0.60154790682178150  0.61215372177410032  0.62294468952475868
  0.63381410822603013  0.64476042782758969  0.65517304786040642  0.66527984395701745
  0.67557998824621535  0.68623073158051995  0.69659057875655761  0.70681040285517804
  0.71693517648613170  0.72710906589907542  0.73704982273659514  0.74682927806156196
  0.75680476787928685  0.76684636385345606  0.77715156562062282  0.78758614958001494
  0.79848447339394824  0.80914698373784300  0.81959723930715112  0.82983216438549290
  0.84036396174573280  0.85089625249739287  0.86110856049070472  0.87141331835045566
  0.88279027835472124  0.89481681072356445  0.90646904905957271  0.91766766714003811
  0.92862772606892807  0.93931945373398140  0.94953423561962191  0.95960173286375072
  0.96950653800137188  0.97939348036112639  0.98952694243307071  1.00000000000000000
 -0.00239243713570361  0.00897805611941799  0.01874078330342500  0.02915250345815516
  0.03937200737857337  0.05008291596684379  0.06055649877759325  0.07123604532690589
  0.08200859716758474  0.09284060851144028  0.10364243236773348  0.11441432027524501
  0.12510165774766394  0.13568706154313590  0.14630796420643719  0.15674085643548691
  0.16711660394138358  0.17746887331421154  0.18844382030812606  0.19961016607545307
  0.21028763168592235  0.22060085590986014  0.23105838945677501  0.24151616436717119
  0.25187195332381979  0.26206499370140074  0.27244733994792686  0.28291348672458899
  0.29347818538908815  0.30407195792268810  0.31474913527618170  0.32570693323885919
  0.33680748475387323  0.34786594867131404  0.35878770266965720  0.36949308317030505
  0.37988027515944900  0.39005893813369308  0.40006975058213490  0.41017310460319678
  0.42033329619322607  0.43058523060498111  0.44098557792987531  0.45154183197627668
  0.46213413394731251  0.47265176091709332  0.48323677194934705  0.49414149309062094
  0.50506134868869190  0.51562552222056302  0.52621200008264912  0.53689318150666199
  0.54779607264495811  0.55836007538264021  0.56898448229429388  0.57940838509509851
  0.58979189802980425  0.60014631147503361  0.61038184324591005  0.62034739794899318
  0.63007351811206114  0.63999701027181466  0.65004903757212240  0.66045122196076145
  0.67097063464465256  0.68137072132692766  0.69184124700993310  0.70226426438571743
  0.71327890397647153  0.72453650361594346  0.73570399396052200  0.74693834767488054
  0.75746403101345816  0.76823938564617178  0.77909371084720735  0.79016358972199019
  0.80058401180408378  0.81094741714680363  0.82116159286708057  0.83181731198662467
  0.84227533089054385  0.85285797583185896  0.86328453164700480  0.87393985323309165
  0.88453325721070641  0.89498279305962725  0.90525759448703247  0.91537846450366911
  0.92562789184783323  0.93593285768535739  0.94699766343125380  0.95792622028395724
  0.96840471444287790  0.97867864339092747  0.98921348887817218  1.00000000000000000
 -0.00265276059640436  0.00993295544042604  0.02061203071414780  0.03228324204668345
  0.04352440095632554  0.05466696437751952  0.06606198697032120  0.07776520301486593
  0.08900122777095219  0.09990295689815337  0.11042570680118659  0.12079111173108711
  0.13120707563282674  0.14192164739958937  0.15256191153581306  0.16295003313638676
  0.17356576635670512  0.18439280586532550  0.19457474825076071  0.20445854453672643
  0.21438858860545904  0.22452721478752108  0.23425400020324480  0.24395439417507092
  0.25362793176444504  0.26375526476658973  0.27377166596532487  0.28374015571015432
  0.29387374661718269  0.30381956680041028  0.31379289839738972  0.32405028508065920
  0.33465112345750181  0.34587553176616781  0.35676959713071399  0.36760982248960200
  0.37816859680392473  0.38913251713051433  0.39994600855061319  0.41064303810266201
  0.42118028697150461  0.43210563390431339  0.44290720472618234  0.45356500138044786
  0.46398183852453606  0.47439485944214249  0.48463377128734370  0.49453021442863809
  0.50432060083731955  0.51424997974346320  0.52441982027036138  0.53472340115683770
  0.54490224286898370  0.55502847620741547  0.56509790426881545  0.57524705959128564
  0.58561968559908384  0.59630777497189824  0.60723112297697823  0.61814475883564202
  0.62904223062303044  0.63977740772962388  0.65027550008685153  0.66070466433463537
  0.67107274273181294  0.68166866031318152  0.69232933506658767  0.70292052078962663
  0.71344610216916682  0.72369655848401093  0.73395095576821012  0.74427063454094300
  0.75495068857162106  0.76592609890488705  0.77675309388559088  0.78747494780159188
  0.79851557769802850  0.80956164723149138  0.82057528047359884  0.83132866183620646
  0.84214557656995204  0.85302908514972842  0.86402949969458565  0.87510618985817001
  0.88586009402795285  0.89653005085635562  0.90658808446422801  0.91684366197885470
  0.92712925372155874  0.93722467001943399  0.94718840757714695  0.95729479704555698
  0.96794666775990701  0.97881904894363791  0.98937860620689122  1.00000000000000000
 -0.00225946592934433  0.00840254507728710  0.01821592542630755  0.02813162034161652
  0.03840363117647558  0.04858175597379606  0.05883279959902209  0.06900468582251625
  0.07893601897255821  0.08905517932314518  0.09936786734786326  0.11018969677126167
  0.12065026486284150  0.13114656917377943  0.14173763224409988  0.15231241499711937
  0.16297599492821477  0.17340921412957194  0.18379648662602815  0.19375290770324369
  0.20353665438995380  0.21346669834723808  0.22335791735322874  0.23370201397560875
  0.24416151818661050  0.25466267617643273  0.26487742312497237  0.27491782980114193
  0.28481070261417463  0.29484393613472337  0.30539557570229375  0.31619521137593748
  0.32714859138586611  0.33778678071192558  0.34833291764258900  0.35860780262548370
  0.36891589859178459  0.37947573975192705  0.39000472527941266  0.40023419503454311
  0.41021489452798593  0.42035862966786719  0.43063723746078814  0.44130936384345942
  0.45231975612201614  0.46361877042650895  0.47504277190552147  0.48614829420796718
  0.49708633291528131  0.50774472043620544  0.51833030841547889  0.52929336770136559
  0.54030270390446500  0.55144124345402246  0.56240719722194787  0.57331596475396329
  0.58391427402593754  0.59412790204200761  0.60437116358836429  0.61466211765842782
  0.62517644890593138  0.63551195030291641  0.64587270330620372  0.65633195723230509
  0.66703058637978063  0.67769898893960623  0.68848773035207023  0.69951759420064197
  0.71049341124857368  0.72128200411682875  0.73206358570166763  0.74291240954573434
  0.75366521173573620  0.76410032742778611  0.77461092073431059  0.78516122240587660
  0.79580031133950480  0.80634312262776497  0.81686201589290641  0.82705356731162372
  0.83742740400413274  0.84778923752844260  0.85839107919380597  0.86857869360094220
  0.87900307776391329  0.88955761782483667  0.90058960002444199  0.91176389139073777
  0.92294517734471071  0.93373708505259856  0.94448007105865472  0.95527120331219728
  0.96612124547449707  0.97715125247703116  0.98834987864346369  1.00000000000000000
 -0.00250929946647211  0.00908604867374988  0.01904995716576470  0.02960213898789183
  0.04050193808708111  0.05132853949727276  0.06196886881062118  0.07272297114498835
  0.08362420220953502  0.09473990904168844  0.10607822978844819  0.11713068844740497
  0.12759107238733960  0.13784890707412556  0.14828888909034188  0.15885431463800212
  0.16937167830570393  0.17988671205999970  0.19046178168090319  0.20092314423610885
  0.21121869945798538  0.22135043725707237  0.23172966255059863  0.24224924568993469
  0.25300618813779974  0.26348715189609700  0.27396905679054440  0.28425678955343858
  0.29454188229477768  0.30469517326165091  0.31500022989604309  0.32538869545132004
  0.33585993659797003  0.34623441255618709  0.35654990433366163  0.36704837997804873
  0.37786828232777336  0.38897352325234280  0.39998130354017153  0.41080384664886532
  0.42144142242979554  0.43195053761217517  0.44249658734918906  0.45297747427749296
  0.46349230869287478  0.47398228957581345  0.48435300950464161  0.49462089408838755
  0.50516806952700277  0.51629885548971344  0.52743692825641586  0.53864080752219246
  0.54971766829658331  0.56086803709877309  0.57124587631759527  0.58153353438476885
  0.59183107199884488  0.60192601473674023  0.61196839513715273  0.62212761343255585
  0.63250937350047431  0.64299720720784359  0.65334299811570351  0.66364925211903592
  0.67373001035621483  0.68376023602880520  0.69376139965759975  0.70382205668127218
  0.71406297149494113  0.72444209910693513  0.73494946322583909  0.74537961844840950
  0.75554765401683788  0.76584415134618911  0.77647416075784714  0.78746864157486463
  0.79844738442318608  0.80932175277660634  0.82017304689334869  0.83082232988323301
  0.84125655136030919  0.85151765738947138  0.86172919583403429  0.87222886139096412
  0.88271324626973546  0.89310387515862610  0.90339936645835839  0.91345949683436756
  0.92347637998432874  0.93341334902182072  0.94398335873739059  0.95500788596184327
  0.96623554009782786  0.97749478447692972  0.98874626160890766  1.00000000000000000
 -0.00263325508371077  0.01046662302935797  0.02097479614603135  0.03162041941916512
  0.04168637271093117  0.05182950073172710  0.06185057264233490  0.07204726871761309
  0.08244317409133080  0.09346188879916700  0.10428904209121834  0.11506551456224973
  0.12573955582054772  0.13650031635195600  0.14711797695179871  0.15801848164269666
  0.16878211979079272  0.17967359026852653  0.19017264773247392  0.20082777883134953
  0.21154420022963460  0.22228836729428320  0.23358784864942880  0.24456406770697164
  0.25556428104333123  0.26625780838648611  0.27729695306834456  0.28826338998221995
  0.29895386422791570  0.30952322655997222  0.32009955100560139  0.33083314355032367
  0.34165994286944940  0.35245807432460247  0.36323447928481417  0.37402414711631948
  0.38490731261647521  0.39578684010140575  0.40653268750218757  0.41724809434628135
  0.42789872469157925  0.43830125651928364  0.44855805395553910  0.45882083219710490
  0.46892548598010275  0.47886591853131033  0.48876184590202154  0.49911334079639774
  0.50984004102093350  0.52085039523192211  0.53182582598135397  0.54254082980212803
  0.55304120975303073  0.56349161657076152  0.57377104388295941  0.58407959882249327
  0.59444338834803656  0.60505897701210298  0.61591194490992263  0.62675063077549531
  0.63767133256681097  0.64836269004554781  0.65896760061794790  0.66958432769568887
  0.68016572284415289  0.69070867835020366  0.70120886311890185  0.71169673525124821
  0.72226670246565150  0.73281189245352985  0.74323205677978821  0.75353728688007082
  0.76372478391323517  0.77404915998195034  0.78446052999920501  0.79493190393985647
  0.80544705168013586  0.81566946616072644  0.82568229738646481  0.83562519560623694
  0.84568762668883057  0.85571637441571824  0.86589173088891835  0.87629844299625792
  0.88699760156668905  0.89752047803401402  0.90763838053671886  0.91759743971725150
  0.92762502021948390  0.93758950649632344  0.94756329942848494  0.95763698666791819
  0.96855085723534706  0.97912342565977495  0.98966231435681429  1.00000000000000000
 -0.00257036760738333  0.01009021452942643  0.02025715530017010  0.03040012804537109
  0.04049056158460108  0.05099250626770058  0.06141866553800249  0.07142229836176479
  0.08139495632224891  0.09204007880887478  0.10283425947728794  0.11356223890175784
  0.12414297044597331  0.13508349796078797  0.14598450810795371  0.15665870861232528
  0.16722966099703254  0.17797414602251738  0.18869617185640292  0.19968062372435602
  0.21064667906382289  0.22167032541526774  0.23268410353812169  0.24368596526345590
  0.25472138367364106  0.26493251926477962  0.27499398117275814  0.28501756857877286
  0.29544641098325047  0.30571299311911310  0.31591115622214028  0.32638555025434629
  0.33661056539853340  0.34704160738291701  0.35754127986371470  0.36814063161246746
  0.37835239626031419  0.38835825017264641  0.39860471045924800  0.40907829893240821
  0.41979029287613739  0.43037945091446300  0.44064601107675094  0.45065832812011547
  0.46075496752363110  0.47101834811411641  0.48118180712273467  0.49134965627077254
  0.50141815920658683  0.51178344126275066  0.52231220067951134  0.53326303105342454
  0.54405769415355476  0.55446971963333758  0.56514302543845929  0.57627033729177701
  0.58722619570090162  0.59771086164209553  0.60819927333622881  0.61904122061816125
  0.62991776595968396  0.64058280073997731  0.65138116273492830  0.66231919732256495
  0.67302206467523629  0.68316073961806756  0.69334452482672015  0.70368284179345686
  0.71383969779572176  0.72358956192998003  0.73320972330932288  0.74330514847881768
  0.75387139807810488  0.76511125284616299  0.77617501450037452  0.78687343063288706
  0.79745651406757156  0.80814509144361790  0.81871717009360290  0.82910642204610452
  0.83959577048103540  0.85043248891540169  0.86131684418920451  0.87230263667510610
  0.88311486344695023  0.89373964592594601  0.90393337486167114  0.91429576157665615
  0.92478843243921383  0.93579565256678687  0.94668688144505364  0.95770753588022572
  0.96834999522308463  0.97906772856345115  0.98940832914811860  1.00000000000000000
 -0.00242561942673044  0.00940142347282981  0.01939758659695707  0.02978516968039801
  0.04001595009150379  0.05120588405909302  0.06234804112707919  0.07321601379175319
  0.08379957083694765  0.09408136688086187  0.10453897227571717  0.11515086480915686
  0.12622927848957868  0.13723433524906847  0.14790945802254746  0.15853714740242966
  0.16889467975126973  0.17926799382458256  0.18963243058755783  0.20019680980885335
  0.21070059397094873  0.22077276405824936  0.23094913797896383  0.24121838182365615
  0.25185689737179739  0.26286716857562575  0.27413455245110768  0.28565192920242755
  0.29680449526164526  0.30777768974820918  0.31836705915265284  0.32903996892168341
  0.33961716703123906  0.35020377525695534  0.36089032019225897  0.37148206232112502
  0.38217016289535427  0.39279167009136395  0.40344917996331792  0.41409454082004787
  0.42493194469989043  0.43563547024632771  0.44628226896353690  0.45707655009167603
  0.46797365446564465  0.47867308918944701  0.48918167510065974  0.49964954051372484
  0.51008651217537782  0.52036970249507453  0.53064766633237237  0.54101760916306907
  0.55133556225627445  0.56156314292687870  0.57195672275593878  0.58244850527003300
  0.59317294203575599  0.60375872124301488  0.61455194810643365  0.62540370048534188
  0.63642992161200618  0.64745823022617011  0.65844378775519818  0.66912145016140556
  0.67924521056033182  0.68906528015434765  0.69877954408785126  0.70850624614102486
  0.71847426115501067  0.72872403444427325  0.73964373822299612  0.75035187572359208
  0.76078021295460019  0.77091229533760264  0.78169239207517971  0.79256306020190603
  0.80382614132988994  0.81486308575961286  0.82567232307720584  0.83614770526895688
  0.84627419503490153  0.85629838983038398  0.86622366522331762  0.87589188632481962
  0.88604248499695382  0.89594631129334668  0.90610737663962937  0.91640785296425786
  0.92702747330183122  0.93785578350285048  0.94831713247536065  0.95861318547696828
  0.96904071116396351  0.97922227818309282  0.98960468079490549  1.00000000000000000
  0.01846642522970953  0.21140146654945907  0.25481524617190759  0.27429340982800526
  0.28877660715880393  0.30126621152015343  0.31263356297966771  0.32319654195961622
  0.33315776750829690  0.34263234373881329  0.35198492570607731  0.36125151230447300
  0.37026756819059664  0.37893044059653647  0.38725692021070174  0.39539360228224890
  0.40323600571370172  0.41089677640047439  0.41844047137652995  0.42584248982816975
  0.43323764750856752  0.44054733646683425  0.44763667614549230  0.45451662206541893
  0.46131606922877866  0.46816030471562253  0.47506756101164271  0.48189551260092384
  0.48858499269213201  0.49525471674730670  0.50195291887697857  0.50854693283518437
  0.51508510508848415  0.52152022370190221  0.52766525411965759  0.53400921571470872
  0.54040740366630458  0.54679596594976643  0.55289331837276312  0.55888986578024313
  0.56482244291645300  0.57077297194183063  0.57676519964651174  0.58268584333673956
  0.58871407497114436  0.59460446901108110  0.60041751811146982  0.60643219318305752
  0.61264067289122659  0.61889678758154876  0.62506295983713134  0.63099987656113132
  0.63684013135581685  0.64276058128445779  0.64874367759027718  0.65491767759811814
  0.66117522773357895  0.66754299769659020  0.67383626203104219  0.67998149394057117
  0.68608420509002022  0.69230097063023499  0.69858077601992385  0.70489074348213576
  0.71118051625380885  0.71742538067971395  0.72373187247059190  0.72994998766650809
  0.73613554592578190  0.74240094805254253  0.74873437531292908  0.75520880741963314
  0.76163212239130729  0.76821467754993578  0.77481921415736354  0.78161542773209591
  0.78842011898171016  0.79547318791820820  0.80245188424474612  0.80941446129877004
  0.81646096119300127  0.82386651276678735  0.83160770158971076  0.83966369548187381
  0.84786011762722235  0.85628534174444171  0.86516901904396271  0.87430489418970814
  0.88369855026375121  0.89334867815839192  0.90379111426306158  0.91510985138596201
  0.92778449463243695  0.94286000086714716  0.96437855303127451  1.00000000000000000
 -0.01894178822768625  0.10840450969663629  0.14373860927920004  0.16624014202922288
  0.18414172768707615  0.19931891923037237  0.21256862641007915  0.22446767844514962
  0.23530327017113420  0.24538402244019927  0.25512052064136592  0.26458762574374162
  0.27381006403460706  0.28267957150866635  0.29129884317456944  0.29959814760106618
  0.30751865111247179  0.31505706282828921  0.32224405227383229  0.32937393398831671
  0.33650694834772910  0.34344034723715777  0.35012307544347782  0.35652753664472442
  0.36285004629219531  0.36924705300606819  0.37565842878578276  0.38203783090810900
  0.38833007311803547  0.39455741859040627  0.40076928346257584  0.40695100502392145
  0.41306637701679372  0.41903397374039192  0.42507093475072244  0.43114634398551116
  0.43720182216991699  0.44299142092233645  0.44851753784314219  0.45402387261847965
  0.45954200338320422  0.46501158322047670  0.47036589634452741  0.47554098666341454
  0.48065268723062327  0.48597169441666743  0.49141313883121118  0.49699239176836391
  0.50259422314523394  0.50816087304824209  0.51370214302853712  0.51914673234084463
  0.52448331168369122  0.52982276428902042  0.53526420691492160  0.54082304666626180
  0.54643832991340646  0.55204486122014285  0.55769462139379078  0.56333399902942816
  0.56901047802621696  0.57461869953303402  0.58049570235068304  0.58649141384047421
  0.59263526391263965  0.59866377555730199  0.60458086429795044  0.61053421358564186
  0.61664055970824672  0.62290309210325623  0.62927950569428670  0.63567880801704690
  0.64205466666720901  0.64855912697761353  0.65528988370376606  0.66227938972126599
  0.66944840082690615  0.67664924931483328  0.68379570919335542  0.69113401457257351
  0.69879708481300107  0.70663887271133741  0.71499272219530396  0.72371287867998368
  0.73277037470840112  0.74201393654352821  0.75160901852510476  0.76171992050454940
  0.77276192906728869  0.78483506404937409  0.79820241161664729  0.81326062028253776
  0.83116638547701571  0.85351964934126701  0.88750369359740910  1.00000000000000000
   9.7999969041053829E-005  -1.0000000000000000     
 T F F F T F F F F F F F F F F F F F F F F F F F F F F F F F F F T F F F T F F F F F F F F F F F F F F F F F F F F F F F F F F F T F F F T F F F F F F F F F F F F F F F F F F F F F F F F F F F T F F F T F F F F F F F F F F F F F F F F F F F F F F F F F F F T F F F T F F F F F F F F F F F F F F F F F F F F F F F F F F F T F F F T F F F F F F F F F F F F F F F F F F F F F F F F F F F T F F F T F F F F F F F F F F F F F F F F F F F F F F F F F F F T F F F T F F F F F F F F F F F F F F F F F F F F F F F F F F F F F F F F F F F F F F F F F F F F F F F F F F F F F F F F F F F F F F F F F F F F F F F F F F F F F F F F F F F F F F F F F F F F F F F F F F F F F F F F F F F F F F F F F F F F F F F F F F F F F F F F F F F F F F F F F F F F F F F F F F F F F F F F F F F F F F F F F F F F F F F F F F F F F F F F F F F F F F F F F F F F F F F F F F F F F F F F F F F F F F F F F F F F F F F F F F F F F F F F F F F F F F F F F F F F F F F F F F F F F F F F F F F F F F F F F F F F F F F F F F F F F F F F F F F F F F F F F F F
  <DiscreteSampler_grid>
  grouped_processes
  1 # 1 for a reference and 2 for a running grid.
  10 # Attribute 'min_bin_probing_points' of the grid.
  1 # Attribute 'grid_mode' of the grid. 1=='default',2=='initialization'
  0.0000000000000000 # Attribute 'small_contrib_threshold' of the grid.
  0.5000000000000000 # Attribute 'damping_power' of the grid.
 # binID   n_entries weight   weight_sqr   abs_weight
    10   10   6.389176215808450E+002   3.019226399490100E+006   6.389176215808450E+002
    16   10   6.389176215808453E+002   3.019226399490104E+006   6.389176215808453E+002
  </DiscreteSampler_grid>
