  0.00338434756640896  0.01117276168384244  0.02080408483585044  0.03084953057275244
  0.04052245189987871  0.05079010576989653  0.06070663722482963  0.07071841814551080
  0.08039563525206125  0.09063908213276685  0.10087346577766965  0.11131817551740761
  0.12156391667636926  0.13215738310763051  0.14250021530826557  0.15271952991588639
  0.16277893563346407  0.17272315840257568  0.18299318897470851  0.19312845508688914
  0.20336954467235380  0.21386392976443344  0.22473023821955876  0.23540963428335812
  0.24582561555128168  0.25631200036560314  0.26676702189157125  0.27728505772331014
  0.28778388190812748  0.29851538246188325  0.30911071883129582  0.31954036793211771
  0.32982566862626084  0.33996898287588179  0.35031897013670510  0.36084124980609339
  0.37110184015108266  0.38117865440104676  0.39129106458218044  0.40145629789237292
  0.41168198755729818  0.42196532960322014  0.43248473574728519  0.44313113134909987
  0.45402030543935812  0.46510880278468819  0.47597941378400432  0.48650095922278042
  0.49693813528825492  0.50771240521241690  0.51861428417029709  0.52970087593998627
  0.54041497788224691  0.55128019672314288  0.56190830007264514  0.57272912231324880
  0.58359004540141746  0.59454082371086159  0.60548028990715075  0.61637927560298233
  0.62687280833521974  0.63716686104002207  0.64729501218426155  0.65760658587688003
  0.66799285384489504  0.67788424609664732  0.68795630315461764  0.69812982289442749
  0.70862434701161903  0.71926979755756626  0.73010490106823833  0.74136657871197598
  0.75244811732834704  0.76346276817420544  0.77422904698998130  0.78500445190549140
  0.79559020625445021  0.80606239242746336  0.81645006954485844  0.82682583921663666
  0.83735057938104673  0.84788607550914485  0.85867649492303244  0.86926815673758129
  0.88017390666694062  0.89079162892497565  0.90158925637162457  0.91212920485176163
  0.92261689362494148  0.93313462281210602  0.94346851196546722  0.95416348188076050
  0.96537137910860804  0.97695922512739453  0.98849121877430834  1.00000000000000000
  0.00688626775982066  0.01660008213310329  0.02784903718996554  0.03962738935376157
  0.05062371157628305  0.06189916236269821  0.07328198610688329  0.08439193974444546
  0.09503080114101629  0.10530498625615277  0.11569456756550968  0.12600615747294183
  0.13656632989027503  0.14709804076347185  0.15768563100356228  0.16810219348009098
  0.17856556206553170  0.18910479937574795  0.19975516432042117  0.21060264628633643
  0.22142161573572794  0.23187391065685473  0.24219813531980836  0.25258448099486014
  0.26317589521399914  0.27349072265383573  0.28389903417531459  0.29449039606435889
  0.30517570367280417  0.31590583790599552  0.32630840813542894  0.33718425480866754
  0.34778602040653878  0.35863651185590523  0.36921124724228827  0.37964447985338734
  0.38973170114322175  0.39996178462467241  0.41049464386949563  0.42138026820529273
  0.43234221120652766  0.44331495189931458  0.45387069398267027  0.46427094792540746
  0.47458239450319090  0.48481322482400269  0.49477344871143925  0.50481444283944166
  0.51517452013548182  0.52563797512494226  0.53570375109314938  0.54569322521742247
  0.55590061824113091  0.56643746324531752  0.57684213010150365  0.58724598835415998
  0.59789535661336313  0.60835573257459175  0.61828277424312716  0.62813467460992634
  0.63814488329129637  0.64812688341360403  0.65811862667669796  0.66831054817253355
  0.67941712266389853  0.69028394460600828  0.70118099950697765  0.71192932966048694
  0.72263026480297077  0.73309047195595078  0.74355850072739327  0.75428401930126854
  0.76484811832298150  0.77562397824860640  0.78674389044587234  0.79765889976530902
  0.80878899208434041  0.81998742748640985  0.83104782310666070  0.84124346798188754
  0.85129175439459737  0.86163366795031637  0.87194411432015873  0.88217043084801960
  0.89229688701577736  0.90256027279862727  0.91295138000610787  0.92318212174236935
  0.93353335292280404  0.94356214013566408  0.95356313345923771  0.96335421704275859
  0.97306802931032699  0.98246856899399171  0.99194713015914981  1.00000000000000000
  0.00318019730508148  0.01272089547727975  0.02277736089405101  0.03332129769481071
  0.04370061860362428  0.05413067700370375  0.06477678131297615  0.07552728997186188
  0.08657527731684946  0.09735711442493804  0.10812541320154422  0.11868830595259668
  0.12952775571932826  0.14068525910862154  0.15187641277007494  0.16283532451929145
  0.17346521330485290  0.18395180315584070  0.19460889204162227  0.20532362034460436
  0.21615337877395668  0.22702770533834382  0.23767682355711151  0.24800795907612136
  0.25819528042664958  0.26850122282360922  0.27867104053234998  0.28844620524178760
  0.29819919105132736  0.30850814883560568  0.31916082798250178  0.32991058489093195
  0.34040211531099374  0.35090442754176565  0.36151548054279403  0.37200801214928725
  0.38213129491118580  0.39194650436693745  0.40169645485584943  0.41156186186395527
  0.42164524010311027  0.43208120693227992  0.44287327284703798  0.45382574891993510
  0.46451799781446151  0.47475021572638676  0.48510657910741684  0.49567785562819455
  0.50627277227938672  0.51662875783479079  0.52698635052275811  0.53758292949908382
  0.54820451716177943  0.55862344619309745  0.56895309697118779  0.57890236703679043
  0.58919697931408532  0.59974928041397935  0.61072422019704009  0.62191211833451621
  0.63297124868537613  0.64391748583499364  0.65433317792692358  0.66459092670704445
  0.67449123983902226  0.68447052256352714  0.69470303252455279  0.70515182092822648
  0.71543585943312571  0.72551341864897068  0.73575918758795400  0.74654684471348620
  0.75696244874462237  0.76705119017480294  0.77691665067618343  0.78696320845976508
  0.79735405936957737  0.80762064475765116  0.81777447167942929  0.82821376549835468
  0.83890869660699474  0.84972335552357015  0.86009959173489914  0.87015325443188529
  0.88050616376131163  0.89141653449053682  0.90236744666029134  0.91314038639708450
  0.92390685088230007  0.93466641359878588  0.94536089640288223  0.95581047064104063
  0.96636338889864715  0.97711496037830392  0.98834854757880741  1.00000000000000000
  0.00592832797558328  0.02018578981373761  0.03508894058347801  0.04793577553784603
  0.05962040139438927  0.07112645101382795  0.08263677861344879  0.09401560927142985
  0.10505554828299440  0.11552092750693514  0.12573073799842424  0.13553690455652631
  0.14539091543887001  0.15529656181466014  0.16531090401189430  0.17565394477948285
  0.18601267087243858  0.19674118530134024  0.20766315872679347  0.21835946856310234
  0.22886998312988871  0.23925585698748986  0.24991430526761696  0.26053573703894906
  0.27093658573995660  0.28132124266344266  0.29168436116234209  0.30215051082467881
  0.31286101674525413  0.32351368241819062  0.33412631120672137  0.34489242217785138
  0.35596980053237481  0.36688502936512180  0.37742704293982710  0.38731271145665402
  0.39729003849748423  0.40682548536751195  0.41656756344370410  0.42644506159154566
  0.43680035461180866  0.44721546692526143  0.45763551447289952  0.46793351172991404
  0.47812776058686624  0.48856691028827148  0.49896203753646073  0.50946531672464157
  0.51965260496113563  0.52983541776912046  0.53987780469087843  0.55019391736065260
  0.56069926672255055  0.57151334149425803  0.58219259852857697  0.59250296038581141
  0.60250882065750810  0.61261821658285753  0.62290481021272448  0.63321577963318876
  0.64327760119482813  0.65333163618616719  0.66336761343043904  0.67338686116395863
  0.68348158889497601  0.69379184768921520  0.70418979264447445  0.71436996490828919
  0.72441928104219389  0.73458615354405521  0.74477069563449472  0.75473739634789139
  0.76461858901747659  0.77450153142427725  0.78454773427839009  0.79481225328099625
  0.80519578744009268  0.81543310210189157  0.82548346985036070  0.83547325988637700
  0.84531541274218969  0.85505351483115488  0.86472311283876901  0.87431805118750650
  0.88389732324836745  0.89346318097554822  0.90322886737050423  0.91338324780020941
  0.92353312009096555  0.93374922165232421  0.94399018710936777  0.95416873439501781
  0.96411742555720237  0.97356865410298421  0.98260993472942459  1.00000000000000000
  0.00000436778322014  0.00000632682366672  0.00001109543042843  0.00001576799477106
  0.00002030265950356  0.00002525497806134  0.00003002350356121  0.00003465039534121
  0.00003920624527242  0.00004368592992794  0.00004800296012329  0.00005232463278315
  0.00005672350075116  0.00006120617819895  0.00006572129922805  0.00007020576956176
  0.00007467026037073  0.00007936136696277  0.00008411540765522  0.00008902256410686
  0.00009406274087617  0.00009916120958336  0.00010452656687283  0.00011010853565849
  0.00011572097908737  0.00012135760764810  0.00012708566569071  0.00013304937110651
  0.00013938158870896  0.00014590954122717  0.00015311148814355  0.00016083125331260
  0.00016913660270587  0.00017794764086938  0.00018697205248758  0.00019586760675637
  0.00020535270721189  0.00021503872132215  0.00022497834045775  0.00023514858059050
  0.00024543998652039  0.00025628820013783  0.00026748304382380  0.00027901150626623
  0.00029071770333223  0.00030276985192950  0.00031539540910822  0.00032838438811435
  0.00034200384641523  0.00035606501898668  0.00037080307540503  0.00038650584439859
  0.00040303938696154  0.00042056379374181  0.00043909772692230  0.00045859761010126
  0.00047877306647959  0.00049986312113183  0.00052185521531266  0.00054506199487556
  0.00056960913340356  0.00059581410420464  0.00062338001911054  0.00065270078554904
  0.00068391092026718  0.00071680210565222  0.00075235162272130  0.00078997444446210
  0.00083026932203124  0.00087239772687895  0.00091672082099167  0.00096370500334255
  0.00101482777729718  0.00107087448840743  0.00113132922426440  0.00119710440819240
  0.00127054272864434  0.00135554891680502  0.00144840020792330  0.00154487222194048
  0.00165450440107669  0.00177834695355081  0.00192176387711184  0.00207942142952057
  0.00225959897513568  0.00246517699257483  0.00270716736711038  0.00299700892013596
  0.00337143767009464  0.00379888654119642  0.00429473159532921  0.00486856488180112
  0.00571578897416134  0.00725663500464565  0.17846995724167702  1.00000000000000000
 -0.00250252566267043  0.01034183406672213  0.02077441047810948  0.03155649342171585
  0.04222832686415059  0.05260700954892189  0.06280238699402642  0.07272683676757803
  0.08256530007280426  0.09260253292029563  0.10307174713981504  0.11349448047282265
  0.12401828464874029  0.13479884242968845  0.14610189513092442  0.15744418790728112
  0.16855293196199322  0.18000708521780204  0.19144038501285862  0.20302710068876151
  0.21440359136351764  0.22586701481120985  0.23694518564666989  0.24809739905386832
  0.25867008146358955  0.26933393782721526  0.27972075984733991  0.29021379255912844
  0.30101823712532289  0.31167762204179655  0.32269233318999457  0.33371056899548018
  0.34488991125980062  0.35556298751543242  0.36553587256928549  0.37545586214016979
  0.38563832005995147  0.39587307533994404  0.40620817729079345  0.41656550638993933
  0.42704856296304244  0.43722846742635779  0.44726461248238220  0.45750624094113074
  0.46824328109496760  0.47904071200527804  0.48983234669787767  0.50068371825410818
  0.51143927271390932  0.52204361430677015  0.53247911164756079  0.54327075093035682
  0.55420604445211563  0.56530064119038492  0.57569617650364047  0.58595522723861337
  0.59573745440794812  0.60586943869010712  0.61634419849007682  0.62700727888776053
  0.63796664166703543  0.64851015253073641  0.65934174419822367  0.67020209733589442
  0.68100727346482837  0.69175256141749208  0.70237384036884454  0.71280476860025488
  0.72333006115671550  0.73369089180529945  0.74429643235726861  0.75464299445578631
  0.76489338136044549  0.77514795588528951  0.78574218689292208  0.79630179923725986
  0.80683500896777127  0.81696591378162575  0.82692659281930680  0.83678853892365279
  0.84655468625264751  0.85679473838791509  0.86715165617030077  0.87756325172999738
  0.88799156335721585  0.89843420210286096  0.90885702945113023  0.91900292748528090
  0.92900686977011715  0.93928143290681443  0.94943675859475030  0.95945155509430946
  0.96955202901631787  0.97969523777029899  0.98997360408200441  1.00000000000000000
 -0.00256082344011272  0.01007200432332241  0.02073728322081807  0.03132597929070465
  0.04178438218293898  0.05196619446461050  0.06221107543355259  0.07241694472941415
  0.08282403129118751  0.09369318347076093  0.10452712278045267  0.11572774744524905
  0.12666605543985773  0.13755739751981474  0.14816318895176156  0.15844341055694186
  0.16859916417751222  0.17872475375309713  0.18885312409917349  0.19913213770769109
  0.20940636955372283  0.21980802377992284  0.22998630062418829  0.23989503732599510
  0.24991698362383052  0.26043703947252134  0.27075185653005646  0.28125126282936175
  0.29154633958673726  0.30235523800951092  0.31291211538863756  0.32370206502603316
  0.33482574682177246  0.34596493424598662  0.35685968864277201  0.36772794409613707
  0.37859780576315027  0.38897572658000301  0.39922506466217339  0.40999888327608269
  0.42071497270709174  0.43165209072357580  0.44231796498696319  0.45328215826237939
  0.46447161132635223  0.47583810849250580  0.48672407285892866  0.49730974454421334
  0.50789821004301838  0.51845284859680607  0.52893681046283647  0.53937776773167656
  0.54987827698531777  0.56030995069498801  0.57075320009124075  0.58148431401563028
  0.59231458346686094  0.60329142489863086  0.61396539678350937  0.62465993860486857
  0.63519718460462271  0.64550006081935762  0.65586955956116555  0.66623018180706040
  0.67707305875954660  0.68758328777000899  0.69835703762443657  0.70907963819177033
  0.71964359966748004  0.72980923593720104  0.73992862114932612  0.75014053711537743
  0.76041307175946726  0.77094467305869130  0.78169385388929713  0.79243884731614334
  0.80298855525201074  0.81358123899244972  0.82395960990058548  0.83435907485618244
  0.84436317382111192  0.85453026300842660  0.86486328335455553  0.87516053263668425
  0.88564620401777283  0.89597899984379525  0.90672750090154697  0.91726437574085518
  0.92764345655250680  0.93801015413219291  0.94844047121478559  0.95915041030136072
  0.96973126133997478  0.97987970732373375  0.98996361081475015  1.00000000000000000
 -0.00247476572658515  0.00952727134005078  0.01950921900163475  0.03013743898894440
  0.04072908726485870  0.05129884102354198  0.06160863539084364  0.07248528298939684
  0.08311744143323575  0.09359969838135597  0.10405093355334757  0.11472364164690416
  0.12524911737173811  0.13581926984955897  0.14593417346558052  0.15619592259018295
  0.16621374963368654  0.17647407329192613  0.18688548486267839  0.19753914368167089
  0.20837090766285207  0.21911076411953340  0.22980156887646042  0.24047264669844196
  0.25120682064224620  0.26198429702953657  0.27273945817878142  0.28331383519587844
  0.29382451305984181  0.30437116450459067  0.31503024851890282  0.32544951219923923
  0.33606344897404161  0.34665418229783068  0.35723797013305830  0.36746389861547596
  0.37758762563530907  0.38802222695530780  0.39837606447898377  0.40904204119440585
  0.41941699719262665  0.42963468197066157  0.43958305133949960  0.44983663054933098
  0.46023500141369689  0.47081260828273719  0.48157554626152566  0.49282881831727110
  0.50409081653394527  0.51512734032499652  0.52637361358002543  0.53764727199135642
  0.54863852015850256  0.55935846505019982  0.56996866396251100  0.58053520779238399
  0.59120943658825587  0.60192811040650440  0.61254061077460198  0.62294729983029584
  0.63343252293672347  0.64410431341034369  0.65487819257364044  0.66544508643012512
  0.67575793557008801  0.68579197424977434  0.69572738549996949  0.70565050209478575
  0.71581194031322037  0.72620888039567322  0.73671228706147218  0.74725456281812486
  0.75776515875275718  0.76857861224458224  0.77937096208473156  0.78973321951594666
  0.79991478649750802  0.80998078511631977  0.82055282977540434  0.83097694528430655
  0.84210311326717857  0.85334358570144198  0.86429777632601490  0.87518652730238400
  0.88585972856726292  0.89646618310728288  0.90652335978784138  0.91637162421773721
  0.92631907616408016  0.93646294372285621  0.94660489104263967  0.95688495496678072
  0.96729329083175508  0.97802169181480147  0.98885607437031875  1.00000000000000000
 -0.00237462291773336  0.00928783130278599  0.01932634066630506  0.02942489633883588
  0.03959752859084791  0.04972745401909095  0.05982435288011084  0.07018513736094417
  0.08034329059527648  0.09067108411821383  0.10121592214546067  0.11163125335149091
  0.12184780135944127  0.13200159971282713  0.14219512372660087  0.15248163667764375
  0.16251726200462913  0.17262671408167821  0.18289890714734869  0.19335961779126881
  0.20384877169943746  0.21419606759314974  0.22464182935425137  0.23507294277305249
  0.24551656413730014  0.25606863993247830  0.26640584985874460  0.27654276340162343
  0.28651480920320926  0.29650828486653202  0.30649870390722805  0.31652511674490313
  0.32701341948729123  0.33742098065699910  0.34810128147781288  0.35874229295155774
  0.37012733016287286  0.38146303523731745  0.39317891223567936  0.40448555478094472
  0.41610754046550352  0.42674552927403886  0.43746958511630313  0.44766710368041912
  0.45837453570740128  0.46912715535884153  0.47970557483538417  0.49049729187017305
  0.50114503248171027  0.51188123269923524  0.52211708299465209  0.53208903569887400
  0.54199370118817980  0.55239197643220683  0.56315596250316480  0.57375785857006045
  0.58422507818073377  0.59483311666659344  0.60552292011677444  0.61629978664279506
  0.62675304237156437  0.63751588447294960  0.64828811194308333  0.65892230797822593
  0.66951781688860512  0.67974305232321564  0.68980101431293717  0.69974607307387859
  0.70976568455513644  0.72027248634225649  0.73072988345790280  0.74143649930023370
  0.75212632935047075  0.76272032375468402  0.77325090945157182  0.78365215229532370
  0.79395007939623063  0.80434368027510672  0.81496878754492064  0.82570715988319376
  0.83689429464004983  0.84753825473701472  0.85847288478004524  0.86866520420533377
  0.87896901488238710  0.88912894857137470  0.89960184629196405  0.91040352460642038
  0.92112059275899505  0.93244476678927990  0.94361749900374137  0.95499516318116129
  0.96625769871910050  0.97784509541764586  0.98904034464106227  1.00000000000000000
 -0.00226766300897568  0.00955705829616408  0.01946831154178745  0.02983537299351208
  0.03988926368903464  0.05014779282591970  0.06042886439422529  0.07053391261679220
  0.08031717435161752  0.09031768731737284  0.10062532060359071  0.11107914211726785
  0.12132808351483090  0.13190674114987572  0.14268312415203674  0.15345748018266214
  0.16411174054956049  0.17482814763112600  0.18502044392748584  0.19521187066574336
  0.20519258525309494  0.21518999301927141  0.22527764067958181  0.23559909656275155
  0.24599256852569015  0.25643516830314578  0.26688119784034142  0.27746120726327211
  0.28803857714275333  0.29846916372546217  0.30862760249916416  0.31864709490689003
  0.32864845926577052  0.33871085287915570  0.34876879928683863  0.35876244593935919
  0.36890882122795465  0.37899780584538412  0.38907693402566157  0.39905977206569077
  0.40898688780438414  0.41878996895104637  0.42851221486210461  0.43826938620534944
  0.44812786612463956  0.45816296805778306  0.46849476808954538  0.47903698297733005
  0.48958557316779544  0.50048778425352780  0.51153188085960111  0.52256797902544450
  0.53332531428553842  0.54417829472832924  0.55516069824906888  0.56605309139616466
  0.57685308231141885  0.58772294797427649  0.59872881287329127  0.60935210458943212
  0.61982300009491587  0.63042516227224410  0.64120266015273542  0.65211348169935446
  0.66305120879679491  0.67394393242332562  0.68478819824012671  0.69537730968671152
  0.70569232353772249  0.71591468390018576  0.72661068896094694  0.73777649532038836
  0.74898019310575592  0.75975172028998983  0.77034201308821804  0.78104235013535273
  0.79190439770788745  0.80276367276209282  0.81381668744542435  0.82487239551690028
  0.83574222289520306  0.84637811832366039  0.85721440826959694  0.86819552171512115
  0.87936641518397518  0.89040800131731523  0.90127280244818986  0.91191967022190978
  0.92252670454284480  0.93281239800583804  0.94326781172776575  0.95409555012928748
  0.96589381713551326  0.97738750268627861  0.98893981446950563  1.00000000000000000
 -0.00249087382630766  0.00908565928107566  0.01915355795513047  0.02988817752808784
  0.04057365117319009  0.05119121577773166  0.06200180248295410  0.07247440535993524
  0.08287654214776342  0.09320703937235636  0.10359067514342436  0.11386050251605656
  0.12436149280614471  0.13501939109300543  0.14547869241089914  0.15572728381852416
  0.16604089549731199  0.17684503028795193  0.18742948164929774  0.19775679133604127
  0.20817109728405184  0.21882523481105107  0.22992454905889737  0.24111534617321057
  0.25231155456052667  0.26347739288801975  0.27439232091556470  0.28498990120102913
  0.29531988635938100  0.30562541142422156  0.31619159093426907  0.32666629810695474
  0.33708332788877088  0.34740649661778061  0.35781482497514872  0.36838970953921368
  0.37912545003522702  0.38991837302680715  0.40069445012492449  0.41159489574380798
  0.42263352675956140  0.43366208628464537  0.44426715541874962  0.45503447519188889
  0.46599646880430795  0.47673583462161895  0.48710730378448425  0.49725703891994033
  0.50768829553462191  0.51816681806298637  0.52863559884697908  0.53941162314778790
  0.55043205289530028  0.56145320113964881  0.57195699563646996  0.58210866281927154
  0.59195582392715429  0.60157769156064111  0.61122846194680380  0.62140294698319254
  0.63205247448455282  0.64285482766690449  0.65329851909491166  0.66340256853476509
  0.67376519137865465  0.68427716543765227  0.69512871378324648  0.70580441783154635
  0.71622810636614398  0.72669135023276477  0.73720313294335171  0.74786711308118559
  0.75864973771738464  0.76940781505340183  0.77973294642269864  0.78982232648133488
  0.80023963336523685  0.81099705767350616  0.82197668338365426  0.83259473331705980
  0.84307139769970996  0.85360244387373607  0.86433610800442406  0.87489872210745645
  0.88507792665190510  0.89515723180486495  0.90537498400929872  0.91559009146980264
  0.92577165488927493  0.93606514796569695  0.94657875944649716  0.95747521476746655
  0.96818431461093424  0.97903692467055126  0.98952569803641066  1.00000000000000000
 -0.00259988532137696  0.00953227395817285  0.01986999227691563  0.03057569848067861
  0.04109789960998685  0.05168263097533145  0.06220086477855235  0.07284909053009192
  0.08347317166074594  0.09405796272465100  0.10473182188142649  0.11548716885594391
  0.12649757732386835  0.13773129789747704  0.14889003397502729  0.15995839408249177
  0.17106383149567495  0.18242606428454411  0.19343594003230991  0.20412331455296556
  0.21414421230835623  0.22406107150107460  0.23421252398162593  0.24431834129891702
  0.25433323702114741  0.26422090050412145  0.27437880139937237  0.28481615838210678
  0.29533468956095832  0.30565186503235242  0.31613834658737489  0.32663461247096454
  0.33754333175365292  0.34839752179308109  0.35924596092963440  0.37004856671731690
  0.38082831440113518  0.39151111223622242  0.40203477967184981  0.41250471557085694
  0.42273785284100246  0.43309982520423207  0.44366660128769064  0.45435587797335308
  0.46469557277691886  0.47477796278842704  0.48502020740599078  0.49534108161460177
  0.50543306616486139  0.51544241136221014  0.52554375524165942  0.53579523315491606
  0.54610449802012828  0.55664732996629551  0.56720168910008240  0.57785347895710115
  0.58842273949384183  0.59933270448788878  0.61014113368765432  0.62083499219066485
  0.63111518375481379  0.64125258072554214  0.65143930836742470  0.66188074892128457
  0.67255850172864062  0.68301642025455533  0.69361887184147930  0.70405417607899035
  0.71437514535948210  0.72449760496808502  0.73503272814880294  0.74580737018988330
  0.75630229945132410  0.76665591483128082  0.77681552183097757  0.78718007571617854
  0.79747196435492484  0.80795473679950336  0.81815335152316526  0.82810833528333283
  0.83818689627152665  0.84861548818358878  0.85922591220344990  0.86982652976111030
  0.88026831745008849  0.89113902228504527  0.90224827136803043  0.91331814229574904
  0.92377181758151161  0.93393873997680432  0.94427695555902091  0.95511371963737490
  0.96636287287226852  0.97794161493003118  0.98910386340228607  1.00000000000000000
 -0.00209794706609485  0.00876103983163250  0.01853394323038402  0.02866625325928253
  0.03888672645251443  0.04905598194532014  0.05922346590386292  0.06973634596393340
  0.08022036050083348  0.09089992703187258  0.10150737547679037  0.11228151156888959
  0.12320693047917546  0.13413352658341612  0.14508593795403521  0.15604420286485104
  0.16676817969593027  0.17718016396902309  0.18726272254043769  0.19765380301181201
  0.20795783009252364  0.21869978020649308  0.22964368234805002  0.24073353095463459
  0.25104492538073547  0.26114305511933023  0.27126860143465653  0.28208724007736946
  0.29290979979416287  0.30369148658925249  0.31419251997126812  0.32474047650139504
  0.33487063474578599  0.34542140601584409  0.35548923593848047  0.36578996865787433
  0.37558630292546091  0.38595836682196538  0.39629904209908262  0.40711928489321020
  0.41776868923508026  0.42807420742808150  0.43822124683714292  0.44872836262861487
  0.45956786847980446  0.47065007137892850  0.48181238509463492  0.49296856057333688
  0.50348009609008282  0.51366113356039211  0.52390102545059181  0.53423772243063239
  0.54467903809958174  0.55513908911668453  0.56557515451924945  0.57612561480066515
  0.58693260092224331  0.59785938722753207  0.60864995043591030  0.61923971889527341
  0.62986997581987403  0.64020128577134239  0.65051589406946053  0.66052835087882988
  0.67046257285066602  0.68043579580399416  0.69075412479714615  0.70162907152877474
  0.71258716978679315  0.72358646254840997  0.73447383949836165  0.74533062882517631
  0.75612630362912692  0.76663527490499228  0.77705985868178640  0.78730068899679728
  0.79766597034050157  0.80800519949530658  0.81835196910415731  0.82867533715569075
  0.83899914315228652  0.84919402143864708  0.85939898377299251  0.86959288496487830
  0.87989071277017494  0.89066226619887412  0.90181344771077487  0.91315028970802403
  0.92445674037840175  0.93561951962412993  0.94650048643035845  0.95718253655786334
  0.96784802017923721  0.97872261797873528  0.98925653927953972  1.00000000000000000
 -0.00255052830365287  0.00904899228027568  0.01908904778268215  0.02942576101284437
  0.04018001984694833  0.05109942192233106  0.06188411338383788  0.07236034964476053
  0.08265023821394700  0.09328412020051860  0.10417293753256493  0.11508577195542628
  0.12579791334010668  0.13634068531899077  0.14672480689624087  0.15702670657095932
  0.16731449698870920  0.17755248990682904  0.18777553523426627  0.19824713115004258
  0.20896331398170687  0.22009311264985859  0.23103241919553355  0.24199276872040729
  0.25264278599733175  0.26328983055396488  0.27366395740786603  0.28406339407838316
  0.29458726660185508  0.30531381791905998  0.31582270222924680  0.32592584918393946
  0.33596547188649739  0.34611995074983071  0.35689746272608774  0.36804645842190697
  0.37938889689801852  0.39035594481988917  0.40114846243139213  0.41204683750452653
  0.42296668925644176  0.43347050331363435  0.44387932846563405  0.45387358428914820
  0.46432824091199859  0.47502797025949151  0.48621920237213595  0.49749982371716855
  0.50842183988340595  0.51924244346797888  0.52998007881835041  0.54073011266862692
  0.55146718943998352  0.56224828160046114  0.57309404915403095  0.58385909218309540
  0.59447998112768818  0.60483564172276139  0.61482335274097855  0.62457469077828598
  0.63420078259269397  0.64384888054345213  0.65352734056310313  0.66312501349561237
  0.67294506649651731  0.68297523173244112  0.69356411326721368  0.70453623912494834
  0.71489524748575584  0.72507297169044171  0.73546772905306967  0.74592657984356669
  0.75647856256954904  0.76668339595791668  0.77730510234273231  0.78817168925289904
  0.79911887987800267  0.81024766816668714  0.82116740472089400  0.83172109764733082
  0.84209259073753584  0.85235531701263390  0.86264951077776186  0.87285715284100329
  0.88320063054633191  0.89369910309142109  0.90421188618965864  0.91471518557990994
  0.92524328766528929  0.93582168438104496  0.94678264653951405  0.95775451440172854
  0.96818353926430445  0.97846643894215757  0.98902769510005861  1.00000000000000000
  0.08545614805049107  0.22781585277712627  0.26052872697776186  0.27839260763906781
  0.29223168433915880  0.30472479190771296  0.31633454803491090  0.32733344605294495
  0.33783747023104199  0.34789677858893753  0.35750496140310356  0.36669779138702552
  0.37569628370551000  0.38425021423390804  0.39256523058832027  0.40061134578190044
  0.40856716993370001  0.41644688838768301  0.42396251227780485  0.43144034597507597
  0.43885603252786198  0.44603383029937760  0.45288734337757131  0.45954715896025145
  0.46603284078081114  0.47245465473394876  0.47889123224351532  0.48539637584618112
  0.49194626980661704  0.49840546670532526  0.50469000304486578  0.51088002512796238
  0.51708865962085271  0.52331351637244694  0.52952906682632805  0.53568568755081469
  0.54188769075978549  0.54806051964448288  0.55409762737022406  0.56007698218461699
  0.56610045816264121  0.57224123591647202  0.57847122764448045  0.58478239449105718
  0.59104469642737656  0.59735043062907656  0.60366683253737929  0.60992789552011506
  0.61613810329535224  0.62220986322803551  0.62817386775369777  0.63416623436758501
  0.64018170585600165  0.64609801836933456  0.65186946833837300  0.65768544267593010
  0.66354152097309715  0.66946509666125453  0.67519300943698490  0.68091627766993235
  0.68678407036078726  0.69284905095311144  0.69905476537469891  0.70530654150189787
  0.71174388176078618  0.71831477406396271  0.72492630734950525  0.73141319872447397
  0.73781638141424544  0.74423700285473304  0.75064819256273785  0.75714912748173513
  0.76366130477315952  0.77012000357439259  0.77669896804825134  0.78328853469984561
  0.78999027258909427  0.79682955518670273  0.80384983777635899  0.81099149042404906
  0.81825372799258456  0.82547343812907503  0.83278771350618497  0.84054938271122026
  0.84848207203967008  0.85671416686916679  0.86537785977162418  0.87442602257234925
  0.88382364114564338  0.89366304198153756  0.90427433433837290  0.91582273863416763
  0.92835223388288324  0.94304775864497203  0.96360122222258926  1.00000000000000000
 -0.01830382381589341  0.10830312280038856  0.14389173958039608  0.16561975442702034
  0.18298824491514606  0.19796256117908781  0.21119876575428809  0.22320421332783974
  0.23433106002943591  0.24466223564721293  0.25444564058571023  0.26368778922657615
  0.27264496678566302  0.28116531707149250  0.28942595181181163  0.29761171551667098
  0.30549872946201262  0.31312288344373335  0.32025144567273661  0.32718344577039854
  0.33419752950390130  0.34133271849940727  0.34833161850311073  0.35503963735964195
  0.36152822152839348  0.36803877939619806  0.37456018231492949  0.38101411917255340
  0.38737477193865821  0.39357577489596968  0.39964080628147375  0.40566662355404132
  0.41167848912777194  0.41768330955786348  0.42371248681116153  0.42972008337342105
  0.43573950725284843  0.44161931474181704  0.44752055202506319  0.45337438197328528
  0.45913848718027606  0.46486477285055144  0.47062098972658811  0.47644403513627626
  0.48236294008721892  0.48819426962652485  0.49390238938174919  0.49964078224465081
  0.50536432153926159  0.51101391757669778  0.51656763950009432  0.52206104910121487
  0.52754595844052599  0.53309511991883607  0.53868560616495598  0.54424822595786826
  0.54985466846800712  0.55549034222386884  0.56112192542941086  0.56672837968918233
  0.57233189385302674  0.57793500113392604  0.58345855903917132  0.58900549240964184
  0.59459130382393843  0.60025394033581980  0.60607313592826428  0.61195809649715327
  0.61787662596445825  0.62389727162975328  0.63008232959623334  0.63648131012741571
  0.64310612758516283  0.64992585547604032  0.65683911573501308  0.66371829856549713
  0.67064633639992166  0.67779268865484144  0.68510244635087381  0.69271376417913855
  0.70053875869695303  0.70861535008753829  0.71692187774623684  0.72552836461338277
  0.73451242566741171  0.74382878082791481  0.75367600797572698  0.76421233511515374
  0.77520740815178713  0.78701422934871390  0.80023937233104281  0.81534874580840799
  0.83264565074651931  0.85506285664355275  0.89114117076485067  1.00000000000000000
   9.7968476607859483E-005  -1.0000000000000000     
 T F F F T F F F F F F F F F F F F F F F F F F F F F F F F F F F T F F F T F F F F F F F F F F F F F F F F F F F F F F F F F F F T F F F T F F F F F F F F F F F F F F F F F F F F F F F F F F F T F F F T F F F F F F F F F F F F F F F F F F F F F F F F F F F T F F F T F F F F F F F F F F F F F F F F F F F F F F F F F F F T F F F T F F F F F F F F F F F F F F F F F F F F F F F F F F F T F F F T F F F F F F F F F F F F F F F F F F F F F F F F F F F T F F F T F F F F F F F F F F F F F F F F F F F F F F F F F F F F F F F F F F F F F F F F F F F F F F F F F F F F F F F F F F F F F F F F F F F F F F F F F F F F F F F F F F F F F F F F F F F F F F F F F F F F F F F F F F F F F F F F F F F F F F F F F F F F F F F F F F F F F F F F F F F F F F F F F F F F F F F F F F F F F F F F F F F F F F F F F F F F F F F F F F F F F F F F F F F F F F F F F F F F F F F F F F F F F F F F F F F F F F F F F F F F F F F F F F F F F F F F F F F F F F F F F F F F F F F F F F F F F F F F F F F F F F F F F F F F F F F F F F F F F F F F F F F
  <DiscreteSampler_grid>
  grouped_processes
  1 # 1 for a reference and 2 for a running grid.
  10 # Attribute 'min_bin_probing_points' of the grid.
  1 # Attribute 'grid_mode' of the grid. 1=='default',2=='initialization'
  0.0000000000000000 # Attribute 'small_contrib_threshold' of the grid.
  0.5000000000000000 # Attribute 'damping_power' of the grid.
 # binID   n_entries weight   weight_sqr   abs_weight
    10   10   1.065916183919058E+004   1.005128738286546E+009   1.065916183919058E+004
    16   10   1.065916183919056E+004   1.005128738286544E+009   1.065916183919056E+004
  </DiscreteSampler_grid>
