  0.00352541893573163  0.01131476004506878  0.02103903521272057  0.03082087002968532
  0.04069789643883617  0.05119654202871186  0.06179811321732634  0.07224735461199965
  0.08268741238035546  0.09330757728102812  0.10408930985738732  0.11456665341771551
  0.12487877273411745  0.13534676330566534  0.14602011022703587  0.15641413220254061
  0.16660899733486334  0.17675395495865015  0.18688430258232297  0.19718814168502938
  0.20727713684246904  0.21758774243767359  0.22802161700016546  0.23854440042701525
  0.24912306912053461  0.25921989574894572  0.26910608524323021  0.27902125366383262
  0.28915037799302151  0.29951207010784969  0.30970095542734594  0.32016179946115714
  0.33074207547215007  0.34142195173431766  0.35208878023594781  0.36276364442058467
  0.37350442243502346  0.38424178898854144  0.39505314983508855  0.40567181136811159
  0.41611684316466663  0.42665688321794931  0.43709259075305784  0.44759813242546542
  0.45847585472601371  0.46965905033354338  0.48089055120543628  0.49173495208476886
  0.50230142095787933  0.51285787866439225  0.52344344265160692  0.53420521257357312
  0.54491764659681552  0.55543197265196620  0.56577958150340957  0.57613932346727903
  0.58646936300617769  0.59676382715446474  0.60714650717115870  0.61763999805276992
  0.62797234605631225  0.63825338742573545  0.64852421913341352  0.65884055804514452
  0.66926823988437156  0.67970546912003282  0.69017975039914470  0.70030902290599972
  0.71043753422292188  0.72049186365051754  0.73074422200462175  0.74095347713872872
  0.75118870169143659  0.76142832273308114  0.77189702857464071  0.78261083699156753
  0.79348923282482031  0.80431524098576468  0.81514132744688872  0.82606577829011230
  0.83686018966759634  0.84764260298195782  0.85803459176869767  0.86836851627825118
  0.87868361859884259  0.88883504262846480  0.89900850307521585  0.90924940176151525
  0.91978710985774115  0.93087108782646899  0.94201051770472555  0.95294005332798459
  0.96416609216881255  0.97578741476959074  0.98780971713624477  1.00000000000000000
  0.00712667799308476  0.01572013041953365  0.02674818462797456  0.03804043410938332
  0.04909611922065996  0.05995861470327609  0.07068463338156554  0.08119006763259651
  0.09167805276789852  0.10227407765713667  0.11317457146570828  0.12410043094896406
  0.13485652696489853  0.14546585309236570  0.15600545757700385  0.16645035548191409
  0.17658633273320673  0.18679291750705349  0.19709962498500747  0.20769337472934332
  0.21836001546794206  0.22904706359890711  0.23974963317793510  0.25060642871724093
  0.26133581772957148  0.27193863349781683  0.28247766306438793  0.29315292854483188
  0.30377417127342432  0.31425789365189000  0.32485245634671939  0.33591784267054231
  0.34687543583903524  0.35776837296896924  0.36839007966338427  0.37918541053362514
  0.38966368349257841  0.40028428777442576  0.41090862385392474  0.42155745628617031
  0.43205330052103386  0.44267781627657526  0.45335153850606985  0.46392538525432098
  0.47431993697265984  0.48484146625497349  0.49556818534544395  0.50631318519778212
  0.51711386792151071  0.52785755784445421  0.53846435599140763  0.54879855804403144
  0.55919184072188277  0.56982220177424325  0.58054194295472561  0.59100393335616386
  0.60123026014333480  0.61140194311851936  0.62173928408095480  0.63200477156468493
  0.64219983521778290  0.65240090662876671  0.66285090642960864  0.67341107980146753
  0.68386349440141159  0.69409153310336813  0.70434134022163886  0.71459101759396870
  0.72496085263701315  0.73563835260838895  0.74640606733129466  0.75720038703477965
  0.76780222914487739  0.77841665127817072  0.78904068335910504  0.79948989487803634
  0.80981799548127553  0.82030025114037586  0.83095802794555651  0.84170528851280824
  0.85236547325413348  0.86271267226266379  0.87324388874136794  0.88351357421424992
  0.89364095970213997  0.90341207309977112  0.91328093639283781  0.92322805371146932
  0.93304337511571445  0.94269518406796649  0.95237738178060682  0.96204449175522622
  0.97155095156667026  0.98107645088010464  0.99197410805262187  1.00000000000000000
  0.00354097833762451  0.01102334184150621  0.02036821799757539  0.03005110266708606
  0.03992818551780295  0.04995401469813306  0.06015588880034894  0.07042930926508792
  0.08071880703350087  0.09065931856679652  0.10055143723941644  0.11060124045056868
  0.12078454904058514  0.13111274868731773  0.14163230215664191  0.15210619435804659
  0.16248533012265229  0.17275405412518560  0.18306856975331878  0.19357373304206404
  0.20382334263621729  0.21394676129835713  0.22407780031105251  0.23443831461029335
  0.24495712171912512  0.25556662814010972  0.26605375764908740  0.27673802648798335
  0.28738796389339777  0.29832101010312551  0.30923379561695563  0.32006982158181779
  0.33076346209564805  0.34128792576806105  0.35190057754038284  0.36257009446599919
  0.37318773344604339  0.38380941222265752  0.39429334675833966  0.40482484871836405
  0.41504608285510675  0.42504738861105384  0.43499899383711121  0.44511407639803935
  0.45556382035639098  0.46637681785611651  0.47718633322451681  0.48793095865330388
  0.49841535805162512  0.50903447264715362  0.51937563829790334  0.53005687168647109
  0.54031795146681771  0.55108760949078028  0.56152099111550724  0.57207168727790669
  0.58276000071612599  0.59326382585125881  0.60358711827617495  0.61363946785784762
  0.62383932869271352  0.63459801463520937  0.64544327907748966  0.65631625800529059
  0.66713325509292232  0.67779006865005198  0.68815521995967233  0.69836089098552379
  0.70878790400490377  0.71949992107154626  0.73012995815642034  0.74060879352955067
  0.75097965479796580  0.76146832674342968  0.77208841711460074  0.78288510208250961
  0.79363831698899245  0.80423193897170941  0.81459755054141769  0.82520349893327505
  0.83588044979686127  0.84658469283502258  0.85710514982861108  0.86749840729774153
  0.87780972652218370  0.88794053742001189  0.89833384832354968  0.90905607736513783
  0.91992984994807869  0.93067247270062015  0.94157670355621237  0.95230595358712844
  0.96339488901809489  0.97449574404279016  0.98687218663170051  1.00000000000000000
  0.00570710205383021  0.02110779801342436  0.03614647257027818  0.04886644341823053
  0.06048344756653411  0.07162362156144400  0.08241015551065647  0.09327516659097415
  0.10403951537092491  0.11462853148114306  0.12511869618161497  0.13583775605622808
  0.14663184230984114  0.15731842853586689  0.16753864621386294  0.17762393997346312
  0.18785933532789573  0.19837030582509843  0.20907531500417320  0.21969722415769638
  0.23025017235315703  0.24069292322960925  0.25102527479815834  0.26132100405340519
  0.27160522945549920  0.28195802924529034  0.29253887154034180  0.30334991267574674
  0.31396597273457971  0.32440671369437990  0.33491379743620348  0.34551346748669903
  0.35614589896457022  0.36671532013315011  0.37722700733429038  0.38773435528155936
  0.39820228080475584  0.40877117899915122  0.41953327423974263  0.43031700646391785
  0.44094395137069986  0.45125642031630264  0.46164146195970429  0.47212518780685553
  0.48256509812104209  0.49279334859225227  0.50302184601574018  0.51314983948162218
  0.52333744195301135  0.53343183806970207  0.54371099607193285  0.55402493831476096
  0.56437344386143451  0.57478264466724538  0.58534402420292864  0.59599333551562383
  0.60659102455663982  0.61700426157054089  0.62730281888704076  0.63752417846139886
  0.64796926714031378  0.65821126178314371  0.66844480458676492  0.67864856153057396
  0.68889824273106526  0.69923895592490182  0.70947473745411205  0.71973741210267739
  0.73014769013203062  0.74082703042116493  0.75157030734904218  0.76224558573089585
  0.77268382309526074  0.78309205089573131  0.79350842786010545  0.80384760145367462
  0.81403447537634566  0.82412523769306201  0.83430185630391829  0.84448984927993298
  0.85448239811467253  0.86437326239174062  0.87428569212625395  0.88434739030267639
  0.89449698283858825  0.90472385461626947  0.91488926321080777  0.92508808648846974
  0.93536131162448699  0.94553357485351952  0.95549553988996472  0.96534355255523507
  0.97477604233695359  0.98338861456951121  0.99185122696744621  1.00000000000000000
  0.00000561536107396  0.00000859360195360  0.00001296387770178  0.00001710070057844
  0.00002093190564243  0.00002541849620214  0.00002947391999632  0.00003345727235970
  0.00003746917867482  0.00004150065949015  0.00004549832558833  0.00004946283292465
  0.00005360551827912  0.00005784196052314  0.00006208303156279  0.00006634023308426
  0.00007070286070602  0.00007513389364339  0.00007963438387693  0.00008428162372645
  0.00008913183326801  0.00009419746037666  0.00009938369867328  0.00010465406212068
  0.00011002546635887  0.00011553692776839  0.00012120819105273  0.00012702813472399
  0.00013304190196623  0.00013936031727345  0.00014598460403444  0.00015296799448664
  0.00016051637976657  0.00016857890457297  0.00017711655118543  0.00018600464005556
  0.00019510089905580  0.00020437932054141  0.00021376006466118  0.00022331003890957
  0.00023309453659000  0.00024317239207710  0.00025342352501183  0.00026395069322083
  0.00027472796925009  0.00028611862240437  0.00029795075105551  0.00031028505243848
  0.00032323870760196  0.00033634402420585  0.00035084997199403  0.00036566210791222
  0.00038124943191754  0.00039725918657280  0.00041377686209103  0.00043201218777718
  0.00045115761784325  0.00047186990615761  0.00049324148542533  0.00051587931215843
  0.00053955288777038  0.00056439931982368  0.00059059439965899  0.00061863928002288
  0.00064889168355033  0.00068206605086674  0.00071754739448308  0.00075605314963674
  0.00079732769377914  0.00084175898615222  0.00088935610144424  0.00094150583621235
  0.00099762767839711  0.00105700341641109  0.00111887629477166  0.00118481783008822
  0.00125772002240681  0.00134068179300094  0.00143485591420353  0.00154002417630604
  0.00165912641621286  0.00179664538405162  0.00195066363478663  0.00211660393123561
  0.00230905039170853  0.00254009337039917  0.00282139507942507  0.00314737780924078
  0.00355998203631941  0.00405410854669455  0.00467797005665451  0.00555065353383785
  0.00708711112525442  0.01203895149860432  0.13864511157382675  1.00000000000000000
 -0.00243060243306972  0.01007450574774805  0.02056727288671169  0.03178602860141393
  0.04258091275860856  0.05346299922638394  0.06404715347902190  0.07491154582494609
  0.08566784426869806  0.09681219826356005  0.10803407069927259  0.11943519894290464
  0.13060416032017569  0.14150340066423173  0.15255753181507908  0.16376181611116250
  0.17465997487165411  0.18549899100722070  0.19581850857588384  0.20607760924782401
  0.21632306138655749  0.22690749220251610  0.23771183155417724  0.24834813589567736
  0.25879559437120897  0.26914933657981421  0.27979701918565714  0.29055999147874917
  0.30135955545659693  0.31195194640611618  0.32213219774622059  0.33202486582317231
  0.34202217665038481  0.35245050757983309  0.36316087654339874  0.37396525526895374
  0.38483344373810430  0.39562958704679385  0.40626997446804491  0.41680155664475688
  0.42743442764181744  0.43796160688248864  0.44841668298818677  0.45878082008503673
  0.46916547625923993  0.47958939083350977  0.49004626731233814  0.50062758061713863
  0.51107985143832535  0.52136504846896736  0.53157495642046604  0.54187505883537490
  0.55222469942441932  0.56248099733665247  0.57269574129476442  0.58287360971018576
  0.59320094710078253  0.60384837160403082  0.61464546473470405  0.62537965822236818
  0.63597253982206370  0.64638430768458266  0.65678148033796535  0.66699931752816821
  0.67717964871107994  0.68736706698829508  0.69770297229848244  0.70802110041382615
  0.71828224326390988  0.72836069229665945  0.73862167191049244  0.74892222315260726
  0.75927536922698158  0.76963696241763679  0.77992868880292654  0.79005362023595771
  0.80042143782269559  0.81113327726567297  0.82195857853935894  0.83272661091953037
  0.84333486319429085  0.85361694320109283  0.86366402158750655  0.87351963064031413
  0.88357227645971737  0.89379216357163149  0.90442813205705175  0.91525367732913243
  0.92578198005156387  0.93617491777443762  0.94648935910277965  0.95696858006680718
  0.96753889318567998  0.97830482894246407  0.98927885698076834  1.00000000000000000
 -0.00241520227719718  0.00931480593091230  0.01961640860946325  0.03029029538466580
  0.04078937713055569  0.05124122790670757  0.06181131161494632  0.07247939758901933
  0.08331294724941747  0.09426461278991530  0.10536348352710023  0.11649263884095822
  0.12748379219844741  0.13868523930576510  0.14966684348731221  0.16049324922113303
  0.17083414148078932  0.18113131964182955  0.19176364036300977  0.20258627871321755
  0.21324987354820449  0.22375059895248581  0.23435017729695523  0.24494917292347129
  0.25537666748251825  0.26563500971251275  0.27619534897400350  0.28699279734417299
  0.29795711854098406  0.30875735181342084  0.31928195145424676  0.32966541182274706
  0.34003925177455024  0.35041807154415844  0.36078762789600777  0.37112401730305045
  0.38158876530694286  0.39198640517831285  0.40252933694608195  0.41306498581710971
  0.42366277977955125  0.43403311233329200  0.44435844978036715  0.45494445213437190
  0.46585196730443451  0.47671193323810906  0.48766860825293096  0.49849407947032892
  0.50951637842208197  0.52013724587613519  0.53037911626697953  0.54056976391614664
  0.55082634826524035  0.56103106375282685  0.57104734827083570  0.58121035092710449
  0.59157360187493224  0.60199382035216997  0.61244553222307252  0.62295951822218143
  0.63383556401277430  0.64456380685301029  0.65528143284726892  0.66575703117574447
  0.67608794893250124  0.68614793859488077  0.69613748320120461  0.70629766379840775
  0.71665154006678788  0.72713619947473951  0.73772255630920336  0.74824271360201711
  0.75852777805176519  0.76882202352079010  0.77927203477208451  0.78973739634778595
  0.80009548611262415  0.81036629733140997  0.82069014578148480  0.83115303500495952
  0.84184756241142555  0.85272679144214714  0.86331324489774675  0.87390265423952340
  0.88477407245116035  0.89590022961336768  0.90661243441555683  0.91702401561400360
  0.92726481851640408  0.93777217154801384  0.94800200091480147  0.95829765626672880
  0.96848577140628900  0.97882559055579499  0.98934905466182621  1.00000000000000000
 -0.00226748882253951  0.00890438425302167  0.01888284537197233  0.02937800206010315
  0.03972214430766785  0.05016651829336904  0.06080282256385193  0.07103596639665168
  0.08154126458937863  0.09221125185796519  0.10292898245056686  0.11328930588242771
  0.12360905451540061  0.13418996242593612  0.14455860466557013  0.15461842546077259
  0.16469135708589203  0.17493098684213493  0.18517306452032073  0.19573722570957222
  0.20633877181460353  0.21667815317405303  0.22712358417450976  0.23791018632757929
  0.24884678891750686  0.25923096702079523  0.26940223199146229  0.27982898180138904
  0.29045079275465219  0.30100764145102210  0.31140151391644905  0.32184831439804246
  0.33237607049555767  0.34315167084929149  0.35375974113119246  0.36438201960002731
  0.37485565770368923  0.38542160529778979  0.39630562138803471  0.40732642836931782
  0.41798306654271206  0.42836028818093957  0.43869379430555555  0.44892038872880979
  0.45910073374944826  0.46962826015748660  0.48042272682187009  0.49141008596941527
  0.50235271956894834  0.51346933624553326  0.52455448359070167  0.53522180980128331
  0.54586318003550915  0.55622788890316088  0.56672815974783564  0.57734344860790521
  0.58800474343939912  0.59860877733374074  0.60919611023575782  0.61967890948301751
  0.62992903586445026  0.64009302427929538  0.65067254136424058  0.66142820199405983
  0.67216696642330342  0.68258676431135579  0.69291638159040359  0.70328780737173147
  0.71375827179624118  0.72446462366451170  0.73490474185907217  0.74534320983066826
  0.75573254379330279  0.76633658690184436  0.77672222103933652  0.78707996295857541
  0.79737105409909514  0.80773115226984793  0.81803551432862143  0.82849520554510114
  0.83916373908770681  0.85006944316229727  0.86080361952460072  0.87167882761684612
  0.88233269730079711  0.89338026173895591  0.90427967472004156  0.91506694233146568
  0.92539848577410722  0.93596776728827891  0.94657808754623707  0.95733379323429990
  0.96805309671741480  0.97893907889647314  0.98956389770824393  1.00000000000000000
 -0.00271803437350591  0.01025817309484250  0.02109820818495500  0.03171709162045489
  0.04241217618907558  0.05274337226474778  0.06353245604925946  0.07435386630749424
  0.08525763686149139  0.09609364561172200  0.10666044834810584  0.11688189317109787
  0.12708784863423186  0.13746167205368215  0.14806804901088064  0.15869883780091565
  0.16941770171578374  0.18003040356407840  0.19072305833979683  0.20105927939542642
  0.21139886139769476  0.22196465506982957  0.23272936383573159  0.24351636088114739
  0.25411486527153632  0.26451837990045102  0.27517514040423430  0.28599770115049816
  0.29684986643735639  0.30727913898380244  0.31749441875049511  0.32777645606057154
  0.33816057591061777  0.34851389684441964  0.35904016825369722  0.36955749940648158
  0.37997898049771245  0.39025084654671266  0.40058682107535520  0.41098424616072071
  0.42117813926537517  0.43140447772909779  0.44183897273344147  0.45260398644198102
  0.46319268786887113  0.47360203239862647  0.48381628949256628  0.49425906627080252
  0.50473291028297995  0.51533741700479196  0.52589490890760515  0.53623789323729798
  0.54665391056596790  0.55676533357731373  0.56724313898877576  0.57783737396412105
  0.58875447307146866  0.59957716957722307  0.61020190992638190  0.62069655605026275
  0.63101086786800109  0.64116892027411898  0.65150183720192412  0.66213308248229830
  0.67278961476973198  0.68332814450356172  0.69389197510367662  0.70456335513835322
  0.71509096617818169  0.72563863232855297  0.73613686619395091  0.74711913508176164
  0.75806731737937849  0.76932000907471654  0.78038106129883311  0.79142178089889659
  0.80197544117386454  0.81283406376773359  0.82357617362943014  0.83435008515989384
  0.84498372941991673  0.85536255811995932  0.86575495191378182  0.87575957221476830
  0.88610897208253270  0.89638227444821850  0.90680985587932039  0.91720385294406614
  0.92732628590451160  0.93770954838884446  0.94812666721524197  0.95836616133589014
  0.96854457026097396  0.97855198309393610  0.98933075475354415  1.00000000000000000
 -0.00229538193798746  0.00857958305392334  0.01851843269368024  0.02871056726131482
  0.03889669578703750  0.04925079088023350  0.05961146596719663  0.07032946698135679
  0.08088571940775098  0.09141266382566772  0.10176880065102928  0.11223457194148904
  0.12267538675356189  0.13316232534825678  0.14344883323896990  0.15378515772378309
  0.16408138989887988  0.17438375283933263  0.18473660335761868  0.19497174344838397
  0.20516658976680599  0.21543755859497030  0.22562078831978349  0.23572337705913271
  0.24581691445007070  0.25607204199146233  0.26639120204371147  0.27680759952594347
  0.28716440067521243  0.29743940294375837  0.30763717678814945  0.31804301947976366
  0.32881530223052591  0.33982744004981125  0.35073485765346818  0.36150205129861540
  0.37221386136487888  0.38293820752198582  0.39373427333837396  0.40459259791454211
  0.41528587995411148  0.42583294846965314  0.43635998988066677  0.44708673748406280
  0.45804178897923459  0.46885762443280993  0.47942188789633178  0.48976131306816617
  0.50008101955320028  0.51025046194788226  0.52037714412198566  0.53050122661102339
  0.54089748273087057  0.55139755206866881  0.56192983075315761  0.57250891397543346
  0.58310568047864730  0.59380519396878995  0.60450593761179272  0.61515620822059458
  0.62560370939413545  0.63595813861716188  0.64632010234175097  0.65680965266782831
  0.66728037049929556  0.67767978807108742  0.68825405061762024  0.69921504681165125
  0.71031335358259062  0.72144999573541357  0.73212731632887196  0.74275131884346035
  0.75287454822083988  0.76319236023773773  0.77359042233557440  0.78413405820275373
  0.79462131949131876  0.80506716798205047  0.81570042833138334  0.82637898987883218
  0.83692734862508444  0.84753840611085962  0.85792553764613522  0.86854190146037102
  0.87915529708262496  0.89006222884922048  0.90073975222927571  0.91156960300833789
  0.92248508358038162  0.93333549782375957  0.94410024881963184  0.95490207340527011
  0.96631790379810334  0.97773188422994806  0.98893227396764993  1.00000000000000000
 -0.00250914181992594  0.00960314103785139  0.02030191227322984  0.03079548282443070
  0.04146464094800265  0.05174104395510470  0.06221195154653839  0.07259368722931274
  0.08321736295601857  0.09367822799207234  0.10408623527042812  0.11437874511142936
  0.12473054321298890  0.13517840640854464  0.14591163850341660  0.15690611963878229
  0.16793889588389488  0.17893259307487644  0.18956210288358868  0.20016075685218937
  0.21050508485248409  0.22086101219358523  0.23119211683216762  0.24167531514054097
  0.25211584012036614  0.26249669079556015  0.27300306236087185  0.28368667620995019
  0.29450299138803732  0.30508997292246054  0.31543925147724283  0.32579340853604039
  0.33607010031032586  0.34658451379176192  0.35710405188082905  0.36772390175029085
  0.37840084255031692  0.38916317136831913  0.39975423822585554  0.41024419483181224
  0.42096877104824532  0.43181923378964587  0.44258139875462621  0.45313204161028081
  0.46359544940567349  0.47420675796914208  0.48466186721030990  0.49539947090373848
  0.50625925459849430  0.51720332231329402  0.52826164796270436  0.53914968562484367
  0.54971748375445284  0.55991980898067506  0.57017043675027523  0.58065925788204953
  0.59122983431234244  0.60165509946975604  0.61229969395370853  0.62280858893095037
  0.63316020364981029  0.64326385432835542  0.65340330568844196  0.66407742529714420
  0.67449227627044017  0.68493226351722791  0.69494227102763551  0.70530744044734450
  0.71611876439504618  0.72698462157675847  0.73722698404070408  0.74711388558435510
  0.75725825708106553  0.76772997208722149  0.77846871147977093  0.78887862842100431
  0.79913062566205650  0.80938315016408469  0.81972566998834129  0.83008614349883736
  0.84058808244443928  0.85084417286411484  0.86112417152881415  0.87168749393794132
  0.88243906028540264  0.89334504852200769  0.90409069586091428  0.91478510455990469
  0.92537850616038508  0.93603962298728072  0.94670161526546170  0.95732106177812060
  0.96790875712712232  0.97855219217797262  0.98920908333359814  1.00000000000000000
 -0.00234307989072385  0.00902813945120818  0.01944868233158466  0.03025677169657071
  0.04111159759764788  0.05166394378908683  0.06250211575936494  0.07339438372609834
  0.08412580195139786  0.09464574321297618  0.10512563284029733  0.11564763936936100
  0.12611168894340113  0.13695387987582786  0.14777219932448954  0.15836605271495380
  0.16870520738674533  0.17901879737145160  0.18943201833257700  0.19955030617144678
  0.20988469877083854  0.22036891836775221  0.23089695766831814  0.24139757125293840
  0.25160992856449532  0.26197124299473279  0.27226127213391349  0.28245741120539930
  0.29250916274455913  0.30254783532386142  0.31280567509437274  0.32352555977828895
  0.33438538674899404  0.34535530892066829  0.35585337287776159  0.36629940107715192
  0.37671209919679327  0.38721183688715910  0.39750992910491734  0.40782279165730856
  0.41827020328886383  0.42882002396183122  0.43919622388525570  0.44957498429727655
  0.45993260883218778  0.47050798456140241  0.48105109603498220  0.49163179018528602
  0.50212399646792227  0.51253271941454615  0.52324216522086275  0.53377120348995266
  0.54456790448901016  0.55529500362615469  0.56609102518273402  0.57644158962253578
  0.58677570560584591  0.59712177465139449  0.60747855961404873  0.61799296769646084
  0.62824533976610164  0.63867115177180211  0.64933002320772604  0.66032318639224463
  0.67128141264231256  0.68172231860354626  0.69229777947131133  0.70299796207753695
  0.71361818634054963  0.72419984824909778  0.73473591025544149  0.74553679785010873
  0.75624374886654477  0.76673621553352189  0.77688539768893228  0.78712509407117193
  0.79755775293784514  0.80831990220758343  0.81903208444672826  0.82978476063371753
  0.84026370894281754  0.85072669286110802  0.86142236678122330  0.87201122581274548
  0.88254607275805053  0.89293593261114090  0.90339101588317527  0.91403728282019392
  0.92463104684236452  0.93519047630892305  0.94601937114760581  0.95709781946475836
  0.96804616348939787  0.97880518342008460  0.98930380547832508  1.00000000000000000
 -0.00278109530666786  0.01037839952195993  0.02108697532988831  0.03203082519535962
  0.04271755240994267  0.05314249759135871  0.06365609652745657  0.07424239857418713
  0.08465779363146249  0.09494073433134047  0.10530605878095745  0.11617524332088336
  0.12697922681777604  0.13786110362063139  0.14851121369726025  0.15901660426993749
  0.16930176861222782  0.17946649132627107  0.18981907117540986  0.20048735003923840
  0.21108327501899152  0.22175545579182840  0.23224655162292160  0.24307747580170738
  0.25391539845263744  0.26463473984546748  0.27508495918466347  0.28525777596800989
  0.29561171235718925  0.30615460871490319  0.31694791816354789  0.32769305037522667
  0.33846511761196252  0.34884373536692492  0.35929098678329946  0.36972854111660275
  0.38034030527820939  0.39082173392862501  0.40120303511773769  0.41152167639433784
  0.42172587627513908  0.43202136046236261  0.44250297344267153  0.45354340335669346
  0.46448790930482142  0.47512643111063690  0.48540996318230634  0.49568458406463795
  0.50631769310118580  0.51706754608873717  0.52789543771134273  0.53864971124313388
  0.54941903434617412  0.56004828156453890  0.57065546668115119  0.58120707606682309
  0.59164421256417787  0.60206144283944685  0.61254353600093325  0.62302495177155015
  0.63341815424315284  0.64365055519628978  0.65430750099436796  0.66516111046754223
  0.67586991151637699  0.68653860178206316  0.69681436181240242  0.70721225961142620
  0.71753063094338509  0.72775600262207385  0.73792307789617473  0.74813150047269550
  0.75868573880852419  0.76922479107273578  0.77960749039144739  0.79006907789889258
  0.80040471487531084  0.81085667042681919  0.82116541442760205  0.83152787028964548
  0.84167743308095255  0.85204457828575220  0.86257654519327520  0.87306829524320784
  0.88351221508982336  0.89391912058420275  0.90467699205751451  0.91527077517411304
  0.92602703855104529  0.93672181735134719  0.94735582341698765  0.95829532238190718
  0.96867480323465593  0.97904116592879553  0.98933720512785184  1.00000000000000000
 -0.00234890365011474  0.00930507431128818  0.01962175652554730  0.03019367823160377
  0.04080825021251525  0.05131592719176719  0.06175686891157742  0.07244347406902010
  0.08302083464692871  0.09374732279758130  0.10457084863303090  0.11541126571385828
  0.12605384556846613  0.13659389209298109  0.14704938492793512  0.15770172547391334
  0.16825298526239962  0.17877364005694396  0.18930465690004286  0.19964313767546721
  0.21031303894487485  0.22099106123248202  0.23194581821983251  0.24281093754875738
  0.25387372791078711  0.26449149380310494  0.27514334180317640  0.28547509611064431
  0.29599087650003802  0.30615256311408229  0.31657327185605516  0.32705776783012985
  0.33752604556582722  0.34772376509244435  0.35801420643615345  0.36835366398478214
  0.37888313343024077  0.38919941367944744  0.39944277255291949  0.40945392763654853
  0.41963327903056963  0.42993927159259310  0.44047028356335577  0.45090988640492585
  0.46126841799732848  0.47164722557535965  0.48197624907358183  0.49252588969858252
  0.50298959356522199  0.51368451417670757  0.52419298365772704  0.53462284045730890
  0.54514123181696950  0.55572921275269349  0.56630893379282277  0.57699425519904290
  0.58738917848469097  0.59774598231303144  0.60777724059749749  0.61794404509633127
  0.62829558255975615  0.63892940055702152  0.64961746444383650  0.66008255884249500
  0.67042380586543338  0.68088349050618202  0.69152402067430652  0.70202285408156684
  0.71273644571924322  0.72383696626999805  0.73495931141543946  0.74594508550471106
  0.75657574564146701  0.76761414322073795  0.77820233611542999  0.78902201408204942
  0.79957019905353577  0.81015758036400387  0.82058288363311682  0.83069806844969418
  0.84073596700332498  0.85091603830071272  0.86132186566738500  0.87180713415326805
  0.88213049881332561  0.89244313203552039  0.90281811436651072  0.91334865802439869
  0.92394676624621219  0.93462021709707532  0.94518249856058156  0.95577973465604305
  0.96656156688180539  0.97755294312365804  0.98880671533182896  1.00000000000000000
  0.04102955327897888  0.24186902453170456  0.27215759490732144  0.28936881445474888
  0.30335472878121345  0.31576721912457684  0.32716742114669262  0.33765158258521294
  0.34756029206440564  0.35698582475185447  0.36591043653054417  0.37458270379541775
  0.38291511248933324  0.39135797945475687  0.39954559076480506  0.40723227822581648
  0.41478413424224037  0.42208099088207635  0.42945014423787325  0.43646492872472997
  0.44310105593486215  0.44963228314314901  0.45627625713987247  0.46291127418948264
  0.46951629416028728  0.47598254821445329  0.48238743130811396  0.48879296986501486
  0.49512440750909364  0.50150017029514404  0.50776256176002732  0.51401656767291715
  0.52027405146772254  0.52658193235438311  0.53283415473925555  0.53898712609105603
  0.54498709110105426  0.55082806614721758  0.55658850468414045  0.56237865465180215
  0.56820781907576423  0.57407378925734576  0.57994933945522043  0.58566781756495578
  0.59124979921127574  0.59687663531214452  0.60261955356747143  0.60846026862301095
  0.61428744567340665  0.62000514060056233  0.62569028456915321  0.63139341121549453
  0.63711545593497332  0.64286147630160706  0.64858161013786253  0.65431187282400238
  0.66012037553139835  0.66592940104437881  0.67204242341136067  0.67802133462294312
  0.68399489632478738  0.68982059065136769  0.69557106264056479  0.70131616394702623
  0.70710940796572763  0.71299476881890900  0.71896627494724430  0.72500342935317563
  0.73102508019494794  0.73697034194165612  0.74290897325677629  0.74889080984632761
  0.75497387563212393  0.76126331708642048  0.76767407737113602  0.77410202397777639
  0.78053876536091327  0.78696436515131674  0.79355175595424787  0.80039880987758483
  0.80739413345137589  0.81455300935778330  0.82193844047582820  0.82953645677531629
  0.83759421816079449  0.84619863306809096  0.85511450166295766  0.86440275516368159
  0.87393131925603507  0.88396720813896046  0.89479672321876513  0.90673841256080434
  0.92023349096233009  0.93625531544515650  0.95932338768810632  1.00000000000000000
 -0.02578006481194432  0.12405631229470454  0.15949077536184122  0.18141443730319548
  0.19853623901282633  0.21296723805819529  0.22577632061993835  0.23700506768766344
  0.24717309200151097  0.25674986583096671  0.26614242555824380  0.27525688877708088
  0.28403752437708779  0.29253992397259826  0.30058988132376729  0.30826046819304787
  0.31571471711498439  0.32281511646955852  0.32976769404421546  0.33651164075365231
  0.34318990131932919  0.34986319032059626  0.35640649186799617  0.36280389853197137
  0.36907113429550464  0.37531614963152099  0.38150982211931717  0.38763835924817991
  0.39360625168473401  0.39932114896074633  0.40494378910350076  0.41056589609472766
  0.41626381163103837  0.42201887581654729  0.42774302152678223  0.43344403446086482
  0.43906470506711365  0.44459174222797276  0.45004085421727180  0.45541677869703967
  0.46072582112848504  0.46599113526690572  0.47126211241165300  0.47655278462159356
  0.48182650294135948  0.48711005040610417  0.49229197504047156  0.49751823024767505
  0.50267337878983342  0.50787731888747178  0.51310942591292408  0.51831753158354610
  0.52356697710913935  0.52882632551616426  0.53414408470152663  0.53958052646628207
  0.54508398720504547  0.55064344247819519  0.55622857351983734  0.56182868092033711
  0.56745422122446409  0.57303476749527493  0.57855261599220431  0.58410054998521765
  0.58968624597440444  0.59533935826458895  0.60106777722685456  0.60690673719679811
  0.61282632137950632  0.61875241126158453  0.62466543074758307  0.63067333108932377
  0.63683879491473039  0.64324834380426299  0.64973961908936195  0.65634918958104460
  0.66304333829056417  0.67000878838529077  0.67741188431522237  0.68490533561274725
  0.69249761514327546  0.70026446582130952  0.70828339410193064  0.71663918556448103
  0.72519387530114132  0.73398078861413085  0.74311330917707930  0.75312773017895562
  0.76390911758020252  0.77559417533335751  0.78824404218202915  0.80277335280624185
  0.81971714077605573  0.84142411526405969  0.87683741068892962  1.00000000000000000
   4.8701787060719611E-005  -1.0000000000000000     
 T F F F T F F F F F F F F F F F F F F F F F F F F F F F F F F F T F F F T F F F F F F F F F F F F F F F F F F F F F F F F F F F T F F F T F F F F F F F F F F F F F F F F F F F F F F F F F F F T F F F T F F F F F F F F F F F F F F F F F F F F F F F F F F F T F F F T F F F F F F F F F F F F F F F F F F F F F F F F F F F T F F F T F F F F F F F F F F F F F F F F F F F F F F F F F F F T F F F T F F F F F F F F F F F F F F F F F F F F F F F F F F F T F F F T F F F F F F F F F F F F F F F F F F F F F F F F F F F F F F F F F F F F F F F F F F F F F F F F F F F F F F F F F F F F F F F F F F F F F F F F F F F F F F F F F F F F F F F F F F F F F F F F F F F F F F F F F F F F F F F F F F F F F F F F F F F F F F F F F F F F F F F F F F F F F F F F F F F F F F F F F F F F F F F F F F F F F F F F F F F F F F F F F F F F F F F F F F F F F F F F F F F F F F F F F F F F F F F F F F F F F F F F F F F F F F F F F F F F F F F F F F F F F F F F F F F F F F F F F F F F F F F F F F F F F F F F F F F F F F F F F F F F F F F F F F F
  <DiscreteSampler_grid>
  grouped_processes
  1 # 1 for a reference and 2 for a running grid.
  10 # Attribute 'min_bin_probing_points' of the grid.
  1 # Attribute 'grid_mode' of the grid. 1=='default',2=='initialization'
  0.0000000000000000 # Attribute 'small_contrib_threshold' of the grid.
  0.5000000000000000 # Attribute 'damping_power' of the grid.
 # binID   n_entries weight   weight_sqr   abs_weight
    10   10   5.014688275520751E+002   1.079660656584698E+006   5.014688275520751E+002
    16   10   5.014688275520751E+002   1.079660656584698E+006   5.014688275520751E+002
  </DiscreteSampler_grid>
