  0.00337881838858014  0.01150672527878789  0.02104333807215055  0.03094382666930907
  0.04086138262793901  0.05102655722749283  0.06117339721689617  0.07128371840399615
  0.08110453661301843  0.09090315759858614  0.10064536031224476  0.11056657048866213
  0.12046186984199928  0.13048097183410279  0.14070837836857511  0.15089542724351115
  0.16123669926106349  0.17178734392449493  0.18266975407164260  0.19389850098977685
  0.20516726475456112  0.21602556816674412  0.22663960924628757  0.23678214664368474
  0.24724433046805466  0.25743516291796498  0.26754027933486929  0.27741753873621855
  0.28735396503250615  0.29761139128342678  0.30801733339302262  0.31866678898992851
  0.32891442928086090  0.33918252737026211  0.34918373596405367  0.35910102310114095
  0.36887777825587653  0.37872695409146745  0.38896405072207252  0.39932907683592511
  0.40983355386394860  0.42041232492198866  0.43118426733349824  0.44188597013770481
  0.45237895650804189  0.46279231710699220  0.47325363509840773  0.48416903576036413
  0.49493685357133110  0.50573596613574057  0.51619605168979343  0.52698172415139566
  0.53768208386716143  0.54822519729678110  0.55865871880122731  0.56904573687702908
  0.57974226066981760  0.59028753790380062  0.60097381144851514  0.61143627737322404
  0.62227664833526664  0.63299980352822183  0.64397036850333600  0.65437818965691597
  0.66491045353968536  0.67538822990744740  0.68605282897105135  0.69670593581045759
  0.70726852129166495  0.71785598112256466  0.72838721893794145  0.73892960049786438
  0.74982148343144261  0.76043001587623749  0.77117149485966419  0.78164364567811351
  0.79234910448156759  0.80300106241256586  0.81357049881216459  0.82392039319429800
  0.83439582888024766  0.84507970154794110  0.85571341631536735  0.86620088617202173
  0.87640941560358621  0.88675484061529908  0.89736071529370642  0.90836133528425400
  0.91928371508141837  0.93020727177160978  0.94085795872135181  0.95153844400608534
  0.96232034660629895  0.97381904053273338  0.98626032896185656  1.00000000000000000
  0.00683930334564230  0.01662909120965186  0.02848634836311420  0.04006007869238071
  0.05134002837267382  0.06263060747615619  0.07370353077636044  0.08445893753531405
  0.09491354886232073  0.10535259696825838  0.11596599702013277  0.12671779608473702
  0.13729343809510580  0.14780379041354602  0.15843894707388650  0.16912220579338380
  0.17987886191333474  0.19044774466628875  0.20118070192738591  0.21184782097104793
  0.22257646734898856  0.23338161681881420  0.24440681139004655  0.25538820343543206
  0.26592428476663604  0.27602536986489584  0.28603162578802754  0.29614738929483703
  0.30666549775175861  0.31713410522109309  0.32742487335327386  0.33761491975699176
  0.34783576091407159  0.35781412331947682  0.36770260017901318  0.37772816766676393
  0.38832504418390829  0.39886197698213860  0.40917078180600974  0.41953301872227805
  0.42998653340188842  0.44049221831541546  0.45079051041450596  0.46101585390244854
  0.47132981393846551  0.48187879216934942  0.49261786770117055  0.50315004258654095
  0.51382806414920934  0.52437532177265833  0.53507698725664044  0.54570146019726973
  0.55633913234528354  0.56679026235892416  0.57728499333452432  0.58783795661340787
  0.59857154593186523  0.60918297956374134  0.61959753398534834  0.62996920140052437
  0.64017098099452563  0.65046530932972968  0.66088978312269242  0.67149908859388274
  0.68212137793701866  0.69259202472789616  0.70305323846000789  0.71360349563894332
  0.72422582952927728  0.73470576235186591  0.74501464839926590  0.75534830835063294
  0.76573605858029503  0.77606449981896319  0.78642464640200926  0.79688574599540252
  0.80756182521247155  0.81828062877263785  0.82908956311035409  0.83983752194792849
  0.85040849506925564  0.86073282439203336  0.87095211601836009  0.88126316671293836
  0.89177190526377970  0.90234633616091942  0.91316760321229795  0.92404007836828528
  0.93466531432185740  0.94488083762762320  0.95494562545400075  0.96486352029735623
  0.97434522564760073  0.98355993085492710  0.99178716276758205  1.00000000000000000
  0.00314270947777250  0.01231529825642769  0.02243200795416631  0.03285186043628167
  0.04300052883652700  0.05348718682914615  0.06388519845006732  0.07455679142974486
  0.08522484623160062  0.09529103725363927  0.10527556405679958  0.11554077983003189
  0.12629349951990504  0.13706996478989877  0.14766372139058964  0.15835928207224428
  0.16894380357962116  0.17913103913884423  0.18937006048836563  0.19965044130468726
  0.20999609370280936  0.22055859073770578  0.23138722818584603  0.24238448926066913
  0.25277273283965351  0.26271714165071869  0.27287482019488446  0.28340204533530411
  0.29401251851900811  0.30440472401858681  0.31492409024430684  0.32544246541372507
  0.33580974592818413  0.34602441384383209  0.35636139537098754  0.36699411043050684
  0.37778890643865981  0.38838627968048217  0.39899915680400361  0.40962317730849862
  0.42024314635959542  0.43054836753582959  0.44076983293254907  0.45104476931623033
  0.46137283111487237  0.47146580169436531  0.48157415226044803  0.49187982484102560
  0.50212486711600457  0.51194975616009042  0.52174628157118996  0.53194963375500037
  0.54230509905616586  0.55286786710794344  0.56328597561574190  0.57394261565582227
  0.58468922126064682  0.59532563663155957  0.60600123741519951  0.61625687824538988
  0.62653498534094654  0.63685355625892526  0.64761460976236118  0.65858338373901648
  0.66937226559364127  0.68006628149012860  0.69077967794741024  0.70145929317284239
  0.71221861814333609  0.72268855992563585  0.73278698367012107  0.74280399497402327
  0.75281583807488106  0.76353068942992897  0.77421998086114452  0.78456892905999420
  0.79467834301688112  0.80470075424183696  0.81492305313002200  0.82534792324879880
  0.83590147962047423  0.84672501915240950  0.85755289065042495  0.86821392631703964
  0.87884037095198309  0.88949056568803586  0.90010323342837339  0.91047961831056057
  0.92087245144560748  0.93136287991927524  0.94212555544037779  0.95314755223608727
  0.96413266923579410  0.97532204035861370  0.98718205427134609  1.00000000000000000
  0.00598323878837398  0.02009703090402869  0.03468465293684488  0.04746586042949212
  0.05923929414258736  0.07075252792331842  0.08209707862873174  0.09287614644668314
  0.10346585677133698  0.11373608308286538  0.12423272513280030  0.13489435871989244
  0.14555136408653219  0.15620135868411142  0.16684102478848589  0.17760210937434312
  0.18862555303026654  0.19934940040149562  0.21003459051805970  0.22059736716783490
  0.23100832660850235  0.24116646398318900  0.25101591568749748  0.26100731300539248
  0.27102991490382922  0.28149926023306154  0.29189613926480945  0.30267866697266554
  0.31323085555332225  0.32393433492146512  0.33457572426978005  0.34505604452560451
  0.35569452980233041  0.36608390468904167  0.37643618707569587  0.38664658469288060
  0.39716290249032793  0.40747636432321732  0.41778022202753051  0.42818179002418078
  0.43857367595437280  0.44887788162493841  0.45901226377799337  0.46957885185487575
  0.48012617746302017  0.49032712512918825  0.50046634210133301  0.51060465631861662
  0.52097271822384905  0.53113430947239237  0.54154853468580666  0.55228171820153082
  0.56308195869213107  0.57373442004713648  0.58443048022026312  0.59542289383512859
  0.60645094514679254  0.61717575166460548  0.62769789346725746  0.63824500714898402
  0.64872284792638735  0.65903221278619417  0.66918675399338234  0.67937825087942549
  0.68955687285881984  0.69972750809353890  0.71001662539390353  0.72032407019545097
  0.73050646870639890  0.74072236777201839  0.75106355958025317  0.76163987663623578
  0.77199677711798387  0.78245069949767365  0.79294892391414529  0.80370202512419120
  0.81424974463349797  0.82494549465037659  0.83545852215515537  0.84584282709412961
  0.85590528027535284  0.86573822521398236  0.87585783949434248  0.88585322687506340
  0.89573287728071338  0.90544015915097642  0.91519683803558993  0.92513127903582837
  0.93495256846742458  0.94501152517179487  0.95502121479068935  0.96495482672069777
  0.97441516725926280  0.98343656806517665  0.99177086366917355  1.00000000000000000
  0.00000722995645472  0.00001187465974379  0.00001482149703973  0.00001773501673001
  0.00002149312427455  0.00002558924784265  0.00002961679126538  0.00003352685429127
  0.00003741617129792  0.00004133051510132  0.00004528578420352  0.00004928219450284
  0.00005333802659203  0.00005747416095611  0.00006169904738698  0.00006605114455506
  0.00007058807714300  0.00007526668484324  0.00008003935354246  0.00008489414558331
  0.00008975094926664  0.00009468550109436  0.00009979102704671  0.00010503534794031
  0.00011039374116353  0.00011592740669890  0.00012169671566024  0.00012765418537410
  0.00013391876552479  0.00014046000346364  0.00014718604545545  0.00015448509668623
  0.00016223352220803  0.00017062723177707  0.00017954925710386  0.00018872000565410
  0.00019789991205397  0.00020722114763499  0.00021672605915197  0.00022647328244519
  0.00023642892943659  0.00024652127063727  0.00025692491932792  0.00026771050557918
  0.00027898318236722  0.00029077012290817  0.00030304196290929  0.00031613677129868
  0.00032948469341404  0.00034364441356374  0.00035841871966576  0.00037403444117809
  0.00039060208921520  0.00040808704407417  0.00042678312786745  0.00044627405991878
  0.00046660109900115  0.00048748082581982  0.00050910340035942  0.00053233708864315
  0.00055728573044241  0.00058437317762509  0.00061329262171135  0.00064364118234904
  0.00067491843519938  0.00070789149260818  0.00074334931668813  0.00078049833211531
  0.00082098082280580  0.00086425159936755  0.00091311134832583  0.00096658339340107
  0.00102401511226804  0.00108640463601243  0.00115473926145418  0.00123132701852648
  0.00131770588733529  0.00141617580989866  0.00152709235683732  0.00164975377535980
  0.00178739844254773  0.00193869760653253  0.00209907086861580  0.00227288963096046
  0.00247229390475450  0.00271684692408227  0.00303197669256423  0.00348553281510869
  0.00405147013728207  0.00474075732750383  0.00572127534236839  0.00730143125441990
  0.00957026169286961  0.02386360800401645  0.06370644394154108  1.00000000000000000
 -0.00245282484272629  0.00986107761555420  0.02024529010773622  0.03069435542789737
  0.04108916826707161  0.05147959444598801  0.06202450783055987  0.07290633666574707
  0.08402042469930318  0.09568198197307624  0.10701258036739937  0.11834395787953191
  0.12920985501578713  0.14039729033617832  0.15166506046236691  0.16284814644042847
  0.17383332037094010  0.18444700044550044  0.19500192004244596  0.20540244684565384
  0.21602702219135905  0.22671739806872393  0.23741255674227738  0.24827156224026853
  0.25936480877195772  0.27024686826667560  0.28105833105273603  0.29157181413356786
  0.30237788527828291  0.31331928121835151  0.32432298223816153  0.33535505817172162
  0.34624153219355652  0.35706652248156218  0.36772814835170714  0.37837975603503926
  0.38865677665635162  0.39881387182232675  0.40884980705501223  0.41910809612898614
  0.42950190294540019  0.44019315419499472  0.45110546708752713  0.46202793526144448
  0.47279698033481843  0.48330916643915578  0.49389859652047013  0.50460847211444593
  0.51549602758441804  0.52596954761250214  0.53627957011367444  0.54646336631902248
  0.55679694399824664  0.56687851417868063  0.57700325553339860  0.58731809132752666
  0.59793449066631943  0.60868793408724464  0.61953437313975546  0.63021118886526262
  0.64082739055834381  0.65132140597258925  0.66194337223228283  0.67273484011203488
  0.68341611672833991  0.69372708425508045  0.70383884993002532  0.71392294524151778
  0.72438120459649291  0.73460517584077756  0.74480961966465242  0.75525854131999803
  0.76595925072491577  0.77672916339117071  0.78700790926754050  0.79745039939939633
  0.80780870389795412  0.81839556021643756  0.82868076118431144  0.83887506395234890
  0.84877573502289072  0.85873667868231285  0.86868870852752511  0.87888709006893384
  0.88902707392128821  0.89902321566533372  0.90919601622000523  0.91910799687212552
  0.92950241727513450  0.93955979852817539  0.94957478822364727  0.95946482246367226
  0.96937570529162886  0.97961115686867395  0.98979142733135739  1.00000000000000000
 -0.00225301840172311  0.00928206804618764  0.01918490493285105  0.02964748082500766
  0.03998702473921038  0.04999542384573530  0.05997402636558791  0.07021588355723835
  0.08085484222761870  0.09113785089917557  0.10115076551814343  0.11124550727159147
  0.12178398630661584  0.13275750639923037  0.14342256813867363  0.15404830434131436
  0.16446928731069418  0.17519156660334159  0.18588342687483905  0.19659412130865331
  0.20734615819066837  0.21828148429198449  0.22924878441146618  0.23976402619854417
  0.25013309661659761  0.26023403323730715  0.27061326505681632  0.28079903728881661
  0.29174317276706552  0.30243082768817836  0.31315146030163804  0.32337774439585881
  0.33349938570053389  0.34405479215621726  0.35488363065083051  0.36577786193343165
  0.37618490428126988  0.38614203761812282  0.39627835684381701  0.40688914643255242
  0.41752588830800114  0.42807727509152876  0.43858815891268360  0.44904751767950252
  0.45960731646235836  0.46971210593862189  0.47989587009403095  0.48993641049639830
  0.49992582815116487  0.51008149335750108  0.52034378064500775  0.53080076578233271
  0.54137757827011512  0.55210316576325713  0.56286968017767269  0.57338247807511067
  0.58392646986328778  0.59457432083314665  0.60533452716986957  0.61593439382953763
  0.62649256152786803  0.63704064700042540  0.64774777526350158  0.65837885968489251
  0.66902435913756597  0.67970000270015707  0.69033956591040324  0.70101548087182597
  0.71177593318560473  0.72263880175528639  0.73353701303195851  0.74439940579020780
  0.75516421264493694  0.76597299751780901  0.77699134784687363  0.78786869424029071
  0.79853321106119790  0.80893287098233702  0.81964241695456930  0.83022670240564189
  0.84070488590068015  0.85160774285134311  0.86267363735564850  0.87373107413113982
  0.88453648972425936  0.89531037257391966  0.90582044891370317  0.91604452046851814
  0.92630485428270282  0.93675604724555139  0.94743085771295477  0.95830290246599747
  0.96918489548627373  0.97951623318720160  0.98981773829760200  1.00000000000000000
 -0.00253447447515138  0.00960362667116024  0.01997805812804256  0.03030685476796763
  0.04088941010851921  0.05116077566488936  0.06159783375126554  0.07177982237560820
  0.08235230838470824  0.09302243831490878  0.10367718675304616  0.11407142252252342
  0.12444082002010189  0.13475408977603667  0.14524993299598571  0.15560361945810744
  0.16617815475634662  0.17720220704113587  0.18810256389301319  0.19893776838785274
  0.20956950186409851  0.22056802582770613  0.23153629883508739  0.24228560144259498
  0.25302288312092563  0.26380148701243950  0.27463723390539596  0.28520864507420796
  0.29579335155486725  0.30593127113054686  0.31609873468286759  0.32620438391810719
  0.33654597336928449  0.34700172148178993  0.35754897305527600  0.36824133024687650
  0.37869124195540288  0.38915520824478672  0.39922367267891018  0.40947442377253562
  0.41943439981139002  0.42977412718514468  0.44007583957465901  0.45036924200997225
  0.46038348859803557  0.47065908420394037  0.48106052061918791  0.49164597246605041
  0.50197833482619647  0.51258135009457917  0.52301327014111787  0.53348132382960622
  0.54408997032160034  0.55518158484653146  0.56630263247841517  0.57711305605448604
  0.58770186043069572  0.59818735871135664  0.60872164337071488  0.61921007807822026
  0.62963183050003024  0.63996835627860238  0.65033468653822679  0.66098878278475992
  0.67164993270509354  0.68276198240313413  0.69380636811041430  0.70489699554682617
  0.71562398761660995  0.72625960360724784  0.73676063446363305  0.74703386736975808
  0.75748883589231719  0.76802123308857284  0.77851885192474579  0.78885975629783589
  0.79924421100109999  0.80966702264560342  0.82004295561473395  0.83055646315283416
  0.84141011083339123  0.85231779372798899  0.86299434136908881  0.87353403365634741
  0.88397404128447798  0.89439598081437766  0.90480984305459344  0.91518401541656103
  0.92566145280570467  0.93617617266499786  0.94703468325340301  0.95813135689792206
  0.96885414473491960  0.97939575028400772  0.98949687386320340  1.00000000000000000
 -0.00242299670179125  0.00909543053531696  0.01955171646051764  0.03018066785141132
  0.04085338493229642  0.05105806266686139  0.06115788782916819  0.07114132268123893
  0.08139289537766821  0.09185097051383483  0.10207543947200050  0.11252212498660984
  0.12309599662670118  0.13378252921051231  0.14453549321069117  0.15523488002547389
  0.16599366633130330  0.17678808698238424  0.18729348307682955  0.19773075810463317
  0.20791942031690619  0.21805174648224118  0.22814908732029304  0.23810794109131617
  0.24826105404362969  0.25849007085525538  0.26867153771514968  0.27874222989155623
  0.28871074239180133  0.29901340271675508  0.30933298372062462  0.31977947421568814
  0.33071867587154136  0.34183038353843204  0.35271726905934231  0.36337357417413479
  0.37406203602746779  0.38499714933810175  0.39557262377931401  0.40613972335198273
  0.41675140225506419  0.42759954674572659  0.43819199071409853  0.44844823131332850
  0.45877302257819497  0.46907253704906871  0.47930368952839336  0.48951003775914909
  0.49983008597042783  0.51058868458963846  0.52130712414525859  0.53202962181208846
  0.54248916159867977  0.55317377221907293  0.56389519591390302  0.57476708370825869
  0.58558306991747611  0.59661085419226123  0.60764913457140457  0.61829591194758327
  0.62897766255052590  0.63979573502749532  0.65087264843403259  0.66190560648739694
  0.67286044404351164  0.68372423152690076  0.69443465933010795  0.70504870006587983
  0.71571311714552910  0.72645150288803639  0.73699841942936339  0.74739988412703107
  0.75764693916873771  0.76791733251118577  0.77795679990701316  0.78813313031123411
  0.79819268144394662  0.80852850701886048  0.81868233292039927  0.82897803111120849
  0.83940571930215602  0.85008765095491856  0.86032034305056182  0.87038744554506953
  0.88074957237773621  0.89124998085880924  0.90167155086967388  0.91207317430749080
  0.92283336700926288  0.93397263051490620  0.94485925599325304  0.95611581456387629
  0.96702009231257791  0.97784224573079814  0.98872658366107491  1.00000000000000000
 -0.00238663163071256  0.00982088743132703  0.01987250176316898  0.03066129256339006
  0.04114666662140425  0.05143558626903249  0.06151527164774151  0.07129177349008033
  0.08125286193313819  0.09128365294850196  0.10167793607905162  0.11264324573340617
  0.12365948788353086  0.13429728624978349  0.14469669591105758  0.15513691508549649
  0.16521703225050388  0.17488232214711316  0.18442136895969333  0.19457339377176092
  0.20512451844608992  0.21563132827867718  0.22598639903935777  0.23613624038396341
  0.24635724078326085  0.25661491373577899  0.26695881570248603  0.27751447836478804
  0.28811123024528007  0.29868666041765934  0.30897566498167156  0.31919333465143973
  0.32934342083613150  0.33965191327655880  0.34986160824730411  0.36022772596877467
  0.37072757036361920  0.38134154323683578  0.39207338196118563  0.40239291814739703
  0.41261997021683838  0.42280312667792658  0.43316161946865606  0.44367639755064076
  0.45405653717548777  0.46449190820888181  0.47483336292592088  0.48537422038995487
  0.49581928262515679  0.50613675357235732  0.51648081449455996  0.52685313583235494
  0.53731898932523603  0.54778955254951933  0.55842796558080077  0.56931364059336742
  0.58029473717175672  0.59122337973526462  0.60185639267955993  0.61235101295051242
  0.62276786009619944  0.63323203541079875  0.64381339231731582  0.65436713198886864
  0.66495301409426111  0.67551212883950396  0.68610750865436121  0.69679858823557561
  0.70751498252944911  0.71839468656014260  0.72922207505328218  0.73976912436061304
  0.75033722636957489  0.76074279726662841  0.77103826364401906  0.78131791294392994
  0.79185403468319304  0.80254719581651734  0.81340620271276065  0.82422715273720260
  0.83498269883015175  0.84565780438752092  0.85668040265494139  0.86786963195070044
  0.87876666473576859  0.88961795065667282  0.90057287126071617  0.91165252013684850
  0.92262051053313254  0.93333966768788601  0.94438012068489907  0.95553969202234690
  0.96666669676621308  0.97783650612203643  0.98893992322583735  1.00000000000000000
 -0.00222394230858897  0.00889574242787394  0.01875603476379686  0.02875901280127053
  0.03901815398951474  0.04923209774202801  0.05937334767983125  0.06957224714981983
  0.07993441437917044  0.09034753649872647  0.10074757543724640  0.11119403717316025
  0.12191725483762587  0.13271734957848708  0.14345988923425951  0.15413264007545052
  0.16466467569418880  0.17507651529207527  0.18547072570160084  0.19610304916781676
  0.20663250296101857  0.21736001011072295  0.22784078280385903  0.23875089411978972
  0.24958881949465017  0.26029493307414769  0.27075317272868937  0.28117905873915505
  0.29132287250277972  0.30152157770932841  0.31165124526531462  0.32207684687014809
  0.33243334544131325  0.34286957355338066  0.35357235287682570  0.36447655889453690
  0.37533319846548191  0.38646560538216207  0.39753290672508451  0.40836027892984267
  0.41884700755626414  0.42913342068536892  0.43943721994406082  0.44985256768471726
  0.46028992559249232  0.47078057152330710  0.48134116227408691  0.49206865312997822
  0.50277846857783248  0.51340181535261509  0.52383898786511596  0.53410683354444732
  0.54445583855480117  0.55483728171118640  0.56526721910690336  0.57551950616757674
  0.58585150042511303  0.59631242514750504  0.60691862521049800  0.61769566659239772
  0.62833362868258791  0.63893277851188823  0.64944580072493907  0.66032474643432104
  0.67113574041001356  0.68189058683608084  0.69258121498071246  0.70324742475903756
  0.71386983053899333  0.72447238835855066  0.73500593336723308  0.74551364361292849
  0.75604025180822931  0.76654545592166012  0.77697075411865735  0.78734020113722947
  0.79801769713463599  0.80882187351987511  0.81944610112848315  0.82972877661080857
  0.84017834964723237  0.85086946666939345  0.86177011895534417  0.87268307179518934
  0.88325459787926242  0.89393679298196871  0.90438734511733476  0.91498849516603076
  0.92571848718034477  0.93656135027046084  0.94728583185926796  0.95806426824523405
  0.96857140966094679  0.97906248358828118  0.98938257138282704  1.00000000000000000
 -0.00218373002455190  0.00911047142229122  0.01881015735255413  0.02947974519347537
  0.04015858252798282  0.05066194478442383  0.06113065849599029  0.07174073354049729
  0.08257144392422924  0.09324116929407256  0.10358192909059824  0.11382581300982181
  0.12409953560027535  0.13482073971750824  0.14555446991428997  0.15611066351409181
  0.16646404035570236  0.17711869960780416  0.18782595915872552  0.19869483487341824
  0.20952679228872037  0.22026554618112257  0.23077556893381804  0.24097203928178301
  0.25119113266476761  0.26129693408336740  0.27135908277315235  0.28169237958561971
  0.29198975400215316  0.30255464679249844  0.31313836613019891  0.32391556715924180
  0.33460991665228323  0.34519178244756976  0.35562216358988258  0.36632400510593305
  0.37693682853369687  0.38764983177188500  0.39828961531245993  0.40883337129259029
  0.41947851144752651  0.43012251266924095  0.44093266302463630  0.45170486307070590
  0.46263898465664882  0.47382736809711029  0.48533523469120404  0.49662072689073467
  0.50767142961583989  0.51842589095295788  0.52932756344162679  0.54011742924248041
  0.55072991577663233  0.56107351920954140  0.57120103455788818  0.58137040676399110
  0.59148181336435746  0.60141558203515733  0.61168569707289999  0.62180641049698138
  0.63206216725345921  0.64224556181414794  0.65280678061476871  0.66350910444993705
  0.67404522091978147  0.68434453313242005  0.69476960560817513  0.70532627123770186
  0.71589009893422462  0.72668240377260063  0.73740367773525972  0.74803520510115040
  0.75835808869792243  0.76868325464062925  0.77957324231992076  0.79056588344148337
  0.80182415846979938  0.81270819879692568  0.82339087865122096  0.83420378091387992
  0.84508197496043491  0.85569968743440483  0.86598694160864065  0.87629223937580580
  0.88656239154325134  0.89667723274624300  0.90662961686614840  0.91663355928692536
  0.92693825239142202  0.93747224282456787  0.94791333594070348  0.95822380815884300
  0.96831597372860412  0.97860178068368953  0.98922514763676284  1.00000000000000000
 -0.00251637884434877  0.01007961321286919  0.02039758792676992  0.03051131826076058
  0.04037213575458499  0.05056365445045018  0.06118835789430525  0.07189700239767083
  0.08247078215203905  0.09290919193737633  0.10334784319670240  0.11324811160672199
  0.12332472804010801  0.13379045088850131  0.14476532920405538  0.15564083547880495
  0.16601605895343921  0.17666769870285909  0.18732589387695830  0.19806087748726839
  0.20854083066070436  0.21889681462307864  0.22929783505039730  0.23942875632052618
  0.24980225723772295  0.26019880693309916  0.27100329693917519  0.28161570951526183
  0.29194722864938549  0.30249578615442096  0.31297852168621787  0.32364851348547724
  0.33438626957417522  0.34524223863393894  0.35599007454929082  0.36629977737681402
  0.37670534127515432  0.38732211347766643  0.39787936290786063  0.40818354431062581
  0.41838265137158170  0.42867617994855184  0.43900581422059215  0.44924474520731317
  0.45959792348002287  0.47021744971323903  0.48103804088357555  0.49192286689001241
  0.50289329100048774  0.51393991979791953  0.52481378185773875  0.53537595526608528
  0.54584953091865551  0.55641147401110491  0.56690280221445000  0.57727321773831219
  0.58772390331742597  0.59846335201535206  0.60917930264012565  0.61976495050375702
  0.63025389762990025  0.64081526944087208  0.65146219023682339  0.66234106870888754
  0.67339958527276889  0.68434837678987304  0.69517159767610659  0.70586081532230593
  0.71665415312637926  0.72743721539588391  0.73813133601607150  0.74878816751170441
  0.75933226668323983  0.76978616721792203  0.78017992887873278  0.79050002298101862
  0.80073458115245288  0.81103162136661366  0.82148754719781003  0.83214450328198253
  0.84280064915074615  0.85331262705149336  0.86347533490950990  0.87358330536676443
  0.88370155829400621  0.89419964906340221  0.90507695481263883  0.91602682788564849
  0.92664646875885348  0.93689754727874730  0.94722995044878577  0.95763393489663384
  0.96830248873972558  0.97877957074241240  0.98952957219263005  1.00000000000000000
 -0.00232743364148144  0.00920494676150527  0.01924278731357429  0.02991712615457406
  0.04081729183396125  0.05189330379401793  0.06311107616206957  0.07467557540063378
  0.08565716624212057  0.09621765306125696  0.10681017749430928  0.11753189181733747
  0.12841316290672031  0.13930126683179303  0.15008079479976869  0.16102998611002611
  0.17194081821380955  0.18260284900749521  0.19309809477575909  0.20355212923846777
  0.21421579295957446  0.22477404577656232  0.23547072141726266  0.24615047500610404
  0.25664070872625394  0.26682863184745909  0.27702438708400512  0.28737867193806910
  0.29794834450859281  0.30839588199040141  0.31891639384078158  0.32938405799110509
  0.33989582937286694  0.35049559729833990  0.36091441534745400  0.37112508770324115
  0.38113215420241142  0.39106767450722241  0.40134889471940904  0.41172671291126700
  0.42223938241298986  0.43279631805784480  0.44335814963333103  0.45411411822893361
  0.46453578490649122  0.47471658112015447  0.48459872499758866  0.49473514742088642
  0.50500676921867038  0.51540612485850923  0.52599168469174373  0.53693432565624877
  0.54753705330759650  0.55787517970701306  0.56823488427780022  0.57863709067377889
  0.58885739417371430  0.59902187488258429  0.60929449534417623  0.62005490902401605
  0.63057348352493836  0.64104320656688996  0.65153393910622870  0.66201598370517223
  0.67277926510098285  0.68340310778853086  0.69398567789159704  0.70442303759517388
  0.71486930518579594  0.72525255739145855  0.73573781587627296  0.74624260636810225
  0.75690872254229857  0.76766315798812790  0.77850032368765021  0.78902723991154633
  0.79934729474592014  0.80980333828846895  0.82046292353144845  0.83104906762853137
  0.84147195255437757  0.85206051006779160  0.86254163255207350  0.87294985995246910
  0.88369855310756995  0.89479647454082856  0.90578335409950173  0.91659015046442482
  0.92720699780503557  0.93772472577963850  0.94806491712384955  0.95806335645320728
  0.96838542928790217  0.97860056833450471  0.98935930861989596  1.00000000000000000
  0.09452740117864436  0.24698332199213285  0.27582684474493679  0.29234163557229620
  0.30589660530281521  0.31806242231938919  0.32930127999298336  0.33976435979068198
  0.34952047024949540  0.35883844980146828  0.36774209589509854  0.37641441595318631
  0.38469503160827545  0.39267980730965008  0.40037186778869333  0.40793277481254692
  0.41540688207044768  0.42270083808611297  0.42980123702692280  0.43669159407057417
  0.44355504547487890  0.45041944207489010  0.45728073377637030  0.46402444360161854
  0.47056709552392473  0.47701008328121219  0.48336335036595746  0.48968933982572138
  0.49599764079545772  0.50215342953781839  0.50827266430112661  0.51435097139184582
  0.52050034907751208  0.52674132825691156  0.53296675534397708  0.53911014229560683
  0.54505803505625128  0.55093129548421160  0.55687310846357785  0.56281838204386825
  0.56870972464953007  0.57449872524680090  0.58023729114845568  0.58597809705661175
  0.59179993926871899  0.59765694135068637  0.60353525975087463  0.60948181465468243
  0.61538974546207048  0.62122329548259758  0.62697716712022644  0.63269101301609343
  0.63845561199639700  0.64426866138865935  0.65009886696151054  0.65592481988920370
  0.66178789891662038  0.66765867024531900  0.67350436464668673  0.67934731304015994
  0.68516085321385378  0.69091656774265831  0.69666493236979199  0.70242173953527787
  0.70823530055490946  0.71416742589179316  0.72022986023980629  0.72641958863146749
  0.73265729907289734  0.73882780226339206  0.74492397920772635  0.75105198183765798
  0.75733259213695181  0.76374146953533328  0.77016517338204959  0.77665696732701506
  0.78321174152827155  0.78986660648778051  0.79672914182486709  0.80373159075315348
  0.81096325055026208  0.81836244742703668  0.82595675738369612  0.83367751059032880
  0.84156332864963401  0.84955032209495240  0.85773889895927447  0.86638979236460811
  0.87565083018922341  0.88548458135758856  0.89590978443358560  0.90744291188411963
  0.92079502851372774  0.93674325379101964  0.95961602449452676  1.00000000000000000
 -0.02545954922250069  0.12190531105099189  0.15727036678385728  0.17909377706312882
  0.19631578732739424  0.21087717323934010  0.22374154929455045  0.23533452726275852
  0.24624640354239571  0.25651845947764312  0.26636220681127643  0.27553108331157833
  0.28444953361935016  0.29291031865962458  0.30108182859446447  0.30901644470222878
  0.31657847691596991  0.32379869548299711  0.33078468928869531  0.33753640477505115
  0.34418032388741560  0.35072273290141753  0.35715859914742698  0.36344557019529711
  0.36972302049298256  0.37595799475812003  0.38208160608367830  0.38811003267948541
  0.39399638136293963  0.39976346129871010  0.40544796412920148  0.41108168103360915
  0.41674452895048808  0.42239540267317655  0.42796185362602657  0.43343828102849519
  0.43885294900502592  0.44426263260010729  0.44966979280351405  0.45503280793518508
  0.46033342278933731  0.46558663283872043  0.47085125775471337  0.47607058000775276
  0.48131600626265236  0.48656252826623253  0.49179021811280749  0.49694302768536919
  0.50222019598223133  0.50759229887326851  0.51295894596864977  0.51836298549533188
  0.52383444496332343  0.52940860754487173  0.53495160302131106  0.54040955028412418
  0.54583256666817948  0.55128873315615257  0.55680984496088060  0.56235345851837804
  0.56786002650000522  0.57336577186120530  0.57891319396039276  0.58450426351189588
  0.59029342683169328  0.59604275496072090  0.60188197419830969  0.60773955453593087
  0.61364701151464418  0.61960965541660218  0.62557181128901507  0.63171059754103231
  0.63793022927539766  0.64418628588253457  0.65061153805640071  0.65722170814608527
  0.66407942514906071  0.67103657083576007  0.67806827951545245  0.68530310648869774
  0.69272978028891685  0.70035189785127572  0.70809065510436053  0.71610456686907653
  0.72449787299036672  0.73340194312728479  0.74284402036260555  0.75289681175215506
  0.76363985327367978  0.77532769260134504  0.78826592784551064  0.80305386473056484
  0.82009914521803084  0.84150150602338847  0.87711589993405370  1.00000000000000000
   4.9041303435795540E-005  -1.0000000000000000     
 T F F F T F F F F F F F F F F F F F F F F F F F F F F F F F F F T F F F T F F F F F F F F F F F F F F F F F F F F F F F F F F F T F F F T F F F F F F F F F F F F F F F F F F F F F F F F F F F T F F F T F F F F F F F F F F F F F F F F F F F F F F F F F F F T F F F T F F F F F F F F F F F F F F F F F F F F F F F F F F F T F F F T F F F F F F F F F F F F F F F F F F F F F F F F F F F T F F F T F F F F F F F F F F F F F F F F F F F F F F F F F F F T F F F T F F F F F F F F F F F F F F F F F F F F F F F F F F F F F F F F F F F F F F F F F F F F F F F F F F F F F F F F F F F F F F F F F F F F F F F F F F F F F F F F F F F F F F F F F F F F F F F F F F F F F F F F F F F F F F F F F F F F F F F F F F F F F F F F F F F F F F F F F F F F F F F F F F F F F F F F F F F F F F F F F F F F F F F F F F F F F F F F F F F F F F F F F F F F F F F F F F F F F F F F F F F F F F F F F F F F F F F F F F F F F F F F F F F F F F F F F F F F F F F F F F F F F F F F F F F F F F F F F F F F F F F F F F F F F F F F F F F F F F F F F F F
  <DiscreteSampler_grid>
  grouped_processes
  1 # 1 for a reference and 2 for a running grid.
  10 # Attribute 'min_bin_probing_points' of the grid.
  1 # Attribute 'grid_mode' of the grid. 1=='default',2=='initialization'
  0.0000000000000000 # Attribute 'small_contrib_threshold' of the grid.
  0.5000000000000000 # Attribute 'damping_power' of the grid.
 # binID   n_entries weight   weight_sqr   abs_weight
    10   10   1.229916332632789E+002   5.998382863615098E+004   1.229916332632789E+002
    16   10   1.229916332632788E+002   5.998382863615091E+004   1.229916332632788E+002
  </DiscreteSampler_grid>
