  0.00356328802964488  0.01054509079746246  0.01985625614012206  0.02925952854469481
  0.03901807047145814  0.04870695111166254  0.05833384265535868  0.06867863311833426
  0.07918539258462833  0.08977680030499961  0.10006386447280514  0.11045198542474041
  0.12102118098166489  0.13182907355358556  0.14261155231981740  0.15303167983367932
  0.16326896019791487  0.17385199121579803  0.18473627431411174  0.19574838869233452
  0.20646138549765336  0.21696618693968445  0.22737305884885772  0.23821680128321379
  0.24895175337341044  0.25893103732747813  0.26845394039339193  0.27817539251499340
  0.28845920246659207  0.29895595453163953  0.30933164865367402  0.32006385056942804
  0.33122106141530866  0.34235101871855556  0.35295353094842413  0.36322003015633558
  0.37338741711877976  0.38372343797510372  0.39488826561616308  0.40582830458393870
  0.41688116389100532  0.42703833049035089  0.43697859466233258  0.44637609335906669
  0.45560518663924859  0.46551433456770774  0.47551712363487503  0.48523579235480768
  0.49499843832723123  0.50520208753460250  0.51648245403078508  0.52738502900275952
  0.53781833732409112  0.54860789653891817  0.55995241382520811  0.57108670471418643
  0.58234090351352297  0.59318240337769734  0.60425406440199747  0.61551782430947810
  0.62695366091824412  0.63839591541682261  0.64925909111065028  0.65993606912538183
  0.67096900686420946  0.68220339995269397  0.69287224730068375  0.70295432055997586
  0.71296597952390273  0.72334088518395567  0.73370216484745976  0.74376522896349462
  0.75347066188003931  0.76280163278363455  0.77259893969151916  0.78297087797634402
  0.79351611202889638  0.80358977612077775  0.81421465402740600  0.82580630648592035
  0.83691106503523482  0.84749418483462180  0.85804636993675409  0.86914373734960315
  0.88060377514785448  0.89154775861371882  0.90163660080665320  0.91148528675507667
  0.92195826744464338  0.93281474150982369  0.94346330487887231  0.95406441215457127
  0.96505053820993569  0.97636392235706937  0.98806702369495225  1.00000000000000000
  0.00722530559050512  0.01488223396900104  0.02479957575624657  0.03587083676803204
  0.04773103740446569  0.05991366275290041  0.07105620263998934  0.08154546627373070
  0.09212350192321789  0.10357889993655642  0.11444908231762496  0.12448984687494639
  0.13431481496502973  0.14445428000019142  0.15521861231941211  0.16588992997974361
  0.17654200644285939  0.18758013677407673  0.19902456567658730  0.21097767160807210
  0.22299113529665157  0.23541795086678971  0.24757097412914714  0.25898474999270876
  0.26991225906987681  0.28071620714777268  0.29174427827423832  0.30311804149532989
  0.31438361668754539  0.32416199102989668  0.33381191827372070  0.34356295342616383
  0.35423272486072810  0.36452036566607166  0.37430207642145641  0.38462751528350159
  0.39535029421127327  0.40563633332581334  0.41558747282981656  0.42555658157617177
  0.43610316545572841  0.44668505553564875  0.45726443750882451  0.46808372950627608
  0.47924713369907623  0.49027468754373366  0.50108342206542167  0.51158611453843028
  0.52203890299293243  0.53185035673509717  0.54167961059493996  0.55184136403980555
  0.56241919279952457  0.57289115437265525  0.58307209406393501  0.59385827511767519
  0.60488703004405076  0.61638579025993856  0.62754700753381376  0.63893852430904097
  0.65003597894588072  0.66104377508998291  0.67164291402181420  0.68214924740950877
  0.69271997307407562  0.70316607617654114  0.71338845235718085  0.72322540681337377
  0.73302779079862079  0.74307754857528829  0.75371278073724102  0.76470075581443020
  0.77583620695624644  0.78665992232156878  0.79690033002782656  0.80628584731646258
  0.81554200442888780  0.82487731223246574  0.83442342087643995  0.84430710916459450
  0.85461971550970550  0.86502154468264403  0.87562851152679955  0.88621063651571297
  0.89692083884338980  0.90767149667301616  0.91811905872875854  0.92839898545831123
  0.93795946907710581  0.94720797124541456  0.95658940354139443  0.96595064040595013
  0.97523027195585654  0.98428646197520564  0.99134522834628336  1.00000000000000000
  0.00368194242437890  0.01064915683890721  0.02016142470072607  0.02969150553769125
  0.03959594878452267  0.04968345723354611  0.06012396040154899  0.07099430476054332
  0.08256221406944021  0.09398434417068802  0.10563961338101882  0.11551651304257000
  0.12543980091694326  0.13517644518709510  0.14511687556255343  0.15483935613626415
  0.16447487664526003  0.17491043067785059  0.18513973884669205  0.19615305085835980
  0.20739137483730152  0.21854193889656648  0.22952832607539969  0.24028941497575335
  0.25101917109216138  0.26144066147050010  0.27175133877788449  0.28234254971504563
  0.29288351411829711  0.30345561016685385  0.31398104194804199  0.32395439368760098
  0.33346401685530225  0.34264442435260467  0.35210347371625478  0.36200735356687908
  0.37169980964154237  0.38116379878557810  0.39076151293985151  0.40045839453221027
  0.41063685396125510  0.42110881390950183  0.43264493885133132  0.44396225263621475
  0.45520135091738917  0.46644224863231465  0.47761479999944245  0.48802033820018859
  0.49798840594064425  0.50840485078380504  0.51965648083609839  0.53055086065056301
  0.54163206331410640  0.55266110461958906  0.56414092686496353  0.57543290864288499
  0.58685816633140586  0.59814512095844052  0.60937159088312931  0.62042773550525010
  0.63122226777803780  0.64184430407961823  0.65243699785519893  0.66307636594125341
  0.67383907196443404  0.68469244179540345  0.69554260175344629  0.70633302165847400
  0.71719558443305487  0.72827817278697715  0.73914664510560779  0.74968552272371058
  0.76005699067291921  0.77052662373908509  0.78136551300157919  0.79210584825514729
  0.80245948193866534  0.81236748234874967  0.82192438220415254  0.83158993248421431
  0.84186662009047064  0.85210229892960043  0.86251262101967741  0.87297925534239140
  0.88377011252804227  0.89502093523378567  0.90631585034013884  0.91708623921193877
  0.92735276595474991  0.93751592180134113  0.94762014360116742  0.95761159345102154
  0.96781899720044817  0.97808514688468529  0.98891178506227106  1.00000000000000000
  0.00638112544277628  0.01947620805572155  0.03524613010141651  0.04848170489442226
  0.05944430279592143  0.07067679731823873  0.08213491850298849  0.09347012704720903
  0.10425434208596147  0.11527855379924733  0.12648974555457490  0.13709420838854647
  0.14709989099507753  0.15693842385985543  0.16725944619131355  0.17812544554882417
  0.18912375838348164  0.20013873416867867  0.21106793097553753  0.22195859840476742
  0.23291066005644118  0.24378731485110314  0.25469844564304139  0.26570752341739151
  0.27634447840893961  0.28675170183114546  0.29718151326475434  0.30853806277138024
  0.32032681385193601  0.33270088602983988  0.34434142107260829  0.35535616445439899
  0.36578940555654993  0.37634406163099343  0.38728590274636049  0.39855264765422993
  0.40943120294481666  0.42075251491819227  0.43216528255823955  0.44285377555262245
  0.45290780268071562  0.46287651709821392  0.47307693919681937  0.48331016466430626
  0.49323167858990274  0.50275884198924692  0.51192067741308855  0.52121009133790208
  0.53048787029706868  0.54002234332510402  0.54947644088082337  0.55926067204513330
  0.56902860496761176  0.57891184999313483  0.58901880037935683  0.59943334896067324
  0.61049098377350208  0.62122486175194280  0.63168621742758069  0.64168580189513524
  0.65167898114158040  0.66173304792777754  0.67187434308478244  0.68187166940155741
  0.69130554134332634  0.70019558342384947  0.70904932909815810  0.71806194274867885
  0.72743363386642168  0.73740381062978611  0.74799528829250994  0.75927633044990117
  0.77091506183700087  0.78196820247209053  0.79252813747334827  0.80290697839457204
  0.81312851203648973  0.82349127722048032  0.83371687448817022  0.84367250430450436
  0.85348328961217979  0.86324816918402003  0.87299739743413673  0.88268984576296750
  0.89243509869793902  0.90271807357575351  0.91378412619923066  0.92473323291629428
  0.93540943480902805  0.94540461729669656  0.95518601568354511  0.96484059960716217
  0.97460849396524485  0.98369086644573167  0.99169186995369452  1.00000000000000000
 -0.00008270914817900  0.00075401073207027  0.00173484917784054  0.00325567818623849
  0.00518197926331878  0.00768086154499831  0.01061561145101306  0.01405621414790155
  0.01777437423031602  0.02183728718148283  0.02623875185554065  0.03087179378146266
  0.03601911222575258  0.04136285908397463  0.04682696729521508  0.05266855878427750
  0.05885727687736163  0.06520858813931392  0.07206382180106129  0.07897783906154850
  0.08608120877607245  0.09344058127113097  0.10109866106372674  0.10898744754569456
  0.11722876137893627  0.12542129578778810  0.13397848570297508  0.14265342141886964
  0.15173730497568610  0.16066047195091360  0.16950953491582213  0.17869626582374001
  0.18823028409145642  0.19800852962648965  0.20763872799580821  0.21758283784208948
  0.22733937763946993  0.23719044301209202  0.24737180787041879  0.25777057369121492
  0.26821967924270096  0.27896626303503952  0.28968612865871407  0.30093579996928782
  0.31276041933167631  0.32488428608775699  0.33727607062161219  0.34971015184599413
  0.36216520307709060  0.37408017174246705  0.38662504219145905  0.39961670969837193
  0.41266924810225458  0.42563866207654921  0.43852016462765120  0.45113379441069867
  0.46367502254439263  0.47619525542485325  0.48856120450800855  0.50114985163765158
  0.51405854544566665  0.52713579377162156  0.54018932476372150  0.55387967078750444
  0.56745017230570638  0.58046270526580768  0.59339549143750703  0.60687874930271302
  0.62029761502500635  0.63342228022299707  0.64732049664026525  0.66118316976560088
  0.67495022736223498  0.68882999379643339  0.70270333507084715  0.71647366219157427
  0.73000986776201082  0.74325000081964931  0.75646569595399205  0.76994786759413791
  0.78349680389052512  0.79731862602286163  0.81118737469657798  0.82508587618604012
  0.83909935576327310  0.85347528527870598  0.86770618266575439  0.88182327156280127
  0.89594555307993318  0.91017462534397409  0.92458089562838175  0.93924105394467972
  0.95426773287840905  0.96945936945326383  0.98472263093013856  1.00000000000000000
 -0.00240804411005236  0.00993099737842393  0.02011596073301639  0.03052352139549339
  0.04037489902925255  0.05017982152967174  0.05968122862787269  0.06921621827771501
  0.07854279912765003  0.08819627111306427  0.09812067704749845  0.10813511563195326
  0.11745740239058705  0.12691436490267885  0.13681640721385080  0.14690339070818756
  0.15769581746055442  0.16848302199675291  0.17881893033773558  0.18888206863511159
  0.19865367506648679  0.20839852401033099  0.21851801524291942  0.22901308189486669
  0.23992763979754336  0.25131927615001032  0.26343171667351228  0.27641733380675299
  0.28941491415574438  0.30264227904118240  0.31551968223658894  0.32773778524497177
  0.33940126696254835  0.35067710572932537  0.36199283172848767  0.37376923267898154
  0.38500727943337759  0.39563188494728324  0.40479577954379353  0.41395871032413234
  0.42341675577838767  0.43305145180946536  0.44301058403011728  0.45333510098957297
  0.46382605731036364  0.47452248050763263  0.48510108628044724  0.49579507311220167
  0.50667100025876977  0.51801108476368563  0.52953390814179579  0.54118019017302776
  0.55224844063839318  0.56276739166467349  0.57304068931341356  0.58330162542145425
  0.59333237714912035  0.60367197336361733  0.61390649208412362  0.62437292956475388
  0.63446713763126827  0.64440822172669210  0.65398193605010735  0.66339073628666745
  0.67278538409270794  0.68194047572643879  0.69151386421283978  0.70159762061540942
  0.71173777444389885  0.72198074899105547  0.73236089770224178  0.74320584088511521
  0.75379626869037764  0.76435661689406942  0.77496576662238870  0.78562850831874809
  0.79678782305281648  0.80828742361807460  0.81991758096503098  0.83133201299612991
  0.84217399290893924  0.85275950565122749  0.86310046689339870  0.87322088693704381
  0.88351268791488491  0.89398937048983806  0.90470411361008385  0.91563507948826350
  0.92728773368664630  0.93888772882190108  0.95005299289207989  0.96100303124376596
  0.97110509603938677  0.98108415280554173  0.99027081721808718  1.00000000000000000
 -0.00235515568498964  0.00941540243580038  0.01928134788721986  0.02822678735418025
  0.03711121370335745  0.04653272451861645  0.05623625701856379  0.06582214970550497
  0.07536089328488460  0.08506542689290510  0.09557478861352908  0.10631452908823447
  0.11690682023071119  0.12717754445957558  0.13729682446033489  0.14749944043652027
  0.15807913109395999  0.16880885821212763  0.17923080550492815  0.18956411948830421
  0.19945472585533935  0.20918944776920742  0.21897796821285762  0.22908502482440785
  0.23929824499966518  0.24948695068604584  0.25992455306214740  0.27055694789045703
  0.28110046345183803  0.29111451183689846  0.30077781364343981  0.31037074450994756
  0.31987961353856736  0.32962343178195708  0.33960561767862329  0.34955601429078387
  0.35962804153138300  0.36999199930265037  0.38110971974579272  0.39288547303227417
  0.40444222930899310  0.41578627437956056  0.42722357870444810  0.43857268354968537
  0.44991082811199551  0.46112214282628033  0.47244710519359445  0.48406015697698973
  0.49573185054752150  0.50627975254063184  0.51621768615824659  0.52626139951401674
  0.53656741793875906  0.54696497748413020  0.55722371562494766  0.56749059058161588
  0.57749196388829471  0.58747303877631529  0.59721901806578470  0.60720716435489563
  0.61727625758367854  0.62803084425032596  0.63884696211395131  0.64950731764013880
  0.66016909095908805  0.67156346440009085  0.68318902856541275  0.69424183999328748
  0.70498219513432125  0.71598413721889209  0.72720080732534687  0.73821279219551850
  0.74895117801179689  0.75949279659070890  0.76985755404186296  0.77997652595231737
  0.79005905460777248  0.80006714585224969  0.81013855190621398  0.82052299397191686
  0.83135820582225606  0.84280087256398251  0.85438266735498836  0.86608296520615891
  0.87756492691897225  0.88861057690639988  0.89976733665770381  0.91134947174150005
  0.92322563476126418  0.93513707848313432  0.94725543491441477  0.95904830150412879
  0.96938182358602276  0.98008644728916205  0.98973960001766459  1.00000000000000000
 -0.00273988035371610  0.00936502737664586  0.02012792647762486  0.03061302434039775
  0.04112418262125323  0.05151556381037906  0.06182115902094348  0.07206183515831641
  0.08244445418913821  0.09271330342713771  0.10282542907738526  0.11309311758977227
  0.12354471473262811  0.13420871123234032  0.14475802108514554  0.15504877058963545
  0.16547853853920927  0.17593090109973616  0.18648365392851665  0.19663326489324334
  0.20684535421183575  0.21749154044230790  0.22843155757786476  0.23884971805310828
  0.24916977999263309  0.25939793528461713  0.26927984179373143  0.28003268216593574
  0.29120218695170136  0.30240505070453244  0.31420953099735693  0.32550519744829520
  0.33638703923156466  0.34656710199519741  0.35719538988801486  0.36773796870540726
  0.37815463286178685  0.38829637360859548  0.39899894859253315  0.41046662237541387
  0.42128652383967263  0.43158402294781223  0.44161894933184420  0.45191471196568495
  0.46215622456808558  0.47242088544774524  0.48291149617950418  0.49341471333896109
  0.50427453918477938  0.51456531988899390  0.52449501936183096  0.53424330699808353
  0.54467057623352455  0.55554886753248445  0.56590060092788774  0.57584020556227755
  0.58586670314679190  0.59613534194709406  0.60630301354607841  0.61617055252164632
  0.62646357685987386  0.63739135357854060  0.64848844273699890  0.65947363070837872
  0.67015532574843872  0.68100598908662879  0.69180268376591614  0.70296001600442559
  0.71401791161449601  0.72467949319573788  0.73491495306411359  0.74486287608170954
  0.75505641991924766  0.76600613441166909  0.77697905684630642  0.78768504075513746
  0.79827536906407515  0.80927231087861951  0.82048991625038725  0.83161213586218008
  0.84201210959922801  0.85192363651171565  0.86175967592254754  0.87165767844761000
  0.88203336434562396  0.89216748144694802  0.90286107886572731  0.91368843658244758
  0.92468591799383593  0.93603250491676704  0.94716536324294742  0.95829097018639098
  0.96896120454132528  0.97974457409533700  0.98996597410015541  1.00000000000000000
 -0.00218390931701875  0.00880684132021155  0.01872213878306401  0.02868550205588737
  0.03915558517501549  0.04939488821365277  0.05932774284770673  0.06960936613492889
  0.07948520409354531  0.08984190331904303  0.09982644884091404  0.10954236841331214
  0.11891863769811582  0.12897081373777713  0.13985355199267424  0.15053338920697290
  0.16062494344778758  0.17116337940803944  0.18232777189802041  0.19326568267465288
  0.20373333390157061  0.21412002102360156  0.22476055243534959  0.23532607632946226
  0.24542831730129691  0.25559336023081880  0.26570614280242827  0.27599611039889260
  0.28628518697906752  0.29649909366570548  0.30658706827119109  0.31651685914698174
  0.32618545081622335  0.33612847742200541  0.34649827294555835  0.35677951172764510
  0.36752228967777623  0.37800973638090057  0.38898399337302675  0.39982048409177545
  0.41137730427804098  0.42302779516045674  0.43463352713503817  0.44609086010627153
  0.45731196568572052  0.46787182080325668  0.47824795002500803  0.48876155122081594
  0.49889454756069068  0.50851577787069802  0.51778748623655491  0.52713897313495295
  0.53677728109081324  0.54657700062132386  0.55643978712917075  0.56691408278424227
  0.57765575967630045  0.58867323023144769  0.59964959240967775  0.61125228084416672
  0.62334116785965077  0.63449677693639228  0.64569933105017785  0.65695933584124544
  0.66829417411816583  0.67843429288283008  0.68853331910000826  0.69880500736825768
  0.70933063807964281  0.71991031325548216  0.73041032035924514  0.74189238944670355
  0.75345601945585383  0.76536181071659481  0.77687456126894483  0.78795850290148817
  0.79805231530943965  0.80744818943203533  0.81688144585178868  0.82630558195724657
  0.83591821418602563  0.84611624835736254  0.85652275750009177  0.86801010216363728
  0.87906469197201609  0.88998867630724987  0.90100249166228952  0.91207986132627705
  0.92282576084772316  0.93353406888635482  0.94442749223756794  0.95586101126508272
  0.96719163562656219  0.97827788040106789  0.98904348849325108  1.00000000000000000
 -0.00209609290606536  0.00788086150887924  0.01722348412892750  0.02710549374736861
  0.03745784527848501  0.04816753585953764  0.05905800687153490  0.07007434362412139
  0.08111076214049663  0.09178476807130388  0.10200407111938535  0.11198015825886896
  0.12249625229711299  0.13235655155181961  0.14207114912902724  0.15212407682363011
  0.16262871044730715  0.17271536407984447  0.18257447826817699  0.19304700947831072
  0.20379150710377178  0.21425644588692111  0.22457936801561618  0.23560974789190697
  0.24735632682486536  0.25859100225289827  0.26991813978207863  0.28150832138624726
  0.29325128951509977  0.30408308353891511  0.31468914118413926  0.32516582052311671
  0.33580563433758065  0.34629037162588633  0.35723500643503903  0.36870109007928664
  0.37967603593086835  0.39070149856837516  0.40164555724979378  0.41287396361243367
  0.42372759117200642  0.43446374840388713  0.44476240319379046  0.45508959611496169
  0.46526752554082490  0.47570753709197761  0.48659069169021629  0.49745889805470533
  0.50844187210337510  0.51906816556055413  0.53005881964977941  0.54132361777626370
  0.55188724831253944  0.56253728660580993  0.57287646448040763  0.58334823640084321
  0.59362624498869088  0.60420839702298879  0.61566880316731021  0.62694703055155321
  0.63792257119080897  0.64876644569921638  0.65976858754725864  0.67069468646458896
  0.68123935859610707  0.69136454476680254  0.70127221525250849  0.71150883466509818
  0.72219200980645160  0.73289416941245189  0.74334811900063746  0.75404418507880777
  0.76530992386335761  0.77613073600461779  0.78730744493208538  0.79867543139855857
  0.80964476889010639  0.81996671317255176  0.83001710199718803  0.84000589552533900
  0.85002599873427120  0.86001690547987519  0.87001503247670231  0.88002888105694899
  0.88991307406763620  0.89959829757680165  0.90957011985446623  0.91986460664345648
  0.93043225901076232  0.94089403118736981  0.95081797532208612  0.96068003036942484
  0.97059941269779604  0.98054154873256860  0.99038017775936249  1.00000000000000000
 -0.00231385011908735  0.00910383906591310  0.01885405637390662  0.02875244702670435
  0.03863140621482509  0.04830238807284998  0.05762531808745586  0.06694481643549569
  0.07629714400525194  0.08624359319092688  0.09642813489781042  0.10688806401808237
  0.11752663982330014  0.12851176109732315  0.13950771535052359  0.15079927898736595
  0.16203240279808784  0.17328858004566250  0.18433832330514893  0.19481780318826158
  0.20527206361220371  0.21585332648122502  0.22633125016928649  0.23681200697808721
  0.24723601152642008  0.25793911794503854  0.26872808880100518  0.27943730263081357
  0.29069875568042497  0.30278538474930228  0.31491907067164060  0.32639279895486584
  0.33735153625564440  0.34795138377081569  0.35851518921422709  0.36899832740155081
  0.37991273198985975  0.39078466081592561  0.40204027875910481  0.41336808531355868
  0.42457989628096959  0.43525129578323846  0.44596074873601221  0.45642933067972102
  0.46746542256252810  0.47853806638752605  0.49067306452328857  0.50278090401942666
  0.51458943065843865  0.52557165917092463  0.53588364105602104  0.54597955430180067
  0.55622649507825062  0.56677725844258697  0.57743178796638195  0.58790882240299913
  0.59844170696791654  0.60918452723914585  0.61975488773083021  0.62998628819016045
  0.64023727473339720  0.65125265395579357  0.66302543633852729  0.67492730829166148
  0.68626829860650485  0.69699434469841171  0.70742106589355735  0.71759369190427436
  0.72758150702494273  0.73754027345348161  0.74771277484648258  0.75826262365595565
  0.76866667381673726  0.77951189374557883  0.78992430569049854  0.79991169475240476
  0.80963434185708560  0.81924156594035602  0.82916104874255714  0.83952667014025040
  0.84983347051352898  0.86019396721965968  0.87063414732822686  0.88124957966838524
  0.89214647540941860  0.90299981486156367  0.91322174811069468  0.92281764323340776
  0.93207951263399669  0.94148375367912518  0.95067492232320783  0.95998066809591087
  0.96965089862667619  0.97998885936068147  0.98999611600988480  1.00000000000000000
 -0.00256468132191161  0.01010588044533185  0.02022496863749089  0.03027510633340971
  0.04044877061343961  0.05055222359116156  0.06004604163136880  0.06949016995741975
  0.07927613408236180  0.08943170130443236  0.09949615713474709  0.10899764313816730
  0.11846381493985171  0.12802323118887227  0.13774884820092509  0.14731745028540599
  0.15712496366596482  0.16738725251029679  0.17822237414082004  0.18960929647625763
  0.20112640847499383  0.21203183675388232  0.22232099676251524  0.23257977376453384
  0.24297167843488146  0.25321326193401184  0.26353395416813558  0.27406152257327965
  0.28469169323131360  0.29519845886947593  0.30582402618612203  0.31678395034553958
  0.32780407859367683  0.33878093171030799  0.34916480881540057  0.35952062864644779
  0.36969837870543470  0.37989940384570720  0.39003803114152857  0.40058330254246782
  0.41183010152541283  0.42307110076539040  0.43396371596310268  0.44495340840311787
  0.45657864861661079  0.46857173451379319  0.48006447095703431  0.49063131138955179
  0.50085123978276791  0.51124834386531182  0.52206802318302925  0.53360148486882986
  0.54484774782074941  0.55633624787253566  0.56774705642005474  0.57934732810386314
  0.59065815202967453  0.60208415283747108  0.61337385830016289  0.62415324297864982
  0.63421926800111683  0.64426624280212463  0.65400855425555848  0.66377390142556281
  0.67371445565294186  0.68380055436842990  0.69424826768883674  0.70456732602667693
  0.71523395378883636  0.72554452136091452  0.73512609991130573  0.74430620231552047
  0.75324979353884258  0.76249304381666227  0.77211623809630703  0.78249100710287511
  0.79312366437092197  0.80381033559667003  0.81484737325518120  0.82617194532540916
  0.83729031386815145  0.84773164351199282  0.85867360248654523  0.87062752861284265
  0.88291147329598241  0.89513687985084622  0.90543099790243875  0.91583756255085946
  0.92578689853046192  0.93627493753525537  0.94612233502440690  0.95584030007331677
  0.96592709030204038  0.97659772539158773  0.98797919061971851  1.00000000000000000
 -0.00204235488020338  0.00775140218910365  0.01666490240075973  0.02538920251023353
  0.03423129362635534  0.04313932311373114  0.05224641064785575  0.06178006452432344
  0.07157328585091287  0.08176885614614181  0.09228349215345906  0.10269143623483397
  0.11232156391993009  0.12159006049035806  0.13082351943420437  0.14011916420253709
  0.14973901813500762  0.15950594506677399  0.16982398225255319  0.18077399345276132
  0.19219874677243565  0.20375880029976781  0.21536801170952161  0.22672259540487233
  0.23787820154470432  0.24880402978198921  0.25960571771072649  0.27025633696832502
  0.28052386829138459  0.29078474249149194  0.30146516202855361  0.31235403021609198
  0.32299384420453126  0.33343925373612571  0.34439015069137680  0.35577181245166978
  0.36744955655560013  0.37973804445974557  0.39258956743635004  0.40475848210013066
  0.41662375998980289  0.42781004939208028  0.43849367298238789  0.44922580707921983
  0.46031726319274929  0.47168174552781572  0.48287691963961454  0.49375586833022594
  0.50484622420190584  0.51589591583045158  0.52711537972218159  0.53824012480806083
  0.54992524552297850  0.56199143109194538  0.57389811062417151  0.58571429819956800
  0.59740422191641784  0.60885869575415341  0.61997687880632524  0.63122202273431971
  0.64275546964614660  0.65363060476955614  0.66440555849374006  0.67538169535414150
  0.68631720035806754  0.69686841985958281  0.70718114766375106  0.71797565280916742
  0.72904440362386436  0.73986658510541314  0.75083197920694500  0.76190846397291090
  0.77295604894153103  0.78333661204469851  0.79346562760577355  0.80372251341286949
  0.81408976444933645  0.82424876752667697  0.83437895984816612  0.84439900433428183
  0.85467688126831809  0.86466345697752878  0.87486679455727889  0.88463657540613427
  0.89429319180653588  0.90420110000858434  0.91387806195217225  0.92343625216872005
  0.93246741924195686  0.94147032169057843  0.95057603535789847  0.96003200430244240
  0.96984905116436249  0.97950728061470826  0.98975367607960918  1.00000000000000000
 -0.00233403156683307  0.00919304280529423  0.01913158745511591  0.02997521931647679
  0.04094384896522420  0.05069953622967370  0.06040751985428558  0.06962951528135809
  0.07894512885090167  0.08857861419017329  0.09836703667923748  0.10846884731590645
  0.11911949496128817  0.13007469984819917  0.14076629708613564  0.15103734169057853
  0.16137866338349335  0.17218992558090490  0.18314194786759086  0.19386127037658230
  0.20433119029008709  0.21480303179302482  0.22523516382070097  0.23610217860412580
  0.24677956439954626  0.25701128550081254  0.26736263220713430  0.27897916054421890
  0.29111483532791216  0.30320791158655314  0.31521785320661000  0.32701351697999270
  0.33856997119632015  0.34921104865483316  0.35943909654608591  0.36914410731409092
  0.37957657715532678  0.39034062423424670  0.40103679818719612  0.41120253984647637
  0.42163953211246974  0.43217288911548024  0.44280725173427432  0.45382453450219562
  0.46548244875988398  0.47701112689515124  0.48825863716700174  0.49949171953394611
  0.51091321896069586  0.52265487954042167  0.53354519486233731  0.54445943505863059
  0.55498140737994073  0.56595293004758396  0.57748575105342015  0.58874992622392763
  0.59898142828835121  0.60990067545129767  0.62070777753023376  0.63149551276014781
  0.64133912888107814  0.65222331955096402  0.66343978975959661  0.67331053704612365
  0.68297043926741730  0.69267674683658176  0.70303039995594885  0.71337724279547476
  0.72357248018647835  0.73381649599217869  0.74415994762071136  0.75489165094063737
  0.76563274009376225  0.77612766547738032  0.78624362855865626  0.79643716115897467
  0.80660792468382447  0.81672136447894161  0.82629758574682155  0.83605165586023422
  0.84562757422697943  0.85538759851053936  0.86491560191681549  0.87491639031303947
  0.88415554641482363  0.89368436295939613  0.90405483660324526  0.91503626175403896
  0.92586569401143570  0.93654783968494193  0.94765369619058470  0.95858783292779359
  0.96901665757086264  0.97909183993486493  0.98962990252367744  1.00000000000000000
  0.11329059434125890  0.22490272998843686  0.25108779267489983  0.26506524398705988
  0.27617221762736693  0.28585879324822439  0.29496236520739894  0.30370786476839079
  0.31182991266321652  0.31927191318506448  0.32641077468158081  0.33345677498796383
  0.34027440501158523  0.34701999199034428  0.35375089518005992  0.36036830301804962
  0.36686157174336353  0.37312445154665391  0.37921166186370042  0.38525583896593241
  0.39122465669549694  0.39719248189100037  0.40311815991178990  0.40886529659700227
  0.41461680647569865  0.42062220806473782  0.42688639434438985  0.43331726745138499
  0.43953723070365008  0.44593671841888899  0.45226020647843618  0.45868348309951995
  0.46518915112157228  0.47177534591386866  0.47835235142594729  0.48467900809042846
  0.49077103843619130  0.49673606040782858  0.50267647958748973  0.50872928957598540
  0.51486113626593488  0.52093293976069255  0.52696318558697508  0.53297546487711511
  0.53906902705100401  0.54532180246209483  0.55167651237988102  0.55809301886204121
  0.56474221876113206  0.57156739958665759  0.57822441156691551  0.58457633112651242
  0.59076583970381524  0.59699959428507610  0.60340189550373857  0.60988770827315097
  0.61633267125870117  0.62277390596044480  0.62885982752704306  0.63499541645785995
  0.64116194595873188  0.64723976470637379  0.65338854534256952  0.65955718728512724
  0.66573574634760546  0.67189908508374663  0.67829199539666818  0.68491675480396630
  0.69210348385714582  0.69965398760223541  0.70734705421363009  0.71515646020822743
  0.72278105714344842  0.73054883183685870  0.73842164334931892  0.74650854765280861
  0.75483792345389211  0.76343472864091300  0.77210913319073260  0.78017543689136570
  0.78829687245871793  0.79627565830553881  0.80428140541180593  0.81253715164195550
  0.82152453021440330  0.83121135620019726  0.84143738882335584  0.85169159760908364
  0.86229185578746015  0.87345455976345954  0.88637136254578919  0.89968150777147637
  0.91507042478866274  0.93281893352978174  0.95674779866041793  1.00000000000000000
 -0.02018008461323972  0.12952151102994142  0.17744578443768286  0.20804237406739190
  0.23379306321380555  0.25563555212614636  0.27346345764608765  0.28912133894484832
  0.30362093369539700  0.31743919538909343  0.33069019660602594  0.34272660900010049
  0.35393310182524035  0.36455345728112115  0.37481951425466403  0.38473007733085168
  0.39459433628801160  0.40425389819700702  0.41375215354327244  0.42332078617117186
  0.43285380188048922  0.44198773150909998  0.45065267343081744  0.45903609573237553
  0.46697845776508590  0.47508184294787620  0.48254266680301588  0.48975758600802566
  0.49666332102890826  0.50335779636931455  0.50992746719875881  0.51657949819845272
  0.52361230183409124  0.53076749116893263  0.53777394784779098  0.54445777131775164
  0.55101365140287750  0.55758279012807588  0.56421029332644057  0.57084445058547950
  0.57735027501920633  0.58379555414392825  0.59010298471994171  0.59657506742241728
  0.60305803933826008  0.60946468198031822  0.61568647804189425  0.62187489383205596
  0.62767323344408055  0.63331614790884216  0.63887019361076691  0.64434380146055192
  0.64971557200496055  0.65498547928489625  0.66024154220012965  0.66553716440854771
  0.67093340568427207  0.67615421406211185  0.68135440484393517  0.68649212901616963
  0.69163520684747348  0.69683854034938242  0.70201367810800719  0.70711488846627724
  0.71214927221020852  0.71717655066140285  0.72236219740407159  0.72771003005633894
  0.73296823826814705  0.73810623307803502  0.74310652970024238  0.74807830861802205
  0.75320510783930072  0.75856740876023943  0.76404287596965048  0.76967307630843618
  0.77554141683954736  0.78147443707590003  0.78751681926871941  0.79370956194440268
  0.80003544167547169  0.80655721923819768  0.81315005185492972  0.81971652169183784
  0.82639865488815434  0.83342104696921659  0.84120570663252980  0.84987773253721055
  0.85864460777183038  0.86752473723038892  0.87697769225857392  0.88761928658252121
  0.89956840843463826  0.91540967419166175  0.94106262313224409  1.00000000000000000
   1.5474198006116136E-005  -1.0000000000000000     
 T F F F T F F F F F F F F F F F F F F F F F F F F F F F F F F F T F F F T F F F F F F F F F F F F F F F F F F F F F F F F F F F F F F F F F F F F F F F F F F F F F F F F F F F F F F F F F F F F F F F F F F F F F F F F F F F F F F F F F F F F F F F F F F F F F F F F F F F F F F F F F F F F F F F F F F F F F F F F F F F F F F F F F F F F F F F F F F F F F F F F F F F F F F F F F F F T F F F T F F F F F F F F F F F F F F F F F F F F F F F F F F F T F F F T F F F F F F F F F F F F F F F F F F F F F F F F F F F T F F F T F F F F F F F F F F F F F F F F F F F F F F F F F F F T F F F T F F F F F F F F F F F F F F F F F F F F F F F F F F F F F F F F F F F F F F F F F F F F F F F F F F F F F F F F F F F F F F F F F F F F F F F F F F F F F F F F F F F F F F F F F F F F F F F F F F F F F F F F F F F F F F F F F F F F F F F F F F F F F F F F F F F F F F F F F F F F F F F F F F F F F F F F F F F T F F F T F F F F F F F F F F F F F F F F F F F F F F F F F F F T F F F T F F F F F F F F F F F F F F F F F F F F F F F F F F F
  <DiscreteSampler_grid>
  grouped_processes
  1 # 1 for a reference and 2 for a running grid.
  10 # Attribute 'min_bin_probing_points' of the grid.
  1 # Attribute 'grid_mode' of the grid. 1=='default',2=='initialization'
  0.0000000000000000 # Attribute 'small_contrib_threshold' of the grid.
  0.5000000000000000 # Attribute 'damping_power' of the grid.
 # binID   n_entries weight   weight_sqr   abs_weight
    16   10   7.384461591353776E+002   1.878281483573959E+006   7.384461591353776E+002
    17   10   7.384461591353813E+002   1.878281483573975E+006   7.384461591353813E+002
    19   10   7.384461591353776E+002   1.878281483573959E+006   7.384461591353776E+002
    20   10   7.384461591353813E+002   1.878281483573975E+006   7.384461591353813E+002
    22   10   7.357280785166612E+002   1.862495223355741E+006   7.357280785166612E+002
    23   10   7.357280785166653E+002   1.862495223355758E+006   7.357280785166653E+002
  </DiscreteSampler_grid>
