  0.00344222194154771  0.01143900424671616  0.02056707069660154  0.03111850797652947
  0.04239868939468958  0.05374889872837800  0.06475543748139571  0.07474627368103351
  0.08453119938793309  0.09446261324835484  0.10469585096724000  0.11619912618174606
  0.12698881243957147  0.13772660594778441  0.14853469384298340  0.16010439015839101
  0.17215045727756231  0.18222979683844456  0.19209169218916053  0.20162697042132491
  0.21210572762585725  0.22290492259359443  0.23449708946492159  0.24630360940974710
  0.25768633982765893  0.26861529475012763  0.27926296232904613  0.29026536485508991
  0.30118297188786325  0.31166576833264370  0.32067853242918304  0.32967205462678839
  0.33910687113114535  0.34829102763426750  0.35688455297040994  0.36520380704293381
  0.37393319420704835  0.38364401232605705  0.39368470212007156  0.40307950441833695
  0.41226613021988989  0.42110244430009813  0.42949971236129625  0.43804516609537719
  0.44896797221467566  0.46091171657914276  0.47249445292130576  0.48399309144192237
  0.49561132144919839  0.50738311140470138  0.51941519917131695  0.53088093341566722
  0.54188152718447780  0.55112345539131491  0.56105601250215542  0.57136284864374998
  0.58273622439818351  0.59482810471574243  0.60669394677229382  0.61878483643927451
  0.63051977694832639  0.64238842069673263  0.65331488352072886  0.66375453627074987
  0.67395422172879149  0.68355281469863749  0.69314630040742997  0.70261915797907259
  0.71239113838690948  0.72259203674369965  0.73282642335726300  0.74333313073536378
  0.75426479553452197  0.76566789581667405  0.77762091110926801  0.78927274989012275
  0.80026820602514881  0.81105295236597241  0.82200147099237142  0.83249993911222198
  0.84232640053838315  0.85189603367093070  0.86122475491943384  0.87044201089972140
  0.87955363096128913  0.88860054375890773  0.89797309150866855  0.90749446196973349
  0.91759122504741020  0.92855293748650436  0.94049429240977989  0.95251675378014677
  0.96344899956220753  0.97419468104654416  0.98475703561412786  1.00000000000000000
  0.00701367884739528  0.01494796032246529  0.02613986269839930  0.03870154154620613
  0.05108216004621442  0.06274397532672249  0.07365636230322746  0.08381451423597749
  0.09352879021445354  0.10385561530668105  0.11516847418963139  0.12751246039268010
  0.13993432181443247  0.15189919601245416  0.16306932878527772  0.17270714657729413
  0.18130007066760140  0.18937576707585693  0.19745689622898011  0.20607979838156509
  0.21527828713787300  0.22403691885428673  0.23267367901284330  0.24276490381471125
  0.25291286686203818  0.26358032808553195  0.27439674277811688  0.28516739384975293
  0.29547861806594955  0.30484141742421583  0.31483545668504842  0.32596482436056762
  0.33715742154486494  0.34706154656636823  0.35634184869387941  0.36621136882807803
  0.37641965159099172  0.38629830640400215  0.39579281610741163  0.40498530922303094
  0.41399887601113222  0.42292240417130406  0.43162780557143249  0.44128239677872988
  0.45128138204840668  0.46121293369456157  0.47103108607815763  0.48099515242952984
  0.49174556546657361  0.50257935371636198  0.51356650734817855  0.52468763907593152
  0.53575889709195879  0.54728058710409933  0.55843713172167919  0.56929625787569071
  0.57937774930167840  0.58932372149865653  0.59961503278926420  0.61069465701813486
  0.62153550489705922  0.63239615961762896  0.64333658157678619  0.65481101277938003
  0.66634509706287859  0.67759788543663846  0.68887481362712288  0.69919437626617664
  0.70830210944217797  0.71741448653873618  0.72689454930615460  0.73895423933943660
  0.75097671998650550  0.76309459347439068  0.77521553339089888  0.78807162369408112
  0.80222819145785296  0.81688273255584321  0.83158889234541089  0.84519084047358617
  0.85685814955048178  0.86718711300753382  0.87651118125731142  0.88544154850507051
  0.89483342350755002  0.90467917175660828  0.91411729145487119  0.92401614000248156
  0.93413940624406444  0.94513871390938797  0.95622166568417821  0.96634568644907448
  0.97516688304077248  0.98375579703261906  0.99153518086240033  1.00000000000000000
  0.00276520918310169  0.01358297535233462  0.02563053348561097  0.03722255002424079
  0.04835992635749681  0.05910192887741846  0.06996523522732530  0.08125255869906226
  0.09206436379603249  0.10258786436097148  0.11357154262114388  0.12504550666608252
  0.13621967602565843  0.14710633422354730  0.15780023742827548  0.16859069609056904
  0.17943713588434398  0.19014611408818102  0.20136960282175381  0.21295307207289985
  0.22527732676025608  0.23790027772973257  0.24884694816314520  0.25973893395755743
  0.27073902247384024  0.28235265033876344  0.29457245647071717  0.30697094010663767
  0.31934106417926922  0.33130766380333038  0.34185570234495227  0.35170617434051293
  0.36104069035282926  0.37148620165108687  0.38178122307621315  0.39178368879607739
  0.40121197804313508  0.41051652231421948  0.42017774186421908  0.42992658224430957
  0.44046077454488430  0.45035713915622705  0.45934147807355996  0.46793537830267184
  0.47707771375502273  0.48648611124100605  0.49534400820058422  0.50465854839343427
  0.51494522762475792  0.52561456439169407  0.53611795274723406  0.54711027173988258
  0.55827997001836704  0.56840524917586255  0.57754761012244293  0.58705224853188587
  0.59703148780220294  0.60717562716425111  0.61623644116159015  0.62493876987722075
  0.63486733136259299  0.64564108272809217  0.65647247818512500  0.66676611006823061
  0.67627513771457237  0.68523981943643597  0.69391953875224743  0.70270398686469426
  0.71199198699989197  0.72140475514015800  0.73261093233293795  0.74492009488310762
  0.75600800114856592  0.76565129706828694  0.77465779681818858  0.78392986248928298
  0.79354454366605953  0.80266858221059934  0.81198370672142162  0.82184461269423714
  0.83180147497614354  0.84226632868305384  0.85304154818055944  0.86334715909345250
  0.87436289703364978  0.88827468400152154  0.90411354357382301  0.91709613883750218
  0.92810203734421881  0.93865607378697913  0.94897178196205056  0.95994002451901350
  0.97019490371408024  0.98010867037417304  0.98968973838466145  1.00000000000000000
  0.00564653578229316  0.02338563454292916  0.03903658527318703  0.05180264702313410
  0.06326581976340279  0.07416451514414263  0.08421966111783455  0.09335054287858786
  0.10252641982252167  0.11129690278339401  0.11990329121363354  0.12886230028086587
  0.13792983361177222  0.14690945211003453  0.15680729662311443  0.16683755925270854
  0.17817249269675656  0.18940032954286151  0.19955523740007203  0.20871521126958797
  0.21786839524571017  0.22715608278412505  0.23709547772185738  0.24731758628545528
  0.25777829509181094  0.26772691850310459  0.27706197107357849  0.28646341424253680
  0.29666855358414523  0.30710255740637221  0.31728633919030674  0.32742509457040231
  0.33790161479895586  0.34836440771813865  0.35806267706569267  0.36735213771846137
  0.37662639925109614  0.38589996846033880  0.39527178672323282  0.40461978177077285
  0.41339374152971553  0.42275092847322782  0.43229691148511717  0.44391422747893478
  0.45665258019164873  0.46923549256758751  0.48181283175167355  0.49428702198996793
  0.50568706238801964  0.51649900107490521  0.52738581189592726  0.53877437353164870
  0.55001821878476931  0.56059351068206642  0.57190725721225033  0.58345328699143606
  0.59530233224865436  0.60687233686928910  0.61783536192112776  0.62829503469100723
  0.63863171863038093  0.64958562769181427  0.66033358930629615  0.67076176584200631
  0.68167509309420227  0.69274613778103211  0.70436046661848661  0.71561698471091650
  0.72651807579522343  0.73663738632398335  0.74714226180895971  0.75869616231347148
  0.77056035503239328  0.78125640151154097  0.79079352865163743  0.80005736846615916
  0.80973022502137781  0.81975690290807746  0.83077288047449360  0.84292258784736851
  0.85612053796344667  0.86839021605301947  0.87853855162696770  0.88763712504206005
  0.89711511182219728  0.90622817983179438  0.91489436209643582  0.92366917175002450
  0.93283882041289901  0.94351336228263094  0.95573105070246844  0.96657048273890422
  0.97598399299641503  0.98437853663079244  0.99164013432029585  1.00000000000000000
 -0.00007949701125709  0.00081126982913143  0.00205730872311783  0.00401528167945691
  0.00656450482716544  0.00978986921271853  0.01320751460215472  0.01724626436782407
  0.02164586547385803  0.02585025191479029  0.03060144323433988  0.03577574929183231
  0.04085198348876051  0.04690836275809329  0.05353306976785978  0.06008008349399321
  0.06714374341946797  0.07500442082865687  0.08333419558259129  0.09154457178225771
  0.09992131231212170  0.10841560020590278  0.11747570710409927  0.12697495354626628
  0.13640891971282756  0.14550795782899204  0.15453414256661760  0.16423685816768166
  0.17471017636971009  0.18615282546500900  0.19807480370430244  0.21068951478299569
  0.22362310483033110  0.23501235063100404  0.24602321523888376  0.25765186559204750
  0.26988489146537648  0.28292372551542966  0.29649644122055974  0.31069798599379939
  0.32434954934597826  0.33709074908858833  0.34869297891998113  0.36068143312671808
  0.37277824350807642  0.38494675650384852  0.39788914459158564  0.41051243734412252
  0.42275757759209626  0.43465399470897620  0.44646221073357389  0.45793263033615306
  0.46888943426851953  0.47964797593952357  0.49069073782119987  0.50256024648719821
  0.51469972887761051  0.52611830629052270  0.53728627578843424  0.54901376747460207
  0.56082161950485554  0.57198295166087643  0.58257841239924968  0.59288303891118710
  0.60313469397776232  0.61434291525846352  0.62602247836899794  0.63732467255024461
  0.64945414601860973  0.66177525998131104  0.67388072534578924  0.68571627509962829
  0.69732237805300690  0.71020774741549730  0.72363125158435904  0.73688599501621288
  0.74974953080407591  0.76234583245594045  0.77535111288040870  0.78916094495769185
  0.80309442224160543  0.81675066027136933  0.83010531015825162  0.84327971202728269
  0.85618066896357836  0.86866427332743223  0.88130729578548184  0.89390204695072362
  0.90617757843413871  0.91930639011964255  0.93248375440577491  0.94593431090939606
  0.96008897905180191  0.97336960995081356  0.98661576740266477  1.00000000000000000
 -0.00203067031774622  0.00765749557325139  0.01677559093741671  0.02544504323479515
  0.03544499741125650  0.04492954071548952  0.05412855016014127  0.06314707716613624
  0.07283107336522479  0.08318803355076965  0.09405209378032381  0.10638105143769966
  0.11911167780814205  0.13187607018268385  0.14389652700781672  0.15517854777733567
  0.16561052050329392  0.17484566484783115  0.18350692936651078  0.19216366517089820
  0.20105718945191625  0.21079262396750531  0.22083707432364652  0.23096605502817938
  0.24122819625112746  0.25114717258112551  0.26027430680166402  0.26851176334799093
  0.27739204265320977  0.28739035273991637  0.29925097875855672  0.31095264221324997
  0.32209483140495720  0.33318769789493841  0.34464859681641713  0.35534826499069150
  0.36588530084586263  0.37618082271398473  0.38608479264176870  0.39601038962429580
  0.40630687853960595  0.41702188555000896  0.42750523945139329  0.43843249539039370
  0.45045527525126189  0.46243118655849597  0.47299286332449247  0.48369477195558430
  0.49345794900521622  0.50328561673807715  0.51311044902510949  0.52321090926046654
  0.53436934657810764  0.54476915815538818  0.55482708777109557  0.56387275568828010
  0.57355217079668397  0.58360710504033864  0.59414935378257916  0.60477373527440792
  0.61597054845081500  0.62821617946524189  0.64069898365888656  0.65319025669871456
  0.66558866241290804  0.67746313526929147  0.68947887753669079  0.70181852785133358
  0.71306605006472634  0.72323457885613651  0.73311180592760716  0.74315411227527906
  0.75296068471695510  0.76251267792273181  0.77279689403319818  0.78460615614071183
  0.79599003207621000  0.80704563146200814  0.81776830832375436  0.82960865445865573
  0.84016117709359173  0.85166594047832422  0.86384503215616959  0.87663147371293482
  0.88919082610300315  0.90036401351638795  0.91057018814137947  0.92003570698192383
  0.92909896275039672  0.93811462956145497  0.94711671226405481  0.95516772502582981
  0.96411710671792772  0.97512797160765008  0.98734613409001637  1.00000000000000000
 -0.00254942458810077  0.00954642148945650  0.02085780180242283  0.03131287757430136
  0.04204273864537013  0.05474738137397928  0.06714249667270442  0.07893761526826140
  0.08972499406524254  0.10110893776283038  0.11166709212228075  0.12237687825311837
  0.13129575436050492  0.14036900969031288  0.14855044579210291  0.15720935200219235
  0.16553263846577895  0.17463944192721254  0.18357734716049046  0.19481837937403887
  0.20713623838581258  0.21873022598292724  0.22931814868254549  0.23821369114909322
  0.24646874405514799  0.25483782897956764  0.26342460986059307  0.27241143355753322
  0.28024236948500053  0.28799596576871472  0.29682112852573878  0.30759630510678226
  0.31933716385061567  0.33088054615119528  0.34215651070583669  0.35354380015440778
  0.36445573887402133  0.37480066657485400  0.38453159128386016  0.39440397184922460
  0.40383721015788476  0.41298342440110780  0.42201990363458752  0.43113150449806265
  0.44042538107060797  0.44973638834645191  0.45949626728468423  0.47029888334443365
  0.48102707234050035  0.49134994590666087  0.50173978256765861  0.51206301302618373
  0.52165566737795588  0.53072143866828847  0.54035069420978488  0.55116113281584289
  0.56310225529153046  0.57608310384259687  0.58836452070672052  0.60072555749632306
  0.61262118781534980  0.62541523521765419  0.63786498627317911  0.64967052665215186
  0.66048934634056977  0.67141497841559006  0.68181291827079371  0.69185888149099350
  0.70124870785141091  0.71042463845022574  0.71991068999032781  0.73036541080918815
  0.74167438524630491  0.75216711422313043  0.76037307335907856  0.76823754325756666
  0.77654458771064261  0.78563146350296076  0.79570114020124028  0.80559314859976872
  0.81652106973469474  0.82919647206577685  0.84153286313188225  0.85345189894963580
  0.86545570354043444  0.87704658680652625  0.88838996624539113  0.89971680402180998
  0.91149591677373931  0.92324160375779052  0.93505784945501735  0.94729828458253373
  0.95970283800761569  0.97279906873817235  0.98656522570170846  1.00000000000000000
 -0.00262195480823051  0.00940456126696440  0.01970075426999824  0.02953338331883564
  0.03948516903892877  0.05008020906428269  0.06130602586373461  0.07291563428641534
  0.08488674548873011  0.09680445997974549  0.10847089851634227  0.12008525247223993
  0.13059281588089425  0.14094412730604555  0.15143461508657316  0.16162502721147731
  0.17173489997521771  0.18182770142286289  0.19230720345041447  0.20273915386656144
  0.21321479425657036  0.22366781499456470  0.23380236596783452  0.24409408558504339
  0.25440501384312764  0.26448240733342665  0.27373922954672353  0.28240511141304742
  0.29078134355828150  0.30002594043055592  0.30939801714273807  0.32044516773328108
  0.33130154531119604  0.34127476930743494  0.35109951109241544  0.36164250520434627
  0.37295953938821030  0.38454019019882374  0.39633124675451942  0.40851222326407632
  0.42074483702654947  0.43311114098716141  0.44447931858570711  0.45498759483914658
  0.46508937126314770  0.47456635691016841  0.48379650885894498  0.49299015482746361
  0.50257180804969370  0.51261995837592844  0.52295126434093686  0.53191226396535585
  0.54047582538733641  0.55028717574579888  0.56091442374736245  0.57226280590805856
  0.58345914242541586  0.59405976968793850  0.60482993886064040  0.61588795698695298
  0.62717080698132333  0.63661155834963357  0.64581035417568367  0.65456019158897338
  0.66369544267606728  0.67278717740852367  0.68262778432957893  0.69282419693767194
  0.70409272914684329  0.71533288600397893  0.72656019392391002  0.73732063862444519
  0.74765522104756721  0.75795669738272486  0.76834848906205977  0.77855396326143589
  0.78855744783636050  0.79913250210174513  0.81048419120634829  0.82161946737902203
  0.83293372394284959  0.84562329893859767  0.85905825561518567  0.87117530517997244
  0.88247188131994325  0.89364917096478291  0.90425999213329911  0.91622177804564897
  0.92880834079225449  0.94080017090350110  0.95243556893689318  0.96292201287717938
  0.97289340135168656  0.98215856403564994  0.99114655659753315  1.00000000000000000
 -0.00235466681849574  0.00716577891815275  0.01540064288498702  0.02357800341352168
  0.03223448836587494  0.04122632969062248  0.05078200147097611  0.06059401240785701
  0.07035797968798158  0.08057456965980092  0.09137883502105504  0.10215665046744640
  0.11189484672675908  0.12078506392384779  0.13028851526959834  0.13938783648421638
  0.14806903901214352  0.15615852827038204  0.16463868605792381  0.17364687528568248
  0.18203779892355160  0.19041830896469045  0.19903552376565195  0.20816307457271854
  0.21714571010906647  0.22554897306633176  0.23385701961628963  0.24252575737308024
  0.25124188458840130  0.25981894174952319  0.26814512612107577  0.27708107594728043
  0.28878508942461156  0.30053142161367569  0.31214000252217916  0.32228333263405962
  0.33168774102072357  0.34174852272375800  0.35171326392689778  0.36085477249278908
  0.36966340403559911  0.37925212371912481  0.39014924911160065  0.40129546048949521
  0.41291824619919854  0.42394747485277917  0.43434905032865839  0.44419669774507131
  0.45445819693288969  0.46450890951642543  0.47385323414170100  0.48367040098102609
  0.49367751392435949  0.50366936161204379  0.51345779586296447  0.52410213916607851
  0.53777089099854158  0.55163885847997929  0.56430393861800765  0.57583952293408480
  0.58612346084384559  0.59684546227519242  0.60802498623497303  0.61910775130277285
  0.62939804080020267  0.63894179097443826  0.64846613394999342  0.65772487064997442
  0.66763921354424749  0.67747051237997191  0.68670237927705391  0.69530524806606775
  0.70417670363555562  0.71409561135940713  0.72472671832100144  0.73538244100864392
  0.74637835572588207  0.76005523887471693  0.77390885582511815  0.78765919388045369
  0.80080593217652063  0.81424500028666913  0.82851813702621402  0.84356296788095120
  0.85654631932454117  0.86978315549164487  0.88266209409522189  0.89575166942212237
  0.90766616980942261  0.91946642968216319  0.93242347649780977  0.94589036331581000
  0.95943459607692283  0.97321433384387945  0.98687269022856250  1.00000000000000000
 -0.00261412229473870  0.00868826982341877  0.01814911894530748  0.02767211527362787
  0.03791073614986141  0.04812746481866638  0.05746845015218995  0.06660598400992218
  0.07580925376917906  0.08550256260780796  0.09554502024110281  0.10487085592288393
  0.11323073166197610  0.12169482802215412  0.13049267292524391  0.14040320083497954
  0.15194725081192331  0.16324618339996866  0.17506612442862662  0.18785291327725881
  0.20119695707754598  0.21389745297172208  0.22512766196550194  0.23562849664297875
  0.24579727839168164  0.25554542101516214  0.26496488631048931  0.27419230464142086
  0.28338165820869510  0.29299178653531799  0.30397488885008805  0.31581948477580563
  0.32808698577853385  0.33990743829225356  0.35142547575928967  0.36237967409078164
  0.37220327786783175  0.38157780220214066  0.39093254655227638  0.40045387880468819
  0.40988362471452056  0.41974564911451767  0.43012800621713804  0.44094866821083001
  0.45155217532023800  0.46198345294841181  0.47242375961514360  0.48260754574248976
  0.49260109901526911  0.50413534458947029  0.51733384366805812  0.53195521454930672
  0.54722168986732489  0.56185691839724050  0.57504222552104867  0.58692541274601040
  0.59779057318560258  0.60931944879205768  0.62141928475222519  0.63278941932214305
  0.64399560590431693  0.65456232353054067  0.66437989332109726  0.67366435022468751
  0.68215370400105690  0.69130730521589756  0.70018512434954971  0.71020573133861353
  0.71998951252963594  0.72944158952326610  0.73841584260848214  0.74731814392655593
  0.75740513469845894  0.76728567951042981  0.77689581880639924  0.78635245951877830
  0.79581500294166529  0.80563793827173102  0.81577195358974897  0.82499932381541441
  0.83526780480610330  0.84569415244010537  0.85598042365348614  0.86619597769795253
  0.87617075316245563  0.88628031798715090  0.89735158359409284  0.91020606523901137
  0.92368426992540098  0.93619542070314887  0.94837560946829236  0.96060138306814202
  0.97123591208062554  0.98127436902354437  0.99044421425397744  1.00000000000000000
 -0.00168083639375058  0.00907484010191161  0.01909003933855290  0.03033866111141161
  0.04139574847360088  0.05354385069104443  0.06572754381547809  0.07855691294758496
  0.09007024072562518  0.10094487974028508  0.11147452153860821  0.12152657708622851
  0.13128201237766549  0.14148573989265142  0.15191658749402920  0.16218186710611524
  0.17234903273101185  0.18229974574603242  0.19181968993171350  0.20105529503817965
  0.20987121142532528  0.21884265546442772  0.22830417586130250  0.23899481929538094
  0.24995649640304815  0.26042188780773085  0.27013329866408076  0.27945711778976140
  0.28931130367601410  0.30036977928235997  0.31229455541456858  0.32468367172409623
  0.33714226717222312  0.34910641471713050  0.36001343788231160  0.37031220210184296
  0.38138499626348876  0.39327688051561499  0.40494327251982953  0.41676540800542505
  0.42878284596866229  0.44035953615002010  0.45089194260957499  0.46069617433783183
  0.46973412997915936  0.48016841892386203  0.49063566779775775  0.50113049111079921
  0.51077287629737533  0.52071600582964972  0.53095519489007825  0.54068875721350018
  0.54985011010280282  0.55913333989263936  0.56956066035850583  0.58094385840740648
  0.59191208959343466  0.60298878618460716  0.61445771446722619  0.62561119111498376
  0.63616837831006978  0.64589837362286762  0.65590701724122924  0.66572927327592291
  0.67580739011715862  0.68654785889239367  0.69650599917242217  0.70609226012801940
  0.71487966610298492  0.72401102251068439  0.73293233602970231  0.74120839066939626
  0.74930942990421312  0.75833526150456132  0.76834443860603585  0.77888600023699073
  0.78977209400777093  0.80047838684519002  0.81186050108993357  0.82352963140593483
  0.83529098905394672  0.84650657845707389  0.85732386880192546  0.86757859664535486
  0.87794887071572980  0.88803333371770821  0.89810243585017280  0.90815975627106971
  0.91971776465656385  0.93325924266912619  0.94809427460332862  0.96256675293790073
  0.97260152659320598  0.98250541174015782  0.99122953236864308  1.00000000000000000
 -0.00489681240198357  0.01828805586104574  0.03148472415921698  0.04384600644369588
  0.05447085465849168  0.06429242868581914  0.07304827460861753  0.08202038949676335
  0.09132252632745236  0.10116992499232820  0.11059261833694416  0.12003217188962326
  0.12962951575847892  0.13997221750684941  0.15136556182960470  0.16346328265927842
  0.17475143940220222  0.18477402097972379  0.19466063165142541  0.20502151392093867
  0.21574057763569779  0.22586295616100194  0.23586205545932679  0.24605908754516376
  0.25608329772840943  0.26524014974270560  0.27493757887034359  0.28595301545923840
  0.29735528333332034  0.30873260474134906  0.31991203007319419  0.33100902302092133
  0.34121182457318922  0.35083076164964505  0.36083919666080017  0.37126792082477444
  0.38176312207016366  0.39142724564668224  0.40078782397468682  0.41072716336086618
  0.42201567922365618  0.43542714640926317  0.44913748587319063  0.46147445011419674
  0.47265457623889323  0.48349462330063886  0.49443975307316895  0.50521276623320477
  0.51607662032480606  0.52790995238643423  0.53999151074192453  0.55104086490818172
  0.56137218392590316  0.57138961974878988  0.58112203811060004  0.59085648770258647
  0.60039550824031140  0.61023051697647235  0.62016648658274043  0.63059648956638015
  0.64171669018853938  0.65247802183434334  0.66270929965680525  0.67355057624640413
  0.68491441200884395  0.69570419218833357  0.70570143013275477  0.71544848002439509
  0.72571142185002557  0.73648633903732141  0.74726639874324918  0.75703937902610285
  0.76583010979669797  0.77433322640370039  0.78261545558131007  0.79107680923710655
  0.79923008623352831  0.80801488671025357  0.81668514705864237  0.82914004705739852
  0.84028926258519443  0.85107179076817263  0.86067633946159805  0.86954529745138143
  0.87877715241155918  0.88863720765497045  0.89871308859109911  0.90910297628006942
  0.91944582859383583  0.92960833085061012  0.94039234343638733  0.95109456910862933
  0.96137703320232892  0.97212098015356352  0.98325052246645117  1.00000000000000000
 -0.00159302479898782  0.00515727953122569  0.01124942266732497  0.01717358992385342
  0.02344945383705857  0.02986742742212421  0.03631941925517915  0.04228458352818131
  0.04780020978924822  0.05317796066683641  0.05881095556292255  0.06474560996142494
  0.07088833157812481  0.07694634552403418  0.08323846608235298  0.08903324489470286
  0.09516090451424850  0.10148623646868311  0.10865292018849908  0.11618553582291105
  0.12302169134442172  0.12940741702438965  0.13584362037705877  0.14250757114677681
  0.14945636965662534  0.15660441695457786  0.16413202858893697  0.17243463759611616
  0.18122521303333189  0.19036411337678974  0.20008900315604794  0.20971843970538581
  0.21970189225866321  0.22993297941287327  0.24002114087723367  0.25011891341050746
  0.25960662383182387  0.26849886058449818  0.27742626901319084  0.28669880256692115
  0.29666162772955429  0.30618035154322187  0.31549771792185505  0.32482452153605129
  0.33395052159365585  0.34293594653253751  0.35279985132855507  0.36476114945709287
  0.37734295392521144  0.38997881565885900  0.40304188780371075  0.41708487405462624
  0.43074691489356343  0.44380610443134150  0.45654359105144238  0.46914492952686776
  0.48179851652780969  0.49511570375045033  0.50887127868284943  0.52305483635753391
  0.53680658666342451  0.54973668712150625  0.56231099153264907  0.57398629057661810
  0.58466623903637382  0.59527317789737155  0.60660975625598945  0.61925350331442097
  0.63196944871069949  0.64441360922366098  0.65656271186505544  0.66932540847850630
  0.68171805532040120  0.69362680364826135  0.70578778141889642  0.71893714965466349
  0.73248181321375339  0.74631877820833770  0.76051656823163460  0.77569572259106478
  0.79119683571085986  0.80536263691073351  0.81836466061659685  0.83191407548495067
  0.84536224283252692  0.86025397910998136  0.87669468844624721  0.89420360726970527
  0.91136215836608236  0.92614108110937265  0.93941652963930733  0.95228604641340131
  0.96323884164531492  0.97371328513346145  0.98524097870311822  1.00000000000000000
 -0.00214347651720605  0.00769801607828700  0.01635728091360312  0.02695129307137499
  0.03638545586619282  0.04581262813505038  0.05541445967089059  0.06579716117286928
  0.07624494198197819  0.08670787338881147  0.09672475492056358  0.10588942387189172
  0.11475104618186931  0.12397490130225854  0.13454641970943815  0.14586061999518801
  0.15647600677340026  0.16722180803891507  0.17890570537871892  0.19168281266638701
  0.20392393499724276  0.21528443301646280  0.22694056298743048  0.23927312299472928
  0.25099654710223351  0.26180661488390777  0.27286322159624665  0.28439205021692876
  0.29555732770840759  0.30646563717958147  0.31769199716064284  0.32920156250366994
  0.34051131161939768  0.35174147439435599  0.36385154770892075  0.37667197237407046
  0.38906132636511698  0.39990432771803569  0.41016022431243754  0.41991498694302964
  0.42995553133076742  0.44079376507071344  0.45235918750940052  0.46403446034482221
  0.47493621399280328  0.48667721402062436  0.49827095207343913  0.50979566614950234
  0.52042491757593690  0.53004174461017817  0.53884512853416233  0.54713693073101255
  0.55531349490119764  0.56378460909702854  0.57250802109934817  0.58116306927296169
  0.59031575036240480  0.60004260380494545  0.60964874303382244  0.61945429002470531
  0.63031797576074333  0.64210137464282069  0.65362277318786155  0.66440377886313184
  0.67370948216580651  0.68163290124717058  0.68997543179107323  0.69857103820001742
  0.70888886130560169  0.71856848906499682  0.72824105650593962  0.73872273283821910
  0.74950796269497033  0.75983052952358832  0.76978631380678653  0.77956815241874022
  0.78910041895794125  0.79871255002386510  0.80927095789887704  0.82078861076405607
  0.83215483352167652  0.84277511401645311  0.85346935697049231  0.86590193418477401
  0.87936744194042282  0.89134110367243791  0.90245878671636226  0.91316315117920344
  0.92409084976764555  0.93524340987580146  0.94640271057676761  0.95738788828726873
  0.96813775671996916  0.97869696142799345  0.98917941952279276  1.00000000000000000
  0.04630672625618192  0.21853801842440690  0.25009031006022236  0.26631416867474522
  0.27900210768865552  0.28891985577801027  0.29809486671183250  0.30703209168228274
  0.31605165850904243  0.32495038754947830  0.33281812586027043  0.33949773684642365
  0.34610401932334561  0.35254031289082849  0.35894903006621992  0.36536055065132450
  0.37164071831547968  0.37786214516683364  0.38402397539090821  0.39037652452242666
  0.39686479085131698  0.40310643322344364  0.40924183775115153  0.41527859276925583
  0.42127527899832473  0.42753017031472568  0.43388939469032517  0.43973557899100596
  0.44517385474676063  0.45018893997646736  0.45509328834046081  0.46013160249798646
  0.46534908894889221  0.47083657897017617  0.47595036918601169  0.48148296849348332
  0.48693125613679911  0.49255527075798605  0.49811261983071353  0.50366698026126155
  0.50919630610310451  0.51493719660608273  0.52060271601968711  0.52611978060813591
  0.53155415397096784  0.53674425747405818  0.54203370861421696  0.54755370073373311
  0.55343219719792580  0.55961962102368878  0.56610753154989002  0.57236603246851803
  0.57827843581711746  0.58408082178702425  0.58994806554191215  0.59584750316314938
  0.60182121175640257  0.60823449879170477  0.61500380127864296  0.62133824522297321
  0.62706647543649729  0.63303012115543345  0.63886829702435866  0.64469942228059263
  0.65012338430898131  0.65589634239494976  0.66187599325650426  0.66851181739674148
  0.67565898754627607  0.68297646013647384  0.69032987638758880  0.69760918572366037
  0.70477037856911962  0.71211039517688635  0.72059817516462077  0.72880089505757684
  0.73650662154305158  0.74428335701574189  0.75255319947496802  0.76145380069435664
  0.77074706787740432  0.77960478239520370  0.78833029183197112  0.79746956202595842
  0.80731977722377490  0.81705405235604611  0.82611120426986739  0.83506227287682755
  0.84478753064035050  0.85613072792061595  0.86911772747923410  0.88369967707210484
  0.89979790713657959  0.91683351053706896  0.94407894604800702  1.00000000000000000
 -0.01960877408869151  0.11975331086725920  0.15981626140350211  0.18246981941193363
  0.19974172075253965  0.21494358141104314  0.22879700503540820  0.24208671931215572
  0.25426657161714306  0.26471678777327057  0.27366954841393837  0.28180016478705633
  0.29009370389276079  0.29846090432593220  0.30665014851834843  0.31437911889298831
  0.32186006264315759  0.32913989941261446  0.33617552603613221  0.34293813902057446
  0.34943347151185272  0.35597951613053119  0.36232406343381901  0.36853662556644645
  0.37440888409405837  0.37982380767814949  0.38498971698091522  0.39000592903771014
  0.39496906207677274  0.40006350518646200  0.40462847545039693  0.40918243838557156
  0.41322437496666353  0.41743135885820076  0.42176914935749699  0.42612487841542734
  0.43115017029764491  0.43637751955307852  0.44166526242023124  0.44674032087660176
  0.45155467168931618  0.45661962987398358  0.46226238520223339  0.46827275744052255
  0.47430744375358491  0.48039360752464216  0.48637285168073124  0.49190621255519273
  0.49706651168562344  0.50204941347868681  0.50691649376513548  0.51195830375036855
  0.51728915067841807  0.52267155033666979  0.52812757989457637  0.53347377247828853
  0.53878265625723309  0.54419769461135048  0.54977111380212362  0.55549729964609973
  0.56036297474477581  0.56587848842739574  0.57161585222218958  0.57761565291247230
  0.58390629116677584  0.59019549024778484  0.59651843938491900  0.60317191313894813
  0.60991984501563645  0.61657328616175267  0.62315274572151580  0.62950902319680013
  0.63602626845963606  0.64269897439990908  0.64909827199609849  0.65520467613541589
  0.66133524046899295  0.66786456091520841  0.67522428721164696  0.68321715744019995
  0.69110088900020639  0.69879060782720703  0.70652835228771305  0.71456261681679101
  0.72355277455294931  0.73293042057730695  0.74165524910795544  0.75188845822853523
  0.76416036458869074  0.77735925579668230  0.79105499387147671  0.80719362754402713
  0.82492496582290764  0.84673255795671865  0.88384294728915458  1.00000000000000000
   1.5982386997663667E-010  -1.0000000000000000     
 T F F F T F F F F F F F F F F F F F F F F F F F F F F F F F F F T F F F T F F F F F F F F F F F F F F F F F F F F F F F F F F F T F F F T F F F F F F F F F F F F F F F F F F F F F F F F F F F T F F F T F F F F F F F F F F F F F F F F F F F F F F F F F F F T F F F T F F F F F F F F F F F F F F F F F F F F F F F F F F F T F F F T F F F F F F F F F F F F F F F F F F F F F F F F F F F T F F F T F F F F F F F F F F F F F F F F F F F F F F F F F F F T F F F T F F F F F F F F F F F F F F F F F F F F F F F F F F F T F F F T F F F F F F F F F F F F F F F F F F F F F F F F F F F T F F F T F F F F F F F F F F F F F F F F F F F F F F F F F F F T F F F T F F F F F F F F F F F F F F F F F F F F F F F F F F F T F F F T F F F F F F F F F F F F F F F F F F F F F F F F F F F T F F F T F F F F F F F F F F F F F F F F F F F F F F F F F F F T F F F T F F F F F F F F F F F F F F F F F F F F F F F F F F F T F F F T F F F F F F F F F F F F F F F F F F F F F F F F F F F T F F F T F F F F F F F F F F F F F F F F F F F F F F F F F F F
  <DiscreteSampler_grid>
  grouped_processes
  1 # 1 for a reference and 2 for a running grid.
  10 # Attribute 'min_bin_probing_points' of the grid.
  1 # Attribute 'grid_mode' of the grid. 1=='default',2=='initialization'
  0.0000000000000000 # Attribute 'small_contrib_threshold' of the grid.
  0.5000000000000000 # Attribute 'damping_power' of the grid.
 # binID   n_entries weight   weight_sqr   abs_weight
    10   10   2.021328607447788E-001   1.866270585898096E-001   2.021328607447788E-001
    11   10   2.021328607447786E-001   1.866270585898092E-001   2.021328607447786E-001
  </DiscreteSampler_grid>
