  0.00325377581228740  0.01169818473389867  0.02123638219291364  0.03182074554413770
  0.04196796680400674  0.05275041504292858  0.06323400397347240  0.07414697739795721
  0.08475140588796742  0.09513603930901297  0.10551951054968332  0.11588912997421716
  0.12622853545542323  0.13671335829907202  0.14696252507861898  0.15712262726776266
  0.16738422169078934  0.17816315522167345  0.18893675974047086  0.19973734657888439
  0.21007356869299174  0.22042711710960053  0.23087905917390078  0.24141229506322384
  0.25205299695983208  0.26245963280493850  0.27304933109635887  0.28361545048031017
  0.29423564941736169  0.30490583157216772  0.31532140716974422  0.32543391692135815
  0.33535744922300126  0.34557015949951531  0.35578565605539225  0.36618077025114032
  0.37637321544521102  0.38677559489857299  0.39702339155993777  0.40729542184067985
  0.41745572991678848  0.42775372158178865  0.43839249539942371  0.44900345543680736
  0.45959729777150798  0.47008951361040086  0.48081798707551376  0.49147170446981564
  0.50191482246843944  0.51230366857331067  0.52276577937828594  0.53360935284757927
  0.54451105176159442  0.55545133555611015  0.56589354298989047  0.57617089621578066
  0.58640022896480726  0.59697677565461560  0.60763408876886493  0.61786026962981055
  0.62810096421869499  0.63862321943874012  0.64942132397999031  0.66020982805481088
  0.67113020063105278  0.68215011152657179  0.69298577425686747  0.70370943148171416
  0.71425266414351174  0.72488491249513498  0.73549790726587272  0.74617796867723274
  0.75648973759757643  0.76676646924329528  0.77695093349224886  0.78704398047468027
  0.79698363840986153  0.80705621342896661  0.81725680863427275  0.82766427520181907
  0.83828045934275919  0.84911175249452386  0.85968666855121911  0.86989448161320404
  0.88001866925996430  0.89027555422449345  0.90061610222938959  0.91117346954089762
  0.92189503357927971  0.93279998830055999  0.94376486275424620  0.95489775355866746
  0.96591721821392529  0.97693118872838813  0.98812819228274695  1.00000000000000000
  0.00691929676851463  0.01662292242843396  0.02815683317062005  0.03944602623036354
  0.05035524916635001  0.06118381954808353  0.07182788401089886  0.08241952493777789
  0.09307101163376788  0.10366157307536540  0.11422915033319660  0.12494501323722615
  0.13582900474753051  0.14660977327704089  0.15709211264636960  0.16743463741162093
  0.17780221422117595  0.18837195413529445  0.19906686362804679  0.20990231956183081
  0.22081621196802467  0.23173344179843602  0.24269755071319432  0.25356560861462313
  0.26421557076983981  0.27475116675575478  0.28528770574229201  0.29592210339908809
  0.30643039619227525  0.31675173142411128  0.32712715344009108  0.33761843257669755
  0.34816552844602650  0.35846818653657769  0.36870456937778456  0.37914950807063758
  0.38965147242440101  0.40002456589579471  0.41030651549255398  0.42074935240352462
  0.43139576542020891  0.44208315487957484  0.45283924309044610  0.46363032754875294
  0.47433974512165683  0.48477977950493056  0.49515527739001658  0.50539411997844819
  0.51570583637127776  0.52605371602386364  0.53648681932448405  0.54703636205755701
  0.55778563137203918  0.56870847375620182  0.57966995457176762  0.59042212105257896
  0.60100459509227488  0.61154380817852538  0.62198430209231181  0.63239303227623445
  0.64290736235860613  0.65359394162627993  0.66432846993508532  0.67475900404039857
  0.68490055192505084  0.69506600027197596  0.70547319461417068  0.71607335775194558
  0.72684339544555854  0.73760897647025359  0.74824359285556963  0.75858031177850249
  0.76869804786572593  0.77903704300817123  0.78933864729509284  0.79956157117695204
  0.80964491812293293  0.81984007037100104  0.83006160529289763  0.84033753071280526
  0.85077992255849999  0.86129728286122553  0.87173688944593730  0.88207354014040606
  0.89250856176109716  0.90302449277614150  0.91345839787356498  0.92389311250313622
  0.93398017479253415  0.94394031955581648  0.95375559260648846  0.96351730770360389
  0.97323997019392949  0.98238239260510896  0.99192639623034262  1.00000000000000000
  0.00347399356078559  0.01118996811292255  0.02114606944810962  0.03114924672628148
  0.04141379213789304  0.05143111124979925  0.06120008702609059  0.07096613501875164
  0.08095869682318779  0.09136181592336794  0.10213996928374248  0.11322841235334098
  0.12422856303814157  0.13493197269966517  0.14546524725511151  0.15561004299672354
  0.16567000125209516  0.17597201275470215  0.18643551720307727  0.19694120365841569
  0.20720858252418919  0.21752684152031559  0.22786776299351050  0.23820215475732484
  0.24874611563376955  0.25971182485070832  0.27076846209593897  0.28148639185375135
  0.29205563021750108  0.30220536320731872  0.31231260165802788  0.32241495226352035
  0.33256040688997535  0.34302884200269296  0.35365224244667465  0.36437956455218740
  0.37485826480829176  0.38522056127087606  0.39558895486330647  0.40596736430195068
  0.41623044795973613  0.42688604360357918  0.43750985217919169  0.44806658828338447
  0.45841072281551282  0.46892726021385711  0.47934104654583709  0.48968595012972227
  0.49998297246623269  0.51037268224304233  0.52092450835979076  0.53152679676084069
  0.54213163201453851  0.55255973609106557  0.56285803305813520  0.57331580865797316
  0.58379145802119892  0.59417906431927492  0.60461402140248666  0.61498798785008613
  0.62540735669017467  0.63566869438502405  0.64608692170729087  0.65660152236474634
  0.66712331643927347  0.67774778006867775  0.68848016170292237  0.69920376739799528
  0.70993627531776526  0.72049773385617344  0.73101011128992377  0.74117330414037275
  0.75147972985313982  0.76188471878963349  0.77262479867826572  0.78363802421815054
  0.79445475035673729  0.80515761348276993  0.81546179518466855  0.82567298683398882
  0.83565892102280026  0.84565708178831078  0.85563262006078000  0.86610326576713548
  0.87690225312374825  0.88794238379629375  0.89871991239094740  0.90958174612729337
  0.92053081534241910  0.93170206543562095  0.94257860789228309  0.95331464363363161
  0.96399615199882949  0.97484933130147444  0.98696592555685114  1.00000000000000000
  0.00571364667227905  0.02065437573958175  0.03554266467868562  0.04852791830726606
  0.06011109841668229  0.07132330067130221  0.08214537488887026  0.09302617185115696
  0.10403993410658309  0.11522502255845478  0.12632645308454316  0.13756964364202731
  0.14850326427205751  0.15915458264373444  0.16967424394215569  0.18001743851095528
  0.19034672749214648  0.20066410472177298  0.21115991927148223  0.22165825480474272
  0.23200333882936625  0.24227153597992285  0.25251189599732005  0.26274250999957133
  0.27273247714664189  0.28272517047566675  0.29265988844501295  0.30292313103341650
  0.31344513819451192  0.32417865259165768  0.33488144210835802  0.34558102200670182
  0.35650202125924590  0.36744416303915933  0.37824259885218875  0.38889934786200203
  0.39927140476104173  0.40960408765936912  0.41955143138529843  0.42946351588301185
  0.43936878596036055  0.44950453366973714  0.45962289945165757  0.46993310160995877
  0.48022362297689730  0.49069818293665551  0.50123695009060509  0.51181688839884132
  0.52221349234049730  0.53227493808173476  0.54228345713283477  0.55235804684784773
  0.56261470812716574  0.57295160416384761  0.58325407849016275  0.59371065712131132
  0.60409925366296524  0.61441025760952439  0.62461007572240401  0.63490341459352884
  0.64534985540670931  0.65586315236268800  0.66621634083300663  0.67625157247117551
  0.68615978988814563  0.69618319287720676  0.70620241500978620  0.71617811815395938
  0.72622509304028016  0.73650278695200944  0.74686956489296885  0.75726413126439329
  0.76777016457535652  0.77831248013589982  0.78877045229015008  0.79904299777180876
  0.80947479080590812  0.81985581616314951  0.83029396038632797  0.84088901582800935
  0.85171339391640877  0.86239446840271905  0.87294143255303647  0.88339274669684320
  0.89382691636466827  0.90402359781244457  0.91405099736972739  0.92408033528072442
  0.93404910684315301  0.94400132161322448  0.95400979702751665  0.96399587377551244
  0.97364114240878485  0.98307268402061587  0.99188313498273872  1.00000000000000000
  0.00000181634515346  0.00000578540175582  0.00001118635700056  0.00001501287077078
  0.00001911217407629  0.00002324454826261  0.00002738670105744  0.00003145812588871
  0.00003548620515842  0.00003946060066213  0.00004337049721145  0.00004730281519363
  0.00005134945222016  0.00005551891143702  0.00005977484071106  0.00006408196648837
  0.00006846108408472  0.00007287803726495  0.00007744856133562  0.00008215812721785
  0.00008700569772182  0.00009197422850050  0.00009695598440151  0.00010206589417899
  0.00010737134617656  0.00011295403941724  0.00011866801780915  0.00012455745103457
  0.00013050290982421  0.00013687201391552  0.00014350839686570  0.00015061890188068
  0.00015815469151950  0.00016601962215126  0.00017433572756471  0.00018309184882833
  0.00019211974714969  0.00020127808752426  0.00021059331428559  0.00022016399150867
  0.00023016052197927  0.00024035275547923  0.00025077406556649  0.00026170203101483
  0.00027289880587470  0.00028472757675420  0.00029706165148219  0.00031011790218394
  0.00032386184107855  0.00033816917957205  0.00035306699644381  0.00036859714927419
  0.00038480024846308  0.00040189996546151  0.00041980289358339  0.00043921724645614
  0.00045980102181383  0.00048166021633985  0.00050459135596894  0.00052847342467404
  0.00055399937883252  0.00058082616702354  0.00060955140710267  0.00063973485761340
  0.00067181319653391  0.00070551758467493  0.00074131883185380  0.00077984607199720
  0.00082183442741858  0.00086671393288710  0.00091501794295885  0.00096670401950709
  0.00102194402489605  0.00108234508293700  0.00114829758795761  0.00122379829003041
  0.00130539585928426  0.00139415561077824  0.00149440767481206  0.00160588350739426
  0.00172784771123526  0.00186832099818104  0.00203328644360536  0.00223017338997736
  0.00246027643929525  0.00271683290615161  0.00300475405404228  0.00334176289609680
  0.00376976882627013  0.00436853753206815  0.00521530080050226  0.00656656235320826
  0.00884396275626416  0.01172420503039878  0.53075475213858858  1.00000000000000000
 -0.00252102366868751  0.01018787698199726  0.02057371676249722  0.03145218924026723
  0.04205373992540591  0.05286540751532558  0.06396656767681534  0.07508828402354539
  0.08637087346395572  0.09760652320865326  0.10880647901421565  0.11973266402152177
  0.13043037804469398  0.14102119480070868  0.15197019176113752  0.16325457039454286
  0.17467877394355344  0.18576300435839660  0.19635076138488300  0.20684590657456950
  0.21736094562013278  0.22785294780877755  0.23836940856856159  0.24891566780178476
  0.25950533086704669  0.27008535122313776  0.28112293538689354  0.29248010055589707
  0.30398048264296673  0.31531059172420156  0.32629828373530262  0.33707694975914887
  0.34778790429250767  0.35870042959659976  0.36960692464690365  0.37999833949014272
  0.39003911035435662  0.40009099845764323  0.41033811729909891  0.42077130191430889
  0.43116442663788435  0.44164567298129542  0.45218141264184641  0.46278130922427585
  0.47345724293039959  0.48407884258535544  0.49454146656778342  0.50498080787668365
  0.51532800641142829  0.52589277404009938  0.53650653468164955  0.54695595433949573
  0.55733320441423240  0.56778652318496381  0.57836882547996005  0.58874190139759586
  0.59901525536059608  0.60948164878503763  0.62027824400109621  0.63102259044567199
  0.64149218808715436  0.65176936863580814  0.66183366134404575  0.67186456710929099
  0.68190697556502855  0.69215530299510286  0.70240373537680578  0.71269617897837012
  0.72303569522926614  0.73340766007711544  0.74361216537584363  0.75380040946769356
  0.76398479258263430  0.77418816936696266  0.78437248002751381  0.79459885438658540
  0.80486623010719371  0.81506250135846625  0.82529833619256976  0.83571926280098108
  0.84623741242922357  0.85669412623506025  0.86693606186272476  0.87710681326196449
  0.88718459012463746  0.89732230272913494  0.90738166229130368  0.91749773328813866
  0.92765410793847136  0.93792303592300230  0.94836693615348056  0.95878966482281436
  0.96913077625250310  0.97914826109582542  0.98948755528215548  1.00000000000000000
 -0.00223167320319933  0.00915282465697280  0.01862722980132162  0.02863200532055796
  0.03879603482949468  0.04953728598241327  0.06048494130400180  0.07101218574673451
  0.08169561895405464  0.09230851642645703  0.10281858972220996  0.11288886538948067
  0.12287386127319877  0.13328273781764644  0.14373264323027077  0.15415958003336613
  0.16446265408908850  0.17460893705977584  0.18485357375357364  0.19515620262482317
  0.20537653507459705  0.21577802743950622  0.22628217975122220  0.23691279397164777
  0.24754744628450101  0.25823516712377126  0.26891493019691537  0.27956000167428913
  0.29016766481258421  0.30043586335967237  0.31065675409734494  0.32083281490644749
  0.33108898268356907  0.34119267140042830  0.35168408190537465  0.36258515364768457
  0.37365143099658538  0.38420355497478054  0.39475824279518751  0.40500417207756584
  0.41510848988952909  0.42532317089639005  0.43577258812854425  0.44609505401757882
  0.45660699483526301  0.46706702087721347  0.47751045811090065  0.48789958178923998
  0.49833926473359219  0.50904416638573058  0.51978098977127873  0.53076662091373916
  0.54164526917386990  0.55234934478913111  0.56258973692254644  0.57298101929320733
  0.58336269577183819  0.59409124813122860  0.60479101137394897  0.61542246928359590
  0.62576447753455033  0.63613731612442670  0.64676103381966332  0.65780854457637938
  0.66890223056250542  0.68007752022678336  0.69105186077654512  0.70207249499561875
  0.71303435056332076  0.72405616895738956  0.73521383430207432  0.74622361738547216
  0.75705921449577684  0.76749186705506589  0.77796261182909043  0.78858385983708745
  0.79921185528263805  0.81003835168680127  0.82093997221464354  0.83179372149669895
  0.84235207719295369  0.85292878377809311  0.86384163855529961  0.87489980742666784
  0.88572268113276476  0.89615960457729060  0.90634705599097110  0.91634083290647461
  0.92671069698510999  0.93684360472373052  0.94757081221104211  0.95813613798310682
  0.96895645059502089  0.97944845069818320  0.98977837451127948  1.00000000000000000
 -0.00232119825394421  0.00956974530646681  0.01978548163042978  0.03057223204365827
  0.04115365656267583  0.05179987346898413  0.06206891432990781  0.07225341274737132
  0.08230085593096961  0.09244503033989322  0.10264402518433331  0.11314719870538588
  0.12374384807980437  0.13391977418633844  0.14407964458573852  0.15404473319934275
  0.16418504940427989  0.17432560400888295  0.18448417317468271  0.19462789266409192
  0.20461225372632805  0.21467797805564359  0.22483466045059197  0.23500149249740185
  0.24515055828600144  0.25554894224155250  0.26607957700897883  0.27648569598416151
  0.28684443530300674  0.29741781757825170  0.30829387670822711  0.31922530034037472
  0.33020893586824246  0.34126535514089590  0.35243593876102786  0.36313103938514074
  0.37421749063093257  0.38476145645330723  0.39540485869053205  0.40570632356263270
  0.41630038518304574  0.42710374685053909  0.43791737306707751  0.44858970583798746
  0.45915841140417485  0.46974862981925153  0.48046429863305712  0.49112581994491966
  0.50170915385943260  0.51231824685549299  0.52288214031048796  0.53349751866406803
  0.54425895508858435  0.55524556252209656  0.56614911626653586  0.57694267408905719
  0.58773852563865814  0.59847716096672676  0.60905820622721651  0.61950535938078699
  0.62994655711078995  0.64036820029832631  0.65075922682700127  0.66124594731485364
  0.67174342657931818  0.68212179933057115  0.69254604849951040  0.70311442758137266
  0.71397257008014059  0.72484573265404117  0.73592102078029487  0.74687670025868913
  0.75751292533552428  0.76813869674603719  0.77883330418050656  0.78943599513456286
  0.79981926065092135  0.81008475335763397  0.82075103107160141  0.83164068642014255
  0.84238445547309482  0.85287240876534465  0.86319434475877677  0.87362201702484765
  0.88420764761766757  0.89485126247955193  0.90566607983596725  0.91633825517756884
  0.92669196428522438  0.93715716660195625  0.94740859214396644  0.95782271729035107
  0.96824537996836102  0.97887006376415153  0.98954111013232726  1.00000000000000000
 -0.00223838631201067  0.00885229256087337  0.01899428536413985  0.02935735124399817
  0.03971397211815052  0.04972558681831415  0.05968204372023614  0.07019310770784190
  0.08090524296277368  0.09161764801832198  0.10213901895961941  0.11275229708867297
  0.12361921111809555  0.13478923320721645  0.14572424524625871  0.15659757678329048
  0.16756026853202807  0.17893368739308549  0.18995777063850652  0.20048339758657699
  0.21086016571054220  0.22157924624559072  0.23204259173909345  0.24246823813481341
  0.25291512734052590  0.26310321457026814  0.27347399528857341  0.28367058299374087
  0.29370904498021261  0.30376802305612710  0.31400492038183686  0.32463785963171077
  0.33526591499942676  0.34574009619961332  0.35625361602276395  0.36680449011616156
  0.37744061632134707  0.38823924168116469  0.39897083405866723  0.40957722651392087
  0.42033934514629384  0.43142588038955565  0.44218137056712209  0.45258082549467676
  0.46293571388856286  0.47350403686399495  0.48390180136629518  0.49451216154954364
  0.50511824262753735  0.51599224307437641  0.52662140400822000  0.53702446225576883
  0.54711815954551357  0.55753701228814101  0.56793077050604490  0.57869160128934161
  0.58951961451508306  0.60030767633078275  0.61079200711345949  0.62112522546170834
  0.63186052737360665  0.64259217538186908  0.65326643442406107  0.66383212116863632
  0.67385842353335557  0.68411264838606911  0.69420660179436511  0.70446810288623740
  0.71441371293803935  0.72455148840624184  0.73506354152443432  0.74570635208472613
  0.75633849942337683  0.76703597659756717  0.77744343289625095  0.78778462625754941
  0.79854744425317881  0.80928855577207071  0.82000298134968641  0.83053202881673938
  0.84127231612362430  0.85203257147445233  0.86253318911719989  0.87308874845497242
  0.88366360090144136  0.89402067740498015  0.90470141416022132  0.91515474456334345
  0.92587609696400996  0.93643443273761950  0.94693696308459685  0.95771162533956145
  0.96798156826038562  0.97913828752278298  0.98954448348085244  1.00000000000000000
 -0.00232728428267501  0.00936558670613824  0.01923266509537404  0.02942239197590370
  0.03939636738623192  0.04956542589917096  0.05937268777678141  0.06912349359206231
  0.07887688452144889  0.08883585715813969  0.09898296040095469  0.10899812977929210
  0.11923254662988959  0.12928036712460544  0.13959500181731690  0.14992764270194994
  0.16036690165331266  0.17063947568318541  0.18090441115682407  0.19141124154966407
  0.20183717448849692  0.21231567606267168  0.22269745609899716  0.23325533155718273
  0.24397561485462385  0.25459842051560766  0.26517398069052550  0.27569772277912974
  0.28605379766539890  0.29652166260506152  0.30710723992336392  0.31776248814305952
  0.32850923175399449  0.33921348900036535  0.35002164369314465  0.36062866411141459
  0.37096713730788716  0.38125095176029489  0.39176117412345257  0.40242412927920868
  0.41312772983376156  0.42365642317105490  0.43398668619927411  0.44410261384325567
  0.45411093841189287  0.46410535968129391  0.47409055596966920  0.48410784999269041
  0.49413866660085531  0.50427415268859277  0.51442688136055281  0.52475655270674249
  0.53528324484723644  0.54596684981268495  0.55663328866262463  0.56717903900173439
  0.57764833119420222  0.58786045622267891  0.59788617448568349  0.60800855149106936
  0.61821956674393796  0.62874004281309370  0.63956069300155993  0.65063709383531954
  0.66154435434902070  0.67223360219674122  0.68260991682612726  0.69337173539981567
  0.70388311178407548  0.71470482948457825  0.72534718438235435  0.73623269087572341
  0.74724952987838789  0.75829540545383489  0.76915141955200073  0.77981592597857396
  0.79015923961908341  0.80070121235180791  0.81131660880406598  0.82236187390722382
  0.83337613385302645  0.84441453178325265  0.85522149779229351  0.86610735920181525
  0.87693050004768403  0.88795264535555107  0.89901699755299758  0.91054731650634624
  0.92192053443097743  0.93285294900973881  0.94374363054534005  0.95474196879134932
  0.96598821576994787  0.97736849575437257  0.98874125923442457  1.00000000000000000
 -0.00260506243842173  0.01033302993415715  0.02065909437854377  0.03167351002782244
  0.04227832074772650  0.05305471403223755  0.06366186763346361  0.07422217621334172
  0.08476675590659716  0.09518030690432676  0.10566629744789247  0.11617923551433601
  0.12688996178338935  0.13763421688908153  0.14838044876256917  0.15892752272913310
  0.16941969675878152  0.17978334918785485  0.19025318616730938  0.20071396004203707
  0.21125217629959744  0.22162424268074848  0.23210223083084705  0.24259542915256990
  0.25309721983113620  0.26375470326687439  0.27415410488649888  0.28466582703121751
  0.29495407786372191  0.30548474595095271  0.31570163483180153  0.32589301784784092
  0.33594548908064675  0.34607459451058298  0.35634850276072211  0.36676741081221076
  0.37741333268263605  0.38805216029988204  0.39836936649430094  0.40857429175657634
  0.41884894810208162  0.42906602431253960  0.43924703843627966  0.44945018112294971
  0.45995335929426134  0.47041140966918688  0.48058984170192615  0.49096159422950142
  0.50111624671461763  0.51138175264402952  0.52145988165603196  0.53174411207792138
  0.54232066272642365  0.55330975167259977  0.56444980513894805  0.57555890379199470
  0.58648102159608839  0.59731182761093593  0.60794384377668420  0.61834743859935826
  0.62865831385455784  0.63894149940433165  0.64933225426371977  0.65991458802099312
  0.67048986154526224  0.68134806980353246  0.69205142027247901  0.70276132538510849
  0.71334501392921501  0.72420462937916175  0.73515171362712206  0.74618096719840177
  0.75695995282028750  0.76804460884832837  0.77863823317342906  0.78912106231684209
  0.79952099627400663  0.80992430335720322  0.82047481794961163  0.83088562128000687
  0.84174069247433192  0.85228452307329028  0.86261628704970073  0.87308391207775016
  0.88410704532204165  0.89498442893268193  0.90560173039831127  0.91601161498873551
  0.92671220772231244  0.93718879508862007  0.94779750541517405  0.95828031086063414
  0.96896288062651126  0.97924206091488186  0.98973258315708601  1.00000000000000000
 -0.00235855570083498  0.00947404483978026  0.01957450412742305  0.03002945142784683
  0.04054419663298348  0.05072692711047481  0.06092715955462637  0.07183977563221070
  0.08312082842826236  0.09432480482315914  0.10544823576932323  0.11608754194346170
  0.12691421559262114  0.13777588429120685  0.14848552081661615  0.15895293992601456
  0.16945595262572158  0.18038993672993719  0.19117579352992928  0.20203105762337892
  0.21252371797851063  0.22325995035902318  0.23378998648950897  0.24447358642185521
  0.25495349804543199  0.26554603226911566  0.27618630565382429  0.28678419500682134
  0.29742232121155887  0.30824204541427269  0.31917398330863467  0.32990997153391971
  0.34030931002336373  0.35058801092271247  0.36059755195808257  0.37103850781903369
  0.38168683473896087  0.39282194466402859  0.40310834654545613  0.41351114616909024
  0.42389287340506104  0.43455636263266012  0.44499133609024411  0.45528088297119179
  0.46581648909363899  0.47656515607955163  0.48690495054352623  0.49745093170311755
  0.50788844715896087  0.51835608792382437  0.52874564993152451  0.53893727993380558
  0.54937808334561578  0.55991289315411719  0.57047370221027749  0.58106501518026732
  0.59144919899068726  0.60194547327812131  0.61258142340990784  0.62300913957020199
  0.63361920410419215  0.64421842862090062  0.65512779240554231  0.66596208245801058
  0.67663325503283944  0.68690859089063350  0.69708090684720714  0.70714081498293513
  0.71723000293961570  0.72729734898441234  0.73744762519891094  0.74778675336512401
  0.75831104179710018  0.76859926447342974  0.77887816602907556  0.78909559311046995
  0.79951751745189614  0.80985302577767926  0.81999156346647317  0.83009148790137588
  0.84031603277790734  0.85057289360619015  0.86099985010065261  0.87136570118511547
  0.88176482715224791  0.89230097858467172  0.90316266063023809  0.91407210856344567
  0.92470852740006482  0.93513805786805526  0.94589159065474082  0.95685552038510080
  0.96745102495454716  0.97810858423737801  0.98883940771413248  1.00000000000000000
 -0.00245644969718671  0.00948920947178149  0.01967496725791233  0.03028914924965830
  0.04081479006560219  0.05169560951389812  0.06228250799948935  0.07294642883477681
  0.08344580384062823  0.09414247031857116  0.10489883764508118  0.11571284698712460
  0.12629605845109429  0.13665024268076703  0.14687217424696764  0.15696964628519550
  0.16715865934127547  0.17723797468069161  0.18734689278763919  0.19747976781556292
  0.20762317877878267  0.21797605164094430  0.22860052746934242  0.23942408311542326
  0.25018324125442570  0.26063191444888228  0.27104831196783996  0.28143556712021811
  0.29198459172715080  0.30265993820563292  0.31341688533715167  0.32390282086178351
  0.33432244877453077  0.34483191936485336  0.35538566118837706  0.36582747351378303
  0.37622135346180308  0.38685817573902509  0.39746531364757115  0.40815274006766189
  0.41876889706074233  0.42934305814258222  0.43996360587952726  0.45045333723183734
  0.46076717554362923  0.47100381340962660  0.48146172389504144  0.49207705415307645
  0.50259870549528229  0.51303922343856523  0.52373183971645298  0.53488542945631734
  0.54576856554377962  0.55633226797510782  0.56679932026035884  0.57744820421415288
  0.58799894103430361  0.59854562536768952  0.60945791427635776  0.62082517156408090
  0.63234086618276375  0.64374974018419773  0.65470271671472158  0.66529283443148524
  0.67568995753584904  0.68602687611135182  0.69659489553361842  0.70703442967161312
  0.71749056306552284  0.72788871144096456  0.73848240837815726  0.74891302482275379
  0.75928573546079736  0.76964134669486628  0.78005139321564543  0.79040059339446589
  0.80084138205222655  0.81134761943191913  0.82193474761400431  0.83244282309086570
  0.84314891089692956  0.85376245805102502  0.86442218029324924  0.87495557867634499
  0.88497845355336624  0.89505832629746995  0.90515367736321073  0.91566153653756877
  0.92599062036836011  0.93616331294316446  0.94659754902478732  0.95724636300976085
  0.96780697757665923  0.97832142362520158  0.98892526038440143  1.00000000000000000
 -0.00248290789039468  0.00967450270644641  0.02003914632777113  0.03088844382537798
  0.04168867010972344  0.05242958500545188  0.06289702422749693  0.07346534353736259
  0.08381751030519798  0.09397577754336206  0.10425677119523381  0.11475922246140108
  0.12542641312086306  0.13607411824706137  0.14641119081689519  0.15703455951305018
  0.16747666853922713  0.17829416670948514  0.18922279271938874  0.19970310517730785
  0.21008895988119947  0.22043096877922011  0.23106822943841973  0.24147810247712159
  0.25194681378760042  0.26236083129735877  0.27276706814131690  0.28327317596702484
  0.29349458452769855  0.30362002332826749  0.31381968336990856  0.32442862807286382
  0.33527603406313600  0.34605081311031655  0.35696891911290685  0.36783155752019225
  0.37883310058714298  0.38965978436402932  0.40042513068956043  0.41068915350661511
  0.42107173534592990  0.43130449780410457  0.44190237364130086  0.45237553897036731
  0.46299534251392760  0.47364663751563280  0.48414338825269981  0.49471361720024265
  0.50504004964460958  0.51517298778553777  0.52526391070454492  0.53552493669081946
  0.54557592088922369  0.55615478167098675  0.56676745440241072  0.57777853622807418
  0.58846810265463312  0.59933776527210847  0.61023788567906534  0.62151433669149758
  0.63252061736779308  0.64366726113337458  0.65429310695884202  0.66493783372220983
  0.67507692355255089  0.68541452902406097  0.69574934949972456  0.70624393022813226
  0.71675578959679676  0.72711806675864221  0.73766092720537901  0.74803123550460249
  0.75866791891848240  0.76909803945196542  0.77996286123063263  0.79064356035712302
  0.80103965834801139  0.81137412302845424  0.82182977948935854  0.83245239953371430
  0.84283757194540765  0.85341249603967384  0.86393525829226736  0.87463002302627046
  0.88543634849473218  0.89608343229491383  0.90671075562012460  0.91729029062111556
  0.92784259005656888  0.93839345243428163  0.94880537033699053  0.95950944295114915
  0.96999460448577346  0.98018494287581481  0.99008025449112291  1.00000000000000000
  0.03469537662414578  0.24179542551480718  0.27280920059506969  0.28961462790607129
  0.30326259289677537  0.31533351964058115  0.32630275329054353  0.33648677337815830
  0.34600063138539561  0.35529920571534851  0.36423224275607474  0.37317305196503503
  0.38173717283789926  0.39000993876426493  0.39804871789212581  0.40582536175377409
  0.41360209257689062  0.42099432154080624  0.42817850931433765  0.43514016130330252
  0.44217945676541709  0.44919833298611378  0.45605967351943577  0.46269488834001316
  0.46917298025229281  0.47562407185820010  0.48201338177582237  0.48839769563224356
  0.49468604431688373  0.50089715937857737  0.50692882134146799  0.51289602586776795
  0.51884701541631995  0.52484906096225725  0.53086371929656428  0.53690998783794586
  0.54297882689107979  0.54900585678150793  0.55498362602073736  0.56097430884059463
  0.56705560701017999  0.57316481902249861  0.57921495990079752  0.58514468271902598
  0.59106486455821516  0.59699018075229526  0.60286073367623161  0.60872663294823315
  0.61456023988269659  0.62040191156629165  0.62623970028387521  0.63199292770580662
  0.63765289729708174  0.64333018265321562  0.64908168164708124  0.65491951443657015
  0.66072411381147944  0.66640804601823111  0.67221446804506624  0.67788901708221705
  0.68373466475766342  0.68952899005438872  0.69536007361677266  0.70125018413252727
  0.70718920197417978  0.71326857226211660  0.71939292386200571  0.72557131497353933
  0.73177063163319966  0.73802797818783883  0.74432682086725244  0.75068900538976713
  0.75709301205714497  0.76346564196325239  0.76979116501414646  0.77621655353136021
  0.78285521312693851  0.78968290737347191  0.79667988346363361  0.80376060441116437
  0.81088485764971541  0.81807316601013047  0.82529244549746761  0.83263252390001918
  0.84038944481956990  0.84855245595185180  0.85718734844184175  0.86622909948820848
  0.87561214851476366  0.88560818025950749  0.89630763830854521  0.90800382131411295
  0.92117756957576580  0.93701416251653424  0.95963310791238710  1.00000000000000000
 -0.02524934592212465  0.12322850444382985  0.16005562516738553  0.18144380669045465
  0.19800775176349300  0.21236162829227451  0.22529372079649934  0.23672892731068473
  0.24708154737777760  0.25683951691339707  0.26623848757311552  0.27528195930426641
  0.28403495516005950  0.29237222085058734  0.30033402844938750  0.30800534939821583
  0.31541010518653917  0.32262978045279195  0.32971898089581969  0.33668017053473120
  0.34346016533726803  0.35013374439396694  0.35661928300275070  0.36287872766027501
  0.36891516585420919  0.37486132569335040  0.38079454923141143  0.38664245475505382
  0.39248318083679645  0.39812454273932935  0.40369674199089167  0.40932160975666027
  0.41489243260876379  0.42055429007811074  0.42619076695763236  0.43180795501512115
  0.43742781624684712  0.44300906975756410  0.44854093087880881  0.45403169624749617
  0.45947884074992951  0.46483133106098978  0.47008818762672422  0.47532349105655969
  0.48050750690445260  0.48562765020025994  0.49081888701510007  0.49602249246226854
  0.50136227913380460  0.50683274149833857  0.51232443101400282  0.51772392241762599
  0.52307614226678378  0.52849700046119530  0.53385046188488250  0.53916991465910924
  0.54447757206995551  0.54989156738797162  0.55538276196834313  0.56093148740377796
  0.56649411029402308  0.57202037156485819  0.57754507199608274  0.58310714984090461
  0.58872472944121579  0.59445587920339493  0.60029015521034057  0.60616176651106413
  0.61216565747201901  0.61827810228772917  0.62446336227873156  0.63061824181137593
  0.63676486529298593  0.64297026531392842  0.64941365719740296  0.65611368660299718
  0.66290983671158188  0.66984672360953912  0.67697820872840864  0.68423979693517734
  0.69180929755311815  0.69976634343076149  0.70794003378029502  0.71633031204840891
  0.72491625337003252  0.73389896080670280  0.74346066625049989  0.75339820496570709
  0.76377214221289502  0.77510954187357317  0.78781544020939864  0.80243719027489091
  0.81963037936619842  0.84146218634921566  0.87740793664568628  1.00000000000000000
   4.8723675728393387E-005  -1.0000000000000000     
 T F F F T F F F F F F F F F F F F F F F F F F F F F F F F F F F T F F F T F F F F F F F F F F F F F F F F F F F F F F F F F F F T F F F T F F F F F F F F F F F F F F F F F F F F F F F F F F F T F F F T F F F F F F F F F F F F F F F F F F F F F F F F F F F T F F F T F F F F F F F F F F F F F F F F F F F F F F F F F F F T F F F T F F F F F F F F F F F F F F F F F F F F F F F F F F F T F F F T F F F F F F F F F F F F F F F F F F F F F F F F F F F T F F F T F F F F F F F F F F F F F F F F F F F F F F F F F F F F F F F F F F F F F F F F F F F F F F F F F F F F F F F F F F F F F F F F F F F F F F F F F F F F F F F F F F F F F F F F F F F F F F F F F F F F F F F F F F F F F F F F F F F F F F F F F F F F F F F F F F F F F F F F F F F F F F F F F F F F F F F F F F F F F F F F F F F F F F F F F F F F F F F F F F F F F F F F F F F F F F F F F F F F F F F F F F F F F F F F F F F F F F F F F F F F F F F F F F F F F F F F F F F F F F F F F F F F F F F F F F F F F F F F F F F F F F F F F F F F F F F F F F F F F F F F F F F
  <DiscreteSampler_grid>
  grouped_processes
  1 # 1 for a reference and 2 for a running grid.
  10 # Attribute 'min_bin_probing_points' of the grid.
  1 # Attribute 'grid_mode' of the grid. 1=='default',2=='initialization'
  0.0000000000000000 # Attribute 'small_contrib_threshold' of the grid.
  0.5000000000000000 # Attribute 'damping_power' of the grid.
 # binID   n_entries weight   weight_sqr   abs_weight
    10   10   4.016759270488311E+001   1.078118979812820E+004   4.016759270488311E+001
    16   10   4.016759270488311E+001   1.078118979812820E+004   4.016759270488311E+001
  </DiscreteSampler_grid>
