  0.00274855929343937  0.01291432058755681  0.02337950435032181  0.03270875744972841
  0.04201147811614741  0.05117760699917956  0.06130125181687496  0.07192223878983334
  0.08192942014737935  0.09225384769406038  0.10272391554874982  0.11337915318715239
  0.12443661955866593  0.13562736049065954  0.14696198856205789  0.15780358477504247
  0.16826604205090684  0.17889667658881342  0.18926229059531763  0.19927027309015008
  0.20885058291304570  0.21908008537026719  0.22939998997326547  0.23999201054200817
  0.25142841343929784  0.26315953404127979  0.27498721552856731  0.28616668155634062
  0.29672622291732376  0.30707129097372043  0.31675984017177777  0.32630616855001099
  0.33612943275454177  0.34605636899492487  0.35608480585465752  0.36569635062436329
  0.37494917641293246  0.38504465774059732  0.39534276951796410  0.40567963215530778
  0.41603868063139998  0.42663541231162116  0.43690642486064041  0.44584228772013046
  0.45445994019521352  0.46303192889864331  0.47156635628080978  0.48035488162191331
  0.48955463225687484  0.49873112577675399  0.50886859733633227  0.51986810239383319
  0.53130264974366492  0.54243003855488081  0.55334468537808468  0.56393140452357882
  0.57443868039478341  0.58508539216346966  0.59593552799581806  0.60696713378486578
  0.61747041072813380  0.62730257036277448  0.63685423141682174  0.64699046569851115
  0.65776869798648807  0.66863341603182125  0.67966275843770396  0.69076865486719718
  0.70171752557827594  0.71261980918709689  0.72351427806290769  0.73431408306261758
  0.74462467205072924  0.75506300083334255  0.76553138640942464  0.77604466784576920
  0.78651776681725494  0.79769025690453543  0.80905589013523738  0.81954362853068319
  0.82934744214718936  0.83963068073784408  0.85039950349296356  0.86080243269694845
  0.87082108616894072  0.88086047496279574  0.89082555675700936  0.90083611140876807
  0.91120088041311353  0.92221000271464837  0.93399437616892056  0.94611291174452383
  0.95848917117606258  0.97166713554155981  0.98539962822852611  1.00000000000000000
  0.00658609055770073  0.01696210883478828  0.03008246205867606  0.04240890985287768
  0.05419307950982723  0.06614140438595920  0.07764296415663954  0.08884623690411453
  0.09983920254124806  0.11174154501124713  0.12335294146132522  0.13464907712606905
  0.14571813402371195  0.15701188898568436  0.16824172131603299  0.17901915304762117
  0.18968111324691830  0.20034949989267023  0.21123620648037661  0.22190520908188163
  0.23251652997389027  0.24337220373690724  0.25431967470637290  0.26552732771935916
  0.27733149923949740  0.28887840570550671  0.29906411263277793  0.30821737593443899
  0.31753195013160990  0.32729593604163398  0.33689383883017249  0.34604055956674984
  0.35527372524670975  0.36543668870620127  0.37609840760162733  0.38649093831664549
  0.39649532284873318  0.40623284781988089  0.41565740037584503  0.42639640337469920
  0.43679348083885677  0.44591761048827777  0.45471210996165440  0.46450812373123046
  0.47463498317357727  0.48455371360445387  0.49416478463761671  0.50446603274732282
  0.51596052989590724  0.52759526139534685  0.53876866000270840  0.54895415941737336
  0.55846477968397834  0.56801063834492005  0.57788426652849789  0.58855124368650980
  0.59941505413264928  0.60971548013047605  0.61976750398533742  0.63004859454539286
  0.64068891091121727  0.65162938796042291  0.66237814340169132  0.67366536217490092
  0.68486783314540478  0.69564552405485613  0.70615716688935248  0.71686494396965195
  0.72763566460281659  0.73823426214325605  0.74881249308570896  0.75865060274382090
  0.76904990141383045  0.77875479008080217  0.78888531467553935  0.79878853916904158
  0.80945307942932121  0.82058340547639474  0.83141135397291377  0.84084666811297770
  0.84993010781315070  0.85953500250645054  0.86907979957603543  0.87895362173125613
  0.88902986384272031  0.89887338623911084  0.90861180388720852  0.91812562731494440
  0.92780888876062573  0.93776687881823229  0.94792735769585246  0.95804308962707518
  0.96842620891570896  0.97908898013698131  0.98954055673872388  1.00000000000000000
  0.00322306756256981  0.01163857598907227  0.02181966601349745  0.03084029758763935
  0.04065527520714771  0.05046822485493944  0.06038414263706803  0.07021143057862703
  0.08013228427832698  0.09053955283935408  0.10113944260470789  0.11145616820385298
  0.12172272703576154  0.13211248535693490  0.14202764907080892  0.15221623651969562
  0.16240998395752138  0.17279393973402699  0.18371135759724611  0.19344975019446348
  0.20316971916630236  0.21289192816461866  0.22275257289779432  0.23260744986626405
  0.24258013785408777  0.25256539796379768  0.26311347735514745  0.27355156872248748
  0.28495663476620581  0.29581799757875088  0.30650810779090759  0.31700605910879187
  0.32781276004777715  0.33997114706361115  0.35171313040453578  0.36316768907077107
  0.37422908045479653  0.38508730012526848  0.39638452707705235  0.40783365322300541
  0.41922225356475407  0.43068166346589665  0.44210695707084380  0.45369888953374221
  0.46542410547457153  0.47695216396451751  0.48787425602075812  0.49809094842067875
  0.50801392811913104  0.51777334080965298  0.52740510020919906  0.53693463765320903
  0.54654111292005980  0.55633617251975487  0.56636236993495337  0.57644165202271413
  0.58648221436242787  0.59642872902590038  0.60625656487237900  0.61620354965344648
  0.62621152742248998  0.63658215685759434  0.64763726944469313  0.65793192507119647
  0.66797348668351220  0.67786394234018377  0.68772611787947879  0.69742523743903384
  0.70708095037083840  0.71771535825510624  0.72855933292385799  0.73870156396535958
  0.74880635709720578  0.75924018560677398  0.77001317027595817  0.78101637500515664
  0.79222770807294762  0.80342369769293420  0.81485367501779560  0.82614862319360005
  0.83780711212335546  0.84972293986111469  0.86112467755143041  0.87196611552162462
  0.88178352309721686  0.89144126316504924  0.90141660698892101  0.91136004125537851
  0.92153131149443179  0.93176822636622791  0.94193088095595079  0.95282512522986984
  0.96395121134378248  0.97593930588155264  0.98813588366672689  1.00000000000000000
  0.00598124527598935  0.01839945948533407  0.03251890836395750  0.04517936598569137
  0.05787176648048323  0.06879085215583802  0.07906765626736378  0.08940071246411323
  0.10029193466925662  0.11136316455348637  0.12224102669291112  0.13354885054616161
  0.14471297692118798  0.15509003921846681  0.16505493178463382  0.17472687558725628
  0.18408152733794508  0.19413975016594040  0.20401430807373905  0.21426377722369636
  0.22488145780337429  0.23568471627151383  0.24750887392613180  0.25763263823174543
  0.26860412105534809  0.27732027689930405  0.28701737835245877  0.29707317949768347
  0.30741333951746236  0.31736959869752607  0.32707190933355984  0.33715801902789289
  0.34879194273243891  0.35926571478522007  0.37014994465281298  0.38076989115629795
  0.39156174332975657  0.40264515052397470  0.41345602719024510  0.42407997936527536
  0.43449006235681170  0.44548680359404347  0.45673726574882390  0.46781401363513397
  0.47866786206977796  0.48920815133367568  0.49955884799469741  0.50949720721256120
  0.51953405165548305  0.52993023529740879  0.54087019342276355  0.55235470028585987
  0.56385432311153383  0.57475791438423696  0.58537815996778719  0.59581507874272654
  0.60628388740249883  0.61653955023820328  0.62694328001658539  0.63676742353886162
  0.64622516042628075  0.65536362674678128  0.66460097287283804  0.67530022884035457
  0.68695781798861133  0.69873093820459209  0.71020100111277762  0.72179344773364928
  0.73330076330834804  0.74417532389107865  0.75373180903990322  0.76236333849669535
  0.77137687222306817  0.78055492088273737  0.78991897703555658  0.79924876909901654
  0.80809904257912890  0.81732228272737739  0.82723360480916253  0.83779698140149783
  0.84895190136144816  0.85998387586366132  0.87098919606788361  0.88185003768340042
  0.89287920530475307  0.90352780453819648  0.91408016205555065  0.92482684808067539
  0.93598873226147183  0.94761360993154808  0.95884433569014316  0.96837328045156490
  0.97681712403671606  0.98504864579465767  0.99113939244783622  1.00000000000000000
 -0.00015270635528187  0.00130535373617390  0.00333540774157641  0.00596062057939929
  0.00909362676998632  0.01275424878195582  0.01698117031190598  0.02165630580754863
  0.02659409828874107  0.03184325197322335  0.03677465818347082  0.04177451746469583
  0.04742603807961267  0.05335546422168689  0.05957966666334868  0.06595827480592301
  0.07251897904104411  0.07930255032307860  0.08636726056448668  0.09383091718750163
  0.10170043984132247  0.10983159427518997  0.11805147117683346  0.12578100382522578
  0.13312654863016152  0.14029524732949472  0.14740366215426939  0.15460405766277704
  0.16216268245708909  0.17009132025475232  0.17839092171695034  0.18697268041129833
  0.19546526501829745  0.20371705796127321  0.21240832646921251  0.22116655361416748
  0.22996571049051390  0.23903163047172407  0.24837767351097959  0.25753410053610926
  0.26662198656698038  0.27603509946148808  0.28578528696294875  0.29575212513297472
  0.30585947898442178  0.31621643034188740  0.32642651032562292  0.33662837975618426
  0.34714535783631451  0.35802667045757436  0.36917140123328646  0.38015235740544423
  0.39135848690504499  0.40306966924487936  0.41455744291188396  0.42504667868437546
  0.43540001607288215  0.44602439260698168  0.45680817961028092  0.46819858370074885
  0.48004194166262476  0.49192807904740737  0.50378419757101622  0.51507555658047344
  0.52617222695941102  0.53733955341551753  0.54863783401059341  0.56025810445716606
  0.57236925778384773  0.58486217311764854  0.59745009121610815  0.61004983539921775
  0.62265305891717193  0.63525925637043057  0.64809768403878931  0.66153906621906977
  0.67581192691085401  0.68950263890654373  0.70356941173162924  0.71886621176495968
  0.73519752694605101  0.75177898826376899  0.76803996041497702  0.78482318519332217
  0.80114938404485014  0.81792504345382266  0.83477971712694177  0.85146364183483869
  0.86831558873128301  0.88557489375597409  0.90337700517555375  0.92180024178424835
  0.94068714691664090  0.95990648376568088  0.97970194904952090  1.00000000000000000
 -0.00295607082679371  0.01056835931050271  0.02228973596594803  0.03447128141905403
  0.04583660461110512  0.05679572694316652  0.06766436153278992  0.07826327382583385
  0.08855960791231651  0.09859233198010592  0.10861233631804926  0.11852899765557058
  0.12821288118544938  0.13740017171056998  0.14716348296471043  0.15658481886252312
  0.16603991282729402  0.17556435414173921  0.18547257970879930  0.19517175732095104
  0.20461370910454468  0.21380909840239681  0.22323436029724608  0.23332988381858760
  0.24418680143125468  0.25487364901981735  0.26570715535189371  0.27679591785211000
  0.28798584476926947  0.29906109997181107  0.31052273180294249  0.32219949692949051
  0.33406904438382135  0.34503781991730997  0.35587447483501711  0.36614135223932798
  0.37700387012525932  0.38770823279577399  0.39844651721264623  0.40962537673586852
  0.42054645238875249  0.43166713925761968  0.44278864154771147  0.45408927196665105
  0.46586532064486191  0.47783831644223190  0.48969155822081067  0.50136848000824641
  0.51259553853531725  0.52383538138894503  0.53482921843527564  0.54556397748411045
  0.55629124876658798  0.56708893093354051  0.57767746815115517  0.58808732483161963
  0.59879331128355628  0.60964616657341442  0.62025143038950981  0.63043251387346377
  0.64035910823030673  0.65005727556750015  0.65959700338265670  0.66917731472066211
  0.67934757392267908  0.68889158691961450  0.69784544971758888  0.70637456091156814
  0.71518323174691800  0.72459174988826669  0.73403344368680967  0.74327385027652060
  0.75276610416045575  0.76264230087623719  0.77259798476005170  0.78210047647739678
  0.79157626472496356  0.80115825714594036  0.81124867971304626  0.82217752219853457
  0.83361022935728124  0.84498181800641980  0.85617065028087869  0.86724151700481189
  0.87822490352897542  0.88919109055965351  0.90000909294203379  0.91068656379626889
  0.92120815160409508  0.93230191319264533  0.94298820753871559  0.95398580608543293
  0.96541745267758083  0.97718189081360196  0.98828785217110693  1.00000000000000000
 -0.00303911679074319  0.01232162788960891  0.02532780769206906  0.03861775846651276
  0.05196819407542140  0.06537945977389412  0.07911516639061376  0.09223868879874156
  0.10589660687294494  0.11861244159086233  0.13102657632996223  0.14300567242342707
  0.15535151900747349  0.16721786449655429  0.17884939134779157  0.19026206429307890
  0.20214967941516132  0.21399089053140774  0.22504894394819544  0.23653669181126075
  0.24801850190823982  0.25916457725381575  0.26995612257378004  0.28083417243424630
  0.29153716519101880  0.30154611959191491  0.31118005682471261  0.32095227256660408
  0.33084750307628030  0.34083056155464608  0.35073963820427223  0.36148793189546158
  0.37203441827345024  0.38240347962308374  0.39337282338472479  0.40548711990006792
  0.41805044692873916  0.43056365558269016  0.44303277631810245  0.45581199631576358
  0.46887283561191034  0.48120981834706245  0.49222243046934494  0.50254494296067365
  0.51278268944905447  0.52293240786859263  0.53273186938720596  0.54252547867945988
  0.55288477111379797  0.56372664666491701  0.57444423329417771  0.58454472812814129
  0.59402843211804657  0.60319125968351905  0.61281953568516512  0.62322037110558381
  0.63343827362326932  0.64255841855289753  0.65171520115239601  0.66103932772588236
  0.67054082432603235  0.67978742184313234  0.68908714741354604  0.69874063559492827
  0.70871202640480080  0.71895305555789291  0.72972324272828137  0.74116450619547070
  0.75240550360102487  0.76257178345423537  0.77199527293879477  0.78117676285010074
  0.79071919367376675  0.80080281634734662  0.81059026006545909  0.82050909011715512
  0.83045403094155623  0.83989864022335448  0.84948377757882065  0.85957736150905439
  0.86998881320637189  0.88049242176238418  0.89069710931186497  0.90011970499744776
  0.90901001281558913  0.91760690004447176  0.92545503046210065  0.93304671167450492
  0.94052556462106096  0.94841030688524985  0.95636800542523270  0.96475824641432217
  0.97225942833186119  0.98053872549286059  0.98979204737227577  1.00000000000000000
 -0.00226214938009764  0.00900552607886014  0.01922203551925979  0.02985806818729985
  0.04111998318978907  0.05257944485620168  0.06400921686757920  0.07566224859319044
  0.08693276430414483  0.09809971481994713  0.10922501295040096  0.11977817282770090
  0.13004290705579946  0.14020919275119650  0.15101804466675428  0.16195992900850928
  0.17293959885369783  0.18432076869091904  0.19559939366912951  0.20706580175570322
  0.21776835852490084  0.22815733697787724  0.23884544990659315  0.24963564108298603
  0.26014658634002197  0.27015897558752405  0.27995625472338903  0.28980493454713019
  0.29949887763570765  0.30881503677742861  0.31920774192624474  0.32901207631121138
  0.33973222787308549  0.35041119584187741  0.36096916666016721  0.37164826600622741
  0.38261481682992970  0.39398591107156639  0.40301325362652385  0.41190305995608412
  0.42087500248826415  0.42984451674933172  0.43904715610529360  0.44864339962525746
  0.45774978441393438  0.46753564809208348  0.47760887781229411  0.48847535910639567
  0.49999189829108104  0.51080081597580829  0.52112609467863802  0.53132052757018866
  0.54104079892357548  0.55025499590168403  0.55889401964443364  0.56786344064241501
  0.57755826627391216  0.58741889805602410  0.59765849900723622  0.60849287266395602
  0.61979491547682986  0.63106714498264516  0.64195732694436358  0.65287121953403637
  0.66392745166910172  0.67506342302364652  0.68653337021768002  0.69833228183114704
  0.71056013986737876  0.72229575332130691  0.73329188936559164  0.74371795120102990
  0.75436889970432630  0.76489210868533641  0.77538701376521491  0.78565209453752083
  0.79587576142198846  0.80595439054219487  0.81600693482018605  0.82627200633144060
  0.83702018705103309  0.84800573010454050  0.85951310381962032  0.87167038973553490
  0.88423695385704060  0.89668591621793181  0.90826126870580393  0.91946452386151156
  0.92998333556788082  0.94092211234778755  0.95105406421964644  0.96132299891632844
  0.97125113605365643  0.98067489121023432  0.99032098407458280  1.00000000000000000
 -0.00395114149082061  0.01627662961199952  0.03266877497821793  0.04923198891747998
  0.06544086026368130  0.08113455054419917  0.09519997262917669  0.10877156581046148
  0.12312715012344602  0.13795953042594078  0.15224178843119374  0.16611811898923529
  0.17992707319749823  0.19254017090487038  0.20354228195878168  0.21417837235775641
  0.22450236447924352  0.23487459265745766  0.24518537777334104  0.25594626635662843
  0.26769042414249705  0.27975499584511793  0.29264963972767444  0.30610720752186327
  0.31995947858363344  0.33255681014724980  0.34345043125865143  0.35439108730402130
  0.36566085221592198  0.37701855186537431  0.38827700765866796  0.39851340049641709
  0.40823329341835185  0.41794389552510952  0.42758883687562343  0.43844227914921968
  0.44878200386725131  0.45937323207798442  0.46972214572089127  0.48048394977229258
  0.49160685985651381  0.50268228030427420  0.51327640222552973  0.52290793500568622
  0.53246135819256224  0.54187071827120892  0.55173414487551076  0.56169866825269443
  0.57239059383824131  0.58322083547233294  0.59389747303991602  0.60457435743011212
  0.61478145900154046  0.62528516505220910  0.63424966547331396  0.64375532682993908
  0.65254283381550815  0.66169290850095797  0.67022713881572549  0.67856829019297227
  0.68682915232238084  0.69539882617526794  0.70432391330686406  0.71357079976740101
  0.72297178021687780  0.73226955086347179  0.74159011608244718  0.75050649059455676
  0.75891038925181109  0.76749200725741840  0.77653357751311247  0.78631396486632055
  0.79680026048882135  0.80575966194521842  0.81464011653549961  0.82329884308083123
  0.83218048830508418  0.84120084566446807  0.85005123078038813  0.85884200321148674
  0.86758620226642291  0.87639813346016593  0.88563672981883790  0.89476484113520716
  0.90362566461452876  0.91220438318866681  0.92056433968605633  0.92924520105761221
  0.93819067890794816  0.94738108379644947  0.95675047765406929  0.96583487551950087
  0.97463365669270141  0.98317827063433272  0.99154078467861684  1.00000000000000000
 -0.00238044925474610  0.00945608424472550  0.02015253959051869  0.03095672571708070
  0.04219194627269655  0.05345957904869774  0.06495245936088845  0.07701969087465343
  0.08969990707178636  0.10218287328551640  0.11364364044892397  0.12464010517047999
  0.13519256955815670  0.14571795196523604  0.15598348218053323  0.16601341041636239
  0.17641212269374409  0.18685415004535252  0.19712969263757377  0.20757390869009631
  0.21809573486153927  0.22871230557829747  0.23932724480505768  0.25009941113667467
  0.26111575597720105  0.27206583070945040  0.28279993769126249  0.29365539125069012
  0.30467597559525805  0.31527645963374962  0.32509739860764536  0.33469175277934354
  0.34438042228751237  0.35440371353959288  0.36452596049719171  0.37457094665961616
  0.38526720269986625  0.39585137965270423  0.40575042284690266  0.41559928548161712
  0.42601618685955267  0.43683946006952917  0.44712408001271997  0.45712511080850915
  0.46767202493014448  0.47843490310837805  0.48862765847649681  0.49917206573376910
  0.50925393389516982  0.51928463770589472  0.52909951894218243  0.53929902435175181
  0.54978998103405141  0.56044313807027557  0.57067032475487067  0.58127819625860111
  0.59236762378869545  0.60324000931894961  0.61378797898810455  0.62460176020516367
  0.63623955713593472  0.64768442081772115  0.65853493043116129  0.66892207466611442
  0.67919441651869261  0.68955753301943346  0.69998696227277069  0.71069793196355402
  0.72180978034537557  0.73319739952039764  0.74418773218569700  0.75481183004380015
  0.76530314228355234  0.77600583700450587  0.78680154940094182  0.79656972519135405
  0.80561531114196572  0.81508596157842050  0.82533394461134757  0.83578489908073683
  0.84578177562785928  0.85569392508004916  0.86589219822987873  0.87648978785430320
  0.88701592981761046  0.89730897448305347  0.90718487037470374  0.91651259444434474
  0.92742645295256310  0.93838882823634273  0.94907790677039483  0.95975605963093857
  0.97061689966279741  0.98123368270300027  0.99096251990567674  1.00000000000000000
 -0.00183036992009566  0.00726797092062603  0.01518885606654987  0.02334153170253119
  0.03154037460164585  0.03940900622389777  0.04798502493180513  0.05732777374860223
  0.06635259299860970  0.07495632608131429  0.08365058922035190  0.09257453247646401
  0.10120361225431232  0.10968342510145568  0.11823795143393177  0.12678493464386062
  0.13632618781481770  0.14575672198838086  0.15451364187863567  0.16335737485144924
  0.17215933357216609  0.18051546411887787  0.18918559490527845  0.19814795995491241
  0.20671520689099715  0.21744363318375295  0.22835229988874783  0.23855614000857880
  0.24817480533095260  0.25793578319822441  0.26753242587680437  0.27681405830806521
  0.28610547208673925  0.29532665126513047  0.30497285075944947  0.31451810305594669
  0.32416535165260357  0.33450954517334419  0.34538691943219391  0.35627755877396061
  0.36648542066758277  0.37633829526805446  0.38606119507874076  0.39585471003165351
  0.40538419017260330  0.41445514025243646  0.42355303522600551  0.43262540475196398
  0.44229573369102027  0.45174827259847572  0.46160341248922571  0.47339572088334947
  0.48429327576274445  0.49556474516606586  0.50660816754472171  0.51790118068940461
  0.52943665945263296  0.54081784147768708  0.55198733691632063  0.56288000279674366
  0.57396318432831550  0.58480581936921117  0.59520872844139039  0.60562858915244733
  0.61633949837605639  0.62723052880459240  0.63797263800426496  0.64894903745740706
  0.66036680628054401  0.67218555401154778  0.68474162864211052  0.69790552753841717
  0.71094789487243937  0.72291406142799675  0.73430651460840313  0.74546161750706841
  0.75682880238623629  0.76919689083824117  0.78192984897833506  0.79433631460112675
  0.80808715748886117  0.82084710294058039  0.83346203788542017  0.84639026350885804
  0.85941534803599384  0.87221375063646400  0.88528213917517551  0.89797821971355829
  0.91066055873565999  0.92283706052679482  0.93450550857349435  0.94676912439973826
  0.95957172991048612  0.97248588400648805  0.98612660393682339  1.00000000000000000
 -0.00213149740246333  0.00838841891129909  0.01709273867522601  0.02703878071015826
  0.03697757532211719  0.04677426626642481  0.05635106536034506  0.06708480387397080
  0.07862159401739170  0.09024385124673247  0.10146843835376139  0.11232773676329613
  0.12269188307538091  0.13284360027288458  0.14314965928345588  0.15335987127444792
  0.16387899316951535  0.17389282292073988  0.18427312506004695  0.19414534960307714
  0.20355458060855533  0.21258244563126646  0.22243688702375672  0.23271002622425302
  0.24405337909181760  0.25440498568600428  0.26456489381560488  0.27436475734528026
  0.28402433414707606  0.29389062930464410  0.30418686812068302  0.31484058574978863
  0.32553569914027136  0.33637570002558331  0.34755133384944270  0.35877674983635355
  0.37054612430020845  0.38143829213644082  0.39174215497632681  0.40165502239479756
  0.41103280499791134  0.42032439081272177  0.42975136276273235  0.43882071961421826
  0.45004164516348300  0.46105550864330919  0.47292105216265845  0.48346342241325202
  0.49456926053127981  0.50600747111730060  0.51762028500191548  0.52914567330331752
  0.54005234715405970  0.55073886598739785  0.56114901233732983  0.57146738594833801
  0.58236387768490161  0.59358690525081570  0.60410435886769565  0.61442554486849232
  0.62485774880575329  0.63603406813127616  0.64678636081477126  0.65686291971493127
  0.66718495665787902  0.67717379760159258  0.68678810569466553  0.69603626003418906
  0.70516451125599722  0.71475025813439108  0.72442704936158353  0.73468930053653558
  0.74604505206591276  0.75806570678306284  0.76970048703415328  0.78111552079657753
  0.79225491987250030  0.80301941258081189  0.81385496656122558  0.82433156469644653
  0.83549649559452899  0.84709878821246931  0.85820383564452174  0.86854327738543347
  0.87899924589392819  0.89007485723423585  0.90068924154142538  0.91044629401344934
  0.92076224973515597  0.93223359865824784  0.94383971168108671  0.95491202661167951
  0.96598044825329132  0.97765180863205425  0.98872769606416555  1.00000000000000000
 -0.01684934961659311  0.09587982317825601  0.15908674792244698  0.20606176116981090
  0.23884575307516373  0.26629318164424970  0.29128438483749036  0.31425431693539790
  0.33659887239741187  0.35764016768187767  0.37754338308552715  0.39536362244740753
  0.41181584634479701  0.42813273625466275  0.44473159922907562  0.46042479489498550
  0.47423019308528386  0.48678988495310987  0.49902246723504229  0.51079500223969088
  0.52175504701918973  0.53207913759619074  0.54241808616656340  0.55292469477775341
  0.56305937744623680  0.57221225199900327  0.58144710839552516  0.59064404150397887
  0.59929652926700383  0.60768391624306317  0.61607678219867223  0.62441160940558638
  0.63268640998885728  0.64089676929814932  0.64878214432983428  0.65659465481649271
  0.66443537619173387  0.67214260992065367  0.67974863843699629  0.68700901157480831
  0.69393472748734242  0.70073420652517315  0.70756421714386208  0.71458657982701657
  0.72169019456838046  0.72887568791999657  0.73649287985223888  0.74416568804965344
  0.75134882705736472  0.75817150186882765  0.76476619395948231  0.77119366105258325
  0.77688661476677812  0.78251065037017642  0.78833123863728216  0.79404197776558494
  0.79948051242309770  0.80478259956986498  0.81002360496011883  0.81512619639045425
  0.82025513781043735  0.82537577582325461  0.83058643297852175  0.83624827907699462
  0.84271293360304433  0.84912850696842435  0.85523647616381038  0.86127015800370399
  0.86723324413390002  0.87295570700241498  0.87849617813707370  0.88408662101522362
  0.88968659370599412  0.89519451382060511  0.90031939157287066  0.90563104493400914
  0.91092855008668461  0.91618003850758323  0.92133359513043322  0.92643583742233193
  0.93152470814795751  0.93660519822246457  0.94168494953995951  0.94671643853639742
  0.95148313873651713  0.95621360009473144  0.96082312100451306  0.96522385015211709
  0.96961815128931628  0.97403067018170963  0.97833677703924726  0.98256320972358546
  0.98681197276084531  0.99112575140917913  0.99556897592779181  1.00000000000000000
 -0.00173859125528255  0.00747777665088283  0.01602046293475583  0.02615808833191239
  0.03630021312360984  0.04576086445185804  0.05538746763407651  0.06533540113794452
  0.07574363321030018  0.08624763982694067  0.09673358164442199  0.10660858038023159
  0.11502349456755916  0.12391184203919825  0.13307741399200940  0.14216077611384750
  0.15121379836518226  0.16021939985174166  0.17015821981957641  0.18042497820898723
  0.19046771587274577  0.20028060570438461  0.21082477556064649  0.22232217614577310
  0.23374767417698408  0.24501097564993038  0.25611809483488845  0.26733447238411573
  0.27817933188542782  0.28854834758213976  0.29879477247967584  0.30929531484458422
  0.32020533954090707  0.33142985410683373  0.34278559526175767  0.35419937206084495
  0.36571060620646434  0.37699950330948523  0.38776008387011973  0.39821819885309384
  0.40843807955550154  0.41838162487287472  0.42804673597522858  0.43792844566220124
  0.44771179106289288  0.45725479031030475  0.46708509168870560  0.47745706171782121
  0.48910355629288849  0.50105413613611516  0.51254937369188114  0.52359795665292985
  0.53435664418029660  0.54477755866175581  0.55482184316053684  0.56479847657632332
  0.57463130083629843  0.58418836878664271  0.59367770594542113  0.60410135844641133
  0.61548531276977370  0.62675206742505207  0.63755639398143160  0.64826262292513015
  0.65894830570939811  0.66964574497576868  0.68048802262920316  0.69145225162939528
  0.70241751458484036  0.71332481176624851  0.72428383891838399  0.73510043538908254
  0.74527880970044458  0.75591241782778829  0.76662925055841269  0.77737805835861729
  0.78812843006806610  0.79915161390208689  0.81058567627177003  0.82078266072709627
  0.83159150200332654  0.84161262407970594  0.85212508250728780  0.86332916560015860
  0.87450630187697187  0.88531754151261710  0.89581282001446849  0.90667603093473603
  0.91826922390456889  0.93024631776884437  0.94216209482895674  0.95374110667756140
  0.96532779269288937  0.97689505220009143  0.98837994872337709  1.00000000000000000
  0.04358953836236650  0.31128697467374106  0.37747281176004716  0.42653788495024131
  0.46552772814970350  0.49843378331615207  0.52728330322222761  0.55354639986683774
  0.57733884974025806  0.59906084253022907  0.61917296130930877  0.63777318639452862
  0.65481333980476875  0.67042128896028619  0.68499874209733613  0.69863588270095389
  0.71141349308125135  0.72327061743043042  0.73434684986152765  0.74478137376576237
  0.75462834905566090  0.76405083566137855  0.77301944423390134  0.78136904034602761
  0.78915423121443107  0.79674320850181113  0.80429418473715864  0.81180248125781429
  0.81877768610140955  0.82549972422078854  0.83206039476700344  0.83847002529963865
  0.84465472562890020  0.85071352741333461  0.85654483407958681  0.86218826185654751
  0.86752646074504902  0.87256703836528615  0.87752666563091086  0.88251316034069094
  0.88734574576047109  0.89183922630060908  0.89602787086765401  0.89970750089581220
  0.90309461120979295  0.90645778258580612  0.90976104804701374  0.91298787099638057
  0.91614072784799261  0.91916337343572596  0.92205599580922548  0.92493550196824481
  0.92782446399950935  0.93061140826785560  0.93313091967431117  0.93564150130552837
  0.93798926085620760  0.94019246505095777  0.94233433366436270  0.94443747161534786
  0.94652161111791300  0.94860383701014517  0.95068202915924183  0.95271947061339779
  0.95464421078290462  0.95651297149183978  0.95828857583274529  0.95995716530950670
  0.96159716861977773  0.96322250139461862  0.96484358401121373  0.96643660141763454
  0.96799969277894748  0.96955275082098291  0.97109659825467354  0.97258326475894386
  0.97399163350470108  0.97536196775241324  0.97670806798758303  0.97803713482353982
  0.97934957656082788  0.98060798070729016  0.98178974891356574  0.98295521232549410
  0.98410088517201200  0.98528822046202202  0.98647144276191556  0.98764660621997657
  0.98882683699891216  0.99002161211450346  0.99122538923056724  0.99241923245262942
  0.99369667183781896  0.99520647189992295  0.99723904528221308  1.00000000000000000
 -0.03085883399653720  0.16175884387969214  0.22046897890283151  0.25469580767430167
  0.27859247572708074  0.30007803124615567  0.31786844440215423  0.33278549341824104
  0.34609064539936119  0.35817205269523256  0.36947605613408008  0.38023154865374659
  0.39026742623347255  0.39991552616922366  0.40918067749063380  0.41813611812121165
  0.42659213007162000  0.43479529868458733  0.44275873313388486  0.45066004843280949
  0.45857140606188579  0.46613437033112848  0.47333049626806206  0.48009245499041270
  0.48644966935589568  0.49320792653867263  0.50042345938576593  0.50657552893098690
  0.51231335706881842  0.51773337638400507  0.52300717400794028  0.52837840767576005
  0.53391073852581694  0.53948124906592465  0.54479246365442147  0.54983717983343661
  0.55487138070424069  0.55999579390211218  0.56507795454712573  0.57000260561317040
  0.57474474978919665  0.57952731096571530  0.58448757993440925  0.58964692511007766
  0.59482623980035254  0.59989257312717748  0.60500240274616257  0.61020453392737783
  0.61537788044836494  0.62051028528349650  0.62567894120490752  0.63100299999341525
  0.63585283563546169  0.64080021387634256  0.64578454161652998  0.65070650166894017
  0.65569463816721374  0.66074170573396096  0.66573113486451274  0.67064098573513942
  0.67546453463060219  0.68023760899779007  0.68513862969974748  0.69010468775525935
  0.69486423666165331  0.69958469144465629  0.70433896920418948  0.70918751163142135
  0.71424415506067340  0.71954082598124958  0.72485433970113988  0.73009956321514180
  0.73544125343028555  0.74073440893903997  0.74612395189396619  0.75155031252577587
  0.75701190001671836  0.76258113376142189  0.76815986428341576  0.77360277270360989
  0.77902133628660386  0.78469196230907434  0.79071164485007583  0.79714527178570838
  0.80394407355148056  0.81117148419190044  0.81871281455439804  0.82628229308244194
  0.83427702412157101  0.84334426482459390  0.85348487685335195  0.86526382153759107
  0.87875202337705105  0.89615875825316904  0.92439164697373044  1.00000000000000000
   1.5323331087991820E-004  -1.0000000000000000     
 T F F F T F F F F F F F F F F F F F F F F F F F F F F F F F F F T F F F T F F F F F F F F F F F F F F F F F F F F F F F F F F F F F F F F F F F F F F F F F F F F F F F F F F F F F F F F F F F F F F F F F F F F F F F F F F F F F F F F F F F F F F F F F F F F F F F F F F F F F F F F F F F F F F F F F F F F F F F F F F F F F F F F F F F F F F F F F F F F F F F F F F F F F F F F F F F T F F F T F F F F F F F F F F F F F F F F F F F F F F F F F F F T F F F T F F F F F F F F F F F F F F F F F F F F F F F F F F F T F F F T F F F F F F F F F F F F F F F F F F F F F F F F F F F T F F F T F F F F F F F F F F F F F F F F F F F F F F F F F F F F F F F F F F F F F F F F F F F F F F F F F F F F F F F F F F F F F F F F F F F F F F F F F F F F F F F F F F F F F F F F F F F F F F F F F F F F F F F F F F F F F F F F F F F F F F F F F F F F F F F F F F F F F F F F F F F F F F F F F F F F F F F F F F F T F F F T F F F F F F F F F F F F F F F F F F F F F F F F F F F T F F F T F F F F F F F F F F F F F F F F F F F F F F F F F F F
  <DiscreteSampler_grid>
  grouped_processes
  1 # 1 for a reference and 2 for a running grid.
  10 # Attribute 'min_bin_probing_points' of the grid.
  1 # Attribute 'grid_mode' of the grid. 1=='default',2=='initialization'
  0.0000000000000000 # Attribute 'small_contrib_threshold' of the grid.
  0.5000000000000000 # Attribute 'damping_power' of the grid.
 # binID   n_entries weight   weight_sqr   abs_weight
    16   10   5.034308351144327E+004   1.162811058358189E+010   5.034308351144327E+004
    17   10   5.034308351144332E+004   1.162811058358189E+010   5.034308351144332E+004
    19   10   5.034308351144327E+004   1.162811058358189E+010   5.034308351144327E+004
    20   10   5.034308351144332E+004   1.162811058358189E+010   5.034308351144332E+004
    22   10   5.034240779969007E+004   1.162838598784847E+010   5.034240779969007E+004
    23   10   5.034240779969010E+004   1.162838598784847E+010   5.034240779969010E+004
  </DiscreteSampler_grid>
