  0.00322366586252109  0.01173277802259341  0.02208706799073255  0.03208172101165729
  0.04196892420151498  0.05230417374357797  0.06240522081020823  0.07245278679756641
  0.08239296606111941  0.09260374124749883  0.10317931580620804  0.11366485246350343
  0.12433250646206219  0.13520061112136006  0.14608427510648322  0.15709220425471634
  0.16783718458054767  0.17834979019126956  0.18871772559557204  0.19888375993078491
  0.20865179277690107  0.21859052588563005  0.22845486520656930  0.23884743963001481
  0.24923379249693245  0.25983720199964105  0.27090647211308161  0.28135523560373388
  0.29191702874830461  0.30210956648692250  0.31235409228601441  0.32253538437251844
  0.33281990051911320  0.34307272300249886  0.35339340546576919  0.36381845128869100
  0.37432817759592218  0.38501943721736065  0.39569228131984402  0.40626314831726967
  0.41647160920276877  0.42668604105129571  0.43701159345258106  0.44735963876692736
  0.45750154282026323  0.46742481014427828  0.47755811612224869  0.48785310924593728
  0.49850751121273090  0.50897913513492354  0.51953251119463550  0.52997142975106981
  0.54023776340368490  0.55009087754599517  0.56006454024353136  0.57052598328271853
  0.58089072719605217  0.59163331884830139  0.60228658883067099  0.61376267480350022
  0.62471795197440882  0.63522630991995976  0.64547435073082138  0.65567578007360083
  0.66589086415770682  0.67669792763053360  0.68718714878910614  0.69746778589331526
  0.70788258300018159  0.71861993632183740  0.72946724797801099  0.73991037655123293
  0.75022868507542140  0.76053627333531959  0.77076120911264301  0.78136585953417659
  0.79198502135986548  0.80264890376804843  0.81280064210015768  0.82351117123743456
  0.83399478933451765  0.84488566542900201  0.85557370373439612  0.86667199846585063
  0.87753423086143667  0.88833871659745445  0.89892793990155495  0.90939951920344808
  0.92022629908163989  0.93103238862321935  0.94222061197389362  0.95312727614337178
  0.96419412424699413  0.97521480537585314  0.98723141115714463  1.00000000000000000
  0.00697896764584095  0.01600868478343306  0.02694280792718196  0.03794232612562795
  0.04847207990557061  0.05901400546920111  0.06933580158279930  0.07959661930301444
  0.08980761784449787  0.10002633050856538  0.11023925968458907  0.12075730127889479
  0.13140425101509684  0.14214458703964672  0.15288078048820586  0.16343894511677945
  0.17375509659689223  0.18401724700883013  0.19448069982020785  0.20520133558310943
  0.21619666413246805  0.22723628419079686  0.23820945929936374  0.24893259585040126
  0.25990202121449085  0.27082372949927530  0.28177477498245418  0.29248583604829215
  0.30300452766528468  0.31329678407763567  0.32347258706801235  0.33372687742110463
  0.34410467949922680  0.35452489217098110  0.36496194862913961  0.37553224979217420
  0.38602383476816360  0.39646472847124303  0.40701831583661141  0.41764753862232101
  0.42810659262557921  0.43851550051822474  0.44895715835430311  0.45924216804462892
  0.46929533680739893  0.47938498228190563  0.48971916553113443  0.50002123538859988
  0.51009470672014645  0.52009620754033992  0.53022336728524289  0.54056031217889167
  0.55114587020161998  0.56169158611416681  0.57208454241183437  0.58235902722378097
  0.59258787451699280  0.60283483266814231  0.61312147337843392  0.62345533873752301
  0.63390699302995790  0.64428010159797355  0.65441067277841303  0.66452775708749290
  0.67479822612247498  0.68516142323551932  0.69543602701431839  0.70566345086932547
  0.71580182459033093  0.72595467677056869  0.73621369590164043  0.74653533476954992
  0.75688555987347050  0.76714111711383903  0.77738199081274273  0.78765142364122553
  0.79785762435917151  0.80796296616287577  0.81802849797727029  0.82821222911277981
  0.83858738148126177  0.84928605111607425  0.85999081430194491  0.87063634073242502
  0.88128555237645056  0.89182774015302602  0.90223296935280273  0.91244909566716637
  0.92276969019876021  0.93314733800963634  0.94335094765492922  0.95327673353351661
  0.96315987783153734  0.97278969798908510  0.98222445782405254  1.00000000000000000
  0.00348538369894953  0.01124138426234036  0.02106145416153899  0.03117099306599642
  0.04139793777960944  0.05122663662834149  0.06110917417454598  0.07129980838526205
  0.08173236660705210  0.09219955688879053  0.10216447908773037  0.11276088412236776
  0.12296391041144519  0.13344878982600897  0.14370816513418072  0.15471696137268390
  0.16579625463261430  0.17658325712592821  0.18691395603610794  0.19657274935024396
  0.20668202878244804  0.21723470117504221  0.22774488080417446  0.23806537507347281
  0.24826662333233118  0.25871168575744630  0.26894604652872617  0.27913078918529943
  0.28941587755750003  0.29959449286556050  0.30998584232094806  0.32036584087856107
  0.33082852488415598  0.34125511875964121  0.35174938896550556  0.36231795540796163
  0.37278437728102326  0.38327317852246784  0.39395335725246566  0.40456073272599447
  0.41562614567242523  0.42628326138627531  0.43694668878450260  0.44718104166404471
  0.45746844016019933  0.46813125457964544  0.47876089437234015  0.48952756830400024
  0.50021974812832659  0.51025115879279093  0.52034926084585686  0.53044483940300513
  0.54093615756020341  0.55128986636632682  0.56135985592302728  0.57158353050576949
  0.58197831247648391  0.59245580256262631  0.60313247209347720  0.61392958415095533
  0.62444717655525439  0.63507445326469592  0.64560045359496532  0.65627519894196173
  0.66687621819458476  0.67735365366297484  0.68786074026401267  0.69820017340647289
  0.70865734916136802  0.71906310922861749  0.72949128264493701  0.74011439808396351
  0.75096116368588095  0.76199676820554374  0.77294723172285773  0.78381823353635915
  0.79453015279816330  0.80506487019289374  0.81598883334005190  0.82656211262394297
  0.83735826972284555  0.84807405423925197  0.85888840557141999  0.86937357959686012
  0.87987811778052716  0.89047376575089232  0.90097094100854147  0.91141472242717347
  0.92217594897352395  0.93277176055099564  0.94301447533820582  0.95339454066374407
  0.96429338774384166  0.97576500825303059  0.98761129592729213  1.00000000000000000
  0.00561455532524631  0.02054487153265542  0.03570933694223119  0.04868167326692718
  0.06031865377162702  0.07188559164177587  0.08337289799421435  0.09458028724787361
  0.10565380415226722  0.11651322305817935  0.12714109624917463  0.13749936552087577
  0.14775300434181188  0.15830225512558732  0.16881886256382786  0.17933489875309763
  0.18994899829597847  0.20060638575553558  0.21100829149448622  0.22120870036994805
  0.23153224297638922  0.24237476039171715  0.25330543152083418  0.26399487451891168
  0.27440709422497539  0.28467901303744425  0.29499682044302517  0.30535111836857559
  0.31594548579718079  0.32660636251597447  0.33736037234890254  0.34801489347322190
  0.35877370545570231  0.36941199939666841  0.38006958490200815  0.39063148237871381
  0.40118759642860741  0.41148500995807347  0.42195857443214380  0.43251234443862874
  0.44304183538436531  0.45339602383213667  0.46361456062831530  0.47374553081883003
  0.48385269269808884  0.49400873239564769  0.50440345459761582  0.51477021245843735
  0.52510654416560032  0.53549390901804284  0.54586058808235238  0.55612151708622526
  0.56628594550844291  0.57645158299348576  0.58645231558716526  0.59651852511575665
  0.60661789053700055  0.61692965117061782  0.62697002427809367  0.63687769604581013
  0.64662810972251916  0.65644567224758288  0.66628214887575943  0.67632719958397791
  0.68666328588854508  0.69737411344356848  0.70839186751072603  0.71952762892696198
  0.73067653434303703  0.74130736152288723  0.75149137719393944  0.76142225028683674
  0.77149131968869022  0.78175196195212604  0.79193095436164773  0.80219212400426410
  0.81215332063146439  0.82205449207348791  0.83186792443879909  0.84181489918564456
  0.85196540024577438  0.86232245688006315  0.87290076001939809  0.88344006217814086
  0.89400180250390593  0.90444048878041750  0.91498487905214199  0.92528057037571587
  0.93559008007683631  0.94570236418251219  0.95542562914974627  0.96504273084628889
  0.97429314068169226  0.98335548827351438  0.99178564995531437  1.00000000000000000
  0.00000725854070888  0.00001153446296778  0.00001513745029951  0.00001893609338118
  0.00002286236957839  0.00002714363435602  0.00003129463319613  0.00003539339781157
  0.00003947027485993  0.00004349066083864  0.00004747735746250  0.00005152825435997
  0.00005553125437452  0.00005963818747835  0.00006374776052594  0.00006798213109729
  0.00007231970706186  0.00007679639059142  0.00008139836484254  0.00008609111374719
  0.00009088611666860  0.00009581834500716  0.00010086677788839  0.00010602239520759
  0.00011135762596066  0.00011686194546720  0.00012249623738667  0.00012830265476325
  0.00013436590802201  0.00014081470071450  0.00014756162709452  0.00015484962744341
  0.00016244943510651  0.00017054239979054  0.00017901341748565  0.00018774352773057
  0.00019663675576552  0.00020559459301890  0.00021467028745784  0.00022400969217970
  0.00023368776073507  0.00024371171055157  0.00025439646456447  0.00026537933489695
  0.00027688644912099  0.00028883231722464  0.00030121895416831  0.00031425871356553
  0.00032759773629200  0.00034151784429985  0.00035582302190127  0.00037068052966167
  0.00038633727416781  0.00040280020257432  0.00042022439128470  0.00043860707333411
  0.00045794038331082  0.00047836298873983  0.00049993255129398  0.00052244470236662
  0.00054589286943194  0.00057058520482090  0.00059698062971770  0.00062526321880454
  0.00065537608317211  0.00068746340598243  0.00072232167055713  0.00076072602060229
  0.00080210976722893  0.00084582648557630  0.00089189377871566  0.00094051971236346
  0.00099244467678643  0.00104771094272188  0.00111143702088809  0.00117883705167315
  0.00125746710969810  0.00134408321229432  0.00144232371615434  0.00154831994490554
  0.00166270143101061  0.00179259511553933  0.00194728342040313  0.00211366805340733
  0.00230317656698818  0.00252386428074865  0.00279363699311449  0.00313566161044762
  0.00360313507027563  0.00417270547063001  0.00481567115919610  0.00564436483678952
  0.00690329141577505  0.00957060024834260  0.17927297735783515  1.00000000000000000
 -0.00228198008757599  0.00936181838867772  0.01925362713493693  0.02996080789851364
  0.04078550660507323  0.05156884888917761  0.06246914058006470  0.07344998189060668
  0.08479878854387925  0.09561619706434288  0.10641801011758863  0.11693060266678570
  0.12767180341906667  0.13855031292759229  0.14956045261117765  0.16072389143838467
  0.17174201455916172  0.18272478866541014  0.19369201600868002  0.20449230264059376
  0.21502213866453168  0.22537538223036391  0.23598143054459869  0.24661610560731181
  0.25695603373171039  0.26703397318565369  0.27713512666122164  0.28768577544846496
  0.29825202705954118  0.30922901883809306  0.32010162482221277  0.33132694551648911
  0.34224711656892093  0.35313815814428329  0.36396610928754980  0.37438141670136488
  0.38503303732616684  0.39570253668012956  0.40643885553084580  0.41734067419997539
  0.42781251686292621  0.43846793842134058  0.44878713410992960  0.45906357104134654
  0.46946408436242143  0.47964929665361922  0.48982255303163397  0.49993009925000709
  0.51021938910590425  0.52088482050293450  0.53174755970636467  0.54228520303610617
  0.55270789085599648  0.56291952348265151  0.57336261041737902  0.58366113344142412
  0.59417689866290990  0.60445374804279672  0.61455112492570985  0.62450222525650045
  0.63462508797099626  0.64492585786165713  0.65545188304935831  0.66604367195356673
  0.67681908716322603  0.68742401688061916  0.69774386078614181  0.70783882441248358
  0.71780749086528117  0.72776833400138141  0.73799789240507652  0.74843992518224101
  0.75914246699652443  0.76966564754221545  0.78013341948854387  0.79085998663698420
  0.80154402576558015  0.81250872165606325  0.82282687446135783  0.83315343779011863
  0.84326641737226260  0.85345611237290764  0.86360411026611439  0.87383112993262824
  0.88430028123571180  0.89527743831723916  0.90604488452084031  0.91683508091928978
  0.92738786306704613  0.93793351776347278  0.94858708330730468  0.95918127141572196
  0.96970117948127399  0.97990220561895303  0.99008421783606726  1.00000000000000000
 -0.00239905096199677  0.00918511525730495  0.01945007851256673  0.03032527346342017
  0.04138880117174586  0.05194875212868075  0.06298770139127528  0.07369573497553483
  0.08425291837601656  0.09481578630025796  0.10542517663191557  0.11648796772569829
  0.12735336278266296  0.13839176370588113  0.14898618494751553  0.15951431128494331
  0.16979493119811845  0.17981545995866885  0.18999506437349267  0.20052847888264150
  0.21132458458146239  0.22184263190829689  0.23241375914161766  0.24295870899248390
  0.25321962899243039  0.26329819022792972  0.27335761919859880  0.28367777151706042
  0.29449543369085501  0.30567305241449988  0.31670920262795993  0.32731007469224166
  0.33793429730193952  0.34880724182017264  0.35931420829647925  0.36973067223969597
  0.38022208207098546  0.39074551706555810  0.40129295292535155  0.41205705308655166
  0.42288258837515746  0.43385190090040959  0.44445494291757170  0.45500277046020543
  0.46546522818767494  0.47581762049379284  0.48611684716918169  0.49626713971568348
  0.50660770135295052  0.51708354232014109  0.52762486981699952  0.53821968973058254
  0.54882991343194676  0.55945250370836830  0.56975495692654732  0.57997364804657159
  0.59042003894051232  0.60109754909946567  0.61136482519242619  0.62142860400080324
  0.63178657941563310  0.64219888537541869  0.65259463799687878  0.66320109828359319
  0.67387350564450121  0.68427185597719165  0.69429215140520284  0.70448000103710895
  0.71500154307817632  0.72574596677805614  0.73652069946910981  0.74717232295048541
  0.75761572847501446  0.76785552360852349  0.77798910999569226  0.78861124809632976
  0.79944699871616098  0.81060665526803555  0.82150474562516829  0.83229012408890946
  0.84286094916024568  0.85350525150889223  0.86412468640383133  0.87469179832275734
  0.88519196657599164  0.89562553669598777  0.90628073495452688  0.91696465714196251
  0.92759725741207799  0.93814040636972740  0.94833502475728271  0.95870993434096086
  0.96885133425210979  0.97924786235558703  0.98940567237587063  1.00000000000000000
 -0.00235421593922195  0.00912480847751209  0.01951417171672276  0.03029487033949755
  0.04119200631132612  0.05154992568115992  0.06180043600483544  0.07184526876184034
  0.08199457268315993  0.09216280185304748  0.10252119535484124  0.11335098865315371
  0.12422022515160565  0.13473940421071159  0.14529733948226695  0.15584088558127940
  0.16679662286856081  0.17734432129020700  0.18745384899084178  0.19765444667549928
  0.20801412624677681  0.21886962283948469  0.22978890824458861  0.24042924262778692
  0.25084210098230253  0.26125504879399702  0.27156794168125081  0.28191028165483534
  0.29230418132845026  0.30276157017324817  0.31327097670284715  0.32369080660429389
  0.33403761613481797  0.34461475344470827  0.35518972987446512  0.36597174424281548
  0.37670010368212520  0.38747844093252026  0.39833625472800888  0.40910611707367001
  0.41983173094967263  0.43092743498058339  0.44163370208937053  0.45241120686190139
  0.46284204324543454  0.47349654594939677  0.48397682255610974  0.49437413859221907
  0.50479070096142131  0.51526138486251605  0.52591506567001212  0.53639364820925006
  0.54687558225063204  0.55736742788973559  0.56817036705299462  0.57901879686579016
  0.58974703334135237  0.60035604437611212  0.61127651635669733  0.62221321754860393
  0.63303158186930142  0.64372921237681557  0.65459638495826300  0.66557370317968345
  0.67611072444346465  0.68671857952793713  0.69765677498262746  0.70861555421266209
  0.71934962040023187  0.72962635775345552  0.74042257169365222  0.75122619090534859
  0.76204983770884149  0.77265105774851273  0.78297539973688035  0.79322802516623259
  0.80338478922407996  0.81368098095434327  0.82388734790646256  0.83408911835636268
  0.84425719798112120  0.85445640927145527  0.86460734336902967  0.87482610098653513
  0.88551424708416493  0.89631632546089846  0.90700655893798299  0.91771351545977653
  0.92839098012169197  0.93874811606301722  0.94915309246662616  0.95969098474094328
  0.96997269842418854  0.98016262156230549  0.98998070528022941  1.00000000000000000
 -0.00243264094297059  0.00946077794762264  0.01948493201803196  0.03007283237843488
  0.04055100418031737  0.05139454607477311  0.06195320622243237  0.07257407141663090
  0.08325961800302718  0.09398593101535498  0.10459079073573273  0.11494202605028289
  0.12516555160623619  0.13537349175228008  0.14568056218211017  0.15604349407409276
  0.16643853984198612  0.17670082828017106  0.18703826994249290  0.19734039703900927
  0.20764457884829862  0.21806988128556473  0.22863530121115511  0.23956753105561054
  0.25017278776975266  0.26057053295417476  0.27090052755140576  0.28136489444923479
  0.29177953937114609  0.30214312929856230  0.31238809288970715  0.32265279731366675
  0.33296279133793710  0.34342135387872735  0.35402782482248080  0.36460738117691177
  0.37508145165454143  0.38541828811051387  0.39568740897562055  0.40610667201570955
  0.41669285804654893  0.42726746585025821  0.43778927151257135  0.44826948920679449
  0.45891348374616042  0.46964119537815724  0.48020154551620992  0.49074848213191608
  0.50134508118899668  0.51206604334936223  0.52303141589805047  0.53396391204673888
  0.54490196245073386  0.55541119560916374  0.56624731204708012  0.57720168973553088
  0.58795558591975516  0.59833754387225258  0.60893851490660822  0.61994964322299906
  0.63095154206055692  0.64169393417423781  0.65223959202434090  0.66277189462058361
  0.67337675172414324  0.68384245184864967  0.69441440409461408  0.70444512447404628
  0.71476254702534936  0.72524575230524568  0.73597135190131180  0.74662742025462536
  0.75713216523384075  0.76742179208867867  0.77775213828515166  0.78796467980742613
  0.79867533987073558  0.80906342023664135  0.81982498041823582  0.83050972226835229
  0.84108067881122583  0.85193221706177136  0.86249078528360290  0.87316464534791005
  0.88328402989376664  0.89363416005297902  0.90424866392027381  0.91467333825791897
  0.92541711642804769  0.93591099799976918  0.94718924480442024  0.95829989765224277
  0.96917963449263322  0.97977008127325482  0.98990118591520604  1.00000000000000000
 -0.00230365335079154  0.00894533953076896  0.01859350261468995  0.02851918448985266
  0.03856456357821725  0.04872749650126667  0.05899254588725113  0.06900965257150710
  0.07914442358219921  0.08958368946537386  0.09988655881428184  0.11026449773445993
  0.12056987237513173  0.13111903944487516  0.14163658250332989  0.15183477301920048
  0.16199308389436293  0.17235768209482052  0.18323954027928666  0.19387701692083090
  0.20442189319318668  0.21462226553122724  0.22471509793000261  0.23476854079594853
  0.24481243531774066  0.25494726274191282  0.26507112849087083  0.27532998225346267
  0.28604134515038965  0.29660074690642679  0.30708755460059078  0.31749518476314004
  0.32801444645045252  0.33864453641259107  0.34938299532825651  0.36010264277436155
  0.37054775370902715  0.38089673492708220  0.39108430638062158  0.40122995982214887
  0.41131430424327997  0.42144444932000757  0.43172924372458893  0.44212206083650535
  0.45265333604130170  0.46323648252782351  0.47383582152710463  0.48438450900551672
  0.49481264234296946  0.50523538503933607  0.51580272033935237  0.52632557610799968
  0.53684717848362795  0.54745067249035995  0.55816625626861538  0.56852072359491890
  0.57864923566146409  0.58895230071189586  0.59936890941470122  0.60985117212033202
  0.62034797809442999  0.63103404030697818  0.64181835460566850  0.65278171081051706
  0.66363368179626336  0.67416730374145606  0.68457797875703430  0.69537115068157818
  0.70653723696908011  0.71748561847309200  0.72835545102947008  0.73915910549952712
  0.74987780951808758  0.76046308933712969  0.77120746465960954  0.78231722428609252
  0.79320576547480626  0.80392972849778011  0.81485290356424755  0.82616300957490785
  0.83730105942588273  0.84820500091588813  0.85902284171813825  0.87009905862203463
  0.88108460328997007  0.89203617913655597  0.90297712843946132  0.91384660257195638
  0.92468278269629645  0.93571156717353132  0.94645116296344423  0.95686298055009411
  0.96746781461732967  0.97806389346649192  0.98907351356816242  1.00000000000000000
 -0.00218177923214046  0.00879487739558842  0.01786345782894794  0.02794538149970399
  0.03813799496772910  0.04851579760490000  0.05870567333025205  0.06892200158501674
  0.07932199660520720  0.08964031361994364  0.09995560771921780  0.11018650235096795
  0.12040971340052475  0.13052189491892452  0.14084110636050498  0.15103616642630932
  0.16162349982365662  0.17209585706200611  0.18267976000250727  0.19337095030094842
  0.20433817184107439  0.21535694297173996  0.22603277107224273  0.23692591891499903
  0.24755451075936713  0.25836387112707554  0.26861459946933786  0.27950033549015851
  0.29037101870593618  0.30096942322370801  0.31162748379994731  0.32238264885653733
  0.33315007852541811  0.34348348489759872  0.35381567774891770  0.36440575805011094
  0.37508378375933388  0.38556257314797093  0.39593842900495957  0.40668054891748145
  0.41741329251334391  0.42831207307471236  0.43908190604012426  0.45012154818077416
  0.46098930751404976  0.47194302662820892  0.48262120045118995  0.49317147452446952
  0.50358605166560433  0.51422048608152837  0.52508990783599030  0.53584271426972196
  0.54667929076334898  0.55737890925498002  0.56810775844190764  0.57884248705153207
  0.58962354848926679  0.60037158139850488  0.61102523756107563  0.62138132464538454
  0.63188885014407392  0.64255920163345248  0.65340474109565094  0.66391411508163245
  0.67415742786045019  0.68440752235544011  0.69483815445407449  0.70530485576838287
  0.71581218351402420  0.72640941715310137  0.73698070940712801  0.74752431914402206
  0.75799944888840209  0.76834221540781511  0.77865551875252526  0.78889473198501914
  0.79914501451669584  0.80918047998287845  0.81930034063946378  0.82912020646785711
  0.83910705698077914  0.84913582729518899  0.86009022757789755  0.87125428458052467
  0.88242704883887391  0.89341323445497556  0.90425279161018401  0.91519743290768329
  0.92579165666915553  0.93629971843579385  0.94665754069741059  0.95720600709303494
  0.96803531475546634  0.97869073102960513  0.98947430723560870  1.00000000000000000
 -0.00236982665718300  0.00906326556213201  0.01913289540287854  0.02979847674856701
  0.04059436109806912  0.05140600396255397  0.06202964902008249  0.07258018938747110
  0.08319095837834235  0.09402763060445697  0.10478300225438203  0.11534427847896578
  0.12562426638304658  0.13607405862336011  0.14659954031719877  0.15718331536003807
  0.16787954514829678  0.17849500514898023  0.18913110377033401  0.19948534540443061
  0.20990975702416106  0.22038134796900050  0.23106867651620089  0.24196215026490175
  0.25276261897229224  0.26322582787905813  0.27352273176469766  0.28378893299668956
  0.29388224786846873  0.30403343798463656  0.31434022256049754  0.32510322750482334
  0.33573462092960693  0.34624288047803814  0.35680745640563821  0.36750118417091471
  0.37818347737511698  0.38907897273869735  0.39973436854630318  0.41031526510539695
  0.42102972206211647  0.43205592075258814  0.44317968119827350  0.45412153274391870
  0.46516676607658819  0.47627178013031651  0.48713593644958025  0.49806000379195525
  0.50878126670657398  0.51943489779105012  0.53011726162300976  0.54080667941444838
  0.55133339091057076  0.56176707716068797  0.57201649734674331  0.58220009898911129
  0.59242148352901125  0.60278956795418359  0.61350178032901492  0.62409393203443508
  0.63490729105374655  0.64548649728144558  0.65607272361829871  0.66661851184631105
  0.67720936361227080  0.68776182771691652  0.69796908461150398  0.70828110574671943
  0.71845846365850530  0.72891201631294700  0.73931109414696228  0.74943478588647461
  0.75961321323738507  0.76999011754421798  0.78078668068061341  0.79151603153758654
  0.80221146769118845  0.81274712663300197  0.82297608136904488  0.83312302328855481
  0.84343424958117363  0.85390355372537352  0.86437463199579612  0.87479505449662043
  0.88530071014236289  0.89559525201660650  0.90578834646240680  0.91611388738983024
  0.92650263324586257  0.93738384066641800  0.94789308860601285  0.95839637973224068
  0.96861202154425652  0.97898364207891642  0.98949477399720509  1.00000000000000000
 -0.00253007115731791  0.00980170718556281  0.02041248053179585  0.03081203745850277
  0.04118178182568601  0.05159789378183884  0.06219925239612001  0.07311077033509270
  0.08385717632645057  0.09444930236254555  0.10488195296848747  0.11550367442225100
  0.12608699100810664  0.13652727059143671  0.14676640058914472  0.15746322860362769
  0.16813032765298058  0.17891337490188228  0.18984750955941979  0.20086326700973944
  0.21179486427395630  0.22240277146272072  0.23309478045729276  0.24367220489067454
  0.25415295799848725  0.26429639291075624  0.27450484254950364  0.28494879301992798
  0.29549022522324619  0.30613370136916135  0.31648106819475208  0.32673233252179695
  0.33693184339797044  0.34737895571492633  0.35793598428561219  0.36859436663889450
  0.37909649221758412  0.38985190032645117  0.40058228823955705  0.41147185384910273
  0.42227300901392534  0.43274391914572352  0.44356194534037002  0.45419317464604841
  0.46509615523506559  0.47527271076945798  0.48583425030629818  0.49635681682791799
  0.50700150371671360  0.51775296467196852  0.52878760272828917  0.53954703729214371
  0.54995952748898425  0.56007082936166686  0.57059018651007276  0.58103161809107151
  0.59159033668580918  0.60221825453381816  0.61275095657515422  0.62306808823767834
  0.63315146589721838  0.64336666169564283  0.65368316665483162  0.66402247985269014
  0.67457371859245807  0.68534883173949568  0.69600216727489173  0.70654451133994534
  0.71686970596250577  0.72716076904799509  0.73791438981872404  0.74865941824625670
  0.76005530757292827  0.77088781961920971  0.78161005033622732  0.79206213637201262
  0.80205831229493496  0.81244099499227029  0.82280081991020060  0.83355694871297470
  0.84394361043194022  0.85432313419298411  0.86475837328032823  0.87517202262944571
  0.88530588968276991  0.89518456237548405  0.90551649273671775  0.91591466890032791
  0.92669033540006862  0.93710379588518955  0.94771006387176593  0.95837820202002066
  0.96886889417526445  0.97941717173689780  0.98971578217490430  1.00000000000000000
 -0.00239495315363951  0.00978989579721020  0.01987564415726465  0.03002553033329486
  0.04019169043225927  0.05078452982060200  0.06146656515607584  0.07223147773165406
  0.08296104385942550  0.09398078344863392  0.10478222223938433  0.11568037133373475
  0.12671725717637297  0.13766034470039640  0.14845208778872218  0.15881321524487302
  0.16903718393575065  0.17912091655142862  0.18945797781802021  0.20009434172624183
  0.21071082277492961  0.22150069556283683  0.23210406357858637  0.24280580513821454
  0.25338743158727395  0.26381792998946896  0.27458089027071914  0.28522102351344775
  0.29604946629436757  0.30680592692753844  0.31760746064659179  0.32812916968332217
  0.33838678823965074  0.34847895606019808  0.35922401322977859  0.37017554329793895
  0.38128943940480231  0.39183395190313486  0.40237551708773617  0.41293275064199780
  0.42326332189416205  0.43361181915858593  0.44410096143256828  0.45492487221299688
  0.46557229078344359  0.47608685905065828  0.48653330193624900  0.49703451909475610
  0.50748936040419534  0.51789372243558374  0.52850171435903504  0.53919701045677049
  0.54978987235925625  0.56006651788472817  0.57028090464916548  0.58061320430818120
  0.59090262707120755  0.60133581675884973  0.61162219520046812  0.62189073254753979
  0.63214967792377252  0.64248711874999098  0.65263924029238596  0.66291759504884995
  0.67336954654348058  0.68430891001275362  0.69488972208184896  0.70546695570526929
  0.71602268336756225  0.72657594725941765  0.73684690202990744  0.74702137832430127
  0.75730491189453686  0.76785570355116795  0.77846591107654450  0.78920618511440022
  0.80011427304703364  0.81092545756768664  0.82160348770183300  0.83215393211025501
  0.84269384064997832  0.85343214455009575  0.86385783917767844  0.87451525911062300
  0.88493110253513141  0.89546015652843691  0.90592265320175525  0.91615213834384679
  0.92643584015883629  0.93669994924525934  0.94731298887545923  0.95783704389994229
  0.96844784761563696  0.97885276386750120  0.98958518948631102  1.00000000000000000
  0.04509714351913517  0.24369669710551511  0.27212096384559281  0.28867623857130464
  0.30236322116641884  0.31456350831545965  0.32561196092583716  0.33583927102751265
  0.34547041715753940  0.35484328050383701  0.36364377220522309  0.37205972671213816
  0.38039154822530380  0.38860571759752355  0.39668833781072471  0.40452458469810626
  0.41220724861572566  0.41973124924927385  0.42705840942760881  0.43427616168363842
  0.44126173754517684  0.44811272984337924  0.45494614363016356  0.46158054816369087
  0.46808655753691325  0.47466151846202842  0.48123948912956149  0.48786500419810863
  0.49426782417701470  0.50059076641094269  0.50683251631260773  0.51311160921037391
  0.51939775167392666  0.52571364581324787  0.53200110946078183  0.53821102652050246
  0.54435581570972436  0.55042118874484935  0.55646887178593818  0.56246448505709412
  0.56843911063678954  0.57442652168163966  0.58042125256838861  0.58637162640993801
  0.59220274570437592  0.59792644782750659  0.60356983033933120  0.60923762301901507
  0.61505787493592978  0.62103587369430868  0.62711523589801599  0.63308467220934339
  0.63903917416991840  0.64487863503816800  0.65061950423081494  0.65627902162240115
  0.66187266862472927  0.66744042796780367  0.67300121785774614  0.67874238637806694
  0.68461433218778545  0.69055709202598892  0.69650452335871493  0.70244198022018123
  0.70846956188428256  0.71457645390901181  0.72068142490011966  0.72668717409529771
  0.73267754639239735  0.73879430895231812  0.74509797076687623  0.75147003243022759
  0.75772946347606329  0.76397484631472368  0.77028326208415610  0.77670923489540056
  0.78316759821289816  0.78974954440706702  0.79655061406965011  0.80354746285857270
  0.81058864909530504  0.81788538481671436  0.82542944983547650  0.83313055227051636
  0.84096921991544216  0.84903788082558695  0.85729580417435747  0.86582680465149586
  0.87468130772790031  0.88444096630354974  0.89503896432539221  0.90657391464828885
  0.91956661949306606  0.93548794729657481  0.95840261844665120  1.00000000000000000
 -0.02531493885728213  0.12231599865630011  0.15833826956406988  0.18090112779877301
  0.19860339824625564  0.21306384132845235  0.22557538009236960  0.23695117601260735
  0.24761045738998383  0.25773110395898141  0.26730037412968316  0.27646451515987386
  0.28525802477118306  0.29375198781315548  0.30193962852300615  0.30991948963237026
  0.31762975417586159  0.32507280367529512  0.33232290835463618  0.33933695781588402
  0.34614563462667308  0.35280625986962449  0.35923754920158479  0.36551819342293479
  0.37166555354183634  0.37770759392686321  0.38366736166553800  0.38964754848598371
  0.39566082333604669  0.40152847949598985  0.40728427148187274  0.41295746540080108
  0.41854468877188233  0.42408789277909598  0.42956967241986366  0.43502959924759849
  0.44050413760720447  0.44588525682306762  0.45120911293642063  0.45648409891845937
  0.46177827507441244  0.46711116153864707  0.47248064837242038  0.47791312553510668
  0.48337318384703565  0.48872047397955354  0.49415139075157438  0.49935104539081587
  0.50461385584564411  0.50990513763305767  0.51517885339513492  0.52045169782337786
  0.52571766736966197  0.53102768144721912  0.53646529418137223  0.54197934476816334
  0.54745820068475448  0.55288394145943731  0.55827539816863236  0.56367442294490266
  0.56910041023206948  0.57457471707635532  0.58008383296821930  0.58562720145134550
  0.59123159187817553  0.59676380038923049  0.60238240121831044  0.60812497565754575
  0.61409753074939799  0.62007991316390698  0.62611953266137621  0.63219126335451592
  0.63830635136942715  0.64450089290936297  0.65080781344362848  0.65727327747988407
  0.66387397531793113  0.67078736533914207  0.67789911641715761  0.68508705645754542
  0.69242668443580924  0.70000843104552124  0.70794388151395204  0.71617778206740057
  0.72475122651347457  0.73366638927792527  0.74309293859672332  0.75299571320246872
  0.76356247175534442  0.77506033264632579  0.78826740150079844  0.80321106417837618
  0.82051845364154519  0.84181887418696644  0.87640370045948623  1.00000000000000000
   4.9003532468868786E-005  -1.0000000000000000     
 T F F F T F F F F F F F F F F F F F F F F F F F F F F F F F F F T F F F T F F F F F F F F F F F F F F F F F F F F F F F F F F F T F F F T F F F F F F F F F F F F F F F F F F F F F F F F F F F T F F F T F F F F F F F F F F F F F F F F F F F F F F F F F F F T F F F T F F F F F F F F F F F F F F F F F F F F F F F F F F F T F F F T F F F F F F F F F F F F F F F F F F F F F F F F F F F T F F F T F F F F F F F F F F F F F F F F F F F F F F F F F F F T F F F T F F F F F F F F F F F F F F F F F F F F F F F F F F F F F F F F F F F F F F F F F F F F F F F F F F F F F F F F F F F F F F F F F F F F F F F F F F F F F F F F F F F F F F F F F F F F F F F F F F F F F F F F F F F F F F F F F F F F F F F F F F F F F F F F F F F F F F F F F F F F F F F F F F F F F F F F F F F F F F F F F F F F F F F F F F F F F F F F F F F F F F F F F F F F F F F F F F F F F F F F F F F F F F F F F F F F F F F F F F F F F F F F F F F F F F F F F F F F F F F F F F F F F F F F F F F F F F F F F F F F F F F F F F F F F F F F F F F F F F F F F F F
  <DiscreteSampler_grid>
  grouped_processes
  1 # 1 for a reference and 2 for a running grid.
  10 # Attribute 'min_bin_probing_points' of the grid.
  1 # Attribute 'grid_mode' of the grid. 1=='default',2=='initialization'
  0.0000000000000000 # Attribute 'small_contrib_threshold' of the grid.
  0.5000000000000000 # Attribute 'damping_power' of the grid.
 # binID   n_entries weight   weight_sqr   abs_weight
    10   10   1.965890204971347E+004   3.563819650054897E+009   1.965890204971347E+004
    16   10   1.965890204971340E+004   3.563819650054872E+009   1.965890204971340E+004
  </DiscreteSampler_grid>
