  0.00324486524917941  0.01211069105607897  0.02234853950390003  0.03253272136504091
  0.04207782416924205  0.05369894274806139  0.06509369949375271  0.07568979691347907
  0.08586526396328420  0.09571420636633599  0.10620590184345018  0.11771429231301331
  0.12940093451496609  0.14124035955760653  0.15253940877809807  0.16409015857971290
  0.17523573912261800  0.18579042428900175  0.19717847898203253  0.20785915117490938
  0.21782514027883210  0.22785638797753149  0.23793158272330320  0.24730137401795418
  0.25653828248244726  0.26691139258989849  0.27641462603911365  0.28463178322882932
  0.29299512489041174  0.30228645284965955  0.31144487116214709  0.32004749219850065
  0.32836291586956701  0.33682355524467822  0.34557350798012149  0.35466900735788998
  0.36405094678070127  0.37289965373935996  0.38267835990503662  0.39217534478583965
  0.40310937532426211  0.41555244949004050  0.42904491838243358  0.44144115962392277
  0.45187729073129773  0.46359615744562988  0.47547171959002782  0.48713536767732368
  0.49895123115528428  0.51148662773979314  0.52476731591401649  0.53713931141941140
  0.54937227700345237  0.56030208922681624  0.57126469175011185  0.58213643706393436
  0.59318538464232962  0.60512190541531086  0.61808288536649414  0.63055257148939770
  0.64234480953862816  0.65341520876272696  0.66381799578747269  0.67319000820248975
  0.68275376132862209  0.69252109838999276  0.70285556555898332  0.71286169261323029
  0.72217027727443273  0.73061437697793685  0.73877336887992440  0.74711511784036067
  0.75573178700218513  0.76467717894326970  0.77389075788735939  0.78380849003764741
  0.79399524452170378  0.80428024967253797  0.81354558788994902  0.82338362790332520
  0.83383568007345510  0.84592171728008969  0.85896633519269705  0.87115866323325386
  0.88329458510921555  0.89456463149962351  0.90582955104029073  0.91696770317202447
  0.92795097829187023  0.93834103721940165  0.94845119740954364  0.95705728004510493
  0.96565722947236110  0.97489981595291075  0.98423580576489800  1.00000000000000000
  0.00658000406114919  0.01766414899554751  0.03131977370985297  0.04514151429071399
  0.05844594973334984  0.07150979086082783  0.08303174274212730  0.09405894436293361
  0.10391943143634925  0.11382369159048927  0.12399368959881595  0.13490283058883415
  0.14620015043780066  0.15675074698444744  0.16791710509843857  0.18079271405709979
  0.19358326077793864  0.20582144944159558  0.21751639359386041  0.22898739706743382
  0.24074448893719297  0.25259775597308920  0.26438919990534898  0.27591394996998819
  0.28693140233867209  0.29786933730584886  0.30875541849079557  0.32212984245945148
  0.33344680137117305  0.34387011684880964  0.35426551742425633  0.36668775350766386
  0.38071125272584910  0.39429577650663578  0.40692650572211680  0.41814452893316439
  0.42898006816244633  0.43910456278841653  0.44929108236322496  0.46008211348828976
  0.47103635607709499  0.48209929887312314  0.49257643605566426  0.50281407841503711
  0.51267671300119444  0.52225285806883548  0.53210530618777319  0.54263231076764173
  0.55303302401551213  0.56318849326735876  0.57394770763433944  0.58479695793154840
  0.59418284772172159  0.60243092972287271  0.61064250853788116  0.61830467216962670
  0.62547136994444030  0.63233740283452666  0.63954954561610988  0.64753793874672305
  0.65587913693675726  0.66408815207359662  0.67270148046164890  0.68200182431749523
  0.69237538338193383  0.70390855307736144  0.71585660596912881  0.72823114565094060
  0.74027080036901982  0.75193580929822990  0.76304554215862597  0.77362928075531701
  0.78351878158225818  0.79331106745995139  0.80328119226348149  0.81465429142305457
  0.82409633929932735  0.83231227303252087  0.84061550535432139  0.84931799177092626
  0.85906079501344468  0.86898769027772960  0.87854078768693666  0.88705443683234586
  0.89599756683531051  0.90452584932541946  0.91285878927379160  0.92249073323719033
  0.93223965536097597  0.94207552957946883  0.95190275124664847  0.96085233426514438
  0.97086631055235084  0.98106508243200696  0.99140686225695995  1.00000000000000000
  0.00336114756493450  0.01209814367321230  0.02212066992192691  0.03268214750797818
  0.04355333444736439  0.05448409062199053  0.06513630194254565  0.07578347067272975
  0.08652789319781769  0.09770036748511736  0.10877892709745975  0.11952768648396989
  0.13069917176641271  0.14249080170281192  0.15454725390136620  0.16634276384691574
  0.17774597269099382  0.18915368786422523  0.20126945333077809  0.21327457788530374
  0.22277730281333272  0.23216023403621466  0.24110244532620112  0.25068776916233765
  0.26032629646860367  0.26918242213604981  0.27775467674873233  0.28646014631104999
  0.29596927455616462  0.30639987402795449  0.31649683843368248  0.32535051240501078
  0.33333487595663841  0.34111323602055427  0.34889430905238888  0.35692925780516416
  0.36622534655270716  0.37754724501074399  0.38919948369863766  0.39942555871402569
  0.40878029348229011  0.41895457466768254  0.42977145061769628  0.43973145778501538
  0.44858880109039190  0.45765157971212062  0.46759910325059573  0.47807389276551060
  0.48807676520796861  0.49844702995016904  0.50841389879925969  0.51839920231841341
  0.52850608508695485  0.53872872535275695  0.54964867504021531  0.55927822433421748
  0.56855150989039671  0.57770963864783531  0.58898782224251478  0.60125196076971865
  0.61337320048879984  0.62334970928234545  0.63529808426067880  0.64617870675917966
  0.65751697370448481  0.66891119458359449  0.67800095243511538  0.68902665334740198
  0.69760706373643433  0.70682712528247116  0.71544552744259404  0.72460961807329027
  0.73484660976554683  0.74561765832008287  0.75726058316644296  0.76894433747843238
  0.78074911573896510  0.79258334893851501  0.80432957826700113  0.81594296554537182
  0.82722806966209961  0.83752318671816117  0.84734928419707911  0.85838119480955821
  0.86977438779577387  0.88146084400124758  0.89281263298867541  0.90428578327734765
  0.91580766824355209  0.92696316766042597  0.93833708726369680  0.94992328010306604
  0.96263209503307490  0.97555316852864304  0.98806049049275957  1.00000000000000000
  0.00618432792209406  0.02068280142056050  0.03664625308327119  0.05249345869668363
  0.06903580141967181  0.08427022076914514  0.09494318261683091  0.10535763163908723
  0.11600297418325287  0.12633000445905715  0.13600575548755323  0.14612460934938826
  0.15620932551528430  0.16626380385700773  0.17647343594482526  0.18689654827669214
  0.19754311642628755  0.20890529440588687  0.22164255328638602  0.23345002394549358
  0.24485387422074575  0.25632914336061308  0.26848994176381674  0.28106790472099485
  0.29503775074524796  0.30845548009258034  0.32060968628119990  0.33114066461430613
  0.34029183577679306  0.34916859538066286  0.35789126811128635  0.36638131450557665
  0.37635747421077997  0.38687741934727682  0.39852616062278140  0.41192522653832753
  0.42541749920475086  0.43738905530695416  0.44867980183419426  0.45940112986697962
  0.46921947886991056  0.47869349751778573  0.48946143127022734  0.50083355074147462
  0.51134348690142728  0.52139420867344322  0.53178566405390548  0.54290513694815246
  0.55411168232032426  0.56473076535552469  0.57434476193208450  0.58310400774854865
  0.59157612711720786  0.60034426144693886  0.60986539922005478  0.62003294644481732
  0.63141638049887583  0.64375979408042361  0.65539692524830584  0.66586174310468738
  0.67565116627528377  0.68530687156133219  0.69506766151780230  0.70503574786801004
  0.71619145103880488  0.72732053900166593  0.73773212394588161  0.74735738830132570
  0.75616641013464359  0.76396612355253501  0.77191423825771532  0.77985422987138708
  0.78880047259211528  0.79799886565367240  0.80655287081565186  0.81607095236996663
  0.82716259785442159  0.83928774443535004  0.85051549335131937  0.86240171996588322
  0.87370836035199029  0.88393428967500309  0.89315625318151937  0.90204708792250743
  0.91099824882163305  0.91962271808544616  0.92841229995045305  0.93744599344945634
  0.94638276469440930  0.95525030180443415  0.96421181091426755  0.97270090176086643
  0.98103530319769883  0.98736074841636845  0.99049861899315250  1.00000000000000000
  0.00001001937571767  0.00001098288895861  0.00001168397442879  0.00001233340923353
  0.00001297249736471  0.00001361677726934  0.00001433007078375  0.00001506847226621
  0.00001575688853920  0.00001636781538924  0.00001697662867727  0.00001769532262586
  0.00001848714350014  0.00001934322109690  0.00002048212929756  0.00002164315201161
  0.00002281451784166  0.00002402724520664  0.00002523974644974  0.00002643715697491
  0.00002755715059009  0.00002862911934458  0.00002968705580071  0.00003077800549046
  0.00003197540271344  0.00003321639300712  0.00003447870150344  0.00003573906101475
  0.00003704246999196  0.00003839241074050  0.00003971178358189  0.00004108851034279
  0.00004250550233353  0.00004394866745204  0.00004549355956638  0.00004704104203041
  0.00004857500659289  0.00005010736499668  0.00005168651848336  0.00005344460946394
  0.00005522112727135  0.00005702117766140  0.00005893593097095  0.00006109228646049
  0.00006331424507911  0.00006545126856513  0.00006769454599693  0.00006996880383593
  0.00007228528933614  0.00007468952123362  0.00007719430432468  0.00007982013761216
  0.00008243320932888  0.00008515906760487  0.00008792131389630  0.00009077220992800
  0.00009374401581064  0.00009703097460333  0.00010050322252202  0.00010427217640186
  0.00010811290617096  0.00011214089833291  0.00011636835494914  0.00012100525685314
  0.00012588311695023  0.00013105387631639  0.00013714281831991  0.00014413083205914
  0.00015213593980764  0.00016124053668045  0.00017221022388310  0.00018414149844064
  0.00019748053425566  0.00021220335843131  0.00022810110272805  0.00024527200712474
  0.00026376552210150  0.00028429374274803  0.00030887258183860  0.00033795866365461
  0.00037251259387177  0.00041608890404389  0.00046874511445561  0.00052724243739067
  0.00059979672320003  0.00069287343850701  0.00080961133625275  0.00096865279274697
  0.00119414029120357  0.00148127794735023  0.00182624228264487  0.00232492992855683
  0.00338482746733017  0.00591086714840885  0.08876609088353278  1.00000000000000000
 -0.00308107626475253  0.01612408047488656  0.03388338764912757  0.05262886424514599
  0.07063920275529628  0.08768958986338202  0.10423057036383641  0.12376427735878096
  0.14264964410808870  0.16430967152968623  0.18511422370811723  0.20642547526356111
  0.22573194293729462  0.24251536471070256  0.25738400821519103  0.27030358389871745
  0.28293757185676183  0.29530545887067811  0.30849983947800963  0.32249766752516479
  0.33408940803368398  0.34537594422527285  0.35684866758314288  0.37115776533642586
  0.38517651748265724  0.39982563676319338  0.41336580561046898  0.42813257911832109
  0.44236048398061428  0.45584704069238513  0.46840537624505008  0.47995689592105573
  0.49111791916404496  0.50201432101908172  0.51282145407429491  0.52323404243758731
  0.53347313494136750  0.54286957721447793  0.55189719223529998  0.56112886800956174
  0.57091129865541590  0.58085153036562376  0.59011562727889166  0.59901551284806465
  0.60768363550844040  0.61599989997077620  0.62455127105427566  0.63328848683658334
  0.64204749688379537  0.65090822434473616  0.65988443014331877  0.66898896978630207
  0.67819418918466434  0.68698361362284577  0.69573923681437255  0.70435991943163823
  0.71315082839316957  0.72199357981128642  0.73176766046069086  0.74118034248046094
  0.74983562595430475  0.75772467456804660  0.76500587839129619  0.77202257677345498
  0.77854556692067234  0.78463556363232678  0.79083948681866156  0.79748308396027023
  0.80451080141129883  0.81191196979214819  0.81953659078091279  0.82711291920863350
  0.83501438127565741  0.84318777503627662  0.85131670896087697  0.86012799329487100
  0.86898310423552272  0.87768474719195810  0.88617110532470056  0.89430445860494223
  0.90180409866495037  0.90993844306949967  0.91805305153374794  0.92583919062990183
  0.93320923891305563  0.94015025334878100  0.94648046876220571  0.95353503005964269
  0.96033401477573688  0.96662697198491432  0.97251034280214876  0.97855560738363367
  0.98418475266336880  0.98963297991901744  0.99477682319394245  1.00000000000000000
 -0.00179612244839720  0.00688420951786337  0.01451556079198622  0.02304669489367280
  0.03267131804232479  0.04284815388552356  0.05374084740722655  0.06434031751451116
  0.07662376764201584  0.08859349335786966  0.09934301625072915  0.11055010864713032
  0.12317349850380381  0.13629980524156160  0.14900010661895299  0.16098446049223408
  0.17218685473485626  0.18332886687804184  0.19451041476591266  0.20571037895570529
  0.21755266309852120  0.22956217503803727  0.24100366915126900  0.25224830434541445
  0.26333028499625133  0.27283020208266806  0.28183636521918581  0.29098644625026321
  0.30066285116855540  0.31230793194185813  0.32374836634975268  0.33421703369456313
  0.34450510065821016  0.35409602234665077  0.36490295192540773  0.37473681375198714
  0.38388199796773415  0.39291321218272385  0.40168231014739902  0.41129207704787479
  0.42128302037181881  0.43229397649464740  0.44245301179367935  0.45205579866636014
  0.46166178964375904  0.47221935182874553  0.48351887768148161  0.49504049414602647
  0.50602213872559842  0.51618462023010592  0.52588123878790605  0.53550392800643887
  0.54589179195542314  0.55574896367440219  0.56497859709403320  0.57399030923368599
  0.58423879162177927  0.59631291330365943  0.60797131373811342  0.61908195070892635
  0.63029431735360042  0.64188928893823372  0.65173380218206245  0.66025468449538982
  0.66819385081707294  0.67514445438002790  0.68198996817976942  0.68889857113185071
  0.69651568530508057  0.70410315502685128  0.71468727549697086  0.72710193136241252
  0.73948657858667799  0.75101142128075293  0.76184527546807357  0.77204474355880537
  0.78239579358038303  0.79374419959155673  0.80620090824804125  0.81875648433567694
  0.83021311650709340  0.84121986983826613  0.85135647290324434  0.86250228092506442
  0.87329384711556934  0.88532627130742214  0.89753313698815007  0.91008625824646971
  0.92266470315733151  0.93560617816958702  0.94824583956864139  0.95951261766232010
  0.96968815265350550  0.97993952726877220  0.98994634593751885  1.00000000000000000
 -0.00212793883660813  0.00772198287463430  0.01515595272564845  0.02244056458316586
  0.02969667990219873  0.03707879592383958  0.04569413719411852  0.05499374550065676
  0.06430100781256951  0.07344325571559386  0.08195299507448384  0.09001377086173173
  0.09826492439068661  0.10656565535369034  0.11500617445443304  0.12597572782108754
  0.13563869769938824  0.14612122907168754  0.15624839398499057  0.16587067658457150
  0.17505795186125994  0.18421394419170894  0.19359390772365734  0.20308149296512082
  0.21165242683842461  0.21894790823338944  0.22578247232238122  0.23241824106992387
  0.23921534447666595  0.24651069015248239  0.25464853495049822  0.26290894556330063
  0.27074651121361304  0.28091792612641725  0.29011344559413338  0.29930778942868408
  0.30931065578645484  0.32132300354920351  0.33514833478038641  0.34965331661669580
  0.36286013917030574  0.37462160228673247  0.38588058488108862  0.39697982598990178
  0.40786791490752572  0.41840897818680928  0.42859295206971676  0.43916797378651584
  0.44987554413890746  0.46041191763013223  0.47094176093222101  0.48088793832027898
  0.49040124918751393  0.49990037400096360  0.50939548929322598  0.51901764102531678
  0.52918089672774904  0.53849987318388137  0.54891165148884935  0.55994162548625304
  0.57147555059566812  0.58316104656691703  0.59330876135945299  0.60330683373700533
  0.61326810439029045  0.62368881822348465  0.63427868812391164  0.64561647157104685
  0.65800038733241173  0.67120697169747667  0.68208978084915328  0.69171427217737147
  0.70121530173049007  0.70972624609748536  0.71930250860006040  0.72920439304389117
  0.74122746932233186  0.75386607696793473  0.76533996270513482  0.77762550319264323
  0.79013337467476563  0.80360888343251824  0.81748923524082950  0.83148452248123506
  0.84570078095639756  0.86096769820782482  0.87636199798806291  0.89133960434821791
  0.90674426999625279  0.92098900223207480  0.93365983854035295  0.94601904568351380
  0.95946982189208097  0.97340157767435431  0.98692868779651666  1.00000000000000000
 -0.00244253521969353  0.00930624084843171  0.01916234019614586  0.02910120923463921
  0.03877090647717213  0.04845345905304934  0.05849877729300834  0.06944242223621479
  0.08160751175994865  0.09440153419399412  0.10769777184811216  0.12044825153161251
  0.13111772297626911  0.14104517911786657  0.15012959831707434  0.15937376872807757
  0.16849494524520811  0.17817732451523968  0.18803512048350193  0.19868442833837829
  0.20932081516336548  0.22113235557169905  0.23072226684371663  0.24087192160830867
  0.24988099995802457  0.25879317401834762  0.26900428750044053  0.27914532537292991
  0.28949271700756574  0.29955509406498382  0.30979330313121889  0.32052955934607436
  0.33215754010519638  0.34443366835540595  0.35682582751692216  0.36895339813418160
  0.37892189971708456  0.38854173954920090  0.39903909388694281  0.41057663999849803
  0.42195565985584765  0.43314236307419313  0.44335319662223688  0.45317074139166957
  0.46292714293656939  0.47228219816713896  0.48200857119296819  0.49083900000465169
  0.49948173517408750  0.50931411564027418  0.51949201129209355  0.53255428001786342
  0.54552619961975768  0.55811859733952374  0.57009956698840558  0.58103377950395296
  0.59147029365655202  0.60224922877291232  0.61387906165157102  0.62646633332151203
  0.63916798111746653  0.65185793765480748  0.66428853849259006  0.67535777055954904
  0.68523877832306124  0.69492294413064026  0.70456184162265778  0.71440508650018786
  0.72475101614230175  0.73559543892133583  0.74718097684582774  0.75777589916525734
  0.76768058594341715  0.77653934275783676  0.78579498943967618  0.79469244740538547
  0.80384502666362700  0.81318183555348111  0.82299024822325673  0.83249180237520837
  0.84180256823154875  0.85136148409784940  0.86065161914591004  0.86972839418433656
  0.87913472213271582  0.88932640103521343  0.90012237764265612  0.91150188314666436
  0.92370123743685228  0.93479855146619117  0.94521811887820850  0.95559789479631474
  0.96624880877852615  0.97656977241334531  0.98809193120789462  1.00000000000000000
 -0.00213613709193027  0.00739383293999490  0.01559688710611946  0.02223988888784296
  0.02797952922843236  0.03353344089002522  0.03954346760837509  0.04574028722395006
  0.05132671280156550  0.05697754651665696  0.06258217387071746  0.06854696876411943
  0.07557653271641358  0.08247414565300282  0.09007996465460910  0.09782037466545686
  0.10530980315707371  0.11279307800739767  0.11964276377003571  0.12594775364258190
  0.13239557897884971  0.13902849420807245  0.14647919847973731  0.15409369954111832
  0.16126074329867873  0.16816032238676515  0.17523633958725762  0.18270649738286046
  0.19029605267723951  0.19829460668175591  0.20602314693492252  0.21316233359644299
  0.22043937240934500  0.22793506535674032  0.23590105241937367  0.24424989252175525
  0.25283645744805239  0.26139473604646946  0.27002473386852305  0.27880239863870082
  0.28742637244798264  0.29562529333774668  0.30416527464167453  0.31261380387600540
  0.32203223107074319  0.33152762441934686  0.34167347446816160  0.35057283013638862
  0.35926267629889863  0.36871909051711715  0.37880263316952939  0.38922743992226566
  0.39919950508103969  0.40953709031320451  0.41971459154086849  0.42965987036879949
  0.43853078691771102  0.44694092463001284  0.45466338889000962  0.46262823734913566
  0.47109432935034345  0.48028232775682506  0.48953146309762496  0.49907306418852465
  0.50998746707160958  0.52122357532704833  0.53146178252880483  0.54063370547251344
  0.55311615620290155  0.56583634148340312  0.57922362378038528  0.59330499385418745
  0.60667897571174279  0.62244272201657769  0.63663864868609432  0.65433895266174991
  0.67130317511587612  0.68656035743244814  0.70072345152466975  0.71463108047305623
  0.72737705833911692  0.73930861280503435  0.75178105542313012  0.76669869767697563
  0.78276811743428065  0.79917589330604977  0.81577979382397259  0.83194844157980141
  0.84920658182478359  0.86669143339041488  0.88614003503379712  0.90637628650043456
  0.92627321890374370  0.94814217427779424  0.97295197788835264  1.00000000000000000
 -0.00168127635751152  0.00887566997365635  0.01795196916969968  0.02726557206441681
  0.03632363152034424  0.04552623187094713  0.05478247676671670  0.06430443484149187
  0.07557907798106320  0.08713361904516900  0.10018241677024406  0.11189507129779264
  0.12262565224272369  0.13333869160536296  0.14460164907751319  0.15562671478383264
  0.16620988571802200  0.17694580140264671  0.18807653619053413  0.19888825100234375
  0.20914501831710811  0.21960925423377406  0.23122920198358995  0.24431519807296675
  0.25754712983860339  0.27018607840871484  0.28241420417834689  0.29440856733042908
  0.30582756417795470  0.31715689219377269  0.32736451006594980  0.33721144600511027
  0.34731391475453793  0.35765759328531344  0.36759661790073717  0.37784872810683195
  0.38860760229221303  0.39947325535333067  0.41041718113163050  0.42218830642358118
  0.43469335286750654  0.44677367640174548  0.45817126255502583  0.46947953727592923
  0.48124764640131912  0.49310441660557164  0.50435850597578191  0.51497209073221206
  0.52519898464585402  0.53553354976618373  0.54611918199843978  0.55729291145531301
  0.56906733594072278  0.58140000590741014  0.59400515230936490  0.60593338067568481
  0.61645979158859399  0.62670137453956598  0.63783724236272743  0.65075659302499578
  0.66445999870103389  0.67799015299200671  0.69041931635991127  0.70186513044798060
  0.71284256961100845  0.72348291429123468  0.73310905840359109  0.74198964225377884
  0.75074972434493448  0.75940761170810900  0.76864287844060919  0.77794677392608869
  0.78651156223143937  0.79577429508877184  0.80660117065821546  0.81764682799563493
  0.82802747291555101  0.83806965540446798  0.84749661322130998  0.85654488549466046
  0.86532308777426381  0.87411918057976568  0.88313872923550696  0.89258449179583577
  0.90295132178441206  0.91404648225066842  0.92516376015202462  0.93538757503523962
  0.94401590624012532  0.95148802652293296  0.95931921801530529  0.96906520020721199
  0.97864992859335320  0.98638864387812619  0.99337536754069056  1.00000000000000000
 -0.00333223676960844  0.01591399032545151  0.03239194124901453  0.04801038557087935
  0.06333445558828114  0.07763673987503669  0.09155198175288344  0.10450512300344948
  0.11356955914957988  0.12332327543758861  0.13441502247893850  0.14537849909056935
  0.15541309476341963  0.16632718057600746  0.18088882316936536  0.19641713732267357
  0.21087542388432842  0.22498896743750299  0.23742328150780531  0.24909316969213435
  0.26026465920941322  0.27143379766934672  0.28257818338554308  0.29421570111447232
  0.30681262118558938  0.31879803317817590  0.32984392820063119  0.33987932021574457
  0.34972412741900838  0.35971593537590874  0.36973518398821770  0.37967612285226676
  0.39005218239035166  0.40084475664407287  0.41180364183167723  0.42111787981673310
  0.43016156917920567  0.43946533135958438  0.44953238557612496  0.46007211125848135
  0.47158795403642567  0.48356142287833820  0.49453278975597537  0.50463967516831942
  0.51444590358698605  0.52440179801064646  0.53448796403744858  0.54484226756607013
  0.55553944535415301  0.56625873113973257  0.57633887733389610  0.58606815764945697
  0.59594784599267336  0.60652151977247659  0.61800560707664443  0.62897239977551533
  0.63888888232964558  0.64880092482596829  0.65939551943484553  0.67009746131471104
  0.67944454655214936  0.68818041477442693  0.69661064266293493  0.70546077043708810
  0.71577136200829350  0.72574148399370753  0.73584929079604000  0.74620252435101331
  0.75707347315892226  0.76789130072072453  0.77773339733495961  0.78596509390211533
  0.79401539970220347  0.80239656553174510  0.81029482551203236  0.82078975340526028
  0.83178797264465976  0.84238684353267479  0.85234228864502715  0.86132682557483253
  0.87011619652850281  0.87863910488260477  0.88744493106016653  0.89570923176327566
  0.90338454659059897  0.91098749451003480  0.91883914644696429  0.92665800670182374
  0.93525274579156836  0.94345149490752123  0.95185460516367737  0.96061126375121297
  0.97012993787352542  0.97956200453071030  0.98947562638519038  1.00000000000000000
 -0.00218266864328808  0.00862421280460325  0.01835413724457390  0.02731311502875093
  0.03522952811073999  0.04340662578496292  0.05360128368634538  0.06531608014794647
  0.07587197130055701  0.08488606505551798  0.09249924129100288  0.10021236432401082
  0.10750192764175825  0.11740004058928739  0.12790403324149266  0.13772859615648628
  0.14724484709090521  0.15744942205250170  0.16800545640554329  0.17731555374576696
  0.18748243986509813  0.19749274342107764  0.20793511957809008  0.21790194629523116
  0.22770765772615367  0.23755831281400291  0.24811489951999294  0.25965124394413075
  0.27190411370012602  0.28434380793011949  0.29630152283556066  0.30787685522961628
  0.31897361196694057  0.32956486827661752  0.34199643239617961  0.35537208657013036
  0.36932196673350753  0.38243129595041020  0.39429882771192321  0.40511417154461105
  0.41533164686802332  0.42485234809464112  0.43346202632069658  0.44204315652509130
  0.45094891728157971  0.45993715339330621  0.47002567840367199  0.47988277052953060
  0.49004055855402012  0.49983194628292593  0.50951930696738990  0.51997322645255029
  0.53039818854570542  0.54039009156764306  0.55158183411741546  0.56465117426160638
  0.57752193284151054  0.58898694634196136  0.59948930991202509  0.60944802678955101
  0.61953722853042092  0.62921380528670745  0.63824978889791917  0.64671357971784926
  0.65548138151279756  0.66534681525464245  0.67606072215211299  0.68729122919027996
  0.69877885762571101  0.71106307997843599  0.72282325544064574  0.73395533632269361
  0.74525293654883018  0.75597403963163612  0.76720823452902986  0.77951876594871605
  0.79037416366432833  0.79950374682609482  0.80808548184291551  0.81762126178753869
  0.82857993259633322  0.83946107132188952  0.84996085709413005  0.86070997372472191
  0.87171012815840154  0.88278664718976541  0.89433503248227797  0.90637699098582103
  0.91835674874537243  0.92943877769073846  0.94008797931693877  0.95081133630726011
  0.96174608705042330  0.97355797887375173  0.98638185634085374  1.00000000000000000
 -0.00143964385942926  0.00820256089275057  0.01717280680792351  0.02601839869845165
  0.03484772682972825  0.04577312786705250  0.05700493137837340  0.06779325499683682
  0.07790692147799479  0.08740684694482195  0.09612279249629591  0.10466844995432972
  0.11317369277831567  0.12136301295137319  0.13048932691076245  0.13937226438904696
  0.14922165760481909  0.15964543806713771  0.17035678372276361  0.18147845785357364
  0.19331134690165527  0.20530097243635878  0.21723586332482109  0.22949488656730754
  0.24254491211827528  0.25473936936487962  0.26511938055986145  0.27553737206572720
  0.28633414932399431  0.29709551800739037  0.30729117922193772  0.31775144625792306
  0.32807690679569634  0.33854537725009054  0.34916981807499675  0.36101023177828545
  0.37284607657845770  0.38327419544770713  0.39248762749932392  0.40138817664735338
  0.41071468279344958  0.42083206290480701  0.43210584831185467  0.44319368113590635
  0.45278891737740651  0.46218710877484087  0.47132578383344964  0.48046864808188883
  0.48974321113027908  0.49892426588209510  0.50787652811269646  0.51726866196081500
  0.52510641788508350  0.53318345465193218  0.54123098182493423  0.55053783757344965
  0.56161408090559339  0.57390204720665439  0.58623741721602307  0.59779801324635728
  0.60877437907116350  0.61951729480668993  0.63030488152867481  0.64113374295645087
  0.65172137970295962  0.66171176618198546  0.67333020594815851  0.68488162234744376
  0.69595107299900216  0.70747020987453846  0.71793246115778009  0.72841814518043713
  0.73786955170008850  0.74692039595604232  0.75571386109368466  0.76545809043610558
  0.77837609161508559  0.79119536675624502  0.80274897988802862  0.81327326338882955
  0.82379354188806286  0.83422104150896792  0.84552927435185554  0.85768503449313716
  0.87009102869573496  0.88220133254023603  0.89428280286526685  0.90585566019929908
  0.91694925872268196  0.92861833192829724  0.94037864361866885  0.95177073890965458
  0.96327294858109913  0.97516248383308857  0.98708190063749157  1.00000000000000000
  0.07660470513523543  0.25354125696639507  0.28731310310102148  0.30904918612330867
  0.32747394880494624  0.34394260985635305  0.35924932120126812  0.37330123019404948
  0.38537938532645716  0.39639976595677517  0.40709983557371743  0.41736502554201488
  0.42769377609867298  0.43804238976091592  0.45062247807019962  0.46139795326552802
  0.47055571737574159  0.48018931618756422  0.49051716519991201  0.50010655179519325
  0.50835534205285260  0.51667627682777761  0.52534344143663503  0.53346768007256606
  0.54068461780628507  0.54782894928193826  0.55464471015889072  0.56210332789330630
  0.56920715675477329  0.57633051792123358  0.58336591507262181  0.59084251746567462
  0.59892300995910497  0.60733208664403915  0.61554889851158934  0.62349406697160803
  0.63133282427596793  0.63871450204814040  0.64553638879323894  0.65252273597818089
  0.65949074187450241  0.66632608222464307  0.67253974019351259  0.67830547899862281
  0.68403982086002879  0.69017309172973884  0.69654458773077521  0.70221557821515423
  0.70752574320933759  0.71273540098367383  0.71813726895229468  0.72493680452684195
  0.73203851672062026  0.73834067894529243  0.74411855988134423  0.74919597166070051
  0.75407985629188790  0.75868424134949275  0.76323905081210319  0.76755471781185958
  0.77223322223728863  0.77729032917525065  0.78282384693065465  0.78812193427550670
  0.79327479511452137  0.79852068084322114  0.80401456080087297  0.80975548760005678
  0.81554357334481475  0.82133042362531605  0.82715824985859654  0.83303552314538110
  0.83877793595757921  0.84454059138378978  0.85060767201430876  0.85677881071621409
  0.86317704060964329  0.86907295701094189  0.87481902594040339  0.88014385099450321
  0.88611159552594476  0.89139681604918375  0.89676803642243219  0.90242715226672521
  0.90835286962583495  0.91477656950261177  0.92142023515792193  0.92754110475232110
  0.93350255151191242  0.93907619133448472  0.94487871498555198  0.95124229677810512
  0.95872020308658823  0.96747698657949333  0.97941181217992623  1.00000000000000000
 -0.01983236964657499  0.11883237253217348  0.15613148746507299  0.17956961865101878
  0.19848348669749100  0.21456239788880729  0.22787587702507076  0.23923676047647532
  0.24990167729276391  0.26052844468378028  0.27139077350431057  0.28148990440897997
  0.29083797874409661  0.29950076077317689  0.30772585289342658  0.31483748176276788
  0.32093556285022179  0.32722276373177051  0.33349648211792232  0.33956839265489858
  0.34583418991764914  0.35224635931652870  0.35876418846097774  0.36517221270210570
  0.37120833325479213  0.37692152676864193  0.38270059684283242  0.38889623131327350
  0.39534249532434240  0.40209152496101863  0.40901565044238586  0.41541889808448657
  0.42085185418488424  0.42632989530854060  0.43155874167827635  0.43669571948168534
  0.44195450363555361  0.44738268893731076  0.45324854665087844  0.45929691546294188
  0.46474230387046961  0.46986865349997259  0.47478861312746040  0.47956526769896596
  0.48427648810200913  0.48943323544376333  0.49420351008343222  0.49889411782046800
  0.50333922103995687  0.50775157755482436  0.51270109736329361  0.51784144021535772
  0.52336268311804224  0.52892823546359458  0.53432730581282739  0.53961865352188598
  0.54485928732000466  0.55001888481472172  0.55514096757545095  0.56033338301602709
  0.56545824366117070  0.57088543922800350  0.57713054240643802  0.58318257771817694
  0.58941685976721869  0.59501017130736722  0.60051595850147099  0.60612552639566819
  0.61196158746637253  0.61798635168299432  0.62369469067168426  0.62951065552704888
  0.63536960621208805  0.64123399779285872  0.64772213491360464  0.65458683041346921
  0.66174964265230252  0.66860287575731758  0.67534252957182295  0.68234421297223435
  0.68913101895481510  0.69592125513179759  0.70276033740534360  0.71039545870921972
  0.71841111706991301  0.72614899383621045  0.73426816170674969  0.74336687112214783
  0.75472915207480662  0.76869206609590057  0.78435052235912595  0.80085686288611757
  0.81928743822484351  0.84262613522657748  0.87852086130472873  1.00000000000000000
   8.8209532003544754E-007  -1.0000000000000000     
 T F F F T F F F F F F F F F F F F F F F F F F F F F F F F F F F T F F F T F F F F F F F F F F F F F F F F F F F F F F F F F F F T F F F T F F F F F F F F F F F F F F F F F F F F F F F F F F F T F F F T F F F F F F F F F F F F F F F F F F F F F F F F F F F T F F F T F F F F F F F F F F F F F F F F F F F F F F F F F F F T F F F T F F F F F F F F F F F F F F F F F F F F F F F F F F F T F F F T F F F F F F F F F F F F F F F F F F F F F F F F F F F T F F F T F F F F F F F F F F F F F F F F F F F F F F F F F F F T F F F T F F F F F F F F F F F F F F F F F F F F F F F F F F F T F F F T F F F F F F F F F F F F F F F F F F F F F F F F F F F T F F F T F F F F F F F F F F F F F F F F F F F F F F F F F F F T F F F T F F F F F F F F F F F F F F F F F F F F F F F F F F F T F F F T F F F F F F F F F F F F F F F F F F F F F F F F F F F T F F F T F F F F F F F F F F F F F F F F F F F F F F F F F F F T F F F T F F F F F F F F F F F F F F F F F F F F F F F F F F F T F F F T F F F F F F F F F F F F F F F F F F F F F F F F F F F
  <DiscreteSampler_grid>
  grouped_processes
  1 # 1 for a reference and 2 for a running grid.
  10 # Attribute 'min_bin_probing_points' of the grid.
  1 # Attribute 'grid_mode' of the grid. 1=='default',2=='initialization'
  0.0000000000000000 # Attribute 'small_contrib_threshold' of the grid.
  0.5000000000000000 # Attribute 'damping_power' of the grid.
 # binID   n_entries weight   weight_sqr   abs_weight
    10   10   1.510009456205985E+003   7.985473898491524E+006   1.510009456205985E+003
    11   10   1.510009456205987E+003   7.985473898491556E+006   1.510009456205987E+003
  </DiscreteSampler_grid>
