  0.00284449168355581  0.01382882125312855  0.02492757321910796  0.03615325049982907
  0.04801415596002888  0.06031010178774815  0.07158481253141184  0.08214084993562176
  0.08978089030827627  0.09730403809133259  0.10519498483075684  0.11352520163391283
  0.12218098269226990  0.13137478386480791  0.14050075698274439  0.15004712037063703
  0.16159105256009221  0.17115386030587762  0.17931672524653475  0.18697047164441746
  0.19443892724017772  0.20199269249859572  0.21115480673778028  0.22125283115746464
  0.23121177000464754  0.24453091338066793  0.25762580755858994  0.27077201532464040
  0.28409773496010127  0.29666434273131953  0.30925805451222677  0.32176268386666473
  0.33445899851893968  0.34765891279618644  0.35945075539081628  0.37042144038355695
  0.38050411941644008  0.38894011089324870  0.39699144082051674  0.40456415703774512
  0.41355158890656585  0.42365762393233614  0.43437762055922891  0.44541391104757466
  0.45655504013823467  0.46750798613507999  0.47842192475638873  0.48914367656990931
  0.49853743014993013  0.50784907171774485  0.51750436214218232  0.52841188508571346
  0.54088445651946537  0.55362443029972397  0.56616861957719977  0.57716638611083670
  0.58757048997847761  0.59736166516765687  0.60684368567977787  0.61598406590800525
  0.62538787207846014  0.63480142810988183  0.64425704672728956  0.65404767790956664
  0.66413208264517298  0.67518532240472362  0.68600880242491868  0.69601241931009850
  0.70574421929662678  0.71580455800792220  0.72669399217597808  0.73914742244102571
  0.75091534045258912  0.76259194993059742  0.77342809937840185  0.78397998184444417
  0.79490218367861576  0.80577342375208771  0.81690343494474960  0.82804183100206419
  0.83827351382884396  0.84772642314931024  0.85723571197340909  0.86647499749330870
  0.87537885818424310  0.88419486300960792  0.89343501821410543  0.90391814150613237
  0.91490672158583941  0.92722616524256074  0.93951580060619500  0.95193318635779722
  0.96424379652139713  0.97453574179452751  0.98766356559290058  1.00000000000000000
  0.00676217302133932  0.01770007811906776  0.02978675747547854  0.04227386240079219
  0.05524854178745239  0.06878570746378139  0.08179424844627120  0.09288143876664011
  0.10209223265345979  0.11073034574746980  0.11973423943404764  0.12962239523484284
  0.14041512741813830  0.15113347254428072  0.16257942328196157  0.17320255198156093
  0.18391022284975481  0.19555227607370071  0.20808322994402095  0.22080214473765022
  0.23413832132212967  0.24697832999411939  0.25925337211793631  0.27109114109070381
  0.28223096339643083  0.29346074371480579  0.30444789475416767  0.31562895714844508
  0.32724025864227024  0.33829319074595110  0.34839641799018478  0.35788086142041675
  0.36562350348180744  0.37300912211290438  0.38055084076885592  0.38932633885189954
  0.39813135785259673  0.40786343693224852  0.41715608347040262  0.42566801642102114
  0.43380357695924943  0.44276956881101248  0.45257271209200117  0.46293565396039088
  0.47435943715494894  0.48641553227337747  0.49887788931159555  0.51135836332159146
  0.52304845232491448  0.53404151782749720  0.54507400955013963  0.55610913617302316
  0.56803224414607512  0.57888384722708985  0.58947850091402498  0.59983399296368844
  0.61055002971870165  0.62260376353869240  0.63385604288913444  0.64538293612140951
  0.65700678266991952  0.66827754840695985  0.67868591733181893  0.68931610453046044
  0.70014931603781061  0.71096781776106521  0.72135278638524669  0.73136879349883266
  0.74140328773212416  0.75193202183342356  0.76346872985937875  0.77460096330891148
  0.78516407525299392  0.79484843523611071  0.80333573074665632  0.81139089311301116
  0.81924377080018973  0.82742480740440771  0.83548533463524999  0.84397179945295031
  0.85345257380231176  0.86555262600850735  0.87690276904942333  0.88729071459060138
  0.89763487433258715  0.90922707418419968  0.92108772021575780  0.93202771803814977
  0.94151537526342843  0.95082584541328463  0.96003190931329063  0.96958643863328997
  0.97840474409834144  0.98580509972867314  0.99137238472152955  1.00000000000000000
  0.00320133740017686  0.01207524354258711  0.02312049009145880  0.03495966386575123
  0.04669978749421489  0.05810256296789416  0.06874649453806575  0.07876511953018291
  0.08921282261640355  0.10024324954582521  0.11271705062041538  0.12617396305410139
  0.13712489111951512  0.14738282498218758  0.15704286001497075  0.16672794931327087
  0.17586449845359356  0.18529010977663898  0.19585419020273981  0.20725939028158044
  0.21772349583493184  0.22815939068144717  0.23937926700789236  0.25098798989437565
  0.26260916932865475  0.27352854162781171  0.28383729477845032  0.29388582019002546
  0.30374630793285551  0.31460500855074591  0.32632606204037096  0.33830069933950868
  0.35075571882990336  0.36082394261540252  0.37157054335773898  0.38257129674747165
  0.39392208814874557  0.40517966975219477  0.41595994537986164  0.42568429599571150
  0.43476853905993912  0.44409305169766600  0.45364439772507537  0.46351465462543601
  0.47386311509606943  0.48554926844262980  0.49736835854555300  0.50758824957745785
  0.51717247735486349  0.52686301370484179  0.53615190864177698  0.54567291827121234
  0.55539055281233185  0.56692918370858014  0.58129812482879872  0.59270651087929704
  0.60332978108449486  0.61408463567180394  0.62562488692311946  0.63692363722938439
  0.64731251441476845  0.65799458309333614  0.66920402054196504  0.68066146121554427
  0.69238037481923997  0.70391292737954247  0.71511264627585525  0.72618699394417119
  0.73632301202925987  0.74705499340876103  0.75805584306773222  0.76837742752487770
  0.77803196778299233  0.78773264845631463  0.79791727200652518  0.80811876704111874
  0.81716376440894123  0.82578621304796651  0.83533049983521479  0.84467201360465283
  0.85327991159861039  0.86140535156402143  0.86935855393636330  0.87794143119325507
  0.88824118642613492  0.89786356004892698  0.90986818539258740  0.91902477758314394
  0.92740339616748280  0.93596892014219490  0.94559195428673182  0.95562435561897141
  0.96593658674775140  0.97591501558270377  0.98672423906802453  1.00000000000000000
  0.00570817382322834  0.02393769144720240  0.03898692137338285  0.05116971940485206
  0.06203520946117767  0.07244811403262801  0.08283908027626524  0.09299313202852846
  0.10297181273770489  0.11290111478957521  0.12339214327453717  0.13471009090812719
  0.14593178056068487  0.15686152855075658  0.16734317981985747  0.17621385350388624
  0.18484125667359985  0.19429140843342937  0.20434722474151679  0.21444020985838957
  0.22436154968171132  0.23510055013201500  0.24724130183351289  0.25966391061569127
  0.27251631648103536  0.28618560839623652  0.30006991451804277  0.31397614991870382
  0.32721127819323775  0.33995267185566996  0.35225819918903817  0.36505563378254785
  0.37716199075030349  0.38715733640839872  0.39843492892010896  0.40971798403853960
  0.42171722202092909  0.43268948275749974  0.44249400319776455  0.45322865298868403
  0.46314917055820481  0.47343106421313230  0.48429391140475581  0.49600023816545780
  0.51015680715477851  0.52398819724240220  0.53652465277363603  0.54713444639877673
  0.55704818992477068  0.56691941439395377  0.57725854401422494  0.58849612990401845
  0.59888210394807218  0.60930601247885985  0.62008419564682626  0.63065299532797159
  0.64052911229865539  0.65047134037333543  0.66062253061022780  0.67108046891374029
  0.68048490153117758  0.68978167951674985  0.69963516117082358  0.71066513252709740
  0.72242932569629648  0.73384659183684586  0.74514883450535752  0.75431661081793089
  0.76239562001534966  0.76993790096227732  0.77765059209463261  0.78542362241129648
  0.79353331564370777  0.80204098625941911  0.81112012682089385  0.82158983251108320
  0.83134188535628728  0.84059091875943115  0.84945471399332362  0.85903762505726278
  0.86983562117180713  0.88140914415162541  0.89233073127085294  0.90247788576125909
  0.91283764431644665  0.92137042272802017  0.92943943059140832  0.93771951087051619
  0.94583617348303284  0.95360836857118070  0.96103894874077167  0.96801291367171627
  0.97482003404528061  0.98189914519638777  0.99191707009178531  1.00000000000000000
  0.00000460165595491  0.00000535557999864  0.00000611988382555  0.00000685008038976
  0.00000753989968023  0.00000822662562089  0.00000894239019226  0.00000968932961004
  0.00001046297536975  0.00001129401474991  0.00001212910008002  0.00001295113357517
  0.00001374441413267  0.00001452468075641  0.00001529193147968  0.00001603985031738
  0.00001680552496390  0.00001756367454746  0.00001833600751996  0.00001946389270485
  0.00002061191239377  0.00002177641965170  0.00002295538355922  0.00002414394841611
  0.00002531603672933  0.00002650848293477  0.00002771869412636  0.00002892231185136
  0.00003012034280899  0.00003129802239002  0.00003247905877555  0.00003369372580332
  0.00003494348555618  0.00003619138806582  0.00003754359958214  0.00003893832197214
  0.00004034144130375  0.00004178719600322  0.00004338091493250  0.00004500608555988
  0.00004664925663891  0.00004828790054666  0.00004996122472482  0.00005169452911994
  0.00005345903215513  0.00005536779197647  0.00005753960624237  0.00005965316847543
  0.00006165250937018  0.00006378479692724  0.00006607802045587  0.00006841393104348
  0.00007080572399906  0.00007346231408224  0.00007638425761393  0.00007945789682758
  0.00008232816873208  0.00008574948649208  0.00008953687909621  0.00009359393387358
  0.00009774979394087  0.00010198388343266  0.00010646509545046  0.00011138174316884
  0.00011650353295558  0.00012195771980342  0.00012745974147577  0.00013340618860647
  0.00013993925666407  0.00014732807275633  0.00015622088964750  0.00016678548779987
  0.00017862898034356  0.00019129181149481  0.00020473768013761  0.00022037418148327
  0.00023873387940293  0.00026001120673649  0.00028379580527274  0.00031054624951980
  0.00034334739435565  0.00038265901737343  0.00042846517126872  0.00048240987517038
  0.00054483419395060  0.00062065195088728  0.00073089409036998  0.00087162284222561
  0.00105817175260918  0.00131803001786176  0.00172766775599710  0.00232262049519876
  0.00338044350886264  0.00521931515955060  0.20733768249447521  1.00000000000000000
 -0.00411719435497971  0.02202515980885527  0.04401133461405763  0.06666153778983611
  0.08904892442479127  0.10654810671635456  0.12315100798171014  0.14096751333032087
  0.16406823554611258  0.18402758398055946  0.20261510633980204  0.21864601417773405
  0.23492339869091927  0.25251765271603299  0.26841619956072876  0.28255279800047350
  0.29536510069691907  0.30648040704968688  0.31628026351224714  0.32598358437353786
  0.33616115947412173  0.34903474948876539  0.36367268774569927  0.37854259176245220
  0.39408967001711059  0.41012532582864608  0.42610236564184212  0.44180260747938827
  0.45620477216087657  0.46837280937064113  0.47895626966119170  0.48835351645468950
  0.49710274833802287  0.50665782160801809  0.51586358277585498  0.52507132349992480
  0.53378588393926596  0.54250341662621493  0.55186084969470550  0.56131763812454039
  0.57025834218028271  0.58010552691785422  0.59063902729415441  0.60229136667278882
  0.61427224401063774  0.62615000351860928  0.63724241834468975  0.64691347989784864
  0.65543518982911619  0.66361430352751349  0.67186112124190656  0.68055670220034492
  0.68968695290010040  0.69849525186283534  0.70805448364294654  0.71576276295008345
  0.72297490565670708  0.73010138985047779  0.73769636033741226  0.74507557154106052
  0.75213619018135958  0.75920339092687139  0.76593309670689391  0.77328608221719886
  0.78213257453575358  0.79165402823511677  0.80008483547434783  0.80790370403986644
  0.81540105531290008  0.82255468715725633  0.83004177951681990  0.83707749583124769
  0.84381665378945392  0.85111645057451413  0.85844356812838285  0.86526983568372207
  0.87164636756714498  0.87761625227296702  0.88402706846944024  0.89074846063989366
  0.89831383459042835  0.90649235747045787  0.91451102971360609  0.92238962087921073
  0.93027337288326128  0.93781425486374270  0.94442284238669905  0.95069077278846681
  0.95676009629022385  0.96268801850487307  0.96858863766357317  0.97474850697935789
  0.98118114381589250  0.98769628463447179  0.99408989122815772  1.00000000000000000
 -0.00238423129668878  0.01033261430355116  0.01884493489698455  0.02766656568303795
  0.03627460454690724  0.04661999077364897  0.05796095663675446  0.07068448930062896
  0.08351554751781141  0.09542545512876521  0.10673677950402415  0.11688186562363166
  0.12593037634750645  0.13391372760738143  0.14157050631284859  0.15055814514488017
  0.16103762037673547  0.17160838174460316  0.18109988434012891  0.19012693106000370
  0.19929266684170235  0.20842222831410859  0.21734805746185393  0.22601524983476953
  0.23515512222520329  0.24417891111118542  0.25327521281001680  0.26223654129037161
  0.27174553609150287  0.28271749114102029  0.29420452204713082  0.30487745749891693
  0.31499481856710160  0.32519063759888517  0.33645335440258134  0.34837456180287979
  0.35937760509861416  0.36928248629163279  0.37945488282783429  0.39052892165957420
  0.40170873220334907  0.41274314131587353  0.42291052815932506  0.43411930209671068
  0.44622162859457082  0.45914980256189397  0.47171364806266747  0.48567377204731543
  0.49929772108567100  0.51243864397086636  0.52482329227158442  0.53641344057705875
  0.54740125038304877  0.55811377413238905  0.56927634135921357  0.58177182622684254
  0.59480094957033292  0.60747043958510005  0.61912435451497916  0.63082043844400471
  0.64321728862082939  0.65673489376398630  0.67005038658070915  0.68175785305803349
  0.69304942415769366  0.70441387287907908  0.71721385913321700  0.73068030878718371
  0.74239269781967099  0.75212971790020056  0.76075082658953364  0.77016011986283706
  0.77827424123558164  0.78632295568172617  0.79461014073864378  0.80258533832247581
  0.81052180634403936  0.81966588796305817  0.83007842987350222  0.84104261502674604
  0.85296951581131941  0.86515654343456827  0.87557602019667957  0.88407193435963149
  0.89223546748551774  0.90072386844150665  0.90938314363902550  0.91758754138899379
  0.92547187988914814  0.93317527526628830  0.94319809958078493  0.95539281108527407
  0.96694622708552946  0.97855210872312048  0.98937638051463628  1.00000000000000000
 -0.00301270020844435  0.01130675605821715  0.02256596967722407  0.03237171346248318
  0.04138984142066876  0.05042555158953553  0.05930728271638076  0.06868584894551261
  0.07867178492531748  0.08868691987174838  0.09893772744218179  0.10746208512662937
  0.11545617537695155  0.12334475078659674  0.13150136776077259  0.14031352638015074
  0.14948726964714770  0.15833472503590296  0.16597888996392748  0.17430216084985548
  0.18233639188272316  0.19102671881434252  0.20019699671373528  0.21046431141794839
  0.22152867185259081  0.23085598284833048  0.23893226580883375  0.24768748853726269
  0.25701169159769005  0.26580255556226551  0.27424610661624915  0.28146942142358755
  0.28840972036417406  0.29572641260559646  0.30363952568845654  0.31176490584086253
  0.32002602281937076  0.32870178743907430  0.33748210686346802  0.34597769300559517
  0.35490885462514848  0.36521225140870650  0.37564892034814268  0.38487000415121314
  0.39329292814194972  0.40187302474938980  0.41116300993207267  0.42107121167190764
  0.43038516591657966  0.43961498174546598  0.45014191171912821  0.46079015859885764
  0.47086560395494115  0.48047433049848887  0.48919521257179938  0.49797513754417055
  0.50700329316409687  0.51582944714787071  0.52498807933412095  0.53408338829895208
  0.54471495673017978  0.55759948297145590  0.56978803622360052  0.58141292696184421
  0.59302190201830973  0.60481200798234969  0.61662110840303386  0.62767944715889068
  0.63862084587727630  0.64967907748917975  0.66219230506597659  0.67429764447650742
  0.68520545764599261  0.69664320098479016  0.70767013122075861  0.71769628926698303
  0.72769601368971382  0.73922987568160381  0.75210171892740696  0.76450977017791033
  0.77615208543085257  0.78808979650592370  0.80119333343910526  0.81612508524849769
  0.83018932641549315  0.84527555674513888  0.86042382768426040  0.87633669865179198
  0.89275119393741931  0.90863793607954968  0.92513816680193350  0.94001712775390434
  0.95261889473581807  0.96660439732928505  0.98280030476369806  1.00000000000000000
 -0.00194789084969157  0.00745821307781566  0.01637625406311070  0.02590855266656576
  0.03576065328442167  0.04471326476788352  0.05329773890847822  0.06218921832850807
  0.07268949782208124  0.08350334015517707  0.09319759012561948  0.10192516828651854
  0.11041480434319335  0.11891724088199027  0.12759082670222471  0.13628899552960788
  0.14479586415220391  0.15411015528191621  0.16423261488408519  0.17506470496776333
  0.18643677632767869  0.19781314021701527  0.20897797175129335  0.22011976122460974
  0.23094586580144888  0.24212484831189077  0.25363907952562070  0.26521336033159398
  0.27606572900420911  0.28595532209940927  0.29559836767972403  0.30582090201635209
  0.31683828335150016  0.32801534435596202  0.33918623602261583  0.35067276368010780
  0.36178040927609989  0.37277156397614525  0.38380991038415035  0.39402825559592330
  0.40378586417362555  0.41333121746928753  0.42407411873899409  0.43487966982006143
  0.44636941769367638  0.45751741096321552  0.46956282756838713  0.48107510965039096
  0.49181619472282134  0.50323519295068586  0.51236671179719062  0.52218777392812987
  0.53071463249768414  0.53914888432334562  0.54807026944320514  0.55767890074142867
  0.56671274686800832  0.57504149969717189  0.58379901028285264  0.59401229915545484
  0.60566607181852372  0.61684975573480960  0.62726732994818246  0.63892711801964575
  0.65063729142331528  0.66233061134349469  0.67418371410383826  0.68559646703163624
  0.69642653653899811  0.70799075136753520  0.72080638127914698  0.73373628176368122
  0.74603498790860612  0.75831107805108355  0.77023510398695616  0.78087988023397803
  0.79044845125586183  0.80071978566596891  0.81104554069288570  0.82160751722501091
  0.83286453719931119  0.84391642125021094  0.85561765490913222  0.86708402138399676
  0.87929019041489476  0.89165896876847173  0.90446093777606851  0.91641841262942780
  0.92759262243655283  0.93886896052828961  0.95060154203739156  0.96255460890225131
  0.97263995029498673  0.98258965063141146  0.99123328784290798  1.00000000000000000
 -0.00230579944346296  0.00467699993075226  0.01204390961044893  0.01977565610733053
  0.02746806362203176  0.03610053741713867  0.04351419614103911  0.05006397873930692
  0.05689114871533205  0.06379216969312661  0.07022376329613760  0.07653698152173324
  0.08287282339691703  0.08913805359555198  0.09523828564207702  0.10110765811328705
  0.10711295055336538  0.11396394376318385  0.12065716280906655  0.12748425741986621
  0.13467860622654043  0.14176689595535233  0.14942141756400190  0.15716780319328549
  0.16520109404601951  0.17297701364397186  0.18056771305242039  0.18833611026258779
  0.19645425135131867  0.20514537826521978  0.21466718580764835  0.22394476035762351
  0.23286351064270527  0.24184147636657319  0.25064363417504826  0.25985108498792853
  0.26815729919026454  0.27701493879499550  0.28633488951930092  0.29594965675664159
  0.30372100881658209  0.31080752365421144  0.31781856633182970  0.32514348123000203
  0.33292238160390147  0.34091950188507353  0.34875431682100211  0.35708195990608727
  0.36617067464214159  0.37611767586896927  0.38686098446802658  0.39681415996006592
  0.40769631128277262  0.41790003526433400  0.42767516004696515  0.43896021750190961
  0.44944658718502134  0.46001836148703884  0.46975358776555842  0.47943449233929225
  0.48985084539918589  0.50045072460757489  0.51000418301577610  0.51882089724161518
  0.52889858123153788  0.54014839286888605  0.55169950929446498  0.56193527385886366
  0.57233323095762434  0.58321827726961939  0.59566587988116948  0.60894943091094167
  0.62182140304702049  0.63453862065752820  0.64814456162113698  0.66294650753818718
  0.67912740081890310  0.69556262737082419  0.71147073259137161  0.72645237762977533
  0.74044404179593448  0.75431456944636843  0.76846098283312325  0.78214002327752663
  0.79537569732223312  0.80861080474000391  0.82362744424648282  0.84308262131581602
  0.86358047079889388  0.88332976175636502  0.90450403972813509  0.92708555196545306
  0.94701387361882428  0.96560794300440134  0.98306681289734887  1.00000000000000000
 -0.00144491674877268  0.00747239378437965  0.01570384911683074  0.02486238457866804
  0.03455017645862663  0.04443033217876965  0.05429117222731593  0.06395960063359721
  0.07396241922099907  0.08360353682541112  0.09209357706480159  0.10082000549192507
  0.11037721041808508  0.11970760915868812  0.12936277750484398  0.13900608518160457
  0.14826763256304931  0.15799900899104916  0.16774310753900629  0.17794853217530338
  0.18958901704988904  0.20104319690052350  0.21270204316587510  0.22387008300020383
  0.23520715534567485  0.24639586332800398  0.25803321571545607  0.27080603617142407
  0.28443100148172268  0.29802692232161115  0.31168763304710217  0.32636061619184648
  0.34013517526281756  0.35393519723908362  0.36589169628148455  0.37626981294716688
  0.38554353594664037  0.39482242979431775  0.40437102934435665  0.41413403315311503
  0.42448111663531984  0.43530979867361530  0.44700470484723936  0.45941953508027605
  0.47191290025001026  0.48287224611022028  0.49179532687029581  0.50081847399146229
  0.51054448898238158  0.52071735635805627  0.53110411055255413  0.54121642557095972
  0.55060257974684357  0.55996973533233940  0.56959839191616102  0.57952794397347673
  0.58938967157303002  0.59894367562440121  0.60918761895890461  0.61994438505380289
  0.63000838106628776  0.64011242336394381  0.65054066431811142  0.65980069058857382
  0.66884394602293962  0.67777381440370765  0.68655782892790029  0.69544886389730087
  0.70416737557893483  0.71318966053685529  0.72370467926804904  0.73409255915149685
  0.74485365254994296  0.75484519720959720  0.76277351705050889  0.77114703463439149
  0.77938464242945238  0.78839121976568372  0.79731356815572163  0.80570983750882885
  0.81395130783235337  0.82350484825553361  0.83406235017526775  0.84523943598440865
  0.85887847085079583  0.87096687016061225  0.88343102487304337  0.89661022805806190
  0.91230434575490360  0.92634165043908823  0.93903943914099675  0.95211598009152454
  0.96461520671882095  0.97638917260904612  0.98785034537825511  1.00000000000000000
 -0.00369876660072292  0.01755738224380526  0.03493207204824818  0.05236307144786965
  0.06713335485730594  0.07882457976972822  0.09017467240170603  0.10286094598620685
  0.11628428151205805  0.13148009895675372  0.14536433654044470  0.15993822357077553
  0.17212715366411521  0.18605458226987323  0.20036935230872674  0.21470524984179970
  0.22629834690985279  0.23814566665098311  0.25075621230953199  0.26509995627456168
  0.27839440828425810  0.28998060257827923  0.30116060608704004  0.31234606084059929
  0.32466947370265042  0.33668809247228670  0.34844379231656925  0.35970038091135131
  0.37052690950452405  0.38108057336459572  0.39172973154791224  0.40308588498547643
  0.41493589108589535  0.42572710284413068  0.43591061450947111  0.44661266837485913
  0.45803358971946828  0.46930123580972904  0.47975057049519304  0.49018519935328636
  0.50079932533076355  0.51151867475408885  0.52212374516719295  0.53221813979212729
  0.54166750043431744  0.55176513456514642  0.56171412377133589  0.57083006483087373
  0.57983947601247676  0.58872214749947616  0.59798350495541597  0.60810009282973643
  0.61785865337466583  0.62643492830942116  0.63421900705464107  0.64183783106341319
  0.64966418876652521  0.65767634118306584  0.66557369414523426  0.67273692617986580
  0.67928977836172244  0.68586737802228681  0.69224926843276458  0.69889217923973967
  0.70688961792850868  0.71545577555753470  0.72379434135246135  0.73269174367607892
  0.74123606571327083  0.75007746922355600  0.76077308985946346  0.77184435177423716
  0.78244413291208159  0.79247298730053028  0.80272393465822645  0.81336047410502565
  0.82393573157673139  0.83532574789008007  0.84670616760354001  0.85800865584744834
  0.86861286936868976  0.87955989432711157  0.89120680827857868  0.90285010281847811
  0.91328756090008789  0.92135796378859713  0.92781773267343404  0.93517643229856251
  0.94303750955642895  0.95158281243838172  0.96030768581023562  0.96908052976200354
  0.97611656246687251  0.98349170873139069  0.99189941741782095  1.00000000000000000
 -0.00272836356489710  0.01029435215409225  0.02256527080724297  0.03476862915504304
  0.04530133477282494  0.05375199791428799  0.06235608185936464  0.07178442951262659
  0.08144812819059742  0.09027452856742850  0.09854326516315118  0.10749698051743513
  0.11795183381480782  0.12912799625805971  0.14097849200354140  0.15329769048371328
  0.16640605561126054  0.18044056585648324  0.19405204527562445  0.20680935667706274
  0.21646242463531296  0.22638567173819940  0.23640551615225244  0.24612268735492329
  0.25482957547483259  0.26345783160048553  0.27228731115179666  0.28255125436521694
  0.29310701203969186  0.30470775108593612  0.31688840711189298  0.32858660478756690
  0.34024149557425792  0.35134395712048905  0.36224343239132317  0.37384808456768137
  0.38331159746313903  0.39323514090571204  0.40328852890309341  0.41429503774336224
  0.42448332418166668  0.43436741269118218  0.44428560108610871  0.45424843013275829
  0.46393343200347315  0.47290854924022591  0.48181811121620555  0.49038154488336450
  0.50007325608778874  0.51050380761539182  0.52142363241453382  0.53204329094745384
  0.54131180704263004  0.55107332154647104  0.56214288698040216  0.57466433139063999
  0.58686636305615902  0.59870150909816855  0.61011849282454167  0.62142095579609413
  0.63223239421047406  0.64249620509022387  0.65297913793583129  0.66348801604511165
  0.67511516330126520  0.68594419482503965  0.69666217288582788  0.70636215701962590
  0.71600734867480609  0.72519098154495643  0.73445427200410651  0.74360389815263839
  0.75398656065208891  0.76467101400580573  0.77530005904884258  0.78530543100884587
  0.79656083139062384  0.80768565704229511  0.81940413725206884  0.83073334425257139
  0.84340069196026013  0.85588506433161415  0.86785544005398285  0.87874229853196806
  0.88912555694928663  0.89979400574552881  0.90933077987762856  0.91934675579250968
  0.92986765642001035  0.93946910529097705  0.94898368141211809  0.95881774743805459
  0.96940365785772820  0.97989359069852444  0.98988002792611218  1.00000000000000000
 -0.00185131597390494  0.00885974465704167  0.01847091921399899  0.02894806827811532
  0.03995467823696470  0.05117999692504818  0.06235768885221039  0.07311482177714332
  0.08327931190396426  0.09339445975468783  0.10517796182349406  0.11837817007451595
  0.13296075104851490  0.14713354333857118  0.15891242801958635  0.17007064939837244
  0.18130492881947596  0.19219752754129973  0.20234929100589408  0.21279269019327565
  0.22363010653536658  0.23420936888021771  0.24464812408516101  0.25481376031515829
  0.26567862003983239  0.27761060000516435  0.28946602356528772  0.30105553158140325
  0.31147364339792744  0.32162321138512578  0.33182233710366688  0.34254629058577346
  0.35383394203693708  0.36655467583431944  0.37824137332687535  0.38898575838800131
  0.39991058072043872  0.41099457415979140  0.42210335695728340  0.43346443691918918
  0.44520945192277295  0.45772940680817481  0.47116302895732498  0.48300461195018357
  0.49191585244479313  0.50158503475706384  0.51099113583142408  0.51992360124725212
  0.52826926803682805  0.53601935748355156  0.54367772941941428  0.55196571703566710
  0.56113379372891370  0.56997202976560957  0.57843557415604907  0.58749566635810269
  0.59760441183891677  0.60772116803283760  0.61625690877419492  0.62364743416982549
  0.63093042547852995  0.63840695802152780  0.64689050827105299  0.65482497569830955
  0.66262602548348881  0.66961063522464248  0.67764063160858423  0.68574653798821783
  0.69583443056921246  0.70654700050844499  0.71459407549491860  0.72268155745521534
  0.73146213505408586  0.74118085439497916  0.74995428784263285  0.75828475886501856
  0.76646316983875928  0.77604163717127039  0.78746215660303098  0.79970269794205440
  0.81182126590160786  0.82342452669929045  0.83483446341657230  0.84693430950646886
  0.85990373512816531  0.87254448697420328  0.88466289890174377  0.89778484908279965
  0.91332096146846375  0.93008392708613108  0.94458218296992824  0.95656932412024387
  0.96744233733436413  0.97794351102896893  0.98886755544505023  1.00000000000000000
  0.03394378756186957  0.24460343697539086  0.28120159769543662  0.30279432640969561
  0.32035397327917864  0.33687382755127998  0.35202421315551968  0.36609081312010855
  0.37958228237198827  0.39225361248674701  0.40478336592652614  0.41653873213959491
  0.42890898919659537  0.44173845384826238  0.45409646839065410  0.46538382742315543
  0.47576289158162538  0.48509870511512942  0.49422698253391761  0.50295745664727420
  0.51165178560046176  0.52086107052156994  0.53004218639197598  0.53850066588662693
  0.54685963469616250  0.55606003400700066  0.56458957797599030  0.57270587460695199
  0.58033604155614005  0.58750135561952688  0.59481082876473990  0.60211706540011978
  0.60912148217892137  0.61569985969773489  0.62155215220573823  0.62695574705033019
  0.63226757285924085  0.63830053475319304  0.64492855136652172  0.65191168948707845
  0.65898714684408843  0.66593204360111702  0.67317588018032526  0.68016313795909933
  0.68702263782129447  0.69255489902796130  0.69839589094348298  0.70432972544798467
  0.71059173468465142  0.71715013753065049  0.72348380777413945  0.72978361640683376
  0.73594435026977600  0.74217110493898308  0.74855745250963279  0.75492565753433438
  0.76114338249223412  0.76679118397641166  0.77191846130373243  0.77650450383599889
  0.78117241919291269  0.78601047787620049  0.79064216794388276  0.79520808920944097
  0.79967659745816633  0.80404202088525489  0.80867716840647330  0.81402424740029056
  0.81987675857556408  0.82559061239631581  0.83103765706154542  0.83647985950789172
  0.84222347889334936  0.84832176513246915  0.85458450844009515  0.86037702605654476
  0.86573236580010360  0.87067430079660779  0.87564138081519960  0.88067840996241720
  0.88602356782643565  0.89098322023596865  0.89609378726446620  0.90176920441592745
  0.90780063396329413  0.91365481952736483  0.92009494998668984  0.92612287012846950
  0.93218956165460165  0.93866270409582708  0.94555577139182023  0.95315179478065759
  0.96144442338407754  0.97044302549743655  0.98284795066250885  1.00000000000000000
 -0.02120881410916187  0.12175327880502143  0.15010802818269159  0.17401228393144205
  0.19498632758811163  0.21255918706401494  0.22844685366949755  0.24255405210181571
  0.25514031158634420  0.26620205654170498  0.27692436220608058  0.28707951576556168
  0.29608703769070066  0.30429506618706070  0.31242899009505831  0.32039173860341863
  0.32828004467431460  0.33588158316340000  0.34306842443904345  0.34988788665990495
  0.35660012338947067  0.36337546257573683  0.36960826574564726  0.37595850313157070
  0.38230999814845945  0.38859569414725287  0.39487691382957180  0.40121220886339648
  0.40762395839739202  0.41411937205841892  0.41998106420347375  0.42581347761286298
  0.43145264228173841  0.43694701865825414  0.44184987040171980  0.44656225578057462
  0.45138206293440747  0.45634925041415098  0.46126408959600579  0.46599362557481233
  0.47087144373024642  0.47584315323392168  0.48053441573526706  0.48502037902910289
  0.48928927200361150  0.49367154686545028  0.49810267462690005  0.50260760677626370
  0.50726298219563060  0.51202926280825556  0.51703639105898569  0.52238345048008950
  0.52823337367964307  0.53406831216523343  0.53959484333406316  0.54512294778309223
  0.55050108229693495  0.55587834542479397  0.56127575928812667  0.56700770567989411
  0.57299835167045887  0.57922209780577960  0.58524319285899529  0.59087200901954817
  0.59646145177950871  0.60192184827422524  0.60757335544886604  0.61308559143514985
  0.61887933072130463  0.62492971739509939  0.63130044511562211  0.63780819519693843
  0.64479166041622682  0.65306719436565031  0.66137797135792298  0.66851823958105316
  0.67472765409960944  0.68101203859183101  0.68727656193597653  0.69302535546199606
  0.69856953761875329  0.70464097461973219  0.71097407461267881  0.71749739926968525
  0.72441879221646188  0.73269372554713919  0.74166741952128901  0.75038706464536653
  0.76041614283039272  0.77166188456357221  0.78440003411025760  0.79882988962849677
  0.81666682895013387  0.84086967236402543  0.87848932711408556  1.00000000000000000
   9.2276393239415207E-007  -1.0000000000000000     
 T F F F T F F F F F F F F F F F F F F F F F F F F F F F F F F F T F F F T F F F F F F F F F F F F F F F F F F F F F F F F F F F T F F F T F F F F F F F F F F F F F F F F F F F F F F F F F F F T F F F T F F F F F F F F F F F F F F F F F F F F F F F F F F F T F F F T F F F F F F F F F F F F F F F F F F F F F F F F F F F T F F F T F F F F F F F F F F F F F F F F F F F F F F F F F F F T F F F T F F F F F F F F F F F F F F F F F F F F F F F F F F F T F F F T F F F F F F F F F F F F F F F F F F F F F F F F F F F T F F F T F F F F F F F F F F F F F F F F F F F F F F F F F F F T F F F T F F F F F F F F F F F F F F F F F F F F F F F F F F F T F F F T F F F F F F F F F F F F F F F F F F F F F F F F F F F T F F F T F F F F F F F F F F F F F F F F F F F F F F F F F F F T F F F T F F F F F F F F F F F F F F F F F F F F F F F F F F F T F F F T F F F F F F F F F F F F F F F F F F F F F F F F F F F T F F F T F F F F F F F F F F F F F F F F F F F F F F F F F F F T F F F T F F F F F F F F F F F F F F F F F F F F F F F F F F F
  <DiscreteSampler_grid>
  grouped_processes
  1 # 1 for a reference and 2 for a running grid.
  10 # Attribute 'min_bin_probing_points' of the grid.
  1 # Attribute 'grid_mode' of the grid. 1=='default',2=='initialization'
  0.0000000000000000 # Attribute 'small_contrib_threshold' of the grid.
  0.5000000000000000 # Attribute 'damping_power' of the grid.
 # binID   n_entries weight   weight_sqr   abs_weight
    10   10   1.035967111666679E+004   1.047404326391047E+009   1.035967111666679E+004
    11   10   1.035967111666673E+004   1.047404326391036E+009   1.035967111666673E+004
  </DiscreteSampler_grid>
