  0.00347185287540934  0.01159947385645282  0.01966085794412581  0.02991976087590242
  0.03938255307744006  0.04851183530548126  0.05750960488588404  0.06620097027683061
  0.07543226263846295  0.08515189901697873  0.09478726808946303  0.10408083882790282
  0.11347484532367891  0.12255065265735025  0.13193738073510600  0.14142805847593420
  0.15137251347322939  0.16151910987328666  0.17109869495159460  0.18023793495433726
  0.18954650219136301  0.19846847603361298  0.20694896445298039  0.21559959622368285
  0.22476681636593895  0.23467425607330181  0.24545572614646216  0.25623891450041936
  0.26766436963077922  0.28001826506675687  0.29262579861401106  0.30569630199544739
  0.31847745546491318  0.33073552588128302  0.34220333670613912  0.35254130154799673
  0.36267492700931248  0.37270312015908696  0.38188307362979035  0.39162511678511441
  0.40185596884050412  0.41252649355275073  0.42251503954264608  0.43125054478682834
  0.44089030407197433  0.45081947163949843  0.46073192761894222  0.47031046195478315
  0.48088803287120951  0.49348294128288805  0.50516175497670157  0.51675332650480876
  0.52824429343036994  0.53996067950108317  0.55067673695345298  0.56126470789682992
  0.57227811509736837  0.58393398258915385  0.59586650087857518  0.60779846065321952
  0.62005646299208461  0.63137195375986999  0.64129464175452189  0.65221943075025202
  0.66300984947776753  0.67248102488864248  0.68180960228264376  0.69199866469315352
  0.70400045711817150  0.71528579098420741  0.72684452576280045  0.73697356715457918
  0.74743219396759075  0.75816692551794163  0.76926207554464754  0.78024320754923437
  0.79013374353908483  0.80000227496484000  0.81028425334646925  0.82057094831897071
  0.83120638298353910  0.84167849280989027  0.85222620760133860  0.86411005190214019
  0.87769619651874731  0.89151465847802491  0.90268155929475236  0.91171852877413140
  0.92099402788247064  0.93112373232823353  0.94063578095273925  0.94982856902380597
  0.95918246584584899  0.96979243424286843  0.98097574029300350  1.00000000000000000
  0.00705247654594508  0.01589434007324693  0.02693625250801894  0.03797481543748621
  0.04964703545304570  0.06024493488151696  0.07053920170447514  0.08023997281570781
  0.09106557802146206  0.10205936101420608  0.11358844027649408  0.12558904039220359
  0.13782260571209692  0.14884672452608960  0.15955254139868946  0.17039266925452992
  0.18173586035706277  0.19343966432386137  0.20357545048013057  0.21298949312169985
  0.22234816923928430  0.23307432113633672  0.24378579856697680  0.25346010885051262
  0.26399948649290977  0.27472246266938594  0.28579205048858392  0.29690237155255839
  0.30892053504113781  0.32136697152999449  0.33416546067744546  0.34665681715456287
  0.35800345690476887  0.36817028433330451  0.37792676681593124  0.38775153680988300
  0.39706646284864738  0.40678212493448518  0.41755095951903182  0.42986781535658120
  0.44268215836161923  0.45411806103922525  0.46382112990048258  0.47174917972879976
  0.47971775373482040  0.48758313467850434  0.49615733631710318  0.50457937074141401
  0.51298667842484291  0.52219912672538604  0.53252417632998716  0.54350569079448630
  0.55535457597144311  0.56747228931130778  0.57928321265345939  0.59050725007266203
  0.60083982283062165  0.61127813990772983  0.62139261505611743  0.63164532755947644
  0.64238418295130528  0.65332532891201689  0.66418174310396294  0.67468213646391606
  0.68500277514481089  0.69498204446325462  0.70535513761375535  0.71571310952175893
  0.72487574929928356  0.73405389476576588  0.74388322167467369  0.75358927694938238
  0.76291610229404105  0.77199767337123992  0.78173477685353299  0.79295483899510011
  0.80441730771307718  0.81595892989534902  0.82713611139946241  0.83808144985241495
  0.84962791795574188  0.86019412978600207  0.87144466333973902  0.88189575854612945
  0.89366209612333092  0.90426640915073742  0.91416724809016370  0.92394809254308008
  0.93356765769367733  0.94320738592934805  0.95266832648683109  0.96202607002116558
  0.97146834258687220  0.98129894320587252  0.99175844529456580  1.00000000000000000
  0.00296567616581731  0.01402640059610597  0.02303202249521624  0.03060860020223437
  0.03852092580050817  0.04636623848512324  0.05604561953962810  0.06636376339951409
  0.07632547397220078  0.08553319869639006  0.09443221317372577  0.10367506949863683
  0.11411383875535649  0.12517056593537304  0.13598723681204819  0.14652094967624074
  0.15606310320286859  0.16660616662180225  0.17722076356074548  0.18776530047248405
  0.19710390280405479  0.20657888406392230  0.21704812030273318  0.22746221244999423
  0.23779184126879263  0.24802012087036421  0.25849644160979363  0.26846940215719106
  0.27843333728628678  0.28790613948195676  0.29694697371697626  0.30568842930690454
  0.31504421414632622  0.32537561488816458  0.33559539396199412  0.34527458260538230
  0.35488125600562231  0.36498795989443666  0.37490465457952449  0.38461960351964541
  0.39439325010912335  0.40309365641123496  0.41211666622188992  0.42133312085985541
  0.43139520603781384  0.44255202296009116  0.45341396429920733  0.46638214628957680
  0.47842635661427102  0.49034088553053462  0.50214190677840376  0.51445106424412745
  0.52574837962946264  0.53600071823792961  0.54592928846355948  0.55658108718944665
  0.56830908016206771  0.58084400099398348  0.59337860586753466  0.60570186176783625
  0.61781469370105568  0.62930214780719484  0.64035373214324431  0.65072509347014384
  0.66089634770868488  0.67102410459201678  0.68101354952306359  0.69132872181436489
  0.70163965161409381  0.71171887704384995  0.72059956533773772  0.73014182577967235
  0.74023809453090039  0.75138275899858442  0.76238732369721895  0.77210101159791489
  0.78151531643975347  0.79114893161887134  0.80123027644606271  0.81079069597162201
  0.82081395274398428  0.83170841450639088  0.84212057013619446  0.85361269974020038
  0.86618102818386822  0.88037264744037136  0.89253644938297205  0.90405839458160397
  0.91561000200968334  0.92789981122024323  0.93951673653337375  0.95086272852126430
  0.96173318445092149  0.97298836000537758  0.98559117934588081  1.00000000000000000
  0.00473488133873560  0.02346473982366898  0.04339878538552644  0.05807711365458441
  0.07085865518658307  0.08374252780361828  0.09586651630151873  0.10734558272912523
  0.11802103341225315  0.12822752746586172  0.13863308451413792  0.14959093275609442
  0.16080088250888191  0.17198134900385539  0.18173015984051261  0.19267688481949197
  0.20361609002711009  0.21393529937120426  0.22363200579174361  0.23347204538415170
  0.24379779614818506  0.25424526827666744  0.26404386044014422  0.27407055403171321
  0.28525814830396629  0.29737125014362392  0.31006057560146272  0.32082348662990762
  0.33164740539099752  0.34184624118627682  0.35269531272384819  0.36308248422184619
  0.37285580162021287  0.38291327674805953  0.39350555118595026  0.40650684876227605
  0.41813215881273547  0.42844026294467141  0.43796218951157267  0.44907246429094144
  0.45946544413701196  0.46992008714894096  0.47928692814508611  0.49141862346646886
  0.50244569081808899  0.51343737677992041  0.52455521007375361  0.53525890901270312
  0.54540515919726695  0.55483925026171033  0.56432960439887514  0.57517489738886218
  0.58661346698591699  0.59768280161330378  0.60797833074360896  0.61760549122194441
  0.62692868662442303  0.63609296607697197  0.64604709153860240  0.65674078264688818
  0.66687141065167721  0.67643021852344198  0.68580244081744834  0.69633747534871748
  0.70773231748972887  0.71847948528385286  0.72852946927975493  0.73795246074220311
  0.74738577112267335  0.75679576737467902  0.76589525576813489  0.77585223093180344
  0.78673267299446770  0.79665123639724844  0.80597653849586237  0.81388728032087521
  0.82130015217241814  0.82864720607076581  0.83736192489895123  0.84740787895581660
  0.85644930964011423  0.86590215311320529  0.87543602158453482  0.88410871860296947
  0.89423167716037077  0.90538252074135550  0.91634784166270178  0.92591079416248567
  0.93514199878689219  0.94439323421428667  0.95369036845641308  0.96298690409091359
  0.97288654252677609  0.98176165872841981  0.99185183808955468  1.00000000000000000
 -0.00009151269954292  0.00077587793850826  0.00195158681968153  0.00357028259887953
  0.00553954141982907  0.00813051343854998  0.01122736029946836  0.01455039595466622
  0.01801376812301081  0.02206477672771533  0.02674118130408680  0.03198168740340263
  0.03763001744370916  0.04332874734954711  0.04977434675465773  0.05722887514856644
  0.06432087590209373  0.07125100901745482  0.07838197640407125  0.08583203957072053
  0.09355522737807026  0.10083248762867979  0.10816969299250483  0.11555853473372352
  0.12273688844313706  0.13023233659914582  0.13821869389038074  0.14697977160373851
  0.15563873148441715  0.16434990977318770  0.17304159278402750  0.18219691887906225
  0.19189710343718441  0.20255855018518626  0.21372778837492790  0.22494183553400054
  0.23559263091834284  0.24594311032952432  0.25645602036377940  0.26729662753293620
  0.27823787345550910  0.28876082342924297  0.29906465428433776  0.30909650842133979
  0.31937162237605854  0.33007518997742735  0.34077845199749240  0.35110337711999279
  0.36126859622135266  0.37166604389620339  0.38260216424149440  0.39384989438332807
  0.40684424456330354  0.41819500146744126  0.42925790379656342  0.44040460712884050
  0.45182339087910051  0.46390965818818547  0.47642197147258097  0.48895130156311739
  0.50135669064033828  0.51358335106972997  0.52568980590211456  0.53658881981346473
  0.55094866715963775  0.56554294542749073  0.57989186827789452  0.59435663703392350
  0.60886874652038114  0.62269091765783824  0.63601921682300544  0.64926664607474605
  0.66229138381649200  0.67426007379130992  0.68673313159419269  0.69972288650644066
  0.71325648428660726  0.72747010375857002  0.74080085404977181  0.75432105623346013
  0.76819363626747772  0.78236311862084751  0.79701515550252200  0.81152298650996402
  0.82624617952183466  0.84091717856757642  0.85561319497202959  0.87090521236271201
  0.88642963645739248  0.90216772901532161  0.91811359208928889  0.93416455252884190
  0.95133778321585805  0.96790696588205172  0.98398523623815448  1.00000000000000000
 -0.00238462825218584  0.00886721576791097  0.01755636406828846  0.02659464470670763
  0.03599875463223055  0.04731586226286988  0.05891638228501321  0.06897680871154842
  0.07833601523870247  0.08792253117455621  0.09749980653065850  0.10755632866370002
  0.11690845457936111  0.12602312079487943  0.13694991665599318  0.14850744334297636
  0.15984471137456835  0.17069986932327960  0.18034862095478690  0.19039046636974341
  0.20050084530493942  0.21041505859248424  0.22039821155829142  0.23053803684649057
  0.24217114913144439  0.25427660902658422  0.26606507142949021  0.27810348679410729
  0.29001757887619034  0.30232417569517561  0.31450624735129490  0.32580546003684074
  0.33651476120035312  0.34689437642443727  0.35767300376133487  0.36905946784450433
  0.38110320771019718  0.39412638293580032  0.40671685194688051  0.41932374995206567
  0.43245044255544202  0.44441361118340339  0.45539748903551763  0.46568753713976097
  0.47577734558935902  0.48559289156805152  0.49528701198787461  0.50521576170000848
  0.51534905556069499  0.52584425345994446  0.53683864628742661  0.54858580524256828
  0.56027804430415862  0.57057246467065814  0.57967626840639497  0.58822487446276428
  0.59674049764942116  0.60565895451425933  0.61561574131195229  0.62477672729836919
  0.63271344536986140  0.64030462520172127  0.64969023800529524  0.65975439547804571
  0.67004901627307556  0.68061156278476742  0.69147832903281614  0.70248365037705895
  0.71416221929077495  0.72577688692624631  0.73656198883226742  0.74589842546089113
  0.75482196269050306  0.76441751025806781  0.77495095100167344  0.78550092351302747
  0.79528883482867441  0.80464411442600847  0.81435701100103675  0.82542903891835062
  0.83765206989930674  0.85001569743974503  0.86188349601232628  0.87355640408984947
  0.88424400492821154  0.89471875906928477  0.90500282636111495  0.91533918933115088
  0.92664473598325525  0.93891603458108863  0.95078763364323116  0.96097115985109760
  0.96977724595365156  0.97883525009601335  0.98857624774176944  1.00000000000000000
 -0.00108973735760632  0.00656013278394257  0.01357894060627298  0.02139422219117171
  0.02991580159697588  0.03854767184937796  0.04743219166745290  0.05675395450607331
  0.06783423311255553  0.07973664812778021  0.09138207881618049  0.10302362052513149
  0.11454588930999615  0.12581841750426340  0.13679411847860357  0.14764271334059872
  0.15844529821344053  0.16911446579098885  0.17959572578138333  0.19012539197467365
  0.20084855027309814  0.21135842494279192  0.22155977599454935  0.23245883515326760
  0.24476739703480815  0.25660044464174508  0.26728571789746641  0.27896225199660107
  0.28930543367091743  0.29907993008705908  0.30838791044341951  0.31744091049369061
  0.32655933616892241  0.33671636368627966  0.34910883217972538  0.36191887699984809
  0.37428309683878858  0.38660996096256622  0.39853823644950281  0.40966236743707457
  0.42060796293943792  0.43179982798910033  0.44307451794326214  0.45405905150711984
  0.46482178387827555  0.47508584512688201  0.48503940517565364  0.49551326740617352
  0.50711624559192214  0.51882325568163201  0.52859936259232654  0.53808531252005543
  0.54849917162023287  0.55916044495890338  0.56928663282360148  0.57968700407902474
  0.59029355520984572  0.60100114073532895  0.61181628760730478  0.62285820145199722
  0.63594671792690260  0.64876450038776934  0.65956038468108591  0.66927240368026519
  0.67869298281950441  0.68857148473110685  0.69797656402034913  0.70735662345537720
  0.71716189313949064  0.72754367088519656  0.73837687211670222  0.74951823863164269
  0.76070908568588114  0.77163102143530915  0.78240500932980905  0.79290212374888913
  0.80310192000750169  0.81364500305301568  0.82464236891623865  0.83509179976818249
  0.84476466719875398  0.85474867776788499  0.86476633056518915  0.87510685980460678
  0.88546232738068631  0.89569253870967380  0.90650873839825385  0.91727739575693001
  0.92774223632077313  0.93841658441411957  0.94912345369031781  0.95966936214975285
  0.97002354445435757  0.98031000339377916  0.99015946908907271  1.00000000000000000
 -0.00297362638094170  0.01084331419276074  0.02414101538949377  0.03725712072695159
  0.05069740144638293  0.06286349108451145  0.07374326181761162  0.08397763714020989
  0.09420760652307018  0.10373685763355658  0.11314412360446958  0.12271149515646758
  0.13302772521345740  0.14431321772256520  0.15555796530056593  0.16672048129645481
  0.17780439010558047  0.18815364364800505  0.19773753096311172  0.20673561722986267
  0.21564866039361733  0.22495145285699789  0.23500904401841113  0.24515067209113495
  0.25394028330589341  0.26224486428700994  0.27027666375620091  0.27945125352709976
  0.28901203551794230  0.29874177569824822  0.30770991105147438  0.31714881494866010
  0.32625285248443869  0.33668019555528522  0.34836786028400935  0.36039546505168724
  0.37273352805079191  0.38303365532704481  0.39308957362494190  0.40419471757936709
  0.41606459480212821  0.42747535310432028  0.43895073465360512  0.45042061421685581
  0.46185159201863074  0.47355510233117237  0.48425520052744786  0.49494941032761475
  0.50543824039952512  0.51640316360560468  0.52769004407595710  0.53923445044924267
  0.55130669307529379  0.56256383615220173  0.57317484189536583  0.58310593138917399
  0.59268906085330564  0.60237834414911084  0.61293177582379832  0.62412660420332089
  0.63783677352225499  0.65013959828565104  0.66044363865954014  0.66962130779670115
  0.67863539513903937  0.68759511454141498  0.69694203402015364  0.70718197307460595
  0.71755507383579931  0.72849703828344192  0.73989055060835540  0.75215946781789411
  0.76515274186594795  0.77719430647806886  0.78891459655873453  0.79915216476365503
  0.80842440437387897  0.81771393108185075  0.82683748167101490  0.83629953313886340
  0.84612419513761949  0.85734910415286270  0.86954395660653616  0.87974558486461341
  0.88813549181341689  0.89705191429547404  0.90655554893697787  0.91547531645559888
  0.92414322068987897  0.93267344203085834  0.94196714830178518  0.95245808104854235
  0.96337033795701899  0.97499012821907216  0.98724029129893587  1.00000000000000000
 -0.00196754673523877  0.00796082146162830  0.01658989314884934  0.02603345303380295
  0.03576817982333502  0.04656918986048841  0.05775648875906811  0.06843281603270668
  0.07953665588228960  0.09085842320245077  0.10310529063624527  0.11559323970533060
  0.12683761077387087  0.13711169999103345  0.14761004530745764  0.15875152307370927
  0.17131959332580526  0.18298152452739241  0.19393656611198601  0.20422322847283803
  0.21593530015189422  0.22822668604507090  0.24001155421448600  0.25101391576220272
  0.26182082224081177  0.27183760079599140  0.28235342678367109  0.29228400945377431
  0.30163921812351235  0.31112803623776147  0.32043472350313912  0.32966590414198260
  0.33895717411548831  0.34844895545443261  0.35890736565124093  0.37072467406714998
  0.38217560382419241  0.39247001633843920  0.40111535901914919  0.40858536995563349
  0.41600489984006289  0.42430683132532820  0.43427743273062241  0.44440506485355480
  0.45386789619693113  0.46340232474609555  0.47271914295744022  0.48159444582401456
  0.49032614484109810  0.49939029949705549  0.50949265272599853  0.51998875414252022
  0.53049957337914355  0.54174378383813537  0.55333527149373285  0.56488311189308071
  0.57484359293725873  0.58400829312718094  0.59290982902993572  0.60205320310567323
  0.61198165433687146  0.62261712556783400  0.63369939487727123  0.64527306224799497
  0.65753770364626984  0.67055385208232898  0.68409368718100816  0.69540048781718455
  0.70668899777296712  0.71870163352124328  0.73150145195408256  0.74433024036165685
  0.75630975952168700  0.76796644421901394  0.77928172433477372  0.79009240449723683
  0.80060650308601311  0.81101022798925249  0.82172424166378411  0.83211775153837653
  0.84237343119043784  0.85262776205141844  0.86201466208059008  0.87104109073909008
  0.88037181245057261  0.89087672897950221  0.90390581272792325  0.91721089732522243
  0.92972558609175415  0.94059972419735460  0.95083941481569612  0.95995100294521063
  0.96930960598199378  0.97889166981004738  0.98959178208483534  1.00000000000000000
 -0.00222356037223172  0.01080839748910487  0.02083701887858515  0.03137849471336703
  0.04168700374088635  0.05242210603471278  0.06274846528174548  0.07310671842685829
  0.08295857919554440  0.09278365726817780  0.10286886396902255  0.11340735277012075
  0.12396160045228533  0.13503464074333391  0.14651676069904787  0.15878692964668492
  0.17139257117921561  0.18312112830635704  0.19393435160965503  0.20484999087732247
  0.21610720657677879  0.22802691937402741  0.24092314422257791  0.25528255346866491
  0.26918104432389151  0.28068240318935056  0.29110652107763851  0.30181343818651990
  0.31244273161240455  0.32299896532639544  0.33309037670027647  0.34455071546852484
  0.35659862031233641  0.36881754907580033  0.38022252059244366  0.39055645652199417
  0.39978096627649051  0.40836900366819850  0.41749449246095138  0.42797815782001170
  0.43908431963477901  0.45043919549934602  0.46235675904453238  0.47558914841192207
  0.49000344794607148  0.50195109844761598  0.51268971563953780  0.52323920830283444
  0.53424739873620242  0.54529160688645761  0.55542467357593683  0.56515035034884509
  0.57493077655076574  0.58385172943906083  0.59234406258816563  0.60102576211358516
  0.61038696238388235  0.62147136115856427  0.63295004723373682  0.64235036286142122
  0.65140282060824939  0.66010032694462328  0.66980392798155164  0.68071264213184945
  0.69131013285070131  0.70153519711359724  0.71065772758569545  0.71914406972039779
  0.72801018286882202  0.73717261476370266  0.74671932285935827  0.75721389780548887
  0.76740985009913865  0.77636530522865199  0.78461708894016335  0.79274705614484098
  0.80121583112060712  0.81059055687246861  0.82166861957420945  0.83378674145624676
  0.84575901021594291  0.85643807991338727  0.86578508964880285  0.87455017169407201
  0.88344598005265440  0.89264120284476711  0.90298093792747269  0.91342216890469863
  0.92448889845848281  0.93608500199659583  0.94690354101480301  0.95785372471059804
  0.96818424072716047  0.97897975788538294  0.98964445129722378  1.00000000000000000
 -0.00187785028450377  0.00808498285438398  0.01859438518849824  0.02783656467592950
  0.03775325982779903  0.04850746078758754  0.05954963060190085  0.07027347183824906
  0.08087175714051874  0.09106303399971744  0.10137443507526124  0.11252541901573188
  0.12423596181302735  0.13472880780562302  0.14387505045847737  0.15273837897703432
  0.16189953077085517  0.17161643752264341  0.18160959721300707  0.19178776184793936
  0.20241073726883613  0.21307123830116009  0.22354227670501048  0.23395017756771827
  0.24411936057888917  0.25388565386833084  0.26329597932092563  0.27301939430055489
  0.28194650121649062  0.29042824434550535  0.29877296756802785  0.30772844745345096
  0.31774872243129493  0.32849563488904521  0.33982531216526379  0.35150578633931612
  0.36273000178084863  0.37349418630265535  0.38368436905764786  0.39393898212122536
  0.40387422733499634  0.41271808207146260  0.42150266298600081  0.42981915786285857
  0.43967004232282131  0.45144942703617330  0.46469811015449036  0.47900969189021658
  0.49364128761128978  0.50645221441352928  0.51702061559787016  0.52757854432391560
  0.53769736472643570  0.54794176556821172  0.55690970332256662  0.56615241583290943
  0.57614004202521574  0.58652117279118310  0.59645449739561052  0.60640222309784675
  0.61653264303445765  0.62623905122976198  0.63627744529210351  0.64695603965992643
  0.65852708498463197  0.66977218204722377  0.68002667064022049  0.69068320851856591
  0.70133381775653647  0.71127674963723242  0.72089878612941172  0.73087349427246096
  0.74152321170483526  0.75281730115626144  0.76428688918970467  0.77564654975488612
  0.78689119766565763  0.79835720010211875  0.81006214521612363  0.82116414188113152
  0.83185408745245393  0.84278961302185740  0.85475879921278541  0.86797994920470878
  0.88036663921534142  0.89156521125575561  0.90278168673052062  0.91421783105060173
  0.92584148204308681  0.93657463481007119  0.94772649444354262  0.95866877220174695
  0.96922107811748504  0.97980933467171949  0.98999682911403319  1.00000000000000000
 -0.00342615386462194  0.01072913154124923  0.02358335630144529  0.03587114250392475
  0.04742028429191999  0.05659935668504926  0.06651086640151854  0.07599960472130356
  0.08548657901202848  0.09466364452151030  0.10310886546161455  0.11187710109774177
  0.12109802170302332  0.13070112121893576  0.13983271411930326  0.14823795912134938
  0.15655421004659567  0.16563724066393143  0.17581279101318906  0.18629860237525728
  0.19606145409651107  0.20673488217242791  0.21543627869714818  0.22596482363613452
  0.23646995276485627  0.24653965323884414  0.25557385895630036  0.26359329523374458
  0.27213778828591695  0.28145339605528713  0.29167255799675179  0.30188196340536227
  0.31203099877548907  0.32223481607003446  0.33280995275746655  0.34553558207961221
  0.35771558326332475  0.36959546773771207  0.38089446639834867  0.39227559929045153
  0.40420864630135972  0.41583307555384880  0.42667037307693456  0.43780482417798272
  0.44965331046763041  0.46135628671650014  0.47277236977435011  0.48478802476936361
  0.49618488672359412  0.50701696650469930  0.51781100521220447  0.52872140974755344
  0.53998636318618110  0.55131719627789977  0.56219396891440743  0.57241458325894135
  0.58156944623817786  0.59008341985436952  0.59823233312981516  0.60661503112800397
  0.61604146819389838  0.62662420798862317  0.63713506046343937  0.64724958307053060
  0.65625604504082991  0.66553286019724378  0.67466607917352484  0.68351171711077696
  0.69327692758712467  0.70347124124581450  0.71516199726695873  0.72647619386938422
  0.73692953957629004  0.74749861865530676  0.75773607919061381  0.76826584614852600
  0.77757126987705061  0.78680165971643612  0.79660783827138537  0.80726012673234226
  0.81864432372244555  0.83079451383159530  0.84262267787337086  0.85378298163324484
  0.86458657562761454  0.87572490369207845  0.88683351833305246  0.89827279886786893
  0.91040319789263890  0.92195168916280312  0.93361915942089879  0.94529030037416528
  0.95715749868647548  0.97035246063309932  0.98474081078986009  1.00000000000000000
 -0.00089320368564722  0.00365353237508066  0.00839755763070229  0.01351914121228596
  0.01993364861273435  0.02631983647874605  0.03242995353063527  0.03853742020343100
  0.04533839029359222  0.05305535928866124  0.06107184180491288  0.06922252519196602
  0.07723465713179090  0.08489471435408265  0.09265899623667709  0.10050718523637943
  0.10804944578222536  0.11572748414062020  0.12338842622995862  0.13167763033583160
  0.13961076250321186  0.14768317438924372  0.15571900619280366  0.16408000429232569
  0.17275503157191524  0.18129290572770609  0.18979115522178960  0.19856699897263555
  0.20784405543760318  0.21743910384800685  0.22730602095111185  0.23657801408678378
  0.24534504392597931  0.25436283307318308  0.26411719247464233  0.27478143663997984
  0.28555181912439037  0.29615225600795086  0.30711708820652811  0.31847117432855943
  0.33008911742363495  0.34130349928380416  0.35210986214179246  0.36356181209052052
  0.37560618943859281  0.38817303825526761  0.40231655274592809  0.41872953341019375
  0.43443267134740587  0.45006422810164037  0.46663235513773832  0.48634953045573615
  0.50927205105512607  0.53028871446989623  0.54907093261907924  0.56732410813609080
  0.58669826182137408  0.60547083508523158  0.61967193815565536  0.63363103093586293
  0.64767595980639558  0.66091780140088474  0.67313289187078962  0.68473846904971336
  0.69567057004956045  0.70555214044582215  0.71507045183106521  0.72534422545376365
  0.73665420736158416  0.74755183777564083  0.75780274185231411  0.76824281038688358
  0.77899728239777388  0.78974268248710011  0.80045127110911996  0.81146225059249444
  0.82325516658626974  0.83560299672598048  0.84639447567125980  0.85681953519222565
  0.86643568035181329  0.87561703493952203  0.88489130228334101  0.89456619355192479
  0.90460127196220175  0.91405406988361959  0.92278503654432398  0.93112646740534488
  0.93933741116620884  0.94750257352129208  0.95599735616898751  0.96475443238008940
  0.97337565322827913  0.98195624544991067  0.99088095488349159  1.00000000000000000
 -0.00294222082349155  0.01097784565007966  0.02269816024944281  0.03549226603204510
  0.04816087131686264  0.06059964013675146  0.07143138896782047  0.08229651856460479
  0.09346593884360667  0.10596178391704783  0.11905224332351180  0.13197908845421230
  0.14440743422721622  0.15635844111076846  0.16731268603996599  0.17723477918548763
  0.18732049957266392  0.19765010785905954  0.20806076175203481  0.21819061165385450
  0.22893310928229074  0.24046600206938701  0.25267257994024006  0.26336356808756861
  0.27337838336975773  0.28361873251698350  0.29493478665821737  0.30728174152009102
  0.31812504736704628  0.32675611627219525  0.33510786099539935  0.34421202959494684
  0.35440638290888027  0.36547819254463493  0.37523922978190904  0.38500698555206320
  0.39477302053890001  0.40536225861231445  0.41744604753222603  0.42962373794897851
  0.44028835273281630  0.45008131085982012  0.46008183830118071  0.47079066073221626
  0.48107914576982636  0.49014814059913542  0.49879856445590554  0.50688601619133111
  0.51561944429699125  0.52452159060509018  0.53413881121913820  0.54466513245558856
  0.55551721142997446  0.56635707073291153  0.57729205853541143  0.58823696051441587
  0.60009647041424075  0.61154932603955914  0.62275317712051104  0.63375735435164182
  0.64476932304761281  0.65610081571243251  0.66748647235255210  0.67869612025762449
  0.68859591724301228  0.69763007293097212  0.70561818581389191  0.71428838670090899
  0.72288175098269958  0.73235298160353568  0.74202055733778960  0.75194224992717540
  0.76213051941333354  0.77244497909873200  0.78336589107832888  0.79505119308968120
  0.80687498201626984  0.81886240652487174  0.83054118258268594  0.83995576259991456
  0.84890002847080026  0.85789355739940687  0.86761325133857436  0.87783233636405433
  0.88832498663232173  0.89874216642055915  0.90900218162793689  0.91842116040327737
  0.92704358383563601  0.93570045163464888  0.94474051892979849  0.95479448947734147
  0.96477381880578728  0.97542509160208035  0.98706523245041322  1.00000000000000000
  0.04294147582235693  0.23767598395336897  0.27191035381658396  0.29385970827662383
  0.31506392509336406  0.33522861534752391  0.35129677275430377  0.36423621190557659
  0.37634225427412044  0.38742733962344095  0.39830967289074176  0.40954610375689315
  0.42091911350916089  0.43242276107326832  0.44383513580076389  0.45432755163234279
  0.46406583509814436  0.47337140770432856  0.48194208231630881  0.48983269833259618
  0.49761619979172239  0.50553594861055784  0.51315464742516881  0.52054975841760964
  0.52815845278655182  0.53658832609287621  0.54479919260038656  0.55267998783895544
  0.56005926545328055  0.56735969339922421  0.57478515262013652  0.58220702819683645
  0.58940798696218000  0.59625643989154653  0.60314530561772262  0.61006701644246819
  0.61672713239541732  0.62322059698409826  0.62988479033295897  0.63697010763106021
  0.64427477408057510  0.65143920135339572  0.65818187318606358  0.66458525521940182
  0.67085409137599317  0.67723933394694902  0.68371011597974762  0.69013646272150475
  0.69648009940499922  0.70289954638236551  0.70866969025746329  0.71362260219841223
  0.71835149465290604  0.72317915866085125  0.72830563058041353  0.73355036170600196
  0.73833404329947339  0.74327461654924476  0.74837195775181242  0.75358601390344415
  0.75919022719421458  0.76449401676502871  0.76948305974537423  0.77485934609667528
  0.78036657388216635  0.78601851393195854  0.79138014370966481  0.79711080907778520
  0.80266654675452220  0.80863523801011572  0.81475155201139249  0.82115010176233838
  0.82789628127150494  0.83410473314568589  0.84099751628327712  0.84792256885515715
  0.85415779791864721  0.85938296001285819  0.86456616472328740  0.86988047133799828
  0.87570060181015341  0.88142717153949091  0.88635127751798748  0.89096938196655973
  0.89551722973760295  0.90041424574237405  0.90584020691878886  0.91139976031577397
  0.91753240536220448  0.92452012263748262  0.93278557641486637  0.94194350701321561
  0.95169140610609237  0.96384186411435091  0.97984286980104374  1.00000000000000000
 -0.01927890204789170  0.11012875931883395  0.14478449275188918  0.16664448297128756
  0.18384020181751995  0.19961661494139715  0.21419548539272112  0.22568667323120442
  0.23565895356211647  0.24528228572194280  0.25473045679616507  0.26399756210477870
  0.27276454423724544  0.28173219077241263  0.29072026670736589  0.29958613057856337
  0.30830253347442227  0.31681401518974528  0.32505500328902648  0.33295818871997707
  0.34070938971754150  0.34821976987373499  0.35513615140805888  0.36068420606642265
  0.36569181101916837  0.37064334338751198  0.37582290049438749  0.38134493238662487
  0.38719998564513830  0.39319476763427785  0.39867592705067412  0.40360833806166285
  0.40835683273903722  0.41304880462362237  0.41784237959828013  0.42269582592751354
  0.42758010417622122  0.43245516828770908  0.43767784205850024  0.44319395286160673
  0.44883541014844153  0.45445843275544162  0.46015862466759805  0.46574897215188699
  0.47129155951285084  0.47688646977938715  0.48242482376603313  0.48799056248343115
  0.49361562745651488  0.49932379666264665  0.50514992870599607  0.51096207172048058
  0.51652135467413907  0.52180256121394342  0.52731634097236657  0.53299134705582130
  0.53899055331501700  0.54462305321063487  0.55054778277664629  0.55688333991646044
  0.56326014217256115  0.56931927998755294  0.57507296956901488  0.58040291445714765
  0.58620430273684865  0.59203796293405109  0.59812740285346078  0.60431446002268119
  0.61049124003366451  0.61674350680475409  0.62296535961776345  0.62915800897059704
  0.63530190757380878  0.64140237586812388  0.64811040348362625  0.65528306080834331
  0.66300859221994568  0.67072231697640494  0.67822274634100221  0.68583195791506812
  0.69385420427428446  0.70238010582928756  0.71132109810925725  0.72054066943957329
  0.72980516022312281  0.73882894361638884  0.74892983724795226  0.75974352304639070
  0.77045126566022448  0.78092002227607282  0.79246752617873395  0.80733346156012686
  0.82506869192268928  0.84893009211845605  0.89024966090933533  1.00000000000000000
   1.5545843747988251E-004  -1.0000000000000000     
 F F F F F F F F F F F F F F F F F F F F F F F F F F F F F F F F F F F F F F F F F F F F F F F F F F F F F F F F F F F F F F F F F F F F F F F F F F F F F F F F F F F F F F F F F F F F F F F F F F F F F F F F F F F F F F F F F F F F F F F F F F F F F F F F F F F F F F F F F F F F F F F F F F F F F F F F F F F F F F F F F F F F F F F F F F F F F F F F F F F F F F F F F F F F F F F F F F F F F F F F F F F F F F F F F F F F F F F F F F F F F F F F F F F F F F F F F F F F F F F F F F F F F F F F F F F F F F F F F F F F F F F F F F F F F F F F F F F F F F F F F F F F F F F F F F F F F F F F F F F F F F F F F F F F F F F F F F F F F F F F F F F F F F F F F F F F F F F F F F F F F F F F F F F F F F F F F F F F F F F F F F F F F F F F F F F F F F F F F F F F F F F F F F F F F F F F F F F F F F F F F F F F F F F F F F F F F F F F F F F F F F F F F F F F F F F F F F F F F F F F F F F F F F F F F F F F F F F F F F F F F F F F F F F F F F F F F F F F F F F F F F F F F F F F F F F F F F F F F F F F F F F F F F F F F F F F
  <DiscreteSampler_grid>
  grouped_processes
  1 # 1 for a reference and 2 for a running grid.
  10 # Attribute 'min_bin_probing_points' of the grid.
  1 # Attribute 'grid_mode' of the grid. 1=='default',2=='initialization'
  0.0000000000000000 # Attribute 'small_contrib_threshold' of the grid.
  0.5000000000000000 # Attribute 'damping_power' of the grid.
 # binID   n_entries weight   weight_sqr   abs_weight
    10   10   8.258332302957872E+002   5.732031059741518E+006   8.258332302957872E+002
  </DiscreteSampler_grid>
