  0.00338820319614577  0.01147539207354048  0.02116722054881411  0.03107996175694619
  0.04114521714036882  0.05163136251245177  0.06242591930890740  0.07305507727134820
  0.08348785450554402  0.09353828010383304  0.10360864918253887  0.11370367799983877
  0.12425117054320672  0.13438934938609592  0.14444326303779567  0.15405122995655648
  0.16335675788118453  0.17277669130882226  0.18221736049781087  0.19178454499117900
  0.20165720254728714  0.21184033465053614  0.22207893497043021  0.23210097534299245
  0.24203052404148065  0.25208970747372633  0.26208809975735103  0.27206271348216349
  0.28220763860803544  0.29270889905906800  0.30317090688445619  0.31339687005914241
  0.32353224231028188  0.33396991102666629  0.34480432922563181  0.35600797504633780
  0.36743793849660883  0.37896027030519802  0.39062591675171016  0.40244750829850684
  0.41437031000045782  0.42598796122802607  0.43731793617282255  0.44862935208501697
  0.45968619397787680  0.47050589524734704  0.48117502560452680  0.49187565795125981
  0.50244520577360696  0.51301914779478985  0.52370030067577800  0.53440000769020479
  0.54503271947845644  0.55565179114288321  0.56634758225778792  0.57720767873132717
  0.58790420746277217  0.59913958696906755  0.60998216277354389  0.62016846948799365
  0.63043202427320011  0.64094005720817582  0.65161242103544648  0.66231951190537774
  0.67309466196385659  0.68380515913765738  0.69362263982173022  0.70302272578295388
  0.71292123180552269  0.72285426455448565  0.73310643998029179  0.74319744914452401
  0.75340089290339873  0.76369748032482487  0.77381899557549982  0.78425690814410987
  0.79424497451626475  0.80474170248225585  0.81558158309675732  0.82726095396999688
  0.83856689654597438  0.84933724933004862  0.85980483367282012  0.87052482096728923
  0.88151996631473939  0.89231354960176201  0.90273334942701489  0.91328268630562337
  0.92398308350046099  0.93462555150541859  0.94535976541313627  0.95616668318682452
  0.96681155423644149  0.97722790237087376  0.98828899494384859  1.00000000000000000
  0.00702647648331090  0.01615081019347351  0.02795872187643302  0.04026678732732666
  0.05116590397785829  0.06187387879947064  0.07293992202900214  0.08427156668461200
  0.09453397659016699  0.10454608424721554  0.11550003173089365  0.12629386736826320
  0.13673433950276745  0.14675863406876902  0.15799422847429698  0.16931410167422034
  0.18044941779220400  0.19113884019828417  0.20153838191201978  0.21179798296392741
  0.22235478181280988  0.23303299654362608  0.24348065103831248  0.25370291885195079
  0.26379776853860970  0.27394037022418799  0.28379098232708805  0.29422161868197572
  0.30485872221996874  0.31551430812512404  0.32602403659842272  0.33682595164066015
  0.34759314696027682  0.35842639872193410  0.36886498798674455  0.37921442839810754
  0.38949872623553727  0.39990151087289810  0.41010661995339892  0.41990815065683001
  0.42939059330173274  0.43923837691728984  0.44948793204806625  0.46003043715979181
  0.47050637255450573  0.48097902530158992  0.49171390989112862  0.50195819337996173
  0.51189163911348423  0.52136985529577740  0.53173070575643899  0.54211892868907674
  0.55315120659292538  0.56431422425715838  0.57490661586431269  0.58527317079297159
  0.59605969483515020  0.60670174838003299  0.61765199380102609  0.62837651910938153
  0.63919928730262965  0.64986527877429279  0.66039474074751847  0.67085332670516651
  0.68138500621797349  0.69170932355636749  0.70206300050217119  0.71254569840955329
  0.72340092450419502  0.73445436528904917  0.74564688550335345  0.75642371584333501
  0.76676460424370096  0.77666141581412174  0.78661063046893887  0.79647511132191251
  0.80611854485799606  0.81564380716036278  0.82536579280695721  0.83522276813522500
  0.84495880952298030  0.85481083030467064  0.86434427655675639  0.87426450361061425
  0.88459314769285391  0.89508096491108369  0.90544629888603811  0.91552752263035542
  0.92595241769607850  0.93674670752664124  0.94734739262277601  0.95792936322880584
  0.96823920284625242  0.97855478552493846  0.98906396419332943  1.00000000000000000
  0.00334700310813419  0.01213875014706222  0.02129156196619401  0.03093684710464821
  0.04067786775469198  0.05076941163891115  0.06054753770277074  0.07074980551293507
  0.08130553673361575  0.09222123937568202  0.10276342411195206  0.11242995050791808
  0.12159433375212864  0.13079284634106600  0.14034719576252314  0.15027556951740770
  0.16063654251640044  0.17114192052996199  0.18197433757194195  0.19273057065234647
  0.20318638866954492  0.21343142500743154  0.22304940338940649  0.23291214638355556
  0.24300898997519466  0.25364033116477858  0.26476935223000336  0.27567189228478206
  0.28604213094262837  0.29621525156554784  0.30601606335574139  0.31599260120556749
  0.32629312625559836  0.33738373933208987  0.34892065042638454  0.36035513005311942
  0.37152919747125879  0.38212648053980064  0.39229119820688324  0.40279132298937503
  0.41365904517526314  0.42451169773166419  0.43561762727921066  0.44657335150713962
  0.45763452211065725  0.46798990241549115  0.47827763674701357  0.48849688016512349
  0.49881527935815889  0.50901905851450779  0.51914410275780343  0.52937789054431494
  0.53988458759498059  0.55002684049486927  0.55983218605991081  0.56959380295023854
  0.57953976695062259  0.58988164478234295  0.60044577118351350  0.61113604103130725
  0.62139634217931572  0.63210373798836750  0.64271072861458489  0.65313426274108344
  0.66353531526313669  0.67449262277524025  0.68664723999728816  0.69835922153501029
  0.71037994870351950  0.72246725544014856  0.73417091668286960  0.74538305907247149
  0.75630885392622227  0.76723289517106386  0.77820990392721467  0.78901830134300099
  0.80009504807126230  0.81126701667465384  0.82166964419177968  0.83150652090952548
  0.84074990051536069  0.85006330287197729  0.85984068651686674  0.87016342924082091
  0.88051251406213971  0.89059952396256215  0.90071756265682712  0.91115330684024409
  0.92189822460123061  0.93255223292271994  0.94345983614653028  0.95440011904530653
  0.96560563633043839  0.97705662996615117  0.98851130697760503  1.00000000000000000
  0.00555575835139053  0.02154811713477031  0.03603278957796009  0.04851578845517062
  0.06019431886228973  0.07165058217827878  0.08285707909123406  0.09404851040177474
  0.10534221572992224  0.11629817685684157  0.12710646327764114  0.13829577745993760
  0.14957971927560712  0.16104653440170716  0.17204777631983384  0.18293481648436802
  0.19385164237578162  0.20475097007815091  0.21558928614926007  0.22622773596382956
  0.23720817943807990  0.24817620811442820  0.25878384049495151  0.26937202345570971
  0.27905122075112709  0.28864589282123937  0.29864353433965146  0.30952236670435185
  0.31985700701268682  0.32932724709434463  0.33853820723997263  0.34805312275655559
  0.35795367132864736  0.36797746777406293  0.37785614757813363  0.38805340029225283
  0.39823872873832727  0.40902212950537392  0.41962450591019773  0.42982420191878840
  0.44031795072125196  0.45081392092142653  0.46096175830331915  0.47081212792902516
  0.48068784087452437  0.49072273237462821  0.50067586327488567  0.51085502482559486
  0.52116064483842328  0.53144413809576774  0.54170795069981692  0.55216977344619356
  0.56277487827391426  0.57337650761024805  0.58398417313708162  0.59465738388247114
  0.60536482259442803  0.61593689747980518  0.62613510715610310  0.63627731525003917
  0.64637881577340039  0.65720730495197588  0.66801642020217233  0.67894302728472655
  0.68906610762771714  0.69901982236277094  0.70868284138417381  0.71838726487217330
  0.72832441846489671  0.73930309531494964  0.75016672200954493  0.76057941886793645
  0.77098814092513801  0.78108572930197462  0.79151192069280618  0.80153196442629326
  0.81114894185055786  0.82081462764276836  0.83050296304278537  0.84067107239686423
  0.85045247922453615  0.86034734190601136  0.87004494955397060  0.88015659654122835
  0.89051517698193627  0.90034263927024183  0.90949958830074085  0.91859757598028058
  0.92819103842266193  0.93815814778858742  0.94831467532243752  0.95861267932089322
  0.96921651878624193  0.97925247917071123  0.98975307815564351  1.00000000000000000
 -0.00017262707364030  0.00159360135674860  0.00414814481676650  0.00755379706724470
  0.01167493541621665  0.01631366160498446  0.02161431226359455  0.02726707140299568
  0.03330178077817493  0.03993066151951425  0.04667785165991831  0.05356881901649417
  0.06088024517000361  0.06823691672437379  0.07577289566102700  0.08369996267166256
  0.09193915141926391  0.10026934811427499  0.10867653692093054  0.11723908074450634
  0.12582388781611339  0.13443620823450297  0.14319195283174652  0.15219104401057076
  0.16149759226851307  0.17107451240502200  0.18071564547096999  0.19024249795160836
  0.19983310883934524  0.20925465737251314  0.21856042778436524  0.22810148640434105
  0.23806578127339373  0.24823708399738420  0.25849861772586186  0.26889239155480799
  0.27916609370624823  0.29008815966229956  0.30109338154735243  0.31239622943115775
  0.32352450029106111  0.33450537377582934  0.34544922390422228  0.35664282722652996
  0.36794463489158352  0.37911498200451671  0.39012425262032085  0.40115808447536427
  0.41232639684662570  0.42359240382027391  0.43496179441646665  0.44652589457122049
  0.45830603213595444  0.47012955394786005  0.48200812415432825  0.49398511568347825
  0.50616414230408546  0.51845418168836666  0.53090638242479316  0.54359206384611447
  0.55641791958910836  0.56893940139857835  0.58106023050216071  0.59308369767303359
  0.60524806604991876  0.61747821966670302  0.63013523238648428  0.64296714049266290
  0.65581128693807134  0.66857452720898403  0.68146123733043140  0.69432170443453978
  0.70748503880020397  0.72092544803801595  0.73418551760760586  0.74726136232491647
  0.76008365948956735  0.77290478327364942  0.78572633847015838  0.79851453672713490
  0.81128373904681383  0.82407188893593331  0.83695004107929993  0.84990762267378095
  0.86282852884197625  0.87575198283413935  0.88858935209535306  0.90128686225281152
  0.91375789130880314  0.92616948374130426  0.93863828594496534  0.95107867307087823
  0.96338622061338808  0.97564771612752821  0.98788915848520686  1.00000000000000000
 -0.00250822180030377  0.00940431393499999  0.02030917094377083  0.03166450083502412
  0.04294549078661515  0.05428344603527894  0.06513233074626310  0.07547674137650431
  0.08571783836065822  0.09619192743948943  0.10698884338928533  0.11789382692029890
  0.12887335713445702  0.13979492357526788  0.15021727982497271  0.16043611596994778
  0.17059892409983948  0.18106396003834740  0.19161494918971830  0.20245403055857811
  0.21367838626199726  0.22512560063928791  0.23609586793134366  0.24640955522567370
  0.25629290394147441  0.26617021497680343  0.27645474571077783  0.28685168411780759
  0.29758093291900461  0.30847939110761702  0.31936135291279083  0.33013768553241146
  0.34083585123501692  0.35107136746329753  0.36131661850226249  0.37156745193357749
  0.38237999721700350  0.39290954410669954  0.40326534308897810  0.41348203103596087
  0.42383244332488879  0.43372824481495431  0.44369110695293695  0.45350512485136657
  0.46396021447829483  0.47477308251172345  0.48572902541157476  0.49654502329849209
  0.50734034521684879  0.51794885102315347  0.52885282249435461  0.53962369009893518
  0.55145480858963281  0.56272380438855651  0.57405713539634518  0.58504616575302792
  0.59621431714075079  0.60717839417479691  0.61787910132173740  0.62812800084755238
  0.63813415428914388  0.64837143442210776  0.65836725798633711  0.66826326531195845
  0.67809551430570203  0.68769866399550861  0.69809571382700653  0.70862195110994830
  0.71976050994490415  0.73080085915483162  0.74186270246776476  0.75234675686944130
  0.76215644074496791  0.77206077398295891  0.78245109309317562  0.79325298140788636
  0.80396071595060370  0.81464347704158713  0.82606255030615605  0.83719879366571215
  0.84799599011174864  0.85847744915700486  0.86881471403664912  0.87944447200007392
  0.88983071761947219  0.90019792666913179  0.91008171571743590  0.92019548684985930
  0.93054001512375573  0.94070777513091919  0.95053435438286304  0.96038148419263292
  0.97019788632039217  0.97994713432348590  0.98984143563422611  1.00000000000000000
 -0.00233533290527925  0.00902265905069977  0.01866917387434348  0.02981750463595239
  0.04043007031043232  0.05115435620667553  0.06134965539257339  0.07202712473203278
  0.08265798106287918  0.09365088873273986  0.10442140897410711  0.11433425836726113
  0.12422081379931563  0.13387341340372730  0.14377681405445131  0.15370671793706717
  0.16380392612870945  0.17484619908378518  0.18579594068366487  0.19666803688465617
  0.20743876696615171  0.21827519947211216  0.22892134802038300  0.23949367082913742
  0.25019843215066256  0.26133979036798566  0.27224157275780503  0.28298998518634755
  0.29351736216536695  0.30477666031017059  0.31632268549760689  0.32755297192190885
  0.33888778703112776  0.35041772221137413  0.36138291571969877  0.37219754289181123
  0.38273504162054878  0.39325278286629645  0.40339233597447560  0.41353734314237584
  0.42443975914052767  0.43559488585004325  0.44639757644398820  0.45704597171798828
  0.46790328923614555  0.47875452800123897  0.48938389758420547  0.49981350595487356
  0.51011894606998132  0.52045968502482343  0.53098054522114191  0.54131987553740069
  0.55127326657012443  0.56135104355945009  0.57218883544894672  0.58342943033726591
  0.59417982961992732  0.60476417122897730  0.61551419192941936  0.62656533957295890
  0.63735394676748969  0.64810582810927320  0.65878183656279687  0.66916783329674712
  0.67931057985422272  0.68976877035164774  0.69993026114705359  0.71019520537690028
  0.71998480661871544  0.72982878816332353  0.74013798734796510  0.75025426540982487
  0.75995734809366666  0.76962300186950194  0.77980893219408232  0.79004125077773668
  0.80019536243994105  0.80995840902059046  0.82072618149611209  0.83144479856522879
  0.84163069066551621  0.85160134385255071  0.86182464439177520  0.87253899696195181
  0.88325983481980608  0.89403726260437866  0.90474716681316214  0.91550498782718404
  0.92663334023709754  0.93772616056620217  0.94837103468024520  0.95880509003346392
  0.96928245232895427  0.97921618707037306  0.98949341096528431  1.00000000000000000
 -0.00206730747377612  0.00849835695399417  0.01833641762659310  0.02872686002108358
  0.03905311391008444  0.04878044481352022  0.05863136601504296  0.06862478092275076
  0.07914271148370343  0.08976540959489501  0.10020902728499186  0.11085640161910305
  0.12138594163439156  0.13188112674831556  0.14225535025308447  0.15262609373257824
  0.16303648789883085  0.17364168591084045  0.18421685317997821  0.19488298103626672
  0.20508911084237808  0.21586044222669107  0.22651104246912690  0.23717896055875448
  0.24769375158661075  0.25849069163556182  0.26939140333139938  0.28000442498864103
  0.29028182685651255  0.30057091150956794  0.31131792098384059  0.32247634525695723
  0.33344129415047213  0.34440885762365703  0.35533268180162980  0.36639423041258612
  0.37736891969395953  0.38834501654998405  0.39918904533310923  0.41004797495402634
  0.42126129082446068  0.43253370458264201  0.44328278289488460  0.45332576330223112
  0.46324938644505137  0.47317039794294719  0.48319953279379491  0.49334651399503870
  0.50401863442772654  0.51532209473058699  0.52633637995882565  0.53711344196120725
  0.54737301652523573  0.55695537291769670  0.56635706176714185  0.57589824321384753
  0.58571849970421108  0.59564511396347619  0.60528319996717783  0.61492552306381243
  0.62499964067548974  0.63530182482968156  0.64553539379226255  0.65585894650552601
  0.66644026163606507  0.67731657138220258  0.68817033699248076  0.69861710258986554
  0.70892687734367488  0.71958670083004239  0.73041448213318161  0.74111206571044519
  0.75195490609044602  0.76324951444492206  0.77449451816806403  0.78552060154479009
  0.79604592930451801  0.80616057876093294  0.81626746141996753  0.82643883004290064
  0.83695596197085664  0.84773428308402232  0.85841298807059108  0.86933672467610346
  0.88055116189215354  0.89201802051668477  0.90317475087708010  0.91401548330384907
  0.92516518932160519  0.93641470705908714  0.94721506407224709  0.95751738739486003
  0.96786510622902011  0.97850711807069823  0.98901957563220355  1.00000000000000000
 -0.00216657630297125  0.00860750395952446  0.01897272683404857  0.02939130241259885
  0.04058721189373377  0.05156216506584063  0.06237825304182248  0.07287954962478410
  0.08299743033729352  0.09322613788815944  0.10351506757988431  0.11373439005388158
  0.12407496460997280  0.13459973437306205  0.14521680648792631  0.15587401383763269
  0.16641038400803498  0.17697428956489850  0.18770181070851188  0.19840744054188811
  0.20901689514567684  0.21959047012537519  0.23062496889716014  0.24236901939475752
  0.25372733587371593  0.26447659555694886  0.27504925197219288  0.28556714780678955
  0.29637844607866920  0.30693984534747532  0.31766412869292443  0.32806790096894117
  0.33883614284778241  0.34978158642053503  0.36025270179362584  0.37070085783868423
  0.38136059396587851  0.39194142412871352  0.40227477414708684  0.41230469682454846
  0.42317112752437952  0.43430361598431683  0.44504539979687574  0.45565572487021599
  0.46640478822449505  0.47713650114202227  0.48730266083241158  0.49693487093581490
  0.50734163355295137  0.51782686572251890  0.52830724306464072  0.53833351388061967
  0.54881357367169625  0.55982126528236742  0.57055636554358580  0.58085573506604116
  0.59117524472754857  0.60167450048384341  0.61170965915830544  0.62160110270931468
  0.63117931124364723  0.64098319456927721  0.65106995695452186  0.66127318351798248
  0.67148519349514113  0.68158344957001760  0.69169530982456484  0.70182383144770066
  0.71260062616885844  0.72342199431981713  0.73451961754590900  0.74619446015885404
  0.75794973857408965  0.76917223156051617  0.77971900955566453  0.78973474693157109
  0.79996081365156990  0.81042290496501934  0.82115151777349316  0.83150486778616350
  0.84129415759569770  0.85139321485357788  0.86147903303184137  0.87241869997933119
  0.88355043644351339  0.89436863263407473  0.90531642407627244  0.91627373025756509
  0.92734056833030531  0.93839770938253064  0.94899392202494171  0.96024148760316153
  0.97010157242629758  0.98050516387970199  0.99006176682619373  1.00000000000000000
 -0.00278487382135142  0.01011439376554995  0.02131361665405513  0.03216811479966939
  0.04309779349801784  0.05454587421444491  0.06556640700342423  0.07589305122772527
  0.08587123979686719  0.09576258070481472  0.10614968334672341  0.11633185909193450
  0.12679135509620754  0.13743201682435011  0.14829817625535266  0.15926648949959726
  0.16972142856589142  0.17948028076605918  0.18901527986953379  0.19830186567176072
  0.20790874730382350  0.21786943146364665  0.22804932455953353  0.23826848202879916
  0.24847414076882920  0.25909884069884515  0.26987360113516934  0.28013192073478166
  0.28991071318445716  0.29972972308215406  0.30995158870134709  0.32090835894945480
  0.33190382141092400  0.34297644133560196  0.35383822939856840  0.36461800637122088
  0.37540567197860170  0.38627807146800880  0.39733294428669053  0.40828198815762268
  0.41909537074346048  0.43006227919651469  0.44104361689032356  0.45202030287865069
  0.46299373021339885  0.47370945104077589  0.48399921955200048  0.49397317999895035
  0.50382488470672793  0.51375760013853877  0.52361637531572991  0.53403041374757365
  0.54456062361439983  0.55571648791869910  0.56711383649883329  0.57863727561561695
  0.58951170524963081  0.59939249986261423  0.60925828535394710  0.61911945397261636
  0.62903944745729912  0.63879920192682671  0.64887590323460520  0.65945429617877416
  0.66974691610793446  0.67979884528884915  0.69000485204730611  0.70082432067992417
  0.71154567958331882  0.72182432202682978  0.73201280415854342  0.74260577612727607
  0.75351939467947193  0.76448693647213817  0.77531576649979983  0.78606453326768966
  0.79694970769364770  0.80795599478714974  0.81896652922763047  0.83005083179722439
  0.84133238764667484  0.85249406375527270  0.86319532208160510  0.87357247210196598
  0.88436685971054951  0.89502913175524401  0.90532279909758140  0.91548371509415216
  0.92643604246234068  0.93753498293794568  0.94857618670661259  0.95922801041427763
  0.96964116694470959  0.98018703520037576  0.99001567120096168  1.00000000000000000
 -0.00271691855342601  0.01051405809768986  0.02171226583387307  0.03234875118858867
  0.04303520995038464  0.05356550841994046  0.06369843242527229  0.07350892629083340
  0.08357456252607369  0.09438639954204059  0.10538503089634227  0.11633947689330570
  0.12637675634016154  0.13638973247477532  0.14675563993493829  0.15725824953852349
  0.16727934857453888  0.17746992392337793  0.18793008026652733  0.19930966021985871
  0.21019519381049548  0.22072566135437166  0.23092569161503454  0.24037472850532207
  0.24995057334695028  0.25981175103749043  0.26952379038898594  0.27920738017485924
  0.28901843701560409  0.29962781442983316  0.31076652452767173  0.32184506484625136
  0.33278652800175501  0.34326955595309977  0.35360363908644060  0.36381383884938456
  0.37379447497813728  0.38363074577170730  0.39359249784618205  0.40440141986118289
  0.41564698792312504  0.42645617385996532  0.43702705320071072  0.44750007964892180
  0.45787732196239139  0.46837328197975880  0.47910690117850935  0.49000714931384992
  0.50072495041919540  0.51141217767321479  0.52217823826114795  0.53328305401677711
  0.54479514965616527  0.55667788556702058  0.56783893382125150  0.57849481766676725
  0.58900346748122689  0.59991291469167396  0.61067300567609661  0.62154280194950617
  0.63211751349998335  0.64275379543106848  0.65349344246640451  0.66405134272385347
  0.67456214438224749  0.68470399488840716  0.69535146523541447  0.70640758297423334
  0.71751143430597331  0.72827125231436329  0.73903299969517333  0.74976487586277207
  0.76048617519304273  0.77120726117343419  0.78185618719948768  0.79246738947007167
  0.80245750545412953  0.81195858368308160  0.82169927239378737  0.83143411584153248
  0.84169049560837517  0.85207317853056175  0.86262279436134048  0.87355718307315422
  0.88351834358521963  0.89428545439609175  0.90530300619781612  0.91544014122716888
  0.92532157428922535  0.93494301345371644  0.94571595442253109  0.95723279993905452
  0.96762502305574571  0.97842598753206211  0.98938674336836641  1.00000000000000000
 -0.00222085748349924  0.00950003127130638  0.01910780989985049  0.02903014187028881
  0.03921704356969814  0.05008485136866034  0.06147732026911763  0.07252890030724284
  0.08346664906587088  0.09419333601872219  0.10540335608875502  0.11619566390478633
  0.12707478447484716  0.13734839122602477  0.14773264898222926  0.15870079208544419
  0.16954721244547424  0.18034765253453516  0.19157645990688049  0.20318266076548439
  0.21458488674530735  0.22507684397981154  0.23575606931908794  0.24602551777081078
  0.25616821628550435  0.26587693845501664  0.27615317677373014  0.28706310422121756
  0.29804359444685030  0.30877652217419133  0.31926352784861106  0.32966465847316767
  0.34030589406889328  0.35106413474890263  0.36159119037105053  0.37186289318026905
  0.38199436694252786  0.39213718078519205  0.40212575097436259  0.41197495173420529
  0.42237384930588051  0.43308812182032769  0.44379766319905894  0.45407575390112315
  0.46427201739422397  0.47433070799135646  0.48427797153844271  0.49427001625959616
  0.50461014511869928  0.51450195406325649  0.52422659929732196  0.53397280460034879
  0.54423654267260024  0.55451679625455841  0.56441425790226696  0.57423822554825021
  0.58397646344160692  0.59457419942493783  0.60470549441012256  0.61539430821697061
  0.62607751834397163  0.63697992675624382  0.64760864568938770  0.65872717528929681
  0.66976329431371684  0.68110714647259785  0.69208160352537718  0.70295520455415650
  0.71348603324315929  0.72341606014802373  0.73323403500442941  0.74302820788591395
  0.75317947458044199  0.76363495252078262  0.77419463064039706  0.78527834416407671
  0.79617042601539922  0.80695535518229355  0.81790909830659786  0.82865201420802470
  0.83900606758221330  0.84927859522719695  0.86032248863299932  0.87173337992295152
  0.88296704890296906  0.89419085617319927  0.90539498943294638  0.91629563907720102
  0.92684477998538839  0.93733145716964850  0.94785657585686167  0.95854522941872655
  0.96927583160436415  0.97997830180981782  0.99005938490868206  1.00000000000000000
 -0.00265117714398511  0.01046666125409058  0.02172796055837228  0.03239251149191624
  0.04343006624337712  0.05248152643435518  0.06159363797554687  0.07084312154918104
  0.08084577398072365  0.09103948481535694  0.10088684554533736  0.11076548239372713
  0.12131598523271091  0.13188866085087053  0.14250529690116776  0.15279489282177680
  0.16322162491490086  0.17335418018722684  0.18385206244890676  0.19450317864105224
  0.20527247948183036  0.21652398809900375  0.22788547210229723  0.23870189573276160
  0.24916128631814666  0.25952270541295502  0.26998711197164349  0.28055821583711416
  0.29129519161310063  0.30228334513206923  0.31315094096263169  0.32417384552622108
  0.33532040410802105  0.34632058963662526  0.35647003390979698  0.36627762454701379
  0.37622160893810352  0.38613619867037968  0.39619536917421594  0.40661047542366613
  0.41660526659399177  0.42711305772649966  0.43734189392077827  0.44824497052189627
  0.45876704050578793  0.46919465523817794  0.47951549433048346  0.48964195393622095
  0.49973310699764750  0.51014841516454112  0.52071248391853930  0.53110248796825121
  0.54162625182292012  0.55291244565666298  0.56413633136364927  0.57494513357686927
  0.58561953416945700  0.59726997484820754  0.60915719031620519  0.62094952953202687
  0.63252106694059651  0.64364765521932199  0.65470794256582565  0.66553637949638111
  0.67640085409094308  0.68741028228881840  0.69802407331046645  0.70845551997790024
  0.71831091875662290  0.72830364235034295  0.73819664048811884  0.74803037592617772
  0.75772294164778065  0.76731387248718907  0.77693485748456148  0.78676996704376745
  0.79668910908853707  0.80652952364537822  0.81655251408027740  0.82708953571786048
  0.83793657526620113  0.84892859505329676  0.85938023573954658  0.86941294346600628
  0.87966052870183709  0.88997808445775062  0.90021550488154423  0.91063765006671982
  0.92156882437966048  0.93294615919831525  0.94400053931188899  0.95497382401261055
  0.96566682741365006  0.97672529402268804  0.98804999904276880  1.00000000000000000
 -0.00216047950196522  0.00856449261534685  0.01814667586323900  0.02820383701633072
  0.03878102134145316  0.04942414357094651  0.06006447345558624  0.07037312994032038
  0.08058000566723962  0.09083971049456474  0.10131994719979059  0.11194945131851383
  0.12257833156474968  0.13346590594565280  0.14455129428763741  0.15520706176098234
  0.16507821892118121  0.17469433446354338  0.18468040333227412  0.19503795154016321
  0.20571363446935451  0.21664587328313439  0.22789263349613903  0.23887955574114980
  0.24926120190638357  0.25944900009266203  0.26975006667848300  0.28027457934186323
  0.29105995412323737  0.30205945184586414  0.31325008725862136  0.32465970888401435
  0.33608683316593602  0.34729576412308261  0.35821919062584567  0.36899734825881642
  0.37941908886583581  0.38936021810057969  0.39936859124578905  0.40968930768497541
  0.41973478473285264  0.42966768730386284  0.43998756898701541  0.45114050843278297
  0.46153592559861056  0.47136878560437417  0.48154058614578110  0.49191895205800806
  0.50219875569514372  0.51212616043527703  0.52224602077979210  0.53303200711911480
  0.54376376876901544  0.55473147558143721  0.56550943896068528  0.57632333079263087
  0.58679110787434696  0.59662134344511708  0.60634523119938977  0.61635585693844608
  0.62634405875469901  0.63635193575738269  0.64657846665286967  0.65719014256276931
  0.66751044621308420  0.67724024574898078  0.68741892831939566  0.69831301179913607
  0.70962578747825766  0.72008095146817652  0.73028983611863885  0.74060746257103338
  0.75099430441822779  0.76104870694164317  0.77110249882268866  0.78123322886751534
  0.79175397973704276  0.80218352181162667  0.81249948116250270  0.82269897717618201
  0.83306647408684131  0.84359302435949546  0.85407669086057025  0.86457263387618410
  0.87534388158983945  0.88668071362458900  0.89863487026532185  0.91095177826605178
  0.92334967586472794  0.93551691982971819  0.94715519129886483  0.95839921776118242
  0.96920104647203675  0.97966648542351209  0.98986143829463302  1.00000000000000000
  0.00577947186555045  0.23412371822694256  0.25933326150160374  0.27331592737168919
  0.28439063195893738  0.29405347270078996  0.30260860708744863  0.31043001326773251
  0.31792607420025115  0.32532922964889088  0.33265567611708829  0.33979152539390517
  0.34675049890793330  0.35364793664898075  0.36048881760016543  0.36721049308991827
  0.37376772044530798  0.38005812966483332  0.38610782054050463  0.39209947967047881
  0.39801322086977503  0.40373074299198602  0.40949068249077614  0.41505108030248850
  0.42052167243001765  0.42595678439167983  0.43144610376428677  0.43675594363776588
  0.44210364165419597  0.44726325772035630  0.45248561935777798  0.45754719839133023
  0.46287540562851431  0.46829043660730135  0.47376239450851032  0.47913623690406121
  0.48455964052783718  0.48988239979268505  0.49522578061099537  0.50046771922405209
  0.50556990598368778  0.51069056795920231  0.51589703381288188  0.52116552943842864
  0.52645975882064433  0.53172425234705745  0.53693073981600237  0.54212821461005256
  0.54733845013441185  0.55264057730699512  0.55798071908293301  0.56322847320224856
  0.56874274242681233  0.57408556888624440  0.57920824834971119  0.58435936493592855
  0.58965350743672929  0.59513106475155442  0.60090355646864346  0.60683235513920575
  0.61299209680310940  0.61918382363971958  0.62528622182549509  0.63118316252517837
  0.63692691220092934  0.64284286976587557  0.64878976412564615  0.65482031205269908
  0.66090558982071224  0.66714312563726852  0.67360262364718215  0.68019443576779748
  0.68692870625624003  0.69388754372445338  0.70087104680536683  0.70783995997977933
  0.71475202383788616  0.72179656224251620  0.72914568577691541  0.73683244219347610
  0.74457288175357750  0.75267944550562182  0.76151839570070712  0.77077929149535596
  0.78039427452036081  0.79023222288176420  0.79999713221711199  0.80988295631587492
  0.82028775172725843  0.83187657141803684  0.84525799042115912  0.86064732866539639
  0.87826337631359297  0.89976153032255479  0.93287472408263961  1.00000000000000000
 -0.02577599104710376  0.12362477397577315  0.15993526293578592  0.18167493657697459
  0.19827592569940866  0.21230955156151521  0.22463508672934984  0.23580510975483093
  0.24668136426943399  0.25709937907402791  0.26681031276780509  0.27593816990961562
  0.28475187308576888  0.29306077581695722  0.30083010525402221  0.30840807246118157
  0.31598249797345429  0.32337587030930826  0.33069511405725682  0.33739770982286760
  0.34389160817798459  0.35019121724710489  0.35650769697819162  0.36272700056245522
  0.36885662381827394  0.37486554421818002  0.38042304246450148  0.38585027790357723
  0.39137465385684228  0.39690053004400261  0.40254773756591267  0.40805236409141865
  0.41349910929910477  0.41894121911781701  0.42437716876943193  0.42975556309469731
  0.43509860341480944  0.44045962041915226  0.44628425642371544  0.45179359344948439
  0.45724932434498894  0.46262872285424544  0.46810541777146314  0.47370681150284616
  0.47921258871260725  0.48457531204922583  0.48985394536954380  0.49503230425120642
  0.50017533002565395  0.50538382550892402  0.51070946452749699  0.51609315866814509
  0.52155125226458043  0.52701010365843948  0.53240730878964759  0.53777049205538718
  0.54354288046602683  0.54924870988437779  0.55485717608037322  0.56031270734868110
  0.56573105455880734  0.57121762238917428  0.57678421753439857  0.58243420170651339
  0.58817489973449955  0.59394425670096329  0.59970348110795191  0.60549164958095025
  0.61132374280534330  0.61726389246117430  0.62344366172908039  0.62983462139744717
  0.63632472789177863  0.64292853524631266  0.64980489427791732  0.65688590929831459
  0.66413451447195349  0.67143235255009537  0.67880794910907782  0.68626686199224096
  0.69370646250376600  0.70135472012018529  0.70935182559985166  0.71773344200829292
  0.72634210461048443  0.73519349740288231  0.74423743873939663  0.75390331815185663
  0.76440758251715701  0.77571614340558159  0.78808801806040307  0.80200415030615735
  0.81954458055496038  0.84227572064904743  0.87737493549748202  1.00000000000000000
   5.2536074246434975E-006  -1.0000000000000000     
 T F F F T F F F F F F F F F F F F F F F F F F F F F F F F F F F T F F F T F F F F F F F F F F F F F F F F F F F F F F F F F F F T F F F T F F F F F F F F F F F F F F F F F F F F F F F F F F F T F F F T F F F F F F F F F F F F F F F F F F F F F F F F F F F T F F F T F F F F F F F F F F F F F F F F F F F F F F F F F F F T F F F T F F F F F F F F F F F F F F F F F F F F F F F F F F F T F F F T F F F F F F F F F F F F F F F F F F F F F F F F F F F T F F F T F F F F F F F F F F F F F F F F F F F F F F F F F F F F F F F F F F F F F F F F F F F F F F F F F F F F F F F F F F F F F F F F F F F F F F F F F F F F F F F F F F F F F F F F F F F F F F F F F F F F F F F F F F F F F F F F F F F F F F F F F F F F F F F F F F F F F F F F F F F F F F F F F F F F F F F F F F F F F F F F F F F F F F F F F F F F F F F F F F F F F F F F F F F F F F F F F F F F F F F F F F F F F F F F F F F F F F F F F F F F F F F F F F F F F F F F F F F F F F F F F F F F F F F F F F F F F F F F F F F F F F F F F F F F F F F F F F F F F F F F F F F
  <DiscreteSampler_grid>
  grouped_processes
  1 # 1 for a reference and 2 for a running grid.
  10 # Attribute 'min_bin_probing_points' of the grid.
  1 # Attribute 'grid_mode' of the grid. 1=='default',2=='initialization'
  0.0000000000000000 # Attribute 'small_contrib_threshold' of the grid.
  0.5000000000000000 # Attribute 'damping_power' of the grid.
 # binID   n_entries weight   weight_sqr   abs_weight
    10   10   5.978399274995188E+000   1.301149549965472E+002   5.978399274995188E+000
  </DiscreteSampler_grid>
