  0.00341755034553149  0.01077775496348784  0.02044180834383147  0.03018503602704546
  0.04017782172833052  0.05009703056610774  0.06032944659928974  0.07081798981093029
  0.08139325912972041  0.09143558643830221  0.10161695160688822  0.11186440774639471
  0.12242151583549207  0.13256903198607886  0.14273860139963268  0.15335010320155476
  0.16421942795782174  0.17480937381430006  0.18532106780368010  0.19600162460652576
  0.20686202738999299  0.21740359964862657  0.22777189533694714  0.23819016120310318
  0.24866179534188790  0.25913826160217335  0.26942270517616446  0.27984335025874751
  0.29048843626612936  0.30093664429320499  0.31130756492432854  0.32148306924827202
  0.33177045990430898  0.34210818307571750  0.35221020924076452  0.36231521016834950
  0.37223522203897463  0.38204625165154277  0.39219139391433983  0.40245059518906967
  0.41287531021383700  0.42297934639404500  0.43295970880798373  0.44348686163645179
  0.45419729431606809  0.46503511850256352  0.47553322797451697  0.48605180894887817
  0.49656290422381222  0.50693313090979297  0.51747192768511596  0.52818588763336083
  0.53889333098713099  0.54911478236260503  0.55900368371018105  0.56912511764090035
  0.57960252387018552  0.59026200857373079  0.60116804960524539  0.61191934651813318
  0.62247979235911388  0.63282502701357268  0.64312708410532116  0.65349260648260610
  0.66387216847340480  0.67420319449889377  0.68470008990119258  0.69503818854677879
  0.70555123509708739  0.71635841203599804  0.72739152142099561  0.73881965253842263
  0.75037695794970050  0.76190130271534839  0.77300129210166402  0.78363566017649822
  0.79381891070238308  0.80390829359330318  0.81421014363400135  0.82493743429239985
  0.83588039674789993  0.84683209570359630  0.85758975113924729  0.86816730771236117
  0.87870900284642750  0.88955794775870944  0.90014484865481725  0.91065391598308987
  0.92110638201413131  0.93185597888445859  0.94253164947767809  0.95301945873543581
  0.96395592509068928  0.97543667984364268  0.98763244267053951  1.00000000000000000
  0.00705057349602586  0.01608250255785131  0.02738994371679832  0.03894050018603414
  0.04993939938609573  0.06084587054057546  0.07160136675961312  0.08254007953019191
  0.09331278636546589  0.10432928619562436  0.11530185377671379  0.12653803919453901
  0.13759626003870035  0.14843349741341974  0.15923641868144928  0.17002593304382033
  0.18064721179535270  0.19133266576764704  0.20231151865113092  0.21341585436528315
  0.22432502701640661  0.23528973556145674  0.24633258701306815  0.25716203877183447
  0.26757420444017999  0.27777597048676111  0.28784244501884720  0.29803363277334949
  0.30842956109754804  0.31918233446122679  0.32997890782096551  0.34056660220082452
  0.35087954180898917  0.36124214991305026  0.37185082114992507  0.38262262344462006
  0.39293613487266588  0.40316905109040796  0.41341218857112866  0.42390545020736725
  0.43442224231517113  0.44494683716511113  0.45562080650792663  0.46643077167850738
  0.47709421238794325  0.48745405882806131  0.49786365141308336  0.50832364266555408
  0.51897934836867254  0.52935130715860279  0.53937585431743129  0.54917075924719971
  0.55869098353142965  0.56854331967155969  0.57865563473250214  0.58940402930815028
  0.60017144909902309  0.61092749421944614  0.62144642409088569  0.63220023157896721
  0.64249106943292067  0.65273671392009769  0.66298104304258099  0.67365472805683513
  0.68459832736573634  0.69525350978738265  0.70632339869108007  0.71716301410777727
  0.72819897686963242  0.73892583203700146  0.74943926069952871  0.75998626613998010
  0.77059739867123023  0.78126541289617202  0.79196818018716797  0.80242466158425441
  0.81297858968492420  0.82370723155711822  0.83437661725737511  0.84542144002400099
  0.85603306661675393  0.86649471753698548  0.87681833362030592  0.88729136818124377
  0.89752240370476377  0.90750720216271319  0.91742924587471242  0.92740452671850315
  0.93712937120225770  0.94703285555504169  0.95672683365586997  0.96649445650096344
  0.97630825299460733  0.98505595455248374  0.99148786409333833  1.00000000000000000
  0.00345411791347337  0.01112728803115209  0.02055943579756791  0.03052191321753449
  0.04051152191715943  0.05070334403817425  0.06118325036162253  0.07156564209096571
  0.08171279441931596  0.09162509694212417  0.10157508852860861  0.11230834183751660
  0.12299389452567429  0.13344558594329881  0.14366819420847773  0.15424238834647711
  0.16490642037022929  0.17547424535265305  0.18578441343222205  0.19613321331685488
  0.20634914003168817  0.21669735453509839  0.22680753217486918  0.23687937330427036
  0.24695287516714459  0.25738744632667598  0.26789149705125126  0.27820008412463432
  0.28822164842043785  0.29852692933914404  0.30921177238560693  0.32001087541989370
  0.33089971450089950  0.34207584678741942  0.35335906020568469  0.36440512798585978
  0.37518114182411777  0.38583853720431482  0.39654205387135921  0.40723005889589697
  0.41776140960485791  0.42816542013586212  0.43853774621953839  0.44887279076775477
  0.45921538812794882  0.46943730012527407  0.47946961077025058  0.48953062556156662
  0.50008388603521714  0.51128771291107966  0.52237393000829058  0.53301124578809655
  0.54364908948133672  0.55437869937546191  0.56501785231279777  0.57558043439830231
  0.58617203119624528  0.59680520354388922  0.60750143084566965  0.61817339374813840
  0.62870876117361640  0.63899866426247220  0.64907291330006189  0.65917174587789062
  0.66935899395272236  0.67966040613598411  0.68985224088134001  0.69986878198407743
  0.71006448315813142  0.72068940405615556  0.73132293120085512  0.74173695439275744
  0.75194469229498107  0.76227159294877267  0.77263450647530429  0.78297281569887578
  0.79327012561892996  0.80351540382241049  0.81378577048908474  0.82422257915579578
  0.83478273253374835  0.84544721210224572  0.85624502395448987  0.86717572046750047
  0.87785243836218652  0.88818512808268801  0.89859074113439308  0.90926985659742920
  0.92002246045656622  0.93073644699789171  0.94192309986585543  0.95307307246092210
  0.96441730090838040  0.97558185119568108  0.98770709152782266  1.00000000000000000
  0.00640700899553229  0.02022406136797099  0.03476713496032506  0.04746856217619567
  0.05871511828854478  0.06965982688718200  0.08041253189400681  0.09093818449569306
  0.10131102989639976  0.11184608644476415  0.12242547295539884  0.13293241850196838
  0.14357292508520750  0.15443755388679212  0.16540502146850061  0.17629474587380758
  0.18716814809727550  0.19805005215555804  0.20877041878942904  0.21932755117981931
  0.22989857330953736  0.24048266623276252  0.25109554946997698  0.26159007727943062
  0.27194560190415468  0.28218667570392020  0.29230403742543365  0.30237473385930475
  0.31241319644374405  0.32258554136736689  0.33267240820359406  0.34280866619105299
  0.35316087174050587  0.36366554494714509  0.37410981977738933  0.38428644694084885
  0.39451997927098204  0.40493359887346103  0.41543158126176732  0.42606699002458814
  0.43700985408699378  0.44802976983947024  0.45904846623505702  0.46957515543466549
  0.48009470335260696  0.49048605674659040  0.50107441666220365  0.51137477606720294
  0.52165392132021726  0.53168408541019552  0.54176737367765992  0.55203652683738991
  0.56233179255291921  0.57250198689902776  0.58258872982078735  0.59262621615165811
  0.60259638165193929  0.61253617350631628  0.62254049564140934  0.63261398800448743
  0.64267387808407295  0.65274528649390962  0.66300080721394894  0.67356543292160531
  0.68439640137966240  0.69526291332558066  0.70592958118514126  0.71656645382817474
  0.72736767864117435  0.73825985497276381  0.74921805420404974  0.75976796572993610
  0.77025100786511269  0.78074984431126448  0.79133281275221889  0.80162585591827573
  0.81177621403636091  0.82192077591862511  0.83220572097970646  0.84256028269134342
  0.85305447063453588  0.86351733908539852  0.87377760133574056  0.88397247678679491
  0.89436259556962661  0.90498769752745734  0.91554132825446810  0.92572513578945115
  0.93572896635669411  0.94553872792537685  0.95550880412603867  0.96484423388532159
  0.97400179415615784  0.98296981008468909  0.99180961381746091  1.00000000000000000
  0.00000490447075298  0.00000791522855680  0.00001185418591126  0.00001574074281874
  0.00001984632088866  0.00002480308728798  0.00002945897963935  0.00003400680260999
  0.00003856961595745  0.00004319196658330  0.00004778686510955  0.00005256816871806
  0.00005754241654961  0.00006263411791497  0.00006776716080840  0.00007292596447479
  0.00007813053003903  0.00008339579635761  0.00008861441305663  0.00009384095274857
  0.00009919500858207  0.00010460494894971  0.00011013969794942  0.00011578823758615
  0.00012156547931979  0.00012747538427269  0.00013378327974244  0.00014032131405095
  0.00014721548302253  0.00015456068760559  0.00016244499157410  0.00017101059709253
  0.00018001440504275  0.00018938031294588  0.00019900101647097  0.00020871549827329
  0.00021855573227651  0.00022878163547612  0.00023905258791292  0.00024975582208426
  0.00026077658181704  0.00027208086639267  0.00028392754808641  0.00029640741946840
  0.00030930348935649  0.00032326841452364  0.00033733489806492  0.00035216276478857
  0.00036790542936212  0.00038485867438563  0.00040286146995237  0.00042143010752114
  0.00044100014422475  0.00046145455936945  0.00048307982338843  0.00050481968021870
  0.00052767276475781  0.00055134416791885  0.00057671237355286  0.00060383838919489
  0.00063241145689623  0.00066383646613510  0.00069553068660401  0.00073116678218372
  0.00076730621421639  0.00080699709071822  0.00084813078857643  0.00089224252446494
  0.00093776823005304  0.00098645583597239  0.00104038729564744  0.00110129028438680
  0.00117000281560153  0.00124411189612063  0.00132424801142745  0.00141207221297726
  0.00150857726907738  0.00162035038065926  0.00174837453567402  0.00188899875250577
  0.00204354655090078  0.00221323841727965  0.00240551877222402  0.00263224330830623
  0.00289462380094819  0.00321788632890096  0.00362783071070036  0.00408285413199928
  0.00466300473136595  0.00564648781520594  0.00694589962335294  0.00875982588209014
  0.01076322431471749  0.01653821259721902  0.07387829109293133  1.00000000000000000
 -0.00233150145011812  0.00966125997831262  0.01978023828775496  0.03029085892105300
  0.04085523056440291  0.05133136657779858  0.06173100359142766  0.07218508614212496
  0.08273349166603108  0.09317798552893974  0.10367335755351827  0.11449178844146848
  0.12533573595095249  0.13613733610762305  0.14674250270329850  0.15735104235730815
  0.16807946568044843  0.17911195469770050  0.19025556771042162  0.20133412781321178
  0.21227653711727451  0.22320883529062532  0.23404889924647573  0.24484337517719607
  0.25538512713838507  0.26572967562464844  0.27587039779446620  0.28607954116286854
  0.29645953508886780  0.30682694268640526  0.31740236407666611  0.32808847292342747
  0.33900927021373622  0.35025373087411327  0.36170822121126667  0.37322736509899501
  0.38442097698199718  0.39517367092033634  0.40569780316777398  0.41627704517789277
  0.42710510210477248  0.43815557156177698  0.44918912767131774  0.46014167382417531
  0.47103384355861738  0.48172517851996283  0.49223785926744668  0.50278925381730732
  0.51343002128530335  0.52411665963347631  0.53456588338277677  0.54492353473399002
  0.55533274557906731  0.56563470277579897  0.57594723107781309  0.58614975619728127
  0.59621642689702858  0.60605926519982578  0.61600380408686495  0.62611731716384567
  0.63642705068450001  0.64693883019378506  0.65768797216465003  0.66830495088594932
  0.67852349171399695  0.68875003257681766  0.69895089063907823  0.70933125476278724
  0.71971425742580597  0.73029270407789260  0.74092420446734830  0.75135556816311122
  0.76155869696360656  0.77171807014822247  0.78174580858263576  0.79200731300826277
  0.80245795154403887  0.81304452236278879  0.82363502860781945  0.83415661949516229
  0.84468020971856350  0.85533068022302783  0.86611551392728681  0.87672001064389427
  0.88675679473716418  0.89657418449458137  0.90696344037354970  0.91731262695696381
  0.92739200151073020  0.93713051225708355  0.94738279207862308  0.95773983728331535
  0.96811525589406633  0.97865621749178944  0.98920437973523678  1.00000000000000000
 -0.00240133099033451  0.00961190020685203  0.01997904649237906  0.03089688933247415
  0.04135596028986169  0.05201781784222489  0.06265980109123240  0.07338238362166301
  0.08383252322286551  0.09411889219128708  0.10415897240138079  0.11414696839329425
  0.12411295192353862  0.13412873992272537  0.14399649886916169  0.15392834854765181
  0.16397064496897562  0.17431316524225735  0.18493095158840692  0.19550750222100577
  0.20598369612573444  0.21643618894388666  0.22716017561316301  0.23803271035925402
  0.24878675066459688  0.25957194337289452  0.27055058245374336  0.28165686450419525
  0.29261197363617497  0.30306957827440639  0.31363094649293077  0.32453311407459057
  0.33547993450849339  0.34612060730934785  0.35665650617464539  0.36715620444820896
  0.37800631062423634  0.38858050402775607  0.39901575765010217  0.40873785111128191
  0.41850516686809491  0.42855636223608651  0.43918629068057047  0.44998424381917257
  0.46060751041484366  0.47127574991759191  0.48197666527361083  0.49278843782992299
  0.50360492577582761  0.51417419865475522  0.52442050304362287  0.53455387950303779
  0.54498911860018706  0.55566533648409411  0.56613181007150393  0.57632869937578646
  0.58650719403687401  0.59693952084484003  0.60745250702558373  0.61801555812228492
  0.62881459457986988  0.63981795539352115  0.65067309841785392  0.66115948233868738
  0.67150279144383118  0.68189585955226650  0.69205214193269582  0.70226268855100571
  0.71259137299894582  0.72334898058975250  0.73435460801855901  0.74553004103550602
  0.75644805405218840  0.76684675691160387  0.77708940019769779  0.78743486938140272
  0.79795602376807273  0.80888671388409250  0.81996809525574033  0.83120712625547977
  0.84217958693974171  0.85273108179316093  0.86324846500736552  0.87377217130794649
  0.88453977750080404  0.89528835672781160  0.90596104532195898  0.91637247477791528
  0.92638713790642424  0.93640256257804855  0.94689182517071546  0.95768784103973326
  0.96826501930054243  0.97880715861078471  0.98949949586136643  1.00000000000000000
 -0.00239603439286646  0.00950011313605123  0.01938946149716137  0.02967435147533229
  0.03978223937846701  0.05037819641130513  0.06079610987455815  0.07143047857923765
  0.08195440376481115  0.09286055360879733  0.10430566436870985  0.11570700639119190
  0.12684112132158382  0.13767558801029253  0.14837219963892137  0.15914255529628996
  0.16999173316510294  0.18106430056835829  0.19178434723647680  0.20221119444457603
  0.21265744005182002  0.22323491069433504  0.23358220542560598  0.24375617896993809
  0.25403816022426839  0.26422765250324209  0.27459131312405444  0.28486374375331269
  0.29571531650668753  0.30690489639095719  0.31815930411176296  0.32905988917772405
  0.33978009912072948  0.35047712555838489  0.36102018935274371  0.37137962905841437
  0.38176050079368862  0.39234383769810582  0.40291777622216635  0.41340059292124115
  0.42375464146530467  0.43410476999172476  0.44459832142424427  0.45528897121604545
  0.46621151527372767  0.47740086968038925  0.48856422922411097  0.49959215071516538
  0.51045295818226089  0.52113981330465919  0.53152981906302410  0.54160586766047858
  0.55148869503094633  0.56126063568027706  0.57099962332239595  0.58092167274135942
  0.59109632039627369  0.60146426847119638  0.61170360158974624  0.62167402633062985
  0.63149349434059565  0.64130495606055815  0.65130631415660611  0.66139622691660604
  0.67154267864169281  0.68166028293458170  0.69217897839628151  0.70299814156379170
  0.71387939241192944  0.72413154921966827  0.73431377279226429  0.74454604793643508
  0.75498953750132669  0.76554942048916053  0.77611177011663590  0.78677819627885981
  0.79733246941308278  0.80783264448495962  0.81858060027714208  0.82955852197881641
  0.84102198856448818  0.85217751826106691  0.86324756488081256  0.87412869117219549
  0.88490754841150221  0.89585873347104006  0.90713558926213234  0.91825770210405755
  0.92887356050315539  0.93924746926843228  0.94969205938682688  0.96031452730717370
  0.97036029816223679  0.98023342953582671  0.99002870115774710  1.00000000000000000
 -0.00253995706525108  0.00937586546099362  0.01940201325238980  0.02974212609913128
  0.04016529916404901  0.05070784967965972  0.06132099022602898  0.07193447366279894
  0.08237554784367994  0.09277497583547135  0.10312451570323213  0.11353411505095988
  0.12415995675602370  0.13490864494222696  0.14555253160805301  0.15605993046410169
  0.16672338103391784  0.17777007640794051  0.18886561999333301  0.19978622622664041
  0.21041970485416234  0.22093837538995476  0.23147483696584104  0.24204438878242771
  0.25264416801558831  0.26311281646548407  0.27343129426650770  0.28383425982143085
  0.29425713808084647  0.30479832020086445  0.31525242968406370  0.32560436664432113
  0.33579882127862842  0.34618859840443955  0.35689035557549942  0.36788042934535753
  0.37854284306199709  0.38880754846222754  0.39906658317668953  0.40928572647391720
  0.41944563246509403  0.42935040158539134  0.43938615292128225  0.44954575421174153
  0.45957195520146543  0.46950108279088815  0.47940612174187247  0.48984126098379199
  0.50065244113700524  0.51208533053366967  0.52328863138177328  0.53421226179273029
  0.54495523935250323  0.55587907557455174  0.56648937227851071  0.57680033514916929
  0.58726790638234982  0.59797288873443089  0.60853660802461840  0.61894459313259709
  0.62934610332842955  0.64016073767947834  0.65106253851253360  0.66184460550725532
  0.67264939778388688  0.68344582694405842  0.69431121878288893  0.70530132119473121
  0.71634352433988679  0.72730506109039594  0.73796806622627786  0.74855007237326743
  0.75888828646260864  0.76920084639697750  0.77918641084985840  0.78925223064521854
  0.79930629228735273  0.80955235301832573  0.81972703405962688  0.82981577082939029
  0.84018210068023080  0.85053811919726519  0.86067464195750765  0.87065304393859022
  0.88117486202978224  0.89200791010015323  0.90304440866474189  0.91399539731718538
  0.92468376826977883  0.93523966183188567  0.94571915425594566  0.95631817814991527
  0.96710684365220800  0.97776753013558182  0.98885521520877495  1.00000000000000000
 -0.00237505612532743  0.00917495385817670  0.01913911383901607  0.02921122540241720
  0.03951586486574557  0.04973348850638430  0.06013659307024569  0.07046832206039541
  0.08089665124092346  0.09114302237784024  0.10124328906156413  0.11134516652402000
  0.12158976366075293  0.13156725330315769  0.14169496508190996  0.15158637083061030
  0.16171362337621364  0.17226166693548611  0.18334400133538153  0.19459923828419817
  0.20571574494369618  0.21682223333866457  0.22782041511915405  0.23838512204204362
  0.24874972326212305  0.25916012908226133  0.26986568556127832  0.28039274483904414
  0.29073705623917689  0.30056478295287375  0.31035292372725481  0.32029831460005392
  0.33055232664682849  0.34103257404355491  0.35150425299945048  0.36201394166045886
  0.37263582321143168  0.38340819738238963  0.39403852648485105  0.40473244676066161
  0.41536770157140063  0.42588184160026521  0.43624098772038411  0.44650997337726389
  0.45680951449092189  0.46692776335195885  0.47699934970361796  0.48727491087356062
  0.49781397181470743  0.50829860724777598  0.51873027252350812  0.52913221369440000
  0.53967742653623252  0.55008780381817712  0.56021866351890270  0.57022265218355506
  0.58037083777619558  0.59076476089127683  0.60116361337468460  0.61126106896804033
  0.62119655211701308  0.63125579705516888  0.64162209746340571  0.65218928227908757
  0.66276634889730213  0.67349981708520557  0.68442412913900885  0.69527422702673203
  0.70611858084468104  0.71716062260574964  0.72848710055087562  0.73961772486628663
  0.75051266795623062  0.76132806736554803  0.77213494176749786  0.78291512096737170
  0.79362227272381280  0.80443834505430289  0.81523470003744258  0.82596436287278396
  0.83662755805032796  0.84733660529793486  0.85800728340524490  0.86853637827738650
  0.87884585983768437  0.88933496528322786  0.90002530062999198  0.91085599290881003
  0.92144413002524339  0.93184074088171986  0.94263507266849877  0.95364359759889650
  0.96487634854748783  0.97616142023960739  0.98804073714893514  1.00000000000000000
 -0.00236956750581519  0.00957278775135440  0.01962749150271708  0.03010191452432950
  0.04057142024403015  0.05139443158396435  0.06215510824470851  0.07279375389116977
  0.08323955881914455  0.09357718060184589  0.10393469132894149  0.11431904954125709
  0.12479666934664099  0.13528686508789536  0.14596431529224393  0.15713585617859674
  0.16816712604173847  0.17910104618141939  0.18993480972866356  0.20107617293658692
  0.21190966815428680  0.22226945783880819  0.23256820254469765  0.24280004971154964
  0.25295253421119168  0.26306841004296505  0.27315340164627044  0.28345739861880942
  0.29372466656263568  0.30397590755113846  0.31448004484795283  0.32508742165569748
  0.33594416931006665  0.34632202012665070  0.35654833359387600  0.36678790559121993
  0.37720336249141317  0.38771996735735187  0.39800732231065084  0.40807823044018093
  0.41815666697699932  0.42831747132644393  0.43850933676978582  0.44870731529915409
  0.45866670285524413  0.46881600243204430  0.47898279805558852  0.48925488609939416
  0.49957541662069455  0.50976859773257366  0.52017182883858637  0.53070251697339133
  0.54135448770767058  0.55178832222176755  0.56219893501080820  0.57296194126763511
  0.58387194306717027  0.59456839491749758  0.60528717782207109  0.61631943559465574
  0.62744121120416063  0.63821398572315047  0.64871849389215619  0.65938274350902337
  0.67009015050541054  0.68081958863311909  0.69153879903478643  0.70213883573236979
  0.71265390614116153  0.72275666170790498  0.73283454217606270  0.74279227264720216
  0.75301326172563576  0.76359145518584670  0.77445551218139741  0.78543609716777318
  0.79615505391123753  0.80678111555795962  0.81719793468144564  0.82761784101095071
  0.83809866618991291  0.84884636232375932  0.85978635552586136  0.87024565156686839
  0.88077682247909572  0.89139280166194212  0.90222227891618767  0.91302295902658859
  0.92433497535929732  0.93579378291699511  0.94710007812010255  0.95808181878412024
  0.96885037798790430  0.97944645498044547  0.98970397893891460  1.00000000000000000
 -0.00247005902965108  0.00982373749056609  0.02012949398769338  0.03072008638239362
  0.04142558275737886  0.05218406962952421  0.06305342637326451  0.07343836771870652
  0.08391087400727155  0.09395642274329939  0.10410762394729460  0.11410916838895699
  0.12415726168274688  0.13454914205900800  0.14503297375468407  0.15539148512931053
  0.16540395064711605  0.17517714800059891  0.18515665722669764  0.19524309226472347
  0.20565839755881399  0.21602862340364734  0.22660404838778411  0.23700237407063982
  0.24754730027462374  0.25817335154212778  0.26919635632438571  0.28031112392970370
  0.29130238308181805  0.30184760510235453  0.31216919560626943  0.32244458506730311
  0.33292484631736846  0.34349621767136451  0.35404984970250480  0.36452785467648813
  0.37498135201596633  0.38544005799185288  0.39559442947897561  0.40592480973896444
  0.41619902810960446  0.42681041814470427  0.43745730398274424  0.44853437017842951
  0.45931915606946128  0.47019324244410127  0.48107937075156126  0.49256117475949523
  0.50401881789240255  0.51538044005965922  0.52634829990223975  0.53727304347845128
  0.54818766928891360  0.55915171131540153  0.57036188414392941  0.58147386285624902
  0.59247822596151567  0.60313817367957412  0.61352680261830095  0.62370180769765149
  0.63366207376557582  0.64353733688127157  0.65329933700423293  0.66310894727847380
  0.67307954454916652  0.68323462513592570  0.69318287397598966  0.70311993276488194
  0.71326488833443469  0.72343723501329427  0.73371288545663693  0.74411601346493672
  0.75480455774308186  0.76535732183692251  0.77592322716240869  0.78663278386425972
  0.79737090119818532  0.80790449069243286  0.81833455808814226  0.82870233259943782
  0.83929795833829468  0.84955800713273666  0.85989083741579619  0.87050881877531883
  0.88123547857379569  0.89216818481270044  0.90329505454728687  0.91463484885733493
  0.92607405497328199  0.93740499473752592  0.94819838369442122  0.95898668992902769
  0.96929924247519750  0.97986379197299911  0.98980349341874796  1.00000000000000000
 -0.00233444728892254  0.00923181835810309  0.01889336516331637  0.02927110785871221
  0.03937824346167984  0.04992325417575930  0.06074301547423384  0.07172732414283930
  0.08285560631582459  0.09412577636445682  0.10512536970629997  0.11574234917917378
  0.12621377646340695  0.13699600593849134  0.14773716064547859  0.15839020538624735
  0.16875137180805944  0.17912644176423248  0.18913391258095721  0.19897555698208141
  0.20871614807221497  0.21873805269371008  0.22867368700913507  0.23928385228509652
  0.24990989556858290  0.26097973392461304  0.27195974640154963  0.28318492560308239
  0.29414697530437001  0.30480810764335597  0.31556135698747656  0.32631974557824867
  0.33676330541426119  0.34701161899064148  0.35752454942002149  0.36792769582408835
  0.37817738388259953  0.38803850585440497  0.39803863168783749  0.40847005201982622
  0.41922608837127345  0.43029161477535854  0.44125224136275948  0.45230146548090050
  0.46314010532990113  0.47364092325030865  0.48401266020703720  0.49429922930785353
  0.50482235096118355  0.51533359351220787  0.52597459847022499  0.53635150348342031
  0.54703111911631785  0.55772214644919438  0.56838308064789322  0.57881062220988255
  0.58925334888148340  0.59969442948973140  0.61026476154270848  0.62097061801236642
  0.63158878891490722  0.64206481835044649  0.65234552934522649  0.66302250901863413
  0.67374555720583418  0.68451245742817346  0.69484469162834694  0.70482221380779986
  0.71498060549211795  0.72523909233167416  0.73578641146565027  0.74646186921241309
  0.75738083790952704  0.76838595094880946  0.77906253114624857  0.78952450957121423
  0.80011009044750747  0.81076806830933612  0.82186119353165765  0.83315720875674038
  0.84483559534584263  0.85564285302535636  0.86624693021499688  0.87706108167372676
  0.88823008964196537  0.89919070060278961  0.90964714814482905  0.91996138402663796
  0.93004283750064609  0.94003678061267759  0.94996079788546794  0.95991128139310455
  0.97007204853051821  0.98001450623455200  0.99019026019087442  1.00000000000000000
 -0.00234599762583144  0.00954360786199738  0.01952935166563569  0.02982065675149834
  0.04018753066891217  0.05092493559035913  0.06169449449752560  0.07242515304860098
  0.08313454937893117  0.09346996944251174  0.10388074032443707  0.11375685559704615
  0.12383767599535128  0.13412197794825689  0.14463636358436055  0.15538601334888580
  0.16630165888740270  0.17733668349999715  0.18838012000697876  0.19919524486743947
  0.20977703559329985  0.22005713055707649  0.23035501307963263  0.24097910485465682
  0.25189219959880277  0.26281168532301824  0.27340834800042663  0.28405666877463043
  0.29483483062315791  0.30572781020155315  0.31629442395758789  0.32662126494370936
  0.33686964041471068  0.34734927928735493  0.35799903498722119  0.36858533900785223
  0.37933645850380382  0.39001000572004885  0.40096381432583555  0.41168275637163976
  0.42219243222510550  0.43249127863825892  0.44299842040887755  0.45374122548093804
  0.46426353386527353  0.47463214566180550  0.48525103473827874  0.49598666963108134
  0.50631429883155143  0.51651238967306856  0.52728035150156716  0.53852896947932349
  0.54928347357754415  0.55950237411838932  0.56983189383442856  0.58034942617892860
  0.59071248986433678  0.60089680298755244  0.61112020637898956  0.62122492524419248
  0.63163673302074030  0.64184708333486262  0.65207400572504914  0.66227747249094615
  0.67247795285981937  0.68273640942792946  0.69289381577024589  0.70317742757435253
  0.71375253979177322  0.72473765649349242  0.73560545929818100  0.74622017237479921
  0.75657866479750313  0.76676688779080004  0.77696266319134710  0.78740846480098514
  0.79809531358210217  0.80899331928416418  0.81985033384770967  0.83084033580532846
  0.84153546547245439  0.85226418662119663  0.86292409782047308  0.87377619502529791
  0.88450690933845211  0.89508520949068160  0.90586962679210425  0.91689718869944892
  0.92791606392879888  0.93864028449702241  0.94909044619408112  0.95956145752901489
  0.97005535877299742  0.98035864945196705  0.99026241982815966  1.00000000000000000
  0.11327683482872489  0.23625190967258033  0.26559451511172116  0.28155463760927246
  0.29534485365618868  0.30743583339494779  0.31845885988035832  0.32865254501127067
  0.33832588912875466  0.34775036253092739  0.35699147551023164  0.36592227734930793
  0.37447605755276236  0.38255741477182553  0.39056690166769620  0.39847777778553445
  0.40636772943658711  0.41431004829068652  0.42196364373904977  0.42948184749260954
  0.43685928298879800  0.44403367002261590  0.45114169886375111  0.45800205054718390
  0.46465898269681483  0.47121988338140008  0.47784733585120781  0.48447427522383218
  0.49103191316974132  0.49747015272820938  0.50375750992549262  0.51001935541917010
  0.51633481223540278  0.52267066603534484  0.52900106094743082  0.53527602257750295
  0.54148093601579517  0.54751410005437773  0.55332915569086971  0.55913217097488466
  0.56499719243704682  0.57099739879657019  0.57699415701753465  0.58290641054709713
  0.58884384561135661  0.59477364799839560  0.60068990694842794  0.60653191184757693
  0.61262512154415094  0.61868910215220185  0.62495878338096678  0.63115816410725378
  0.63733977596662694  0.64344761692831931  0.64941760684986893  0.65531369247940363
  0.66113067995866215  0.66688023602500579  0.67263176049695417  0.67837533573990494
  0.68427370827188816  0.69042674797031123  0.69679874833050681  0.70305183220851275
  0.70920565223708110  0.71531089760162403  0.72149515130633712  0.72786326981145788
  0.73430497342787837  0.74080031933584600  0.74724679843929265  0.75377342738185815
  0.76054644159887508  0.76738697118714172  0.77417673520149166  0.78087871887494509
  0.78764543363540107  0.79449852613837491  0.80143663775717344  0.80866006398127521
  0.81607030921093704  0.82347114930138399  0.83080074446736829  0.83810056252572196
  0.84578723074439610  0.85375883884194226  0.86228298881722343  0.87108134757611067
  0.88044601418681090  0.89054677602908505  0.90111267129761330  0.91266970388098356
  0.92568157501446402  0.94131878984700956  0.96332687058630351  1.00000000000000000
 -0.01887783059384474  0.10941297882028109  0.14518835871703425  0.16716807844707876
  0.18433782662356560  0.19938728367328901  0.21305445446640545  0.22560234029873824
  0.23717054164494256  0.24787787768914651  0.25784648844340968  0.26750218611741500
  0.27647761140533106  0.28514061017898779  0.29348436385996568  0.30149684250407449
  0.30940603849827092  0.31683635022710471  0.32402451359888867  0.33106093917508445
  0.33801211990439761  0.34500822265763370  0.35182315888274202  0.35850459456691913
  0.36498356413139194  0.37127602704774804  0.37742852896738754  0.38347233320027629
  0.38958909126140689  0.39573196644257547  0.40164315440010201  0.40735593824200728
  0.41302598801346530  0.41871393185418598  0.42442791614895314  0.43002450015718346
  0.43553610139810489  0.44100944106527912  0.44661813217899693  0.45212930674033663
  0.45766978009050119  0.46331839286742832  0.46902195070852248  0.47472835901459343
  0.48026158119820112  0.48548697991286088  0.49079527215873658  0.49621736607742162
  0.50184871662713226  0.50755624801795318  0.51323081454344954  0.51891003495420784
  0.52452779032267127  0.53008976691150833  0.53566130856700722  0.54127313051912440
  0.54692010154424731  0.55259837527641176  0.55827149193204317  0.56395241834234722
  0.56965303387376687  0.57546535569734747  0.58131301300582749  0.58721858706822494
  0.59303068937355019  0.59888072383034840  0.60478374158201342  0.61081046101518988
  0.61693796909418686  0.62310784124126162  0.62942610741406746  0.63583459422709554
  0.64226696651069914  0.64884585454107091  0.65554427853366837  0.66235495394333854
  0.66926779870845554  0.67640074300064590  0.68368781838693105  0.69133732735681830
  0.69930155475825695  0.70736994609376580  0.71559127459794258  0.72395286392293423
  0.73271262538590298  0.74221365598580902  0.75214584207512902  0.76269393828718213
  0.77373273848168211  0.78592307232039071  0.79905388690369028  0.81363594044504339
  0.83100119765621194  0.85372626359987513  0.89055064244561066  1.00000000000000000
   9.8085587058926936E-005  -1.0000000000000000     
 T F F F T F F F F F F F F F F F F F F F F F F F F F F F F F F F T F F F T F F F F F F F F F F F F F F F F F F F F F F F F F F F T F F F T F F F F F F F F F F F F F F F F F F F F F F F F F F F T F F F T F F F F F F F F F F F F F F F F F F F F F F F F F F F T F F F T F F F F F F F F F F F F F F F F F F F F F F F F F F F T F F F T F F F F F F F F F F F F F F F F F F F F F F F F F F F T F F F T F F F F F F F F F F F F F F F F F F F F F F F F F F F T F F F T F F F F F F F F F F F F F F F F F F F F F F F F F F F F F F F F F F F F F F F F F F F F F F F F F F F F F F F F F F F F F F F F F F F F F F F F F F F F F F F F F F F F F F F F F F F F F F F F F F F F F F F F F F F F F F F F F F F F F F F F F F F F F F F F F F F F F F F F F F F F F F F F F F F F F F F F F F F F F F F F F F F F F F F F F F F F F F F F F F F F F F F F F F F F F F F F F F F F F F F F F F F F F F F F F F F F F F F F F F F F F F F F F F F F F F F F F F F F F F F F F F F F F F F F F F F F F F F F F F F F F F F F F F F F F F F F F F F F F F F F F F F
  <DiscreteSampler_grid>
  grouped_processes
  1 # 1 for a reference and 2 for a running grid.
  10 # Attribute 'min_bin_probing_points' of the grid.
  1 # Attribute 'grid_mode' of the grid. 1=='default',2=='initialization'
  0.0000000000000000 # Attribute 'small_contrib_threshold' of the grid.
  0.5000000000000000 # Attribute 'damping_power' of the grid.
 # binID   n_entries weight   weight_sqr   abs_weight
    10   10   1.520018802118211E+003   9.236710245922033E+006   1.520018802118211E+003
    16   10   1.520018802118210E+003   9.236710245922025E+006   1.520018802118210E+003
  </DiscreteSampler_grid>
