  0.00356584144206949  0.01089582595287722  0.02051589340630497  0.03016757818416372
  0.04009293785521740  0.05056718001379553  0.06114378453092639  0.07181325886230734
  0.08223475729570343  0.09257404421554573  0.10282249587221762  0.11308291099655082
  0.12316661503250667  0.13316845902096516  0.14314814043687674  0.15364105972881767
  0.16428999258072269  0.17470141214689325  0.18511439489210413  0.19584880384140560
  0.20662864624116833  0.21720378257534939  0.22760290366206537  0.23799732052032363
  0.24842090930163360  0.25850623817234719  0.26852592483023074  0.27848904119338708
  0.28889591972294992  0.29953267064655942  0.31024379220622378  0.32085193135448598
  0.33134391187652507  0.34175966961373710  0.35194986669758554  0.36228515043563236
  0.37276143042507448  0.38333159988524407  0.39414602866654758  0.40465656363542041
  0.41533863605453208  0.42586463469743729  0.43654699455877810  0.44711880685365835
  0.45770592732501814  0.46825388446494071  0.47840636758150284  0.48844682849610166
  0.49846194545623868  0.50897867250291695  0.51947308387824931  0.52979929735291009
  0.53992412489268016  0.55023223077781258  0.56071150674805392  0.57129422552515419
  0.58204152780821750  0.59282036199513755  0.60361332325487671  0.61449840032329361
  0.62535665539269303  0.63599266258155551  0.64640287213474545  0.65680195580487488
  0.66729307584683573  0.67755748640719893  0.68764348452893997  0.69777639049766238
  0.70808569441017011  0.71844928947188058  0.72887275719019617  0.73937934685147066
  0.74975884206202792  0.75996341305980886  0.77001090732528632  0.78037699654420933
  0.79101144224736930  0.80165767094525320  0.81214289835395559  0.82273074073718910
  0.83343757946023000  0.84460695664620666  0.85547636953322403  0.86625812193405949
  0.87710701149612658  0.88798553875755282  0.89885604216107162  0.90927358956767979
  0.92003046736231187  0.93099135728005500  0.94234684891431830  0.95372386531511721
  0.96508726693411717  0.97652570789989634  0.98798310281867796  1.00000000000000000
  0.00695447243259591  0.01619366568970267  0.02768121283197883  0.03929630544236261
  0.05038064780915229  0.06121278767511878  0.07192076547742941  0.08244529329010059
  0.09315390328894564  0.10365424766258324  0.11424933233289941  0.12486512799055638
  0.13564042613686886  0.14626143080259099  0.15674452321455229  0.16692243087708525
  0.17743834716569090  0.18789641932294079  0.19876357219294533  0.20937643583496851
  0.22004072952152776  0.23068655078129580  0.24104234532394830  0.25118007995259928
  0.26145815090776281  0.27188182574639691  0.28241541143324755  0.29287165945584731
  0.30326190644664608  0.31362413233545150  0.32404539228990042  0.33464316336385164
  0.34531937775236782  0.35598656055334310  0.36639950358321904  0.37661427427656968
  0.38667761738855605  0.39669653671675381  0.40687558819933728  0.41719327355956842
  0.42758267365393132  0.43799576973375537  0.44845864587482909  0.45914155867392309
  0.47002691201672159  0.48078088081556764  0.49120352406833540  0.50146129035480846
  0.51179764998485566  0.52217746970991585  0.53243063405037139  0.54264847322671128
  0.55293513005762418  0.56313027187896680  0.57322527746771523  0.58332533130420838
  0.59350346701505097  0.60376975712743730  0.61410740678460662  0.62468489962902329
  0.63532008586033639  0.64584654692615828  0.65621871326661729  0.66643016142301192
  0.67666153154594011  0.68704110487657977  0.69764320536608715  0.70829129908945465
  0.71875101428531385  0.72919524411508030  0.73971701030901349  0.75019505220309413
  0.76063591260141972  0.77111312817687272  0.78155416566332336  0.79175511330438897
  0.80162507871725064  0.81160763321453688  0.82175465887715904  0.83191740668184611
  0.84199672622132959  0.85209600225845639  0.86237479287420571  0.87272211549782253
  0.88319181221080467  0.89352264593759623  0.90360256624422819  0.91337572510299680
  0.92343118416140824  0.93358634318468747  0.94375958535972515  0.95346999462155357
  0.96312485536567549  0.97292537786416955  0.98245249816547642  1.00000000000000000
  0.00343431571986613  0.01103747679142524  0.02112748341910620  0.03152874898771286
  0.04199189734799823  0.05278460932357405  0.06320268321773299  0.07367538465976897
  0.08419798168411798  0.09467714130116817  0.10505992232007473  0.11521737564756915
  0.12536654304773190  0.13552219808047833  0.14573687008454669  0.15586409738710127
  0.16623590609310554  0.17656559546039263  0.18713841361059239  0.19766372365752746
  0.20819436975448324  0.21852338707615973  0.22841121316423860  0.23871802692803845
  0.24878485025782465  0.25892220015463485  0.26877601702674864  0.27929302990268945
  0.28968504345069979  0.30069195881525812  0.31153903050391746  0.32235171357056336
  0.33272175459345971  0.34307853456374282  0.35350897890792815  0.36367672717159527
  0.37377883325579619  0.38385255299063120  0.39413716058845372  0.40450593519034250
  0.41490366094934300  0.42523843182277660  0.43548458912255061  0.44586886684843963
  0.45631944801235452  0.46699885882275810  0.47766652018339462  0.48848993039520461
  0.49910052578268460  0.50957439985471054  0.51996256019492626  0.53038534217920907
  0.54091758266686663  0.55143939508491013  0.56203784465125672  0.57257809595895104
  0.58312253147823190  0.59363611753008361  0.60411665256413405  0.61450829722014122
  0.62479647947758543  0.63508249392857696  0.64532202350887669  0.65555866018613052
  0.66584168457505266  0.67595397792900747  0.68599913221912934  0.69627632594970879
  0.70681123337984697  0.71731054580477038  0.72797561055680349  0.73892728229292448
  0.75001143297251049  0.76068960619626858  0.77124993867038261  0.78199412894505604
  0.79269457027677603  0.80324984935641353  0.81368686760523012  0.82409600251976478
  0.83459745024110765  0.84508187708356763  0.85574102054793211  0.86636138345623825
  0.87723362857835019  0.88799866648604142  0.89883493235863599  0.90936773762794498
  0.92020035191086125  0.93085577154265597  0.94186980908479323  0.95268853929729824
  0.96381190263609340  0.97524063602873490  0.98738606488437053  1.00000000000000000
  0.00568112451074722  0.02099357619341603  0.03607735400077440  0.04882227430933795
  0.06036064150698517  0.07162041029263225  0.08266315490167558  0.09338216728330512
  0.10409741434276625  0.11488896454646143  0.12578754172239498  0.13683246198403354
  0.14802302105421841  0.15956535292456270  0.17093279641696887  0.18195611953297927
  0.19267056190426923  0.20333239972169309  0.21407525186816467  0.22459857339166311
  0.23501450888042386  0.24531133923781712  0.25571820242358356  0.26637726457462652
  0.27701365594262362  0.28765270737710502  0.29815606093406788  0.30880327990921441
  0.31956775251708763  0.33023097610421681  0.34070525983205519  0.35109026859323761
  0.36177163499506593  0.37256059214095472  0.38307141919630427  0.39330393084408360
  0.40353980151107782  0.41383118356530652  0.42416623590873342  0.43460724410471863
  0.44515481890669134  0.45571041012825791  0.46637035032311791  0.47719681056304858
  0.48808971247414917  0.49872889316761798  0.50916895497500869  0.51963195403516771
  0.53004484857816214  0.54033961118387397  0.55047727658692791  0.56069305205059417
  0.57125371849013928  0.58193346502082044  0.59270032080579382  0.60327751546151442
  0.61371503203949718  0.62416101954658465  0.63463601186735841  0.64501604278768687
  0.65517093377330771  0.66521853091709227  0.67537146646396062  0.68563795143315831
  0.69586168131020643  0.70596862632486301  0.71599896218749848  0.72606225759888787
  0.73608108373004089  0.74601627351283162  0.75591441925059399  0.76589628804625154
  0.77610572866032046  0.78634552588558315  0.79655432663516224  0.80660978098768132
  0.81665735111735405  0.82669697300506828  0.83679352654539152  0.84686856868512261
  0.85683568358232542  0.86679345870111491  0.87680993880753444  0.88693314587176975
  0.89702142367252224  0.90708351787481367  0.91722324620528217  0.92741014770742058
  0.93749659898760396  0.94733465646118986  0.95703774378626949  0.96663272547962842
  0.97581792607018425  0.98400263067101690  0.99176632337218273  1.00000000000000000
 -0.00000077489723836  0.00000841037749082  0.00001361412924025  0.00001810263980578
  0.00002238506357632  0.00002659192203988  0.00003074479169247  0.00003484995871772
  0.00003893834622474  0.00004303925037172  0.00004705556255543  0.00005109264734682
  0.00005522109667439  0.00005941540333969  0.00006369212407669  0.00006801834611673
  0.00007237296689446  0.00007681832623766  0.00008136255990986  0.00008603308706476
  0.00009084533648250  0.00009577871175160  0.00010083944302017  0.00010610902671716
  0.00011155535666230  0.00011713300428882  0.00012292322415981  0.00012887587197824
  0.00013527807261888  0.00014195201548474  0.00014900660615309  0.00015635480094853
  0.00016409844171579  0.00017234552370303  0.00018102581391330  0.00018997108671445
  0.00019907880617916  0.00020845837927897  0.00021816700274096  0.00022816961551847
  0.00023835808503691  0.00024865375945545  0.00025915591187813  0.00026994828300351
  0.00028133406017344  0.00029333248672545  0.00030572525299691  0.00031877665792885
  0.00033174528927439  0.00034567551974274  0.00036004606365018  0.00037546563366454
  0.00039154367713752  0.00040834735306016  0.00042604643527201  0.00044472550158604
  0.00046442655501202  0.00048558490799880  0.00050794162073248  0.00053166339440284
  0.00055646987379434  0.00058240202277877  0.00061013655400451  0.00063877341138502
  0.00066967748971807  0.00070140817828208  0.00073692043677646  0.00077362214705533
  0.00081466217306824  0.00085957148047688  0.00090910259937642  0.00096207209105545
  0.00101945393321232  0.00108179696736664  0.00114859671753888  0.00122033607704173
  0.00129933644288187  0.00138659912531205  0.00148390133734959  0.00159252807507339
  0.00171058804726965  0.00183986256271017  0.00198655791425461  0.00216263221229850
  0.00238014166220295  0.00265299845089401  0.00295691256497137  0.00331916398072184
  0.00378074061854199  0.00443505856931988  0.00530962655846313  0.00659022992900844
  0.00881834451505151  0.01421252725712970  0.43854852015088897  1.00000000000000000
 -0.00249249056925005  0.01020042909987324  0.02032835749543024  0.03083183241714271
  0.04117498066725370  0.05189346194444741  0.06234462496263459  0.07281874765280005
  0.08346161780821419  0.09446873808363491  0.10552451296379074  0.11614077557562247
  0.12653791915209428  0.13690385559464158  0.14741349447271634  0.15823149809317938
  0.16908364550305613  0.18009408131724344  0.19114658341265520  0.20213240043396213
  0.21296848996250664  0.22358263211503043  0.23423148288903797  0.24520354922526941
  0.25601971154021691  0.26691602379095364  0.27777847451859372  0.28869294927354006
  0.29954789892599765  0.31028917047213384  0.32088958595048539  0.33123637139541817
  0.34135092938197437  0.35146964284506788  0.36187205958029511  0.37246717120109196
  0.38302744099562297  0.39360366288450060  0.40407207397221417  0.41444321996171785
  0.42481422775443328  0.43518617889626288  0.44561045738471561  0.45605431226190307
  0.46635252740536737  0.47680489716127494  0.48724715978003302  0.49775453314593054
  0.50813716295492928  0.51824606759593783  0.52831728925642785  0.53867254657651154
  0.54911382652419150  0.55962933798175174  0.57022346799883916  0.58103213867370507
  0.59176660108594126  0.60239587604493239  0.61292339625126091  0.62334758073614627
  0.63376765374383248  0.64409050729125217  0.65444092904934814  0.66492000199155998
  0.67552035120219067  0.68626142906975141  0.69686666583900680  0.70735097884104958
  0.71754886928308192  0.72753508283204771  0.73747546140894993  0.74761185690194010
  0.75777564207713977  0.76789969001615865  0.77790354266742390  0.78812187718227689
  0.79873433191695220  0.80945553666665149  0.82010979564387632  0.83073514520838954
  0.84158906182528204  0.85254196941939686  0.86337920286732295  0.87418132410508975
  0.88478167274240693  0.89541293332840166  0.90590382796334867  0.91672307296177369
  0.92708288917993786  0.93773869358060413  0.94777525656934858  0.95811371437656268
  0.96822390014571613  0.97882517739008146  0.98921937448384512  1.00000000000000000
 -0.00241876360033802  0.00918752419416624  0.01942490758846484  0.02995731975535649
  0.04065812356195419  0.05112717991516555  0.06160453086085504  0.07197581741319740
  0.08253513450140110  0.09293210052975218  0.10333170633098783  0.11380818406154174
  0.12425976583953473  0.13462858612154538  0.14522479262501514  0.15578578260171913
  0.16660703787583422  0.17670338193565530  0.18704457486356096  0.19727158578908890
  0.20768545531575497  0.21816805617365498  0.22836063343685670  0.23860509108248612
  0.24874175787309599  0.25905623825633006  0.26958017989593142  0.28042685658401345
  0.29143867156240705  0.30244101647179633  0.31337981739873583  0.32425504650459835
  0.33533373380828602  0.34610953843499637  0.35686067126718474  0.36747923155314510
  0.37797935615981682  0.38848452350795082  0.39883312534360460  0.40927723849105008
  0.41973016286517162  0.43023582838512642  0.44070593917933687  0.45116834751897122
  0.46176370710865189  0.47253021571959819  0.48320851673259224  0.49356853958903568
  0.50383507316030096  0.51402339734703328  0.52440607030498898  0.53495869990835199
  0.54563951194373128  0.55607995071325511  0.56642474886802707  0.57680811080351269
  0.58727947579060535  0.59784245629156929  0.60849383211725672  0.61890147962805298
  0.62942445396620850  0.63985995176707322  0.65041571567327827  0.66089623786830431
  0.67124380548501006  0.68200427503274508  0.69291669651971621  0.70418571629040871
  0.71512972002955177  0.72614192473858841  0.73709127413233000  0.74805151127249669
  0.75871666231622470  0.76956654162443194  0.78043890541240424  0.79113981791425225
  0.80145450522855721  0.81168494961741877  0.82202189910174073  0.83234759656555735
  0.84255281998784681  0.85286159314890608  0.86366646654311574  0.87457076055457572
  0.88476595079808751  0.89495026232576858  0.90532048155336975  0.91588902595656352
  0.92604692353975937  0.93638569392716064  0.94700121253941749  0.95789763904937453
  0.96842394081971550  0.97892453458447992  0.98949282143899153  1.00000000000000000
 -0.00218610790581591  0.00885217432890549  0.01900398825538451  0.02904488441681478
  0.03937483643418752  0.04960723268366198  0.06007700457485893  0.07047355548795943
  0.08091995851196675  0.09147684898330095  0.10178226053831144  0.11197235098019329
  0.12187036103740451  0.13190928889824260  0.14189403599488323  0.15230339896047201
  0.16271133317096942  0.17281026693292281  0.18289701811271147  0.19334491113681396
  0.20419791827587913  0.21466865438982582  0.22481161665447588  0.23515221406771986
  0.24564543102792913  0.25609335163829117  0.26647141512300843  0.27694125197097347
  0.28750670055694699  0.29826425265476442  0.30917496261498090  0.31990845692067993
  0.33037929633247093  0.34099916692399851  0.35176407329027909  0.36230942121418008
  0.37270057360424824  0.38331820377042164  0.39445352900072289  0.40544594313126803
  0.41629268672667874  0.42690697669110667  0.43742951286445508  0.44753441791008608
  0.45746686039881673  0.46785045349890925  0.47824082424921521  0.48862004210321713
  0.49898227473781098  0.50977705141343699  0.52067751678930818  0.53121590999623669
  0.54142168937347834  0.55217604488871597  0.56302601758813275  0.57400392493121133
  0.58492476600220111  0.59552802217457879  0.60620040482862292  0.61647309805307993
  0.62671995411074233  0.63723473727050872  0.64754035189991610  0.65815676895334341
  0.66836702823884464  0.67901104033033355  0.68989662720071299  0.70061963298069552
  0.71122365167222568  0.72183119913526961  0.73254234851498090  0.74341548810607350
  0.75432475309578040  0.76550259736622772  0.77659410691936193  0.78748208076164128
  0.79845196627748205  0.80945003617956035  0.82024536664701087  0.83065884524837230
  0.84126266613840228  0.85195923129735640  0.86252421458430462  0.87302267143071177
  0.88336878739281166  0.89397903159806669  0.90446682661160815  0.91497953775028784
  0.92549611439324508  0.93597774503143638  0.94648510961497212  0.95727790240128907
  0.96776479352260036  0.97860515833545614  0.98922952917266926  1.00000000000000000
 -0.00245965099241104  0.00946315052381636  0.01984757501010838  0.03075606528436966
  0.04164837123310292  0.05209875704462941  0.06232970488581156  0.07266120828678900
  0.08316579424574602  0.09377719636743646  0.10426522900864502  0.11468287690587692
  0.12512979829127055  0.13566116520313490  0.14631986877201328  0.15670554770754366
  0.16707494197445694  0.17734764233423581  0.18773700741397789  0.19829887942609747
  0.20888004203652832  0.21932924093939082  0.22950133486497418  0.23985292252041468
  0.25065902972764165  0.26211338511001486  0.27351336254595654  0.28438128189661804
  0.29496948058887179  0.30566380861244641  0.31655314715397498  0.32749819302238758
  0.33843865211128604  0.34927151249331362  0.36001113275888025  0.37074491640882334
  0.38125373790710243  0.39171978958212306  0.40207542958283266  0.41260213584035776
  0.42323345994228828  0.43379098663266324  0.44424045159046166  0.45463176175483139
  0.46535583461676905  0.47628237274888641  0.48723289901253863  0.49823869902579238
  0.50912066984348259  0.51970383492567329  0.53039564825986918  0.54119927282785363
  0.55212907023684177  0.56300709880816990  0.57382887079445000  0.58448843412754137
  0.59487337076911617  0.60505035202127566  0.61532062826626077  0.62554028314354171
  0.63578017433579503  0.64599245620655277  0.65620549305511544  0.66673612556364836
  0.67719039455100827  0.68770654146053045  0.69801115091160626  0.70841682348114621
  0.71868914790979188  0.72892721044524578  0.73922935642593490  0.74966820409843926
  0.76011301648964735  0.77034237616799484  0.78045597969586999  0.79081518395697981
  0.80160811708308310  0.81229001905698062  0.82266651373287580  0.83278462191071001
  0.84310704762371935  0.85345545189020688  0.86391348549607339  0.87400244262839044
  0.88446501936512756  0.89509226521331686  0.90586998011825826  0.91654306576137567
  0.92717254779506597  0.93777115717066639  0.94799940642514458  0.95803906019526541
  0.96841583939181142  0.97888847642996990  0.98952142111400043  1.00000000000000000
 -0.00236239567520327  0.00919730661088881  0.01925115403982557  0.02958901926157133
  0.03961989394891146  0.04978315189196162  0.06038683548202185  0.07068570049561006
  0.08100123512379066  0.09082681393358655  0.10090477340925108  0.11087634263707256
  0.12069791296047350  0.13073481224690975  0.14068501181844839  0.15071963979306818
  0.16100919889976698  0.17139312948046387  0.18212814592878912  0.19253181485015150
  0.20290557106729179  0.21311666569870141  0.22346416237820146  0.23397797897229766
  0.24447487514518504  0.25480402364903837  0.26489196301906792  0.27496944479857999
  0.28521630819967619  0.29529343345651621  0.30552046096240465  0.31565337162177198
  0.32611197059395913  0.33653569155171043  0.34692004056640841  0.35706994636870953
  0.36728377071749735  0.37773820342989289  0.38854525312538662  0.39912079531789568
  0.40958119625930794  0.42004717782535722  0.43089805057268815  0.44167249812768611
  0.45258201960543798  0.46349647243546538  0.47446422982476144  0.48525538266263291
  0.49585967764533245  0.50641645085206455  0.51705614784327725  0.52781717570779407
  0.53864494089003079  0.54942491102071822  0.56005484803566963  0.57047350421302334
  0.58077012156709729  0.59123119417390790  0.60201067836094768  0.61281958408659221
  0.62375779954448229  0.63483701335198195  0.64604703967734278  0.65722005083388813
  0.66805318742857467  0.67859289196270967  0.68896746457586033  0.69949335309957572
  0.71017405072430484  0.72083670050197968  0.73142049377246221  0.74199410278424871
  0.75242059308991172  0.76284791011474207  0.77344299652240900  0.78439803930566032
  0.79509236635209457  0.80570088362833336  0.81621986689641357  0.82679801664819774
  0.83722425564236858  0.84769218394223511  0.85830595435054746  0.86905265079326011
  0.88003350070598396  0.89087328315148173  0.90151643312684260  0.91201233429796114
  0.92307197120837781  0.93427023072939674  0.94504447418663640  0.95579877745064212
  0.96657611849027791  0.97769744839536787  0.98860137042953677  1.00000000000000000
 -0.00230749078250128  0.00923840246291349  0.01900320861440326  0.02951822629536046
  0.03974426273308024  0.04991247195190522  0.06023553178723095  0.07088299086049378
  0.08151774096428202  0.09196200298783146  0.10241907008632697  0.11316540350986340
  0.12404773885314843  0.13486225888184306  0.14576072960185513  0.15678130061575904
  0.16791103578997410  0.17865922218538219  0.18975285186398014  0.20016364662980141
  0.21081079545368142  0.22117775998420558  0.23220091316852939  0.24322174083138171
  0.25421388314008336  0.26458704507707514  0.27470839343825487  0.28481124946040631
  0.29516732592672529  0.30543394614201685  0.31574974413674473  0.32616107609147565
  0.33664963562321321  0.34750091168033220  0.35832533744715245  0.36904938791040159
  0.37938409584088534  0.38970073185175019  0.40025346112750060  0.41076192858799349
  0.42143423605812713  0.43208127468148433  0.44277087670343401  0.45363280164648717
  0.46433413039905780  0.47479326007968353  0.48521519987645673  0.49591184132968336
  0.50635909170381443  0.51659574685339538  0.52661708967628240  0.53695649902080522
  0.54746944744043613  0.55841707684676323  0.56920632644408986  0.57965727871715778
  0.58995366079087563  0.60062363355162340  0.61141861536611009  0.62223455527192351
  0.63330371658881546  0.64415439732915891  0.65483718476280106  0.66534685295770202
  0.67596605156831868  0.68646676684439845  0.69686600193082548  0.70736222520762715
  0.71794279246469184  0.72828523896802322  0.73844095947402244  0.74848452393115361
  0.75871338377388753  0.76882505025107328  0.77869216191355362  0.78879512714241262
  0.79926983611156266  0.80996176711010059  0.82057517758440435  0.83113792984337109
  0.84146159287640609  0.85169843016124813  0.86220600388056756  0.87299711159413107
  0.88409844548928507  0.89489803693335457  0.90539428613334616  0.91567467759075749
  0.92587755285826578  0.93648076302574079  0.94691027193256117  0.95734821336341569
  0.96790321791244727  0.97853381389805283  0.98927861286356422  1.00000000000000000
 -0.00260312824755426  0.00984474291656602  0.02068865587679004  0.03176636800182218
  0.04243038576691233  0.05302780405686792  0.06330918902883921  0.07366668703457965
  0.08408050144071023  0.09445467985044911  0.10493881119033781  0.11557374840082026
  0.12603229997739626  0.13637284448115572  0.14658913027557932  0.15704356535564964
  0.16731457894076610  0.17774166692013432  0.18821923880115732  0.19871585605721823
  0.20904858672299037  0.21958513664636226  0.23038216745888498  0.24117767756241848
  0.25184097028670793  0.26223933182123632  0.27265136438144744  0.28298668986513470
  0.29339438368592108  0.30380297463190031  0.31420393903733723  0.32469252738850057
  0.33518794115213391  0.34560506049060641  0.35601747110573684  0.36664684799283070
  0.37738256828112121  0.38798722755148146  0.39856775168855196  0.40921772291711278
  0.41971510590038474  0.42994474893397933  0.44027120592572772  0.45088749189294630
  0.46168802149492161  0.47232922458118431  0.48299929792317176  0.49367897927250348
  0.50439970381700616  0.51517884686758786  0.52598858351902689  0.53678090155203306
  0.54744745976409215  0.55807944793560615  0.56866430883769292  0.57924334967630720
  0.58996204437157174  0.60093611944018377  0.61199236326987894  0.62275643671352154
  0.63322226191304787  0.64334871545742622  0.65342925651139105  0.66361379281458077
  0.67417805127155894  0.68499434251820712  0.69595808071562271  0.70690489841944870
  0.71784560610445736  0.72856961835349954  0.73861967415211749  0.74855663941725048
  0.75830832907622148  0.76828580233258426  0.77832901237557062  0.78840711276226338
  0.79887698959662878  0.80944040408997808  0.81992625728528346  0.83037194474945275
  0.84086949770641861  0.85162855872776788  0.86247337445102024  0.87311752638121298
  0.88352955629429464  0.89399199959950992  0.90432123543802256  0.91478019548769929
  0.92542686320054801  0.93643171964960747  0.94737887499611473  0.95824453802325071
  0.96874731477237364  0.97939931169803085  0.98966515240873465  1.00000000000000000
 -0.00251381636152787  0.00994185751909458  0.02034099572433228  0.03130482380665697
  0.04168658232432216  0.05180484080567126  0.06187145404953538  0.07223202248798027
  0.08263384194592042  0.09310016130891649  0.10368678437772631  0.11452682070201926
  0.12548767018474308  0.13589990570201249  0.14625067238504333  0.15660843930741838
  0.16712387277123300  0.17750677722571309  0.18797018261826492  0.19854939477530648
  0.20938064495247172  0.22016023193697531  0.23116722997989878  0.24199612900565087
  0.25248041519545461  0.26278381595427663  0.27324604146278603  0.28394678103258109
  0.29504611846124335  0.30593536264048343  0.31667816168855001  0.32725095590535669
  0.33799613463720474  0.34879253190337883  0.35942528090751141  0.36996495674603264
  0.38052067364344005  0.39109605273512726  0.40165377125737278  0.41230485783732906
  0.42290386943225372  0.43346255267564704  0.44393981692573414  0.45436700776636557
  0.46471799932113594  0.47489550380318696  0.48508410248365291  0.49526329530615193
  0.50544967175989064  0.51582963874597554  0.52631330681597954  0.53695378251193349
  0.54740318517559017  0.55778940716433711  0.56815095189052989  0.57873540888820341
  0.58938118447807830  0.59997860091672794  0.61055434906879757  0.62118521588736841
  0.63187236294157856  0.64256099682847623  0.65317297458955514  0.66392589253215617
  0.67444288715117218  0.68504041696298568  0.69558847783064626  0.70616924743198661
  0.71683003512973575  0.72754754982402248  0.73827423508264300  0.74890035402182054
  0.75926404026957184  0.76952325065628202  0.77953395959884730  0.78963526698681197
  0.80007559000240536  0.81067638485316396  0.82120439410167267  0.83180747963909940
  0.84229108465036606  0.85294868227595533  0.86366649178922594  0.87456820563749194
  0.88516952860525044  0.89586166294886871  0.90640357087046264  0.91704866608561764
  0.92734010127279110  0.93758644450491702  0.94775408115762994  0.95790467292246628
  0.96802874064996414  0.97846719713189023  0.98910785969257176  1.00000000000000000
 -0.00240737758265593  0.00945974541024560  0.02005784633349740  0.03109976484525378
  0.04216104839668206  0.05257522308538494  0.06269211531777370  0.07318756179561964
  0.08371066976591698  0.09453985614382727  0.10518553872750590  0.11572429471330208
  0.12630560454260531  0.13704801144464990  0.14789385075210529  0.15870021922632521
  0.16952664413391377  0.17994959236620750  0.19029838522391840  0.20050382616730497
  0.21088895995883986  0.22114011200732311  0.23137772024938977  0.24169303065019335
  0.25211921566184314  0.26244079966267692  0.27288225448059811  0.28306103777856290
  0.29319335473464353  0.30334698346784028  0.31395843185274480  0.32448089003151465
  0.33493533990715835  0.34524389325567301  0.35546493788036482  0.36564804020266983
  0.37607716996748625  0.38673834064715684  0.39773536265127735  0.40853570937698186
  0.41896663136945217  0.42919459258257253  0.43944270307825695  0.45017097080210106
  0.46114016472687180  0.47187873370072364  0.48254855642750721  0.49299158161677431
  0.50340312644408081  0.51372696654761918  0.52440737343389299  0.53521453791914264
  0.54588824963469007  0.55635060572426565  0.56704518147445460  0.57770234624808581
  0.58846065794761648  0.59891087519096609  0.60919305913328847  0.61939368684660778
  0.62971441676493856  0.64045737587170060  0.65110197585563501  0.66187205428639018
  0.67260431405195642  0.68338351101284489  0.69420332372932736  0.70507917156823496
  0.71579219057216115  0.72643600887442150  0.73692961595748729  0.74736094426013178
  0.75778764682667843  0.76817769488785759  0.77858382851061403  0.78911377596267518
  0.79992896082632170  0.81089185630241856  0.82149012204809246  0.83198784410398341
  0.84254732721737435  0.85336831621092768  0.86400161153645993  0.87470668903973525
  0.88541259457518429  0.89591867094343114  0.90627649941152266  0.91648260450637264
  0.92688863047677605  0.93719595113945842  0.94740975438552033  0.95742280738692087
  0.96770514060324364  0.97810116146525772  0.98905242261666171  1.00000000000000000
 -0.00356217656768558  0.24038655317320184  0.27142297892887346  0.28807351909693668
  0.30181612724993029  0.31426493864478627  0.32589845850239552  0.33673816386490435
  0.34713569591211080  0.35681237387535875  0.36598830746702204  0.37475757369091195
  0.38328434737668954  0.39157052236337253  0.39956074078016351  0.40719309049901059
  0.41472911591431200  0.42225662594325397  0.42984982252810799  0.43727952591372260
  0.44441929167930594  0.45128337249818523  0.45802504330240235  0.46479241031082530
  0.47162179323531628  0.47829962326611086  0.48483491737328088  0.49133221498152885
  0.49779875083318892  0.50420750356012967  0.51052107584394990  0.51669461996421517
  0.52275472909600829  0.52869550114928021  0.53471451740084897  0.54083048603041040
  0.54687719441782623  0.55284440256677636  0.55874230149802806  0.56459040241502478
  0.57042390907459994  0.57620196628283848  0.58193602014105561  0.58771695815522562
  0.59356614551155318  0.59941343010827375  0.60525928134990459  0.61111726966539148
  0.61692925464704562  0.62277982286980782  0.62866366299463450  0.63441882466089794
  0.64038505080018193  0.64611521683414808  0.65183028709340740  0.65746458993105317
  0.66320954034828261  0.66891968761506515  0.67462871884263187  0.68026412219253241
  0.68589450621333059  0.69154498019962218  0.69726372575055207  0.70299694483423814
  0.70881709265374404  0.71471879391127069  0.72064316912519455  0.72661101762133085
  0.73268244935086235  0.73886171312820315  0.74508175271395827  0.75133509624831041
  0.75770402629709754  0.76422328018924224  0.77078613426701292  0.77727976603996152
  0.78375463615385577  0.79029290110734540  0.79700338390749459  0.80388972055387664
  0.81097030328043818  0.81824144040730851  0.82559889180646084  0.83302360967017353
  0.84072219366341527  0.84877094733381175  0.85723754510358197  0.86611947274635748
  0.87550058841991507  0.88534353332413784  0.89579107390630874  0.90727023279374430
  0.92042229863520375  0.93628065826431428  0.95907003258296419  1.00000000000000000
 -0.02561645878723342  0.12275631601177736  0.15888040107921539  0.18098538559670263
  0.19847725725994719  0.21307463102023724  0.22583318996658699  0.23737395629975866
  0.24809850548139634  0.25799099535953662  0.26737154091608561  0.27632526598439916
  0.28503109501932555  0.29346482113613720  0.30145519910800439  0.30917031957695762
  0.31670315697355172  0.32406769847540401  0.33124581702370337  0.33803542385575336
  0.34468797330899070  0.35127328199621249  0.35766495082474653  0.36392438877013134
  0.37010880097155863  0.37623062079343728  0.38227560178989467  0.38825950859579872
  0.39425113766534081  0.40024078422469095  0.40615510508812969  0.41191883861165429
  0.41757743896365412  0.42321488366062954  0.42881489666598355  0.43444113032359000
  0.43997834499274557  0.44528952893763951  0.45048926858648908  0.45562832450072471
  0.46066647704043190  0.46571178618186126  0.47075982081745116  0.47584718373317914
  0.48091664634262832  0.48589575503275445  0.49102607699130024  0.49601946863176954
  0.50140077294906571  0.50682627720795304  0.51219074761447936  0.51749467321290421
  0.52270607809948977  0.52798446700554247  0.53332585778222052  0.53875993674658718
  0.54427646567004118  0.54985326672125989  0.55543651318317988  0.56096769294964588
  0.56649306209695949  0.57202370990437856  0.57762511844726983  0.58331087701904261
  0.58898472374206856  0.59459985478428534  0.60032349139968122  0.60605188767735552
  0.61186655582542726  0.61781579290524669  0.62394943458258656  0.63018662854988794
  0.63646355023146595  0.64277467718826820  0.64912860542658946  0.65564433550551526
  0.66227387164405815  0.66904133365158558  0.67592061426766414  0.68299761272288562
  0.69031157319395919  0.69805274395232908  0.70609813796775855  0.71471740287474361
  0.72362720132604519  0.73279610160072839  0.74230345836683809  0.75227352532510872
  0.76304629420336245  0.77465671396187474  0.78759104875042407  0.80216243801125620
  0.81956340287419749  0.84155509411666218  0.87773716458228368  1.00000000000000000
   4.8581524466798029E-005  -1.0000000000000000     
 T F F F T F F F F F F F F F F F F F F F F F F F F F F F F F F F T F F F T F F F F F F F F F F F F F F F F F F F F F F F F F F F T F F F T F F F F F F F F F F F F F F F F F F F F F F F F F F F T F F F T F F F F F F F F F F F F F F F F F F F F F F F F F F F T F F F T F F F F F F F F F F F F F F F F F F F F F F F F F F F T F F F T F F F F F F F F F F F F F F F F F F F F F F F F F F F T F F F T F F F F F F F F F F F F F F F F F F F F F F F F F F F T F F F T F F F F F F F F F F F F F F F F F F F F F F F F F F F F F F F F F F F F F F F F F F F F F F F F F F F F F F F F F F F F F F F F F F F F F F F F F F F F F F F F F F F F F F F F F F F F F F F F F F F F F F F F F F F F F F F F F F F F F F F F F F F F F F F F F F F F F F F F F F F F F F F F F F F F F F F F F F F F F F F F F F F F F F F F F F F F F F F F F F F F F F F F F F F F F F F F F F F F F F F F F F F F F F F F F F F F F F F F F F F F F F F F F F F F F F F F F F F F F F F F F F F F F F F F F F F F F F F F F F F F F F F F F F F F F F F F F F F F F F F F F F F
  <DiscreteSampler_grid>
  grouped_processes
  1 # 1 for a reference and 2 for a running grid.
  10 # Attribute 'min_bin_probing_points' of the grid.
  1 # Attribute 'grid_mode' of the grid. 1=='default',2=='initialization'
  0.0000000000000000 # Attribute 'small_contrib_threshold' of the grid.
  0.5000000000000000 # Attribute 'damping_power' of the grid.
 # binID   n_entries weight   weight_sqr   abs_weight
    10   10   1.506737876078703E+003   1.233630954923302E+007   1.506737876078703E+003
    16   10   1.506737876078702E+003   1.233630954923300E+007   1.506737876078702E+003
  </DiscreteSampler_grid>
