  0.00286740816417576  0.01461639309830080  0.02662654145453075  0.03852866861704735
  0.04970132842370744  0.06177593986575303  0.07470315612871307  0.08830559491664013
  0.10175577960079062  0.11533229054035687  0.12688373370729555  0.13678033079106694
  0.14702399992626783  0.15806862136888949  0.16938178313420046  0.18109552450482938
  0.19341839392734919  0.20559710815345020  0.21634898067065156  0.22635558887456966
  0.23649215073605168  0.24643031287840395  0.25656208529099717  0.26704020331057732
  0.27673879832995546  0.28662612386803160  0.29754201733610164  0.30939112333632279
  0.32019938892349942  0.33108729443971074  0.34044946579924834  0.34783166437405783
  0.35362802287559331  0.35973368830096031  0.36637892815287837  0.37436206123884308
  0.38689645758661867  0.39862102197195098  0.41006747901113538  0.42207734518169632
  0.43518797735245957  0.44739337074839397  0.45950312120724024  0.47209729424073227
  0.48493127134415004  0.49891822021178595  0.51318557345550997  0.52542935314004613
  0.53630613592265730  0.54740966077701503  0.55933986745008646  0.57098685464819865
  0.58044850280147742  0.59002127255916303  0.59920793960511309  0.60933959876465627
  0.61982753952853109  0.62996501932906357  0.63897504330232568  0.64803521896933669
  0.65705040070345555  0.66508160082227707  0.67258839618219490  0.67959830385297437
  0.68653261922711706  0.69642507782363916  0.70634427808709166  0.71529977368492348
  0.72074467328026670  0.72486024167813534  0.72950424767277644  0.73387167682825627
  0.73845686372632935  0.74366343332506712  0.75352277032584192  0.76491586786551846
  0.77797127020228152  0.79087411292342258  0.80273908035815000  0.81403428943820466
  0.82569822580817398  0.83822061981361662  0.85038390308927880  0.86182834711247713
  0.87285802860929440  0.88376414283298632  0.89506794374897192  0.90612172929056678
  0.91607359050982706  0.92510341172355337  0.93419297088909792  0.94494754445307805
  0.95825636490891419  0.97414746792504769  0.98782383775509230  1.00000000000000000
  0.00620959903342958  0.01566206955929939  0.02721768928204965  0.03974905396900205
  0.05180289240184188  0.06353400768710413  0.07432868741823308  0.08621604725944711
  0.09710466154950410  0.10819536216156136  0.11924858605233699  0.13137485748305969
  0.14424526681884470  0.15686537405671205  0.16837164500692375  0.17863903210433252
  0.18871339455575820  0.19955177163030580  0.21009816388979577  0.22082531788205365
  0.23280108985543135  0.24582308058689234  0.25762616074811484  0.26817519186090766
  0.27757549917700297  0.28762798251799571  0.29601759558950397  0.30354034539304087
  0.31064233298863653  0.31937165475608520  0.32890382177459387  0.34082991336806689
  0.35368163914965933  0.36654769235034829  0.37832456633876349  0.39068010840281325
  0.40118410443024982  0.41070674245850020  0.41941317649416077  0.42963328455710653
  0.43893767955586233  0.44871259415532050  0.45838106880863111  0.46924547883119783
  0.48114841414253307  0.49374614810191658  0.50556452556036835  0.51487460576265798
  0.52127254846388427  0.52723946040327108  0.53433270783898179  0.54129978936985468
  0.54769526872498664  0.55520490034059933  0.56838364931147256  0.58150274841214589
  0.59332227983694474  0.60585850399574548  0.61901238622529087  0.63176620298056041
  0.64365018734221202  0.65476436459761622  0.66592767365808858  0.67713814877799117
  0.68828110991648683  0.69874130348244257  0.70899605343669203  0.71959530775848357
  0.73076744998254806  0.74277921737746744  0.75426242209572592  0.76533498677830303
  0.77641386085185637  0.78837996652593589  0.79793644381109641  0.80630265415864244
  0.81395737072489649  0.82166969719603877  0.83002461481889545  0.83773283343227267
  0.84479078707308575  0.85248437243128816  0.86287349191720486  0.87486510804319573
  0.88647065271687964  0.89694697024795933  0.90694096942741209  0.91702516362423259
  0.92764430902877792  0.93883110500774625  0.94871487765166540  0.95719139107264739
  0.96588078307587522  0.97596987532738366  0.98803539219767023  1.00000000000000000
  0.00352318864002733  0.01141043996821767  0.02013133180699134  0.02929702007454434
  0.03872329155662940  0.04781607526226469  0.05670545171105267  0.06621096107080401
  0.07711545913904541  0.08822756193977044  0.09891745443905672  0.10966896391016001
  0.12030728691399353  0.13024212872905180  0.13977501088956043  0.15033236388958190
  0.16160103474856830  0.17119297981111711  0.17986505085419383  0.18937281324949323
  0.20108684119439374  0.21198417282020329  0.22178745550209444  0.23150660729013955
  0.24232390218640035  0.25447980367335210  0.26884440868035298  0.28206623639670225
  0.29322723389764060  0.30348248459883698  0.31349446523665619  0.32434521501639835
  0.33562296683067244  0.34390660864786665  0.34889593823808729  0.35408088629024514
  0.35971133235604069  0.36535274882259422  0.37146024585589082  0.37768650360937628
  0.38796162910871373  0.40148575505149919  0.41576702164962026  0.43064425631790987
  0.44417769382830696  0.45658685789933789  0.46924188057624860  0.48148355564003054
  0.49263117041430804  0.50451891205325816  0.51789049995215475  0.52807874319089498
  0.53701484453071346  0.54645464919005116  0.55690325130065887  0.56573050888607546
  0.57333406227918371  0.58050488748488882  0.59216860142473760  0.60616660527303234
  0.62008323637619078  0.63447715722687181  0.64866907883383496  0.66171637189492583
  0.67339735576375992  0.68367401492254054  0.69394235718774255  0.70526574023770527
  0.71922858170379811  0.73313410333769624  0.74510858269687363  0.75545336372479976
  0.76547364182808941  0.77578830155621237  0.78643672463259440  0.79752419698693222
  0.80798449044207077  0.81886742356346953  0.82974532393839762  0.84115713167650108
  0.85350417940912526  0.86605680301400612  0.87862643146878094  0.88814334418117247
  0.89675194955769910  0.90588979333615782  0.91566247641063803  0.92543377402110649
  0.93497317700954019  0.94338733500117655  0.95066831317977885  0.95757553091213565
  0.96518460172085074  0.97364621745769131  0.98264154472634979  1.00000000000000000
  0.00510414211702623  0.02560655200987622  0.04284389198537634  0.05565387603944480
  0.06700512474693897  0.07644511281759088  0.08638650375718925  0.09561227081806073
  0.10639283161763616  0.11787819728392900  0.12960117468697904  0.14138302252674012
  0.15334136331674589  0.16554207549333627  0.17679051348679156  0.18675504595236114
  0.19703221005812746  0.20727892702938003  0.21939692680577658  0.23131998674804169
  0.24298916113114205  0.25435373684819901  0.26589721752621892  0.27765823311529120
  0.28852327610181006  0.29830402287984353  0.30799605332741609  0.31772808608936137
  0.33098085761502716  0.33930998268524748  0.34663677422234129  0.35407418932256884
  0.36195494647033888  0.37052511703017132  0.37918014945998835  0.38782815675350157
  0.39704385278513615  0.40753090135104741  0.41802634333848471  0.42911306854353271
  0.43985505208328768  0.45015589591115202  0.45994879724104837  0.47093537181742878
  0.48250740579956236  0.49427764069223484  0.50709557467560218  0.51856840549861583
  0.52978412870765756  0.54099822035183009  0.55193429025189167  0.56208016587147558
  0.57148049660467881  0.58014895015792611  0.58900533468733407  0.59787747358593246
  0.60828283786228809  0.61984865962053914  0.63116913429672616  0.64197372417468024
  0.65306753556637931  0.66455594783778560  0.67595513893575765  0.68675306514829693
  0.69734263932232721  0.70840594447778127  0.71901167342104699  0.72972761833811006
  0.74022544990584360  0.75040057166663943  0.76010878420727779  0.77042422087476625
  0.78076772557904772  0.79161330734520807  0.80280478978141567  0.81479373176321968
  0.82762877241556909  0.84020352531266984  0.85313415732895359  0.86705616382124540
  0.87598334815160284  0.88023844323555822  0.88479337492559806  0.88917277061938294
  0.89335741978045802  0.89713721371430399  0.90093480013957683  0.90678541082291353
  0.91583476528022745  0.92613909628532864  0.93705082900349845  0.94812822604900548
  0.95878119881582369  0.96912279807606250  0.98034771946969612  1.00000000000000000
 -0.00007442034052729  0.00077458394503177  0.00205356178398629  0.00403662987481686
  0.00635560486822707  0.00954388318867610  0.01292568236379573  0.01622820005110691
  0.01983308381587881  0.02360474213572394  0.02739004733385841  0.03155459517819395
  0.03617803278211399  0.04153398804778267  0.04759311565971942  0.05438234369552324
  0.06094148934019526  0.06748211328224335  0.07359775623497281  0.07995673127780302
  0.08693265629195920  0.09448483848703403  0.10303096691490332  0.11295496414916079
  0.12418556225168255  0.13594364549463411  0.14744929143427279  0.15943483470445982
  0.16669230931854823  0.17401959893768859  0.18128980654840271  0.18895812076322713
  0.19718216136567779  0.20467652673229308  0.21148887797669833  0.21841717012651410
  0.22611826251344741  0.23480249361716513  0.24566843171727337  0.25670852905184716
  0.26828129785434773  0.28139870028677078  0.29456049569870235  0.30631233803579211
  0.31896420315599644  0.33216743204090388  0.34527651928542580  0.35808362251275433
  0.37023262833402365  0.37666230062950551  0.38306824493210301  0.38931898177391222
  0.39658511379589884  0.40403615113611724  0.41162089598242180  0.41926442276316156
  0.42695857019346112  0.43793375386860506  0.45316897402844286  0.46695172079590735
  0.48015262520218743  0.49274921328429838  0.50316884374142190  0.51308889916862943
  0.52346076885826920  0.53471736310051721  0.54779812640909409  0.56322398763249082
  0.57896791172655548  0.59393342591164922  0.60954484683662735  0.62449109127329616
  0.63845615681340684  0.65178702473574202  0.66490091948755203  0.67848090762550139
  0.69265121296776777  0.70703296090971890  0.72181162492562811  0.73672750836983014
  0.75148494649043607  0.76641765486306657  0.78231365510856365  0.79919648227270523
  0.81595249287838900  0.83101812103379802  0.84764234534138161  0.86565919620322196
  0.88325068306810606  0.90037295734458456  0.91736002877150868  0.93372565165937471
  0.94959379732133897  0.96655482965409156  0.98335734289979737  1.00000000000000000
 -0.00310364083721870  0.01708865007402319  0.03215383487938682  0.04650068989379023
  0.05904009954834991  0.07116737290505648  0.08319554529128388  0.09396766720497408
  0.10558037132840248  0.11849395325960246  0.13120819248827897  0.14178610710899281
  0.15201366365131194  0.16201774319922138  0.17324883170461297  0.18537612516458501
  0.19686169285550648  0.20688006853193408  0.21630634913195793  0.22661454258304631
  0.23795697847424510  0.24867095203147960  0.26109481272488733  0.27537390931287031
  0.28972136933175607  0.30178329868228182  0.31276294533558568  0.32304157868377137
  0.33374866733165182  0.34479860890431513  0.35638792999101571  0.36833998692697922
  0.37929538518755462  0.38971487260526738  0.40064166195467804  0.41230499938675563
  0.42269895210125963  0.43168747246969047  0.44007287073046564  0.44785537053588759
  0.45657052577162466  0.46661586003143496  0.47607054567996077  0.48542404599154726
  0.49572882802179724  0.50694324384586165  0.51981960987616416  0.53216821685454752
  0.54322275404761589  0.55373516585915594  0.56357133702567630  0.57366995950908484
  0.58326818162718119  0.59361784816980712  0.60465182906936166  0.61612361488190248
  0.62786129527466683  0.63940949220920928  0.65030722752974479  0.66083386080571693
  0.67251187379049326  0.68419571116995959  0.69639492305916106  0.70726751880819483
  0.71821726852453716  0.72934946829048897  0.74143868976290050  0.74808655382520051
  0.75336318543262948  0.75903465622649480  0.76452174586075072  0.76914441481420626
  0.77430012913071400  0.78268503422219105  0.79361166662640037  0.80483153710057687
  0.81499920509167845  0.82544967007260828  0.83654460754084115  0.84702951131616122
  0.85710905685910876  0.86672702847670746  0.87849340728165815  0.88946439521787202
  0.89873085672829356  0.90696848237374983  0.91584480082337749  0.92653286214230857
  0.93731698324322277  0.94678667762668201  0.95615543445533568  0.96626692661357771
  0.97564584583551228  0.98345997178082734  0.99101902838415123  1.00000000000000000
 -0.00312469308111059  0.01468643688163992  0.02841037495044734  0.04081378488633580
  0.05546970087371132  0.06783342765593259  0.07728717167769325  0.08663317537753594
  0.09549914250728922  0.10474330889869091  0.11362608415629138  0.12264407258756643
  0.13079219874952552  0.13971976155231189  0.14794144374565693  0.15511754451947057
  0.16166292674758964  0.16894059924045199  0.17684053061596861  0.18406872350649903
  0.19122022333918107  0.19889034405329031  0.20819244310451729  0.21933142546688919
  0.23151491419079995  0.24355920240306242  0.25417641162445131  0.26396461270572996
  0.27383970882416664  0.28487095139245194  0.29665566917200298  0.30695806343114285
  0.31612110814391464  0.32594078699047208  0.33655422132823659  0.34895873284035989
  0.36147126251716860  0.37285042746794461  0.38356073520621892  0.39450955205135690
  0.40658234031041879  0.41924065637380298  0.43174624515045246  0.44347997663621480
  0.45512542848269977  0.46646654390119036  0.47865463280015624  0.49152972021473601
  0.50457324729880693  0.51732203274872668  0.52861471390670489  0.53922262196896964
  0.54906185808381158  0.55976916877323746  0.57019931066666996  0.58034030008470960
  0.59064266045494995  0.60114185829532119  0.61129750692428320  0.62149498174103135
  0.63379466040838117  0.64735958264852789  0.65980729839540264  0.67184063484210754
  0.68245613199463706  0.69257539907187382  0.70183535146666609  0.71305726310511763
  0.72478942700091875  0.73729595449920349  0.74984241432948096  0.76274722265184014
  0.77554173229324452  0.78693464211471498  0.80028056235073408  0.81298990237652102
  0.82700059793844649  0.84065543247882846  0.85237783011685142  0.86326968718459984
  0.87353676575564854  0.88453892862659433  0.89293703067112529  0.89856037693425794
  0.90439001416231513  0.91021101540995653  0.91610770495754346  0.92116810595373544
  0.92568007239634642  0.93392792634238952  0.94338992875360450  0.95362638099620711
  0.96587179554197811  0.97817336651524911  0.98946966519092461  1.00000000000000000
 -0.00260903652967395  0.01233501673527181  0.02584668350755840  0.03999631877389168
  0.05025173828957861  0.05969155727251799  0.06957976855803774  0.08114035585816055
  0.09304863616555162  0.10593363979159835  0.11929790110471260  0.13089272028859697
  0.14095591795225904  0.15087139107148870  0.16093865644291724  0.17224844357227370
  0.18040383960768228  0.18934560767069128  0.19697853546955144  0.20512042471154959
  0.21393452303401791  0.22275169551841323  0.23345537896393243  0.24500592171242325
  0.25622690884548049  0.26733419504741079  0.27956678129449603  0.29326212056843753
  0.30600483874226825  0.31800962622361406  0.33020119811162407  0.34168365611165297
  0.35374476293779500  0.36644398804266659  0.37896713918508440  0.38988511122936798
  0.40030672573014064  0.41149772996567568  0.42311451047521331  0.43404448130222922
  0.44425635291835491  0.45163859451404276  0.45680305232977825  0.46194311844356378
  0.46724472730006067  0.47252735597537249  0.47813657504985463  0.48379313116841438
  0.49538045686697657  0.50811128391393301  0.52017892790541798  0.53153086172884068
  0.54311533898222542  0.55454516004762533  0.56570412835901185  0.57769551734021329
  0.58645904438926411  0.59448334124796431  0.60260202170909705  0.60944864596323756
  0.61636827912293779  0.62381931441336114  0.63103554598969702  0.63802667425428106
  0.64595699795236439  0.65611555813582634  0.66681440565226202  0.67725205806069377
  0.68760507472956311  0.69777723509239176  0.70785965272363016  0.71866569575496109
  0.73074761069160787  0.74269367945623965  0.75315294987049974  0.76319949470867432
  0.77366382480516649  0.78535002268386234  0.79761853333404831  0.81034246022720535
  0.82283346351642239  0.83525230574173626  0.84866459882249923  0.86350784240130440
  0.87747593987585493  0.88988173875234722  0.90162056421827519  0.91222032496181937
  0.92244036016458730  0.93279225727518622  0.94397196325515964  0.95717225505448067
  0.96900471128261323  0.98011569823151767  0.99069776739057536  1.00000000000000000
 -0.00125466539534863  0.00533009789071244  0.01092480781533613  0.01616458116962052
  0.02192660042238909  0.02818267238491098  0.03499117209152359  0.04246985547591145
  0.05115502326391349  0.05877608142234911  0.06813961781578548  0.07862683658936327
  0.08889953250010843  0.09891454661273277  0.10935283239300105  0.11874844221291414
  0.13138746813774418  0.14509021299209798  0.15401822601727891  0.16007005616680431
  0.16647495548528923  0.17165275587315851  0.17690473145649671  0.18249297861422753
  0.18809677167999542  0.19587664884797643  0.20758835081760679  0.22006048924127247
  0.23251838502413932  0.24460119021449211  0.25668214576168080  0.26930614268747705
  0.28019261809492679  0.29046818230005533  0.30046507547563595  0.31052992600051965
  0.32246323203125526  0.33420500678756276  0.34573757312170944  0.35683909410603559
  0.36804589547380184  0.37962214809887790  0.39102149763829314  0.40159274492087321
  0.41148942527576909  0.42118395411407378  0.43026136825313532  0.43891750733878626
  0.44767993166326320  0.45667678213862495  0.46642201993524673  0.47604783314707266
  0.48621424475124775  0.49507303329220947  0.50462228283530253  0.51415343970321226
  0.52375165503901011  0.53263951230268880  0.54276002322355987  0.55698138747397585
  0.56886888129766966  0.57937434261321574  0.58940266461417357  0.59994318180357364
  0.61151792403270444  0.62349323048916727  0.63572520779544206  0.64880774107754979
  0.66338364529902505  0.67805149929516018  0.69200406286261418  0.70520017930919210
  0.71790221548187594  0.73109569474232694  0.74416089690303278  0.75581998376451909
  0.76512840771636625  0.77362101603039368  0.78196524986812277  0.79232317514265482
  0.80467259010016345  0.81752503244212982  0.82939811350051140  0.84059467073485739
  0.85172446940552093  0.86363614696544244  0.87634659229398892  0.88945349361237436
  0.90486817785703599  0.92074610153272796  0.93649132312836936  0.95136533296048253
  0.96482770801781070  0.97746475078912731  0.98871943188765021  1.00000000000000000
 -0.00213932945240209  0.00695051838227726  0.01609055952117595  0.02709991332648661
  0.03997405960600556  0.04958102539151190  0.05855277173489554  0.06594485104007064
  0.07253244546239802  0.07888426441079503  0.08568871830485918  0.09270213146537132
  0.09984315176765068  0.10358317168803188  0.10700652902958872  0.11234417176133431
  0.11732639947621765  0.12206926219544012  0.12681240738045571  0.13884732406976094
  0.15261433596938184  0.16520940097135992  0.17735280175131521  0.19009497785442916
  0.20238622829751601  0.21363609829544003  0.22565306912795025  0.23487307053192236
  0.24490820387087672  0.25542168522620606  0.26676007395670970  0.27761855759127374
  0.28778555467322459  0.29880445560701152  0.31193735354277274  0.32395247815926209
  0.33653375920762790  0.34805457393980899  0.35871818531792604  0.36954725789563836
  0.38054445590868874  0.39199537523389000  0.40208874761908658  0.41175310136090509
  0.42442139329078110  0.43824845606573964  0.45233126017229147  0.46466979818767912
  0.47699828676986789  0.48874412875460943  0.49945638057619279  0.50936336702625695
  0.51927588770959088  0.52945332780100696  0.53971395809553790  0.54982857548655206
  0.56070355891553902  0.57214162650689893  0.58286530741344655  0.59242848029112394
  0.60148735445465462  0.61034983394235098  0.62002584893918922  0.62949349622787942
  0.64083396127673564  0.65269254273414956  0.66519734924023588  0.67824621697339138
  0.69122430141295499  0.70413941276713721  0.71491736503448666  0.72609603471293860
  0.73691745177123713  0.74937742177104782  0.76088207970195132  0.77051335467347082
  0.77992165904423671  0.78954067307702680  0.79996600318028632  0.81224160330901773
  0.82464740369992617  0.83719614559275457  0.84981658990923359  0.86229084849506177
  0.87431464963624339  0.88642708087500677  0.89822880493470814  0.90783547763467098
  0.91670649119584990  0.92590710167932855  0.93564113191413323  0.94588783152851286
  0.95674995269121266  0.97062390317640257  0.98567858101056816  1.00000000000000000
 -0.00269807984360873  0.01004149922028245  0.02146585191340834  0.03397681847082270
  0.04768703247727378  0.06136129735813740  0.07547014617468643  0.08833931276571177
  0.09929446578184900  0.10954828549564255  0.11937171491037030  0.12964232913525070
  0.14049002281182749  0.15145814390915804  0.16211347312145505  0.17337639861334453
  0.18557823745911142  0.19869160353905035  0.21384939045407567  0.22776622871589111
  0.24249266095061653  0.25636951131234803  0.26920978906040827  0.28056993434155392
  0.29191269146603477  0.30392027377625225  0.31539514680044006  0.32606478124449823
  0.33678102791848080  0.34759974102705893  0.36067351227015571  0.37250908579429121
  0.38511484118317790  0.39793296421199675  0.40999745519698017  0.42082459435543829
  0.43136464006662845  0.44332951658541131  0.45775612703007013  0.46586143290987120
  0.47089589094731310  0.47608590320690647  0.48136482719846452  0.48696123698680893
  0.49323880505193246  0.49991221986782952  0.50905982331411470  0.51865393408656801
  0.52828104613387949  0.53679982978117491  0.54570232645802852  0.55402406371130675
  0.56133958728047006  0.57084733525935794  0.58188323803151942  0.59114181502618601
  0.60042914084993537  0.61131001527059703  0.62421331392507118  0.63668741020321540
  0.64780297247727237  0.65846566968024556  0.66885687301746799  0.67850780742866401
  0.68873973607726358  0.69816828144091447  0.70808982055058944  0.71731215742817411
  0.72658055904820029  0.73594704290399482  0.74616669861119700  0.75632169636777657
  0.76705171672135686  0.77865595076099270  0.78936238839560691  0.79941266051362914
  0.80902276038567933  0.81783148825369434  0.82684636707336945  0.83662207892757678
  0.84723647039905581  0.85734696418668777  0.86679294525521178  0.87604004925163559
  0.88562269017729967  0.89528950899185322  0.90532899053255367  0.91598899967205338
  0.92736541717681586  0.94034260238165190  0.95254271557516279  0.96231441181485400
  0.97086161255603676  0.97978446647421003  0.98953203053955441  1.00000000000000000
 -0.00231633139005769  0.00644535948564512  0.01502828267182851  0.02391617894889443
  0.03365031252456407  0.04421721874567537  0.05457312113602581  0.06487410475313020
  0.07532129756827088  0.08543963422587059  0.09688861928980845  0.10972403571460311
  0.12371645153648739  0.13697009335147753  0.15014805662545627  0.16612916230564487
  0.17766093969453922  0.19006974382429295  0.20110564428381844  0.21133985704599637
  0.22107713944102947  0.23117822324955378  0.24368981967179412  0.25838262963796371
  0.27327705932807905  0.28677562265554202  0.29894683037622932  0.31114951650816125
  0.32321448845803952  0.33300082229308486  0.34228514951697686  0.35203174610995075
  0.36246253036493886  0.37491271601666137  0.38867932608856942  0.40083795615418560
  0.41223738497550672  0.42396978285902182  0.43603273485991001  0.44784519409511497
  0.45973563128506451  0.47068320279738562  0.48054484430998939  0.49037504295148204
  0.50049153115986134  0.51271331148809896  0.52410182976955078  0.53611854903409339
  0.54640696560720592  0.55706598616980352  0.56744031690573560  0.57978768698837679
  0.59276365628016037  0.60598019843286099  0.61753917082916965  0.62768075080546115
  0.63723550457455702  0.64731038652837647  0.65917924508014680  0.67207661103889871
  0.68442582400809315  0.69572456512463687  0.70643976042185608  0.71501422514853463
  0.72299939491901377  0.72946096830890894  0.73642064312866451  0.74410888337737291
  0.75248432677039301  0.76117106352859953  0.77056102530458459  0.78186470737247060
  0.79251381556313316  0.80173472610249796  0.81006273084654923  0.81779678381473220
  0.82585462620593886  0.83537091137433284  0.84688154514167679  0.85834918840701335
  0.87006942682788690  0.88246641491754518  0.89129084869739672  0.89808466745360704
  0.90504440894325566  0.91217974326159701  0.91772998923258375  0.92248827514738407
  0.92872397648609417  0.93959307583860341  0.94995979317925749  0.96084281589518916
  0.97255271616894634  0.98271047221095853  0.99161576493778236  1.00000000000000000
 -0.00104373788789099  0.00247048096806418  0.00610734858574078  0.00963727291088916
  0.01299369325261388  0.01640811598577850  0.02003554527216679  0.02374301667452307
  0.02557357409057153  0.02746826118971843  0.02938888445440251  0.03136083573485190
  0.03344125320380113  0.03563054678506224  0.03781231702506796  0.03998274083482267
  0.04238908811121900  0.04649287508815894  0.05209023320688067  0.05719275481885350
  0.06252646976626182  0.06801710102037589  0.07365356385614262  0.07943461959077351
  0.08579713349410008  0.09301003462003871  0.10072626478446597  0.10836885770617154
  0.11574977358658675  0.12317921570612746  0.13102222872820313  0.13845818215297445
  0.14555814404060524  0.15289217773556213  0.16028593243662609  0.16930444678048767
  0.17852989686514711  0.18736946872195739  0.19555152485710015  0.20446661472923791
  0.21385613128763573  0.22367558144380884  0.23366250043066120  0.24330765971816687
  0.25209720243613137  0.25973974122392274  0.26706685932759550  0.27442351446962610
  0.28220329659837279  0.28998062023579674  0.29796801349515234  0.30527974723576279
  0.31237030669779187  0.32049003443435997  0.32980132706845156  0.34015945412390736
  0.35067562111814549  0.36078993493492229  0.37035266029863539  0.38023080239187812
  0.39105494363613691  0.40275916455505728  0.41402892475134107  0.42484245038008039
  0.43655139933417209  0.44990798513573810  0.46475187867043644  0.47852337227440378
  0.49464540201727458  0.50943682863010387  0.52574411913284935  0.54288404276355184
  0.55844862559144304  0.57351453342690051  0.58851828563929098  0.60462569374842834
  0.62183249612383529  0.63762761013047231  0.65257749471710402  0.66914705173728428
  0.68591773163744130  0.70441520757234799  0.72443254960464754  0.74539948953115487
  0.76409241589697852  0.78378229508042008  0.80748853927263997  0.83105820865209890
  0.85204260283534616  0.87292102303949204  0.89432876576846987  0.91621472987414587
  0.93909836300459959  0.95760311165149348  0.97889810077394124  1.00000000000000000
 -0.00340090947393658  0.01016506117862139  0.02201341324589718  0.03358521177285777
  0.04579376588889983  0.05799484327903387  0.06871067804196861  0.07917899490159556
  0.08911757201314048  0.09981901022509086  0.11108642590249788  0.12157678239839330
  0.13059605013747391  0.13935245401999846  0.14876290500811618  0.15890948108801639
  0.16885008859261569  0.18050113731629400  0.19044402673614838  0.20342217045009722
  0.21288291148011279  0.22289679054408618  0.23332577536853852  0.24398842333927981
  0.25439933691717070  0.26416243017316432  0.27445719052949241  0.28585354771754018
  0.29798475367267035  0.31095477067128263  0.32449017702746141  0.33748427335733966
  0.35061499841096522  0.36330416804025911  0.37507286445205001  0.38413069329603511
  0.39304765724338703  0.40288177808421288  0.41219576371946043  0.42109528027592169
  0.42921870829886544  0.43969963579799348  0.45299942779211078  0.46527087921820937
  0.47639626268294677  0.48761901745139913  0.49931190937328201  0.51144512732314162
  0.52088553395577264  0.52654355479696002  0.53185305728839938  0.53682276703876297
  0.54189036056613349  0.54759672899548573  0.55245858085528354  0.56164963932394640
  0.57226345014502700  0.58312383894861997  0.59414915413907243  0.60555441442572433
  0.61770718377379141  0.62997608191828613  0.64187057942498982  0.65371662735541292
  0.66535763065462605  0.67845074239922198  0.69092062665087883  0.70172589736689273
  0.71237306437227543  0.72332369715288358  0.73373335622678071  0.74355388398927436
  0.75330808458020815  0.76318087254130329  0.77357432990061104  0.78536206975954514
  0.79627208865502952  0.80604523213035395  0.81510797421687475  0.82482551630299050
  0.83541903698137898  0.84641215304319617  0.85799718546230630  0.86929672059375696
  0.88121880175341993  0.89378508841507831  0.90628092943910266  0.91868173462267744
  0.93116936943802864  0.94197364319895294  0.95171160116507580  0.96056964789495836
  0.96974180011837463  0.97935335679861557  0.98931163110789777  1.00000000000000000
  0.12994424671228269  0.24477153935444715  0.28421549443212962  0.30938031796147292
  0.33001828277851736  0.34704799056355812  0.36122515765206337  0.37381788362853646
  0.38642353381780498  0.39800015018342316  0.40904216946973782  0.42087127653401907
  0.43328447550034171  0.44350368463728634  0.45359705609488304  0.46373484566375112
  0.47435063733796146  0.48401882590299949  0.49331753474007806  0.50254150304758582
  0.51044483477400271  0.51816554445995211  0.52497652281039364  0.53101556989534071
  0.53764067210014010  0.54534268834644750  0.55487436425523373  0.56376915125317262
  0.57241556789233827  0.58062941883352948  0.58898867501088903  0.59764839823473115
  0.60577690095944592  0.61329876036163167  0.62062294772847060  0.62829964033505481
  0.63580946205217659  0.64290799938781085  0.64953813634273883  0.65636333963020010
  0.66307017042457128  0.67092591819808967  0.67914476769100807  0.68763836247335897
  0.69541964068619855  0.70275431916546660  0.70989130311697857  0.71651900902184673
  0.72276414792043764  0.72900990889184669  0.73527989968512575  0.74157752484665840
  0.74758184754424273  0.75389435418914374  0.76127939435861181  0.76937110231902750
  0.77746202691508959  0.78547384669989095  0.79272247718050270  0.79879099206814475
  0.80455592502800533  0.81043802904292317  0.81629698807992712  0.82307024595144962
  0.83036923794568274  0.83731412702628494  0.84375956019164855  0.84982795851720738
  0.85561028721359011  0.86107549319465582  0.86664771444353206  0.87205592760282269
  0.87758237864431643  0.88328880150004796  0.88911302658506830  0.89524092938216249
  0.90161415893311325  0.90782293128013447  0.91485297002758681  0.92191389148057623
  0.92891620075846726  0.93583128255277392  0.94250042657920052  0.95100240555387894
  0.95547739154297451  0.95800566023359734  0.96002233168243611  0.96219509834642458
  0.96478214716977639  0.96755753208799256  0.96988512683198425  0.97310260972681417
  0.97900411425243128  0.98523243055786291  0.99183840998930528  1.00000000000000000
 -0.02087523807033724  0.12839520146733646  0.18189281265502383  0.21408025239420750
  0.23948760293840796  0.26089511016497408  0.27946081745027501  0.29696885905268494
  0.31388061184291255  0.33234169868326097  0.34995745390555205  0.36467401069558419
  0.37699986853882911  0.38796911157574326  0.39819076128804665  0.40839129972760124
  0.41973028470993090  0.43125496955232989  0.44200560085166396  0.45201440482153560
  0.46079646945164271  0.46875324891810360  0.47643612449597827  0.48388749752495480
  0.49104062351379846  0.49799416399421059  0.50509170180999330  0.51230468971116161
  0.52007719320123325  0.52790002963562732  0.53720305032930071  0.54743437907599979
  0.55756639913081552  0.56477134239276228  0.56973830639389844  0.57471056777994134
  0.57970227948466013  0.58447999841928266  0.58915557289697251  0.59402006731435553
  0.59901883126693345  0.60385363276958137  0.60867145416061996  0.61375374505217617
  0.61902038727929254  0.62439633543988937  0.63032306931683169  0.63710025910490853
  0.64307581618290111  0.64846543558891256  0.65372921022654740  0.65896515734435523
  0.66465171964955416  0.67079115706922487  0.67646617034197076  0.68168203204090072
  0.68687045905619271  0.69231105421272543  0.69787077347194426  0.70268072078220623
  0.70766273093671839  0.71295369932074837  0.71769538057224080  0.72113966400333818
  0.72456840492163466  0.72809761190927869  0.73147161909949154  0.73472635321731872
  0.73814673384292073  0.74193327334889214  0.74572036799934560  0.75043936269227962
  0.75774006224024570  0.76409579542004546  0.76962317712184170  0.77513629161104303
  0.78034373996186113  0.78535028633765813  0.79037147029679489  0.79562920289077865
  0.80165477222284487  0.80811991033068231  0.81444468723624108  0.81987795043057188
  0.82563522832252811  0.83128374418062234  0.83848774159491091  0.84687873915006795
  0.85644969085278866  0.86730265868410383  0.87817221748603658  0.88973031812968817
  0.90512049065259415  0.91900144991869659  0.93991657223977487  1.00000000000000000
   5.3782482936385288E-008  -1.0000000000000000     
 F F F F F F F F F F F F F F F F F F F F F F F F F F F F F F F F F F F F F F F F F F F F F F F F F F F F F F F F F F F F F F F F F F F F F F F F F F F F F F F F F F F F F F F F F F F F F F F F F F F F F F F F F F F F F F F F F F F F F F F F F F F F F F F F F F F F F F F F F F F F F F F F F F F F F F F F F F F F F F F F F F F F F F F F F F F F F F F F F F F F F F F F F F F F F F F F F F F F F F F F F F F F F F F F F F F F F F F F F F F F F F F F F F F F F F F F F F F F F F F F F F F F F F F F F F F F F F F F F F F F F F F F F F F F F F F F F F F F F F F F F F F F F F F F F F F F F F F F F F F F F F F F F F F F F F F F F F F F F F F F F F F F F F F F F F F F F F F F F F F F F F F F F F F F F F F F F F F F F F F F F F F F F F F F F F F F F F F F F F F F F F F F F F F F F F F F F F F F F F F F F F F F F F F F F F F F F F F F F F F F F F F F F F F F F F F F F F F F F F F F F F F F F F F F F F F F F F F F F F F F F F F F F F F F F F F F F F F F F F F F F F F F F F F F F F F F F F F F F F F F F F F F F F F F F F F F
  <DiscreteSampler_grid>
  grouped_processes
  1 # 1 for a reference and 2 for a running grid.
  10 # Attribute 'min_bin_probing_points' of the grid.
  1 # Attribute 'grid_mode' of the grid. 1=='default',2=='initialization'
  0.0000000000000000 # Attribute 'small_contrib_threshold' of the grid.
  0.5000000000000000 # Attribute 'damping_power' of the grid.
 # binID   n_entries weight   weight_sqr   abs_weight
    13   10   2.477212856515968E+000   2.192159629359877E+001   2.477212856515968E+000
    14   10   2.477212856515921E+000   2.192159629359812E+001   2.477212856515921E+000
    16   10   1.723779533518352E+000   1.579523642920021E+001   1.723779533518352E+000
    17   10   1.723779533518327E+000   1.579523642920007E+001   1.723779533518327E+000
  </DiscreteSampler_grid>
