  0.00334217635547984  0.01145367218925666  0.02172294438358323  0.03181082255412016
  0.04161079026050697  0.05184044375907041  0.06219926170347738  0.07300202392935763
  0.08367541938826802  0.09421962502533156  0.10451005668169926  0.11468402018176600
  0.12494891384566924  0.13538606252229113  0.14571266754111079  0.15608918402928779
  0.16665129033003717  0.17718819567104901  0.18760061356940227  0.19784855236491514
  0.20814849056146972  0.21842369728966202  0.22873720364518782  0.23893951605928490
  0.24940320422385157  0.25975554471101409  0.27011177177938539  0.28021317271738333
  0.29063775219577004  0.30116567054281862  0.31194481690180997  0.32263164450547660
  0.33341114343378997  0.34406081751585726  0.35457821629277836  0.36515591733567160
  0.37562909258822930  0.38633373997100184  0.39692472190668765  0.40788688983890603
  0.41875016785606228  0.42986006103082536  0.44056363406877641  0.45100931495195723
  0.46135604290753490  0.47182728190044027  0.48244729492215666  0.49306782877302707
  0.50361370937160255  0.51406149816416047  0.52433362340547651  0.53443967507472590
  0.54459875907893984  0.55496061482466708  0.56527413188512277  0.57580076334727381
  0.58636611541097383  0.59714165300036048  0.60783511142353930  0.61831489700453546
  0.62883174761079352  0.63943776077799386  0.65030944797642609  0.66076637288157236
  0.67096732367887946  0.68091087851191234  0.69130079564219749  0.70184044507995769
  0.71259799472823182  0.72326048573396873  0.73394196845457316  0.74442859820687657
  0.75508920272994529  0.76606589668942637  0.77701903398065997  0.78769984050894071
  0.79808625799306820  0.80836175218392747  0.81861945789335511  0.82881045667652720
  0.83912545124633819  0.84957689312045015  0.85993316702477107  0.87053667103569521
  0.88109355140888546  0.89150692370489404  0.90209348765174435  0.91236874785650524
  0.92293168075070242  0.93351648802067688  0.94415665938818472  0.95497078386468337
  0.96525115375504400  0.97618897463489573  0.98753114056489555  1.00000000000000000
  0.00697360933843394  0.01647995410149814  0.02752935701634057  0.03840975103159332
  0.04910634950204679  0.05988068199564287  0.07038676067226678  0.08066120653162100
  0.09105331849340491  0.10161453536574329  0.11227799807502220  0.12292980279639543
  0.13349052121869076  0.14394885314860051  0.15435858130924962  0.16485735297447576
  0.17545827320165441  0.18605839198144769  0.19655721190364622  0.20709229567117918
  0.21787110230218792  0.22884622039071439  0.23978159735822249  0.25065550051018876
  0.26150413939283962  0.27241180209661192  0.28336479723795388  0.29419862507179623
  0.30483089176280381  0.31534394789942516  0.32578451508187001  0.33622263137429942
  0.34667812659026565  0.35715552775289339  0.36756315712521392  0.37796064560083453
  0.38833792763548253  0.39867315380340401  0.40891320410251852  0.41917545961496411
  0.42953048479042949  0.43986732821219277  0.45027371988961434  0.46077832044646977
  0.47145473043318631  0.48217320053285972  0.49275988882913735  0.50335352088950724
  0.51384458339285333  0.52430811754114504  0.53465936015437143  0.54496650265479807
  0.55501476177965869  0.56482751615929139  0.57466049932642838  0.58462301259537763
  0.59489093997464570  0.60533043822807198  0.61571740829383714  0.62599610746726375
  0.63628004763190515  0.64680313808928136  0.65766781160809828  0.66851331686084559
  0.67958087790140875  0.69076146708617769  0.70189021069986934  0.71280899687348565
  0.72338580923303775  0.73395426842620115  0.74440830926751322  0.75479804624563207
  0.76490441422154809  0.77502402864207820  0.78522476342448733  0.79550297119881030
  0.80557980415542385  0.81559816738610813  0.82549410724005190  0.83566777309753215
  0.84594972438034544  0.85655812085622651  0.86723413901551849  0.87798532794306572
  0.88867773316913212  0.89928642667959280  0.90977711245172588  0.92053986468169191
  0.93133003733901387  0.94209068579299982  0.95269944340975332  0.96304414117012094
  0.97298764390365977  0.98240362200617337  0.99181661611321548  1.00000000000000000
  0.00346774296467708  0.01152862208911025  0.02135596667511311  0.03130348680515935
  0.04083039975667965  0.05080718344170171  0.06073206913921762  0.07075736670471311
  0.08071962855069829  0.09054031769872080  0.10038574795071642  0.11026183275329417
  0.12040679003242073  0.13060458425811386  0.14106706319813708  0.15119866173419622
  0.16135458879107725  0.17128965414134179  0.18158968633215317  0.19222615194101539
  0.20312598814993987  0.21399375209324464  0.22438471575491184  0.23476757927358544
  0.24543885239604010  0.25580724437916957  0.26617312285894129  0.27635722340878677
  0.28681084305350474  0.29740923497494209  0.30773588040937427  0.31802436585529953
  0.32833054373917320  0.33885888570687106  0.34951314345799833  0.35980636127397830
  0.37016521941791497  0.38058794422265591  0.39106335438567486  0.40145012924274720
  0.41187232715951422  0.42236046965749013  0.43286103371404483  0.44351057964956125
  0.45423235331899198  0.46494393918875260  0.47528670665469286  0.48589964289156662
  0.49650878373788609  0.50711729706891584  0.51782614005913286  0.52823901515350491
  0.53892893782194051  0.54955839650781002  0.55983298800254921  0.56983026314970653
  0.57971446781950831  0.59012780310054602  0.60054858817938195  0.61134323893445619
  0.62229403827482854  0.63321080562967635  0.64418150837755228  0.65503179132557243
  0.66590514734696415  0.67635093114084632  0.68687578306530239  0.69784069228667123
  0.70862743431656638  0.71925411931630556  0.73000939606407467  0.74108823410123204
  0.75203270817649004  0.76228337252608724  0.77266835343964724  0.78330222974738450
  0.79430286815341511  0.80505956053983829  0.81575577401141119  0.82662834495383053
  0.83763760140511456  0.84864176481144493  0.85951940815939454  0.87039876558129670
  0.88109562620100734  0.89165920987885738  0.90227033856935757  0.91283377316533287
  0.92332270857281196  0.93340745937342617  0.94378616215758526  0.95447351841539241
  0.96518771642042289  0.97603394121607501  0.98760562059885593  1.00000000000000000
  0.00591505301408013  0.02032338928375893  0.03530551833908461  0.04804046746734458
  0.05984311191622289  0.07126178631980769  0.08247611435737066  0.09343328521247771
  0.10432205354495262  0.11537762196689096  0.12643904897153796  0.13746007467882626
  0.14831803661199253  0.15942286674254691  0.17032900065121345  0.18126597787600476
  0.19172389401158418  0.20211743018789091  0.21261220364439226  0.22301964088611800
  0.23336381226790118  0.24376880266481321  0.25437762126239788  0.26525109867100610
  0.27598366906365501  0.28658250579983341  0.29686645198352313  0.30699144434226849
  0.31721300776135553  0.32741697195493458  0.33754249529305502  0.34764263806826917
  0.35796127164555186  0.36850772482692279  0.37918581291001613  0.38997822081566014
  0.40089611228288874  0.41177023373601335  0.42239078205416153  0.43287452063349885
  0.44345505264120511  0.45425902158982712  0.46507605214593623  0.47573094597502485
  0.48612419825829617  0.49632567003581801  0.50641078130755768  0.51645718710254052
  0.52643018351614945  0.53635782499276707  0.54648991672395975  0.55684117449972470
  0.56749004940813408  0.57824229452679643  0.58889494816729848  0.59912737405124639
  0.60918054483499040  0.61921476545712328  0.62948977183230248  0.63976306041879050
  0.65030766721068900  0.66116074143461134  0.67228072850891119  0.68348303491086082
  0.69446678454428967  0.70510892892272692  0.71539842893762562  0.72553804842463621
  0.73570557983861695  0.74585440767659550  0.75606013293728280  0.76617911744011036
  0.77618202308103823  0.78612174268791379  0.79618189605933720  0.80647197431708006
  0.81670862722628557  0.82674076737818558  0.83664043001515542  0.84662083625166706
  0.85662040669310058  0.86686258897655732  0.87695361024611584  0.88704472704580606
  0.89697323581540422  0.90712212654860203  0.91706813909012819  0.92683381240598162
  0.93661803968970847  0.94645138538908002  0.95634761903579213  0.96590972357826554
  0.97498795499478141  0.98333043293199573  0.99184443475926942  1.00000000000000000
  0.00000373120019713  0.00000838030236474  0.00001263902545700  0.00001611419365249
  0.00001992043935217  0.00002409280302984  0.00002803614268289  0.00003193131999452
  0.00003586032826926  0.00003987458633145  0.00004397999083139  0.00004816835084490
  0.00005248314085906  0.00005687078801177  0.00006144836315420  0.00006606090848847
  0.00007068421435049  0.00007530215334421  0.00007996262740698  0.00008475114831922
  0.00008970301989050  0.00009482404549011  0.00010008992546733  0.00010541691806118
  0.00011081148345779  0.00011631922017488  0.00012201756076288  0.00012787865214568
  0.00013398834600770  0.00014039130310913  0.00014715844280060  0.00015454438308494
  0.00016243456451431  0.00017062706900926  0.00017908648184713  0.00018765166988938
  0.00019637237625912  0.00020544887212063  0.00021483620153570  0.00022460857448492
  0.00023471459925963  0.00024495932063381  0.00025568314398329  0.00026671952491962
  0.00027820671173293  0.00029017184859546  0.00030246061524805  0.00031550564474170
  0.00032917119331841  0.00034355235096784  0.00035850796395556  0.00037389995692484
  0.00038992553784267  0.00040644838662085  0.00042377301831544  0.00044186730522393
  0.00046098925064381  0.00048117303277723  0.00050263376959400  0.00052565421993504
  0.00055016726665081  0.00057665661976673  0.00060466009138741  0.00063411474419435
  0.00066466523386181  0.00069749968202007  0.00073369086735739  0.00077362376263740
  0.00081660509146530  0.00086183022142802  0.00091019503660439  0.00096193100372407
  0.00101800481694819  0.00107840085131532  0.00114383228537935  0.00121566325069111
  0.00129516850120054  0.00138588247413994  0.00148847708283490  0.00160222652185303
  0.00172640497317988  0.00186772387143660  0.00203377317795202  0.00222651155046868
  0.00244150535891512  0.00268765538652236  0.00297986207318622  0.00332363759334457
  0.00378322771644173  0.00428396087070702  0.00495967124893948  0.00591931002686917
  0.00751950051296479  0.01023891573243396  0.09670112533871085  1.00000000000000000
 -0.00232154692006905  0.00958500278802887  0.01981746279555451  0.03092268032057584
  0.04179674353343035  0.05304901946966435  0.06443564026413445  0.07569266591046217
  0.08645710442650370  0.09697969567683959  0.10761310627795970  0.11850971738562513
  0.12922291601194918  0.14006883667583742  0.15093604360840646  0.16200039641135389
  0.17300477106811957  0.18401042775252491  0.19488566922017889  0.20574113198246083
  0.21663211986955935  0.22736505232079526  0.23853195664275029  0.24944745189220247
  0.26059417302350291  0.27172370083317748  0.28269234424715967  0.29376230055732494
  0.30441181497443676  0.31498602628560107  0.32555210864584438  0.33613408844806092
  0.34684648141585606  0.35726603478708263  0.36808265539983470  0.37901203238362052
  0.38980460861172100  0.40044822915021394  0.41088155384557246  0.42138368169373408
  0.43177087194923219  0.44243092924408939  0.45278449287489564  0.46312840470734257
  0.47352738132232725  0.48415397671795207  0.49487596723598665  0.50582396368807514
  0.51690523278028089  0.52800349172256866  0.53865366084893018  0.54915941704965365
  0.55941027622921846  0.56970091274480139  0.57994482290119076  0.59038426036369107
  0.60077783975720334  0.61109210937630909  0.62119066580689264  0.63131128527934310
  0.64131307491719336  0.65130180477848343  0.66098440602215081  0.67070928066590707
  0.68044168970558327  0.69043963044443513  0.70067586463651998  0.71109350515408964
  0.72155740681402958  0.73176931529517431  0.74194059368682141  0.75236035717774952
  0.76301252339525594  0.77354976704764877  0.78385713055800277  0.79402649577430995
  0.80424474116522338  0.81443692916876897  0.82463450634170343  0.83483109798170640
  0.84501868458656759  0.85518497214368550  0.86548782508725808  0.87585499343587070
  0.88630521096621540  0.89667749194012114  0.90705529734146229  0.91740899145481580
  0.92768237788220242  0.93804486275179655  0.94847963580696171  0.95887642491185732
  0.96908329703219920  0.97930635292962864  0.98960139316838447  1.00000000000000000
 -0.00227025399148180  0.00911822974616206  0.01865390554589198  0.02923050786114330
  0.03977535528593155  0.05064156059459977  0.06148808025490637  0.07224160632975261
  0.08289942473285727  0.09317656145329475  0.10374159944676083  0.11412689596086484
  0.12432496662859117  0.13459759236904759  0.14505646900088706  0.15523480476708412
  0.16520917977762792  0.17536132247469932  0.18570401822995602  0.19598151454094856
  0.20631203948204516  0.21681657724876927  0.22734778770284206  0.23750761323660260
  0.24773233523679636  0.25832700550091858  0.26904175869264718  0.27967559247464296
  0.29015639005846938  0.30061955569693222  0.31109987870072253  0.32162707837284155
  0.33239609106368767  0.34308384694169403  0.35376492206775584  0.36440428427498117
  0.37496915133423303  0.38538677057919246  0.39561861246586777  0.40581011239213510
  0.41599988386732384  0.42627553124492967  0.43665137778521818  0.44698779310543724
  0.45733500449958342  0.46782453452097061  0.47849203152972547  0.48916938350142181
  0.49986172796888717  0.51062749026396637  0.52143338552629115  0.53218335114166193
  0.54271540178200905  0.55319590808227170  0.56346571641078613  0.57366255972062608
  0.58390784635149418  0.59440479126659873  0.60503899913923509  0.61570985810451007
  0.62647235843280591  0.63738043298189695  0.64849659529171388  0.65961147078613491
  0.67049880770755399  0.68095768383051258  0.69151868833367713  0.70197379883747524
  0.71266796909129893  0.72311904428190532  0.73365068787950483  0.74395627527677266
  0.75426163461864404  0.76473307750440001  0.77547551742757015  0.78655756345411565
  0.79772605563911991  0.80877154848965749  0.81946018761800521  0.82993275757917173
  0.84079892796231304  0.85168607102437011  0.86231162046773102  0.87292628919515092
  0.88370884349413237  0.89475053564093909  0.90539403418915321  0.91616994284092512
  0.92662783669160920  0.93733721876832776  0.94761206338573634  0.95854155836338251
  0.96890424028646549  0.97956055248157525  0.98979704014896208  1.00000000000000000
 -0.00241823620156355  0.00972972833074859  0.01981015725941018  0.03033521804631870
  0.04081159141197132  0.05159241497702406  0.06221591675832751  0.07248040645373227
  0.08290057205515702  0.09354624559840689  0.10431262567755990  0.11515520505964114
  0.12595688052538473  0.13663223577361122  0.14736476866101766  0.15812935985049720
  0.16886274035148779  0.17932782014943272  0.18988827408671780  0.20066565561891644
  0.21135076980267520  0.22207836368348058  0.23286914254336635  0.24385351491643051
  0.25466881565581884  0.26531014782944690  0.27570632373705822  0.28619839703951339
  0.29721025461038386  0.30831449371927999  0.31904658620510667  0.32943717160385072
  0.33984685112827412  0.35030562753061467  0.36066574941321577  0.37100693522689260
  0.38154055254149094  0.39220542532765151  0.40278925832540280  0.41344330580534022
  0.42383560899647038  0.43431054516785089  0.44459758124113546  0.45490799554995592
  0.46542485677679907  0.47573652235719205  0.48597662661999053  0.49601858463328347
  0.50609367074376244  0.51623030923755930  0.52671290046040531  0.53745679977395122
  0.54815541605224793  0.55860500449168538  0.56895832363194354  0.57932552540091586
  0.58971678791642868  0.60009956421320754  0.61061820436794079  0.62110122102769394
  0.63156952575673120  0.64218581490944104  0.65266724681712251  0.66335941650489882
  0.67356453201813704  0.68402962549619650  0.69430534963391077  0.70453663516659581
  0.71491575739213931  0.72542669979716090  0.73601517923066040  0.74639993715765285
  0.75682222847528369  0.76734080651014835  0.77793339349948987  0.78839165360814123
  0.79883643549209071  0.80908050569036138  0.81945843137882290  0.82992132590397272
  0.84036786405614972  0.85095932262574625  0.86145451782469262  0.87207195150310135
  0.88286179054529912  0.89385536375124985  0.90454333939946385  0.91523466395856468
  0.92578184379541406  0.93629106170303711  0.94623882670652759  0.95664775496888477
  0.96757699706642264  0.97853866476075657  0.98929144028801164  1.00000000000000000
 -0.00232288575721716  0.00934622249904213  0.01922957077142162  0.03012951409757356
  0.04033341345180455  0.05085533037875115  0.06110908687057359  0.07231492850458179
  0.08298798060649415  0.09370805495558729  0.10416808499790539  0.11434104396571043
  0.12485127943598677  0.13509998064280415  0.14564645084199748  0.15611397998818721
  0.16630425193809148  0.17671667417908865  0.18699179015814960  0.19787537021962814
  0.20882415755355055  0.21991495935662439  0.23110518024263502  0.24210131682076860
  0.25325681778825093  0.26397826653958656  0.27459927191533945  0.28475986980548562
  0.29499340758400339  0.30543536823678780  0.31591577747775945  0.32644522185899605
  0.33682921038727431  0.34717166820349471  0.35735997313307460  0.36759100655339894
  0.37799491004831431  0.38838968355348874  0.39852473083022549  0.40883087006197866
  0.41917700804973879  0.42950935138560203  0.43981921290959880  0.44996645026731391
  0.46031089990767465  0.47062565343622881  0.48095444726338288  0.49124882173556650
  0.50157347776645334  0.51212227380779440  0.52286090466459867  0.53333315552426042
  0.54374215377936796  0.55433292221942765  0.56532909667891740  0.57648145621095059
  0.58736348073298927  0.59832916827353089  0.60913007376489059  0.62004332508699833
  0.63108550135721664  0.64208359332612830  0.65294258204033828  0.66362749417283862
  0.67439389557785656  0.68521942124128876  0.69597454404242454  0.70664364257213408
  0.71729858215287834  0.72788923463854649  0.73831182243568272  0.74859171352397746
  0.75912967398196241  0.76960843741749319  0.78017894856190861  0.79069574175745638
  0.80146763540750343  0.81206570002204304  0.82263176399964655  0.83331834285198181
  0.84421157337944686  0.85504273434463252  0.86575067200099654  0.87637641707488356
  0.88677371711101072  0.89708435550182297  0.90753713366964828  0.91767140841832739
  0.92798733922522614  0.93815987721004068  0.94864554366935305  0.95888856734103567
  0.96935621813584827  0.97954313540078519  0.98986635768389009  1.00000000000000000
 -0.00234286393919427  0.00898910211672977  0.01915508084583090  0.02936869521834292
  0.03995861363117267  0.05044582505010609  0.06083365856491552  0.07105196932181793
  0.08126147218030905  0.09150831870659250  0.10163039669907779  0.11184824420926483
  0.12214092353261526  0.13254534950297550  0.14308846338611114  0.15361202422882375
  0.16408774774255233  0.17430860732931805  0.18436120732772265  0.19462433904148843
  0.20484301510582067  0.21513510375104725  0.22526981149567965  0.23546248456816452
  0.24538578193498753  0.25555612593341243  0.26565559014842016  0.27609947891711040
  0.28628358955916711  0.29675002416929819  0.30712654254829297  0.31780598366516388
  0.32823079189514248  0.33872775711172759  0.34900449572151510  0.35954050088561151
  0.37015217195031969  0.38083974745151877  0.39145524129690323  0.40195207581393644
  0.41253651833548766  0.42283893931378852  0.43313479500049773  0.44349044274763527
  0.45373702992206194  0.46374873179290582  0.47365559107024430  0.48379571321550680
  0.49414808600801946  0.50451303164486883  0.51490892790245579  0.52543373524459569
  0.53617045717984657  0.54702140133337096  0.55785732567299717  0.56852186272640182
  0.57885274950626830  0.58939609118026048  0.60006810860763249  0.61085888565682422
  0.62179950350362889  0.63297941738883035  0.64417981407036928  0.65500233210949854
  0.66543943644378767  0.67599404043962497  0.68654941814782633  0.69724842415715504
  0.70774688451964241  0.71828193750378733  0.72883834655990043  0.73953329013742752
  0.75047721433942394  0.76129584576082843  0.77208629694246156  0.78258502421773046
  0.79346219820564712  0.80443782236479411  0.81522902346480208  0.82584946876912102
  0.83649938881570429  0.84739557855116598  0.85852566535957986  0.86930193139257184
  0.87993137337377614  0.89044171136602512  0.90149016206278321  0.91285570708370944
  0.92410252572681362  0.93509746527756588  0.94604411013860179  0.95695222200320496
  0.96748188088308473  0.97801716443200415  0.98892875034385663  1.00000000000000000
 -0.00252537570823489  0.00985349512053280  0.02003913891615807  0.03023681799640572
  0.04037540448325131  0.05108360737859388  0.06176997861335063  0.07254268268991956
  0.08326445867781630  0.09406604646912482  0.10465450894762049  0.11472881253580239
  0.12469640348129424  0.13497783806849747  0.14509892059012430  0.15575081209684691
  0.16646895261467992  0.17768815760964443  0.18855808906567945  0.19948890064994584
  0.21012503581465355  0.22066885862170327  0.23119618742679682  0.24177796645729208
  0.25231577322611420  0.26249035021305606  0.27269332058423512  0.28254516598221974
  0.29253480546647126  0.30264749726150336  0.31300275727951477  0.32362704717993096
  0.33431861458767559  0.34512278256493817  0.35593508879952918  0.36654174616788276
  0.37700619179573175  0.38746445917483163  0.39814413057332110  0.40881011181547788
  0.41929118785184599  0.42971956102576464  0.44036925521026049  0.45114314315301313
  0.46199170209048934  0.47250609976789393  0.48289849587683004  0.49313132693412143
  0.50350130579879193  0.51381721034454941  0.52452127055326425  0.53509049559933697
  0.54553463255048473  0.55580599924331553  0.56614488239353855  0.57671480883053494
  0.58731976426809240  0.59797328973339392  0.60841531190461240  0.61893271291306851
  0.62948936215955709  0.64008967404751849  0.65077695177017203  0.66154859059530502
  0.67229718121912885  0.68270688248970735  0.69296407515850633  0.70327652136165275
  0.71359496690223945  0.72369774527911390  0.73400857782044193  0.74433909037227231
  0.75502346674597487  0.76536511423888820  0.77578741561002906  0.78617445986571743
  0.79692661167137868  0.80778073159620922  0.81845650030837536  0.82899124064536078
  0.83971053636698056  0.85062902446483735  0.86122230939459610  0.87165508963368632
  0.88200726544672348  0.89273826985240678  0.90335215270700298  0.91407321874198944
  0.92501117029429258  0.93625005651150950  0.94711145944589004  0.95793480740845371
  0.96818129579466694  0.97886998037879025  0.98928609443051529  1.00000000000000000
 -0.00237840821711785  0.00967420300813140  0.02031141545417789  0.03087084174584262
  0.04130543010603313  0.05155217214077763  0.06179835846856779  0.07227824468544278
  0.08283266317388291  0.09315174054789969  0.10345203332240625  0.11353813341571541
  0.12368196050474417  0.13380759850341897  0.14394051588860990  0.15428543335226008
  0.16471220370119738  0.17525031197501487  0.18585048442462285  0.19655722027058439
  0.20711437978406960  0.21760380255018244  0.22797779056655931  0.23853758873894604
  0.24912278839052229  0.25975925386018750  0.27020632495757496  0.28080706186142873
  0.29144944468664863  0.30211993684514926  0.31265587051111926  0.32311819036105255
  0.33346918069079512  0.34422155487475031  0.35488843966380718  0.36574292109163054
  0.37647937966586920  0.38715692045038064  0.39774072241493730  0.40796095890633999
  0.41809005462827026  0.42852938663808837  0.43930534766303520  0.44992893215119995
  0.46020434724389914  0.47010992822681624  0.48005555294954033  0.49039579554815005
  0.50081944765550290  0.51175850059942807  0.52259691638625483  0.53344186512425074
  0.54424606561911582  0.55492628818115797  0.56562888226887642  0.57612779421435989
  0.58660363986231290  0.59701687951201854  0.60786753877868061  0.61873991314519572
  0.62932968542624224  0.63974852058613163  0.65022079613072059  0.66111234917086770
  0.67210175074284106  0.68295275904443831  0.69359793190968289  0.70396045677178209
  0.71431063595255673  0.72458486671604005  0.73501733827987614  0.74556210683934598
  0.75628369737734769  0.76694560364034414  0.77778149674152131  0.78881565576799495
  0.79966518086209160  0.81048634532727404  0.82098168118640513  0.83152864237271085
  0.84200614320516665  0.85247790105824595  0.86292644912340577  0.87311478580036295
  0.88364175672293988  0.89417613820316955  0.90474387388385191  0.91515465184264166
  0.92601879728132863  0.93672411672051614  0.94743600885710655  0.95771725738512803
  0.96836740583990077  0.97904116943187314  0.98960977600363320  1.00000000000000000
 -0.00240863194369125  0.00974799331234986  0.02007928398727937  0.03069621855478569
  0.04114914521872679  0.05146162827798217  0.06179617576297366  0.07239458940603473
  0.08289915587551262  0.09346859863222312  0.10402767002712990  0.11465963336427162
  0.12545303741041183  0.13629508561435605  0.14709349700519375  0.15768709096984440
  0.16802281272507327  0.17850642000186731  0.18915099049226006  0.20024310501643430
  0.21134829970604024  0.22227819687642142  0.23318321861532684  0.24386458709895156
  0.25453610335526022  0.26515397656965262  0.27594508913962906  0.28662051522996729
  0.29717870093658749  0.30784378437764337  0.31861455557452367  0.32942641180059473
  0.33988990585188117  0.35042974694406887  0.36119302458868446  0.37214979443260360
  0.38260531704335660  0.39293359512879750  0.40320137043478321  0.41377644700754651
  0.42386841230186895  0.43381446627712522  0.44395747436756272  0.45409440711669780
  0.46425390282116924  0.47441794127707165  0.48471644447835671  0.49546064099859610
  0.50605921253438713  0.51707530576485328  0.52800774688991670  0.53915871870813470
  0.54998995857979993  0.56074573095946378  0.57132241054148891  0.58194754911633106
  0.59266737879578080  0.60312376901259113  0.61362392888420603  0.62398290190273842
  0.63484455828435038  0.64543524861810597  0.65599445728914152  0.66662631249892335
  0.67749511919665517  0.68836162136686974  0.69906494406704967  0.70975334008999413
  0.72056118625552956  0.73134775969589005  0.74206767251776784  0.75252261832093748
  0.76295590065715624  0.77345711324451827  0.78375990677536467  0.79376695644715500
  0.80375501470863664  0.81378333869836994  0.82380345297047330  0.83387173941881132
  0.84404860360606149  0.85427134350179790  0.86469995778786612  0.87523330649120257
  0.88600738407748636  0.89646939540827619  0.90686341727870745  0.91714898845097992
  0.92725236734320193  0.93717721752223904  0.94741169218297572  0.95766713482352750
  0.96823793760968779  0.97865826734039596  0.98941929483338997  1.00000000000000000
 -0.00245793766145513  0.00944815010940672  0.01955489869883216  0.03021871584933431
  0.04057537480231040  0.05145507332369768  0.06258312741437598  0.07357744877569218
  0.08429826133398370  0.09463419443381188  0.10517396161691549  0.11596020118033010
  0.12696280194906348  0.13752074186489874  0.14795200130109271  0.15821124214327911
  0.16878363211678934  0.17961815430329034  0.19050149734088601  0.20135224787930783
  0.21185792840620354  0.22215004066325206  0.23239507358452186  0.24253748517892076
  0.25291709374499655  0.26289066340040834  0.27292409097678044  0.28295671739338996
  0.29328496629817569  0.30351785023994710  0.31378534639452266  0.32412277318646165
  0.33439572083955643  0.34495244606377962  0.35560821469930703  0.36664348784995993
  0.37754217192777845  0.38851770832258281  0.39956292108203223  0.41066655781393258
  0.42110161824246095  0.43139756512702349  0.44178287086302714  0.45256842102372014
  0.46303276151537098  0.47327493330966491  0.48375932827001938  0.49464201084780701
  0.50525077765876181  0.51529869043055121  0.52542032570820663  0.53558039698015325
  0.54623862740976081  0.55659955018538043  0.56725074333593950  0.57774365588490983
  0.58831955381056500  0.59892171928309090  0.60975240259665076  0.62077228073088442
  0.63150621650238636  0.64192423591837711  0.65228231386714430  0.66260313935850279
  0.67302848002910298  0.68337264553730825  0.69391803833614574  0.70435310836482701
  0.71480637553185256  0.72531143822924571  0.73586417411502636  0.74641586788539693
  0.75692588594963528  0.76732964566766082  0.77788205839654478  0.78850083874931853
  0.79933352387993895  0.81016294274490930  0.82098105484705741  0.83198160455803716
  0.84274153204013602  0.85337102335968862  0.86428691235161514  0.87492783382775252
  0.88499876756427953  0.89493555144474513  0.90506620200058552  0.91529182790045238
  0.92554372534141027  0.93592293964603024  0.94661826465724230  0.95721970388128763
  0.96792112496258675  0.97856606645192912  0.98928599321345601  1.00000000000000000
  0.06986577915582171  0.21380574774717079  0.26686276104755202  0.28458197920387129
  0.29835114625865128  0.31037464140939097  0.32154868465283221  0.33233816756680490
  0.34277424489959785  0.35267583879752401  0.36194964153592996  0.37070319560244330
  0.37902921452546745  0.38701419030230677  0.39485633877451026  0.40258911537424569
  0.41035993757846290  0.41810377204806398  0.42581291120993758  0.43330003412267082
  0.44058317858443097  0.44766852677287167  0.45464071136454476  0.46139646091882536
  0.46799586731905501  0.47461638241489923  0.48111868296729932  0.48741940760023927
  0.49358996924359844  0.49978999750747871  0.50604836900391337  0.51227866339043848
  0.51845756450046854  0.52460898762270991  0.53079879132530172  0.53705577935977411
  0.54332232172719996  0.54959825217982872  0.55580674157313836  0.56184988360118693
  0.56778817449511165  0.57367433682391678  0.57963741293752524  0.58555041745720193
  0.59143409272582104  0.59723996423336578  0.60311145151562107  0.60892838228765911
  0.61471341327573314  0.62047052414398984  0.62623492280602000  0.63191430029659679
  0.63758445176018885  0.64324865460633351  0.64896799142232853  0.65472343506994102
  0.66049429269018689  0.66619301451402391  0.67185633396638511  0.67754294178666663
  0.68327307212228539  0.68921934150523678  0.69530541674592583  0.70144097802799266
  0.70753243840531899  0.71349679677562627  0.71947790151749480  0.72550995509009197
  0.73162757019391500  0.73783980370888291  0.74407226179875496  0.75028650296521737
  0.75661074548902940  0.76294210258218365  0.76929383743743729  0.77573160395305252
  0.78233229688459971  0.78913098684116734  0.79622270907561887  0.80352061353283943
  0.81101010672906515  0.81851465636008913  0.82611739104108550  0.83378534993778486
  0.84157214177960971  0.84965684746418668  0.85811595444984012  0.86711948021158358
  0.87656272595886209  0.88650226550937183  0.89692667174388452  0.90832556523479457
  0.92144948089263612  0.93707257293342572  0.95927690511385399  1.00000000000000000
 -0.02531501667088797  0.12151991481082744  0.15750896193176592  0.17947818495336723
  0.19643119780935620  0.21077952154061047  0.22365543851785938  0.23520954864441038
  0.24595535993513590  0.25593232568462587  0.26515107930708470  0.27383849173901342
  0.28201116393015146  0.29020471455218211  0.29830272524422918  0.30618049108178785
  0.31370667411815167  0.32093668447041773  0.32800991039287353  0.33493664821806696
  0.34170811280467822  0.34837869175787017  0.35500523997652944  0.36163048854956575
  0.36825954357416307  0.37471715712620512  0.38087948789601822  0.38687805696959710
  0.39272797986255586  0.39859733278024118  0.40449599255897128  0.41039801983650703
  0.41623898830588130  0.42196868064052834  0.42762560713557163  0.43329524879658721
  0.43888246718522755  0.44432381499811768  0.44970146533555433  0.45506837410218975
  0.46041774612846065  0.46574474926230625  0.47109130688834128  0.47641772459878295
  0.48166492660060523  0.48679710896289125  0.49189189076926909  0.49691700568001701
  0.50214001896038640  0.50753948022545492  0.51308911749308272  0.51850322357189960
  0.52382368245602695  0.52907283720532294  0.53432737193917523  0.53956386705915482
  0.54482831551940591  0.55015130058149020  0.55557727037928017  0.56105552497614819
  0.56650536656319728  0.57193615401408393  0.57737520073761128  0.58287503389456041
  0.58847589188114413  0.59415731278260475  0.59991145975721683  0.60571815593955591
  0.61162328445978775  0.61756823397305549  0.62357533489669925  0.62975749482213694
  0.63602241249338620  0.64231444808683724  0.64873017342994921  0.65537345927301283
  0.66226231188819340  0.66927984375394933  0.67648057163400921  0.68388941335006115
  0.69145893085077914  0.69919537241833329  0.70696704769999252  0.71509382494321261
  0.72359396179843005  0.73264692879185100  0.74238675061126747  0.75257679839918423
  0.76341156522989595  0.77485055290415850  0.78752834481673406  0.80199282903009272
  0.81896464236665856  0.84079847462485635  0.87700292658633217  1.00000000000000000
   4.8627120130348188E-005  -1.0000000000000000     
 T F F F T F F F F F F F F F F F F F F F F F F F F F F F F F F F T F F F T F F F F F F F F F F F F F F F F F F F F F F F F F F F T F F F T F F F F F F F F F F F F F F F F F F F F F F F F F F F T F F F T F F F F F F F F F F F F F F F F F F F F F F F F F F F T F F F T F F F F F F F F F F F F F F F F F F F F F F F F F F F T F F F T F F F F F F F F F F F F F F F F F F F F F F F F F F F T F F F T F F F F F F F F F F F F F F F F F F F F F F F F F F F T F F F T F F F F F F F F F F F F F F F F F F F F F F F F F F F F F F F F F F F F F F F F F F F F F F F F F F F F F F F F F F F F F F F F F F F F F F F F F F F F F F F F F F F F F F F F F F F F F F F F F F F F F F F F F F F F F F F F F F F F F F F F F F F F F F F F F F F F F F F F F F F F F F F F F F F F F F F F F F F F F F F F F F F F F F F F F F F F F F F F F F F F F F F F F F F F F F F F F F F F F F F F F F F F F F F F F F F F F F F F F F F F F F F F F F F F F F F F F F F F F F F F F F F F F F F F F F F F F F F F F F F F F F F F F F F F F F F F F F F F F F F F F F F
  <DiscreteSampler_grid>
  grouped_processes
  1 # 1 for a reference and 2 for a running grid.
  10 # Attribute 'min_bin_probing_points' of the grid.
  1 # Attribute 'grid_mode' of the grid. 1=='default',2=='initialization'
  0.0000000000000000 # Attribute 'small_contrib_threshold' of the grid.
  0.5000000000000000 # Attribute 'damping_power' of the grid.
 # binID   n_entries weight   weight_sqr   abs_weight
    10   10   9.103135654985897E+002   2.071957104539330E+006   9.103135654985897E+002
    16   10   9.103135654985906E+002   2.071957104539335E+006   9.103135654985906E+002
  </DiscreteSampler_grid>
