  0.00346797047642538  0.01127623135831788  0.02121992534872744  0.03126529229563868
  0.04129922993624001  0.05122207933316356  0.06145590777731554  0.07167936132622259
  0.08205277914730015  0.09229809383248225  0.10267194625880735  0.11307333053967689
  0.12345088161549775  0.13375252953730313  0.14414738160604990  0.15453243465963934
  0.16491980219319063  0.17508867205157044  0.18545671070803998  0.19589048939835929
  0.20628079655204784  0.21647778295384112  0.22689421759980871  0.23760156860975459
  0.24847439340710051  0.25896573320010635  0.26936279932458929  0.27970142557464273
  0.28994673710116103  0.30004443510257478  0.31028060144039099  0.32065268678684594
  0.33125279948048880  0.34151575430803133  0.35190155175843973  0.36218481974368977
  0.37247777810142996  0.38260447512061357  0.39276026361523747  0.40325726277031776
  0.41395326564244089  0.42479724150813752  0.43555521127255159  0.44627076873519600
  0.45697419926752586  0.46755162639092918  0.47804886527790130  0.48839747265489070
  0.49856848263166964  0.50902404201066365  0.51948310697041256  0.52998020455320149
  0.54029433220363821  0.55072320134953523  0.56126619546832202  0.57180538913721157
  0.58221718652282362  0.59255959321279816  0.60281541101307234  0.61322349612068749
  0.62378341324315734  0.63439078687648631  0.64493743306802032  0.65527524546745886
  0.66557324279624230  0.67589957772356635  0.68616349010861999  0.69637311822297587
  0.70655209333498470  0.71702536724458010  0.72774606034070011  0.73836700916305531
  0.74911779268323542  0.75992494971456825  0.77066382647078402  0.78122129052412204
  0.79170130643653414  0.80228986745850084  0.81284264065962430  0.82332970226154578
  0.83367247328246630  0.84404754064763121  0.85439424201044800  0.86490116951830742
  0.87553360900377530  0.88629299545515183  0.89718141512302652  0.90813214387445063
  0.91927867297089738  0.93057428585178781  0.94194017062578239  0.95293602394598931
  0.96390805128675938  0.97485951605890087  0.98701546690240238  1.00000000000000000
  0.00695430217688157  0.01639481333813142  0.02804811299157879  0.03975752714604724
  0.05098142995105784  0.06217710615100114  0.07313273004832083  0.08407521343405390
  0.09488125529726510  0.10577795703155060  0.11656120686203662  0.12742591601466841
  0.13834286167307053  0.14910880911581212  0.15998083548758665  0.17094164330058664
  0.18179789923146461  0.19302202375121788  0.20380226045081554  0.21437058282078333
  0.22454115419249729  0.23495008961984479  0.24534320284407835  0.25614108042497341
  0.26696950251642093  0.27778957848287605  0.28863718694240947  0.29943097042115807
  0.31026497084722732  0.32049633655344156  0.33061312864480064  0.34083228611943617
  0.35117321362283049  0.36163404922190823  0.37237663782465136  0.38310983954635836
  0.39404501854545010  0.40476487575426523  0.41551764935285285  0.42630594720475729
  0.43712481058929969  0.44779488921979127  0.45838327721066718  0.46881110527116648
  0.47908141050298148  0.48935757467122420  0.49977814157008160  0.51067836911430364
  0.52144309648234310  0.53215234148595403  0.54273025653943074  0.55349050204885308
  0.56410405180468481  0.57465578800219075  0.58507739842190609  0.59575730273630023
  0.60623287422616856  0.61663016757752853  0.62691425624839248  0.63727351855583370
  0.64764987364917748  0.65785460642679017  0.66792814397394029  0.67781767635320556
  0.68796370330124235  0.69828618890354954  0.70880955804069190  0.71926887971145237
  0.72929281062758411  0.73962770619488383  0.74984083850946170  0.76017690181523068
  0.77045936691888295  0.78064668333692822  0.79076114918308671  0.80068148529554317
  0.81048712252016031  0.82046823531391111  0.83074929918765983  0.84088365312695479
  0.85132897618001457  0.86189486650373759  0.87254822142047406  0.88299883127085232
  0.89312869685849372  0.90345239442698033  0.91373132834142401  0.92387912903228120
  0.93402384277115491  0.94419871220427531  0.95437513727947498  0.96427436418550661
  0.97386059762721411  0.98321595403495232  0.99182785454459144  1.00000000000000000
  0.00347833360233164  0.01140721429683594  0.02147437364055680  0.03133289925264712
  0.04112750379074864  0.05097524516816206  0.06082940536652910  0.07082668081707480
  0.08096872788484884  0.09111133143857197  0.10130651107811216  0.11160200672400925
  0.12212376802541189  0.13245108930427768  0.14268089524013947  0.15297867918581995
  0.16334353088184431  0.17362020244427712  0.18378350058106060  0.19404819210751079
  0.20457274823564223  0.21507643190723086  0.22594546447728819  0.23650775237605190
  0.24689238355922077  0.25721376320344502  0.26772407992393671  0.27842475619658136
  0.28908918802474515  0.29953955602631133  0.30990104798687573  0.32012334786327684
  0.33034024405193657  0.34089638178669457  0.35129756747695290  0.36161962230931333
  0.37186511129608280  0.38242421952031413  0.39293368131922202  0.40326411330391110
  0.41366573736142115  0.42449193401558688  0.43524685381060524  0.44577315783969196
  0.45610073712835186  0.46649499382453918  0.47697963703156410  0.48741751077245227
  0.49800382103422863  0.50890551176935561  0.51994401946033431  0.53072906735918524
  0.54126911571702185  0.55174547397842311  0.56253206379918219  0.57316649105412765
  0.58386044459600916  0.59434208547769463  0.60476211674480407  0.61550125211120921
  0.62626595648157990  0.63708554992293098  0.64779491662465960  0.65871992530338652
  0.66944354909341164  0.68002704053514584  0.69070290375666443  0.70128782780418375
  0.71200972865183476  0.72258197974456284  0.73299853548923521  0.74345071131720830
  0.75405375507582950  0.76491211648759005  0.77577408951800830  0.78647052903896164
  0.79720713994129844  0.80792735682021133  0.81857811769910360  0.82903176097137454
  0.83935129033249489  0.84975194491315986  0.86020078355391416  0.87061918094347668
  0.88098613435107698  0.89107574251282917  0.90112075549816095  0.91115533030974427
  0.92143372609964913  0.93205784810200198  0.94296294036334827  0.95402447645119515
  0.96501192094292099  0.97613052291473112  0.98785635565022656  1.00000000000000000
  0.00566027619999028  0.02085347095904952  0.03593640287701146  0.04854618138263362
  0.06023052559517405  0.07136694904342486  0.08251202434949284  0.09366630629254076
  0.10483811047958531  0.11572012385127851  0.12660666644703120  0.13721746793486478
  0.14795261678046981  0.15840893958090796  0.16886843324356335  0.17900112900883455
  0.18922026841232073  0.19937446332319991  0.20956627692136534  0.21978067530718240
  0.23010350272392138  0.24024729750777088  0.25044917983288467  0.26074709300766213
  0.27110207525659119  0.28155289176000131  0.29215698584330041  0.30283811723366560
  0.31341961002522001  0.32391791122597541  0.33440778324626752  0.34467782090744326
  0.35473982042538155  0.36493146100005702  0.37527107355122219  0.38559321094356946
  0.39594279697428875  0.40639802194243074  0.41700823407784821  0.42744485474411281
  0.43784696958744707  0.44828984730150229  0.45870439156813525  0.46897285287856338
  0.47913539546204947  0.48937999841730384  0.49971382872878461  0.51006742677896311
  0.52049697449616028  0.53085803734652204  0.54110983654686873  0.55134134726971118
  0.56165656709471679  0.57217114225540588  0.58294805977952135  0.59378778891832384
  0.60463888300767055  0.61535606665362574  0.62586350342348629  0.63615320666056607
  0.64625535285739188  0.65650360315307066  0.66679365370551713  0.67716481463596712
  0.68749294511341819  0.69776315718150228  0.70799974712674307  0.71813562083338356
  0.72833378208095834  0.73859297151239511  0.74864840942280109  0.75859052012755523
  0.76859674297321012  0.77890125336850147  0.78947002893173823  0.80005838436998578
  0.81056950448901421  0.82101362488671337  0.83124615151219805  0.84140554845960058
  0.85162395260125878  0.86200279272148672  0.87260879533629021  0.88327080570170713
  0.89401833788068852  0.90447065945385119  0.91456149560688949  0.92455136285035422
  0.93452383986694432  0.94447744570045877  0.95445415642406783  0.96427436432852753
  0.97396959477906075  0.98324685524378941  0.99186179777924532  1.00000000000000000
  0.00000253091995240  0.00000878878627563  0.00001363459289480  0.00001795034658347
  0.00002212367793935  0.00002622630226931  0.00003030318163337  0.00003444911292835
  0.00003868785040146  0.00004289335259126  0.00004708897374867  0.00005127705037248
  0.00005540934584691  0.00005956705454676  0.00006372888875377  0.00006800855194502
  0.00007238286880761  0.00007685594615321  0.00008144797607495  0.00008613574858977
  0.00009093101273135  0.00009582430948983  0.00010082776246629  0.00010593984516932
  0.00011114369436648  0.00011650616509796  0.00012203521523100  0.00012780716977011
  0.00013388442114170  0.00014021744429311  0.00014684564587248  0.00015414219314050
  0.00016168675048127  0.00016948928339604  0.00017767577901644  0.00018616708581227
  0.00019504931738200  0.00020408679855944  0.00021328339346578  0.00022275085113641
  0.00023254992384581  0.00024265689665240  0.00025308351101744  0.00026396576167069
  0.00027520155366563  0.00028694199510357  0.00029909429026905  0.00031211199903578
  0.00032573132598914  0.00033997492876011  0.00035478553072704  0.00036979259010023
  0.00038534238611695  0.00040119502379904  0.00041817511694958  0.00043629028453780
  0.00045541643323539  0.00047564175874259  0.00049697065262572  0.00051923996842322
  0.00054377131312998  0.00056822811427768  0.00059572912253241  0.00062331194369229
  0.00065358734925643  0.00068555511848824  0.00072036591375373  0.00075754155061612
  0.00079676203051742  0.00083886805812542  0.00088448067748086  0.00093552321563957
  0.00099069259808777  0.00105113917409562  0.00111643750016109  0.00118745964486916
  0.00126328255781117  0.00134497659840431  0.00143585512435865  0.00154119094726885
  0.00166093875968870  0.00179313467896155  0.00194805986016755  0.00213705587809722
  0.00234092147752687  0.00256461838121556  0.00282245163677376  0.00316681584561070
  0.00356857155557289  0.00405879705457785  0.00460177224988689  0.00535107457184407
  0.00654225746425255  0.00866749569389886  0.19636718509879394  1.00000000000000000
 -0.00249777123999911  0.01003937913554595  0.02063913676188907  0.03131601214175768
  0.04221120351998591  0.05351108090899696  0.06489975477406659  0.07566493905071184
  0.08652293696920474  0.09729450163423506  0.10824777738549296  0.11900606082115818
  0.13011341267581236  0.14137765386924858  0.15247513878004343  0.16361506029715064
  0.17459415676999868  0.18561029166678539  0.19663886284920276  0.20773057460426725
  0.21872906542555798  0.22944391058630170  0.23997751491138722  0.25056908579050974
  0.26114025098334276  0.27174253402816595  0.28233373434353470  0.29303696341202773
  0.30372708154326111  0.31437908855730595  0.32493419920741462  0.33539763078153279
  0.34600904472203309  0.35689499238505318  0.36774944696514950  0.37853914476392386
  0.38912151715357013  0.39984771102698219  0.41083003929686496  0.42148850632964341
  0.43209811869247156  0.44239213052591109  0.45288615585409353  0.46334012157846161
  0.47373620407010036  0.48403583059325250  0.49397365723066194  0.50404562011881249
  0.51391531348426289  0.52389066860742184  0.53375893474743796  0.54367909386335156
  0.55390207778852263  0.56441636012088325  0.57521742697474809  0.58593845928904276
  0.59635955232212690  0.60685881493598826  0.61736238642604213  0.62797611884570170
  0.63838180011624646  0.64870074223281227  0.65898236399336652  0.66927363260357953
  0.67948172233043946  0.68967484372621446  0.69987902347027597  0.71043051350473618
  0.72113939112362091  0.73175956251738905  0.74226006986872828  0.75251242914129191
  0.76259026468426372  0.77255111901764306  0.78278619431186480  0.79335021935044647
  0.80387020684814836  0.81431390253362923  0.82471332208763237  0.83497248751391384
  0.84514494396490003  0.85507235377618163  0.86512485211007784  0.87506214105310820
  0.88517055783893284  0.89518894229842960  0.90535437985929001  0.91545024162995126
  0.92589424237924955  0.93637136039064561  0.94701183877878481  0.95739347936230235
  0.96779284620852024  0.97841248573019513  0.98898324951186245  1.00000000000000000
 -0.00224325410240317  0.00908830889546950  0.01864164968524821  0.02915584304146429
  0.03998467959461854  0.05094776675279813  0.06165322981180685  0.07174369767262598
  0.08198660252661534  0.09220670541314638  0.10276249888321468  0.11279571728560414
  0.12261926892290384  0.13283688729486370  0.14310109772084786  0.15367671404666350
  0.16418774586652873  0.17499197343428982  0.18567121143326767  0.19607852152792873
  0.20666505439244620  0.21714256192355311  0.22780193414845784  0.23848162584402535
  0.24918506133854651  0.26000325589760065  0.27069532696144949  0.28149141260621335
  0.29218509788514230  0.30273339443076808  0.31316399316544213  0.32343711691515448
  0.33358758535474742  0.34402213212037186  0.35460053391719182  0.36532453277988602
  0.37572852700343590  0.38595340225297831  0.39606874909718864  0.40633118241367405
  0.41678064485541727  0.42757682007322850  0.43855985078476495  0.44956583379037102
  0.46029412111102003  0.47053498186005838  0.48093094323380070  0.49135628373719276
  0.50215623700490375  0.51305012577414899  0.52415183530463749  0.53549069731903498
  0.54663289224943068  0.55785063989288064  0.56865280400245943  0.57940871900670143
  0.59002188768292385  0.60043795035524838  0.61080210566468984  0.62106646605675730
  0.63155378655327699  0.64175205255399215  0.65219321339681013  0.66266818171287245
  0.67320818026336737  0.68380183178307818  0.69449578981060056  0.70521356945843561
  0.71597581351188211  0.72653157831808579  0.73706568457673682  0.74727607623300230
  0.75736773621663145  0.76751619646165747  0.77784355626062640  0.78816994064161439
  0.79856523940742186  0.80917821727806383  0.81985823110595279  0.83071206109293561
  0.84135217960356345  0.85214287605420103  0.86275900506048486  0.87324268494164781
  0.88397716814486738  0.89460585093433431  0.90539382715187455  0.91595929332082893
  0.92625732807322581  0.93694430321311295  0.94764684773365448  0.95863743870114693
  0.96890273178343000  0.97925329636217440  0.98960325694136653  1.00000000000000000
 -0.00259515090400618  0.00978564787472197  0.02078679485874413  0.03173924080619583
  0.04276572936780797  0.05352650488257177  0.06394875069472931  0.07424344712284658
  0.08471529440102164  0.09500186776977444  0.10515453990968222  0.11525838016424597
  0.12557345343340859  0.13611066510437167  0.14647980405048461  0.15663507222325579
  0.16656535161557820  0.17670214722038333  0.18708394980227605  0.19787407953768438
  0.20843497013799728  0.21892308665498636  0.22939502278015236  0.24025312101335886
  0.25099335828318897  0.26173998408580101  0.27237929680618789  0.28319572373497021
  0.29389740262281139  0.30431804742334351  0.31486625805088436  0.32539111521263825
  0.33582069766374323  0.34613984026931355  0.35663027512516593  0.36751834311488069
  0.37844870265523761  0.38951119070778301  0.40024400638165036  0.41081477217654505
  0.42113605444518004  0.43160006330520911  0.44167450289573523  0.45137844800523907
  0.46108377515901305  0.47125661440640748  0.48141576920342088  0.49155414038900735
  0.50168364642703556  0.51206531182595405  0.52246629597997685  0.53277531463766958
  0.54290881066677499  0.55320590618789811  0.56362986866188303  0.57419254689651167
  0.58481060762585568  0.59564069839833478  0.60669232040682752  0.61757316398552142
  0.62822270607049846  0.63882715138909496  0.64949545131071551  0.66006541979568611
  0.67076273080576942  0.68139662943655122  0.69195628958532485  0.70239414859745286
  0.71295954078469503  0.72393101489219669  0.73463421517885996  0.74535789191713941
  0.75585592470425234  0.76658258497502996  0.77718461881034551  0.78780148817574847
  0.79830289381458686  0.80876827287987896  0.81936068806572981  0.82996086703703831
  0.84031528276970657  0.85048554577750424  0.86084209803458478  0.87137621845384849
  0.88208478658447398  0.89284260231006018  0.90366542326432908  0.91463685549305807
  0.92534060310482891  0.93621806565588517  0.94691303900232127  0.95774680241400312
  0.96820090094237388  0.97869264743842443  0.98921621369885182  1.00000000000000000
 -0.00230979699007019  0.00897465607322785  0.01915277487510199  0.02991368588963565
  0.04100362018006509  0.05178231753990477  0.06237917633127232  0.07264553105077280
  0.08304313824939213  0.09344335720464335  0.10398069649303263  0.11456666070707529
  0.12498945403471375  0.13575943408581495  0.14640920518514777  0.15693073369966612
  0.16738607722741811  0.17745377751326366  0.18800403343172670  0.19873967408171192
  0.20915427420038721  0.21904137120949263  0.22916152438453119  0.23956824572058460
  0.24970326093446846  0.25971413642837676  0.26951026416143947  0.27980929453688957
  0.29009789311745859  0.30089623960296957  0.31161147499441588  0.32230460933745592
  0.33302289375771948  0.34417380542021375  0.35504283933833886  0.36577848671299695
  0.37622654713516451  0.38698382921692953  0.39758942040121181  0.40835339420024030
  0.41895395887833053  0.42962371642247393  0.44023402156236108  0.45098946026791298
  0.46171283666820723  0.47232392740528184  0.48285373288828015  0.49326299430282178
  0.50376992329452552  0.51430621906001539  0.52487852499584486  0.53550740944413755
  0.54604848354020741  0.55660860005836632  0.56716755915583428  0.57787554527056928
  0.58888650894530226  0.59999858275924345  0.61118106612059109  0.62221118788699947
  0.63326398721125177  0.64406698561940157  0.65466855954092285  0.66499115425272060
  0.67553118730504236  0.68617773223818535  0.69662126665524582  0.70684348380333306
  0.71715439136461678  0.72744924069118932  0.73762416295151734  0.74778138061093924
  0.75838903337713248  0.76925195972271354  0.78006429613012729  0.79101325007286682
  0.80166342825695325  0.81223026209520177  0.82276467617626081  0.83324222813241144
  0.84383008720308272  0.85439118472079922  0.86516024572056494  0.87576417949272356
  0.88631769461377830  0.89676122788003709  0.90712224528127616  0.91742316629574672
  0.92771469344849211  0.93800352674571708  0.94821144366642318  0.95843531755939082
  0.96870538651899130  0.97890151143618942  0.98944740489886851  1.00000000000000000
 -0.00225813506969715  0.00907911900738016  0.01861605683159450  0.02898113204165061
  0.03896045764932619  0.04896964315305328  0.05870183101539205  0.06874326385318508
  0.07868196812493640  0.08905695336079808  0.09933329115958105  0.11009670509558735
  0.12077544724215526  0.13140269461391416  0.14177053239622700  0.15209569135083426
  0.16239095998033348  0.17265113379811725  0.18307153542609678  0.19348702372938820
  0.20399053984522320  0.21442981693077109  0.22495980698699095  0.23560122028057229
  0.24624259924796660  0.25696564075507095  0.26781755599488605  0.27859586579721207
  0.28940925221121427  0.30018488671984189  0.31071843248579017  0.32101952020388047
  0.33117358799537139  0.34138665745258445  0.35155005179566123  0.36150897429982215
  0.37147118754189778  0.38162429797303954  0.39192185872464785  0.40194987802711996
  0.41177390467632979  0.42184627722297385  0.43223778821464875  0.44271805479983506
  0.45310584841643675  0.46351787059164284  0.47397265486370244  0.48429290821770443
  0.49448335901918838  0.50491804316966049  0.51537598318604405  0.52591246640903988
  0.53619589992391858  0.54666206796841887  0.55739877374968805  0.56756483628379217
  0.57774566047072562  0.58789639770068958  0.59835978733262407  0.60864278259175986
  0.61875235147302832  0.62919422456481511  0.63969757862023890  0.65024056162169652
  0.66085501249298473  0.67179382254130182  0.68298676514146017  0.69394044804047139
  0.70483478210261830  0.71567442631447009  0.72658787769525524  0.73731121192000837
  0.74783654876905625  0.75861268905862178  0.76943528743450940  0.78053543519835944
  0.79149159187982465  0.80243405596328465  0.81363290145880252  0.82453926915100917
  0.83558131231780364  0.84624133779094324  0.85682573175709986  0.86712422336334627
  0.87756075180319837  0.88840287774440430  0.89961344778213870  0.91074823129106974
  0.92186737641258287  0.93297360916914274  0.94403395318578409  0.95509873895275987
  0.96609488688368950  0.97735381951948908  0.98865668578913046  1.00000000000000000
 -0.00229510089201927  0.00903614461969292  0.01885940927532643  0.02941194203070205
  0.03977432750203887  0.05011295290945567  0.06039674334348300  0.07059444331055979
  0.08059970121077627  0.09103086952250759  0.10141562258102821  0.11189334485465295
  0.12230566229003273  0.13333948134304088  0.14410885708207360  0.15472877906019339
  0.16503658708467556  0.17575078309710607  0.18661792484270484  0.19751714354243768
  0.20826900136428095  0.21881239932602942  0.22935979549522795  0.23979700661287909
  0.25045224538115035  0.26089466909694148  0.27170301788512752  0.28230349343352923
  0.29291266940028726  0.30334435310567986  0.31393292287862468  0.32472917876321095
  0.33543342608409099  0.34577095178185252  0.35606900902986655  0.36623793473315858
  0.37647721697389813  0.38678958471898905  0.39695856777057964  0.40766445395451156
  0.41834536437874348  0.42957053342090051  0.44035284957723064  0.45110581933213467
  0.46176293756270609  0.47248751495705288  0.48334004146131954  0.49407984543705052
  0.50447621017535282  0.51474413878097014  0.52524624095308892  0.53555579927928443
  0.54565534528438009  0.55584186090030974  0.56650041782393756  0.57742931981512380
  0.58822789481836679  0.59887995019887363  0.60956485137391647  0.62015562212016839
  0.63077990957445051  0.64127816311986297  0.65179702709505294  0.66211167492570444
  0.67254201672806135  0.68309213199636565  0.69360336467744954  0.70431970395515442
  0.71513710442807266  0.72634194124866847  0.73710095350390104  0.74760859744180552
  0.75806552167330288  0.76862274473964098  0.77947298622217853  0.79042320963591484
  0.80134887493073270  0.81222315703391179  0.82311390525626316  0.83367940205848101
  0.84413389164809927  0.85446698584610314  0.86485657111830228  0.87514279373851789
  0.88523615184736082  0.89563280764834696  0.90617573519105976  0.91680275404200939
  0.92699963045813971  0.93715585194705264  0.94744632901498527  0.95788972752770873
  0.96826676935745970  0.97873922974009464  0.98935624442029535  1.00000000000000000
 -0.00242821389226150  0.00923912550628802  0.01966221398363743  0.02985477003256083
  0.04040454728320324  0.05092331662224064  0.06156980071877689  0.07203296451554318
  0.08251684984767892  0.09314165997851974  0.10371986266668123  0.11399360445176746
  0.12438731696837137  0.13443921465867015  0.14472164963945744  0.15513470164470292
  0.16590363001079034  0.17636968344361612  0.18670727953519717  0.19682542410870546
  0.20684475591581730  0.21716936641439213  0.22763625383451208  0.23803938413643733
  0.24827655663565804  0.25846276546429187  0.26903693177644461  0.27943060292334176
  0.29008889725982356  0.30087382975594495  0.31177036527860763  0.32236136373971885
  0.33275190045261605  0.34302182701255424  0.35347452543821023  0.36409735840030705
  0.37474005297110979  0.38541129853883926  0.39612825498338633  0.40709367771419247
  0.41767344011511826  0.42786898578538851  0.43796618040561364  0.44828624126987493
  0.45851218558363577  0.46879265788668473  0.47933109783764438  0.49034836465013443
  0.50168931603297640  0.51264432135958748  0.52373064769142108  0.53436508529028071
  0.54487353268126537  0.55538349519199970  0.56600212338946387  0.57686118789079832
  0.58763425135105030  0.59831456482929046  0.60888722480416446  0.61950636682351501
  0.63020909720308504  0.64092526177231601  0.65151765014947094  0.66212397595313011
  0.67302087253541221  0.68395619298995924  0.69459076045783208  0.70527998547977855
  0.71620570836622177  0.72703405515401698  0.73762024399567039  0.74807183141095823
  0.75875226601441770  0.76984583057261569  0.78077793612567492  0.79199876405144554
  0.80261217617157954  0.81298990294239937  0.82309692466203288  0.83323896016756227
  0.84374194406428926  0.85433143004247059  0.86476232867586722  0.87547053578393597
  0.88552689681963059  0.89589020121376917  0.90608961284956857  0.91634877971879813
  0.92658983665924188  0.93680298868159551  0.94717552482563772  0.95765677064730814
  0.96837777931424085  0.97916899416926773  0.98961279764336607  1.00000000000000000
 -0.00245660757677257  0.00977435015907140  0.01998214982898381  0.03071140404820475
  0.04144287781674638  0.05184503490726129  0.06236472688354753  0.07287982356734266
  0.08353539393518616  0.09398362710743018  0.10450581481564217  0.11483023474382628
  0.12532587361394779  0.13616028534919908  0.14687446889143124  0.15756989609543154
  0.16805791311726109  0.17861898494135509  0.18916594190645664  0.19988418099278385
  0.21074455530148092  0.22145949187443709  0.23210316380455120  0.24264317227372198
  0.25319640284711864  0.26360685651515170  0.27392123939421792  0.28416708159695853
  0.29428807832189913  0.30449167817825057  0.31465568418996770  0.32493268527990854
  0.33517135868443892  0.34561895754805783  0.35623880389286611  0.36714816890400087
  0.37789892780490453  0.38847016856464989  0.39890684731739806  0.40956509079601455
  0.42015529850821498  0.43067544004158159  0.44104123367511949  0.45148286547570049
  0.46202193268382408  0.47275546544053115  0.48346599484576241  0.49418298480095935
  0.50498778448328496  0.51564438413968594  0.52598732845884189  0.53601927926890569
  0.54630186602400899  0.55676902246224003  0.56727119969463125  0.57792189292847307
  0.58869224378988361  0.59963334189504447  0.61029110502467354  0.62073746008357478
  0.63130771727403467  0.64185070914441378  0.65248410329446593  0.66315854670596230
  0.67394669536791540  0.68480540412617052  0.69542501171651916  0.70592313616460067
  0.71640566057861588  0.72684428426632508  0.73734354911239441  0.74797277752375713
  0.75876321001453406  0.76947981914800390  0.78004837112339154  0.79073633696375301
  0.80148037462025989  0.81249531198663105  0.82307775646436254  0.83364767929982209
  0.84389299262157513  0.85437267638326442  0.86469894853974860  0.87512034844094655
  0.88559847008287196  0.89619469514461636  0.90679511387455736  0.91729428368215449
  0.92752943348961270  0.93778700688057837  0.94803734585167276  0.95827717838712878
  0.96911787461163390  0.97938208575236174  0.98991877457858646  1.00000000000000000
 -0.00236442510352248  0.00964566696157356  0.01961084696196451  0.03014477891551208
  0.04091428199378815  0.05189413037884395  0.06261864919249098  0.07318368778902334
  0.08353221304484969  0.09399134856760824  0.10452509403084306  0.11509830812053930
  0.12561926559859801  0.13621236828904795  0.14682333093413569  0.15758925013331745
  0.16820774781312348  0.17899709452031234  0.18961360438473382  0.20026966872767984
  0.21077317091761172  0.22127426914924828  0.23185906446702953  0.24228842239021484
  0.25266348079262385  0.26309312814737440  0.27371588470322811  0.28444304901111600
  0.29508810741040586  0.30590021221771468  0.31669120241330956  0.32737730292250478
  0.33781730697760243  0.34820254562830188  0.35883475309283941  0.36955796170203142
  0.38055591485794626  0.39135647496692005  0.40211663283829646  0.41241287005097044
  0.42281166795407077  0.43309071718399561  0.44327625426361428  0.45352200124582115
  0.46389451917748631  0.47436751746801853  0.48466103264882154  0.49481880539757689
  0.50523200452950789  0.51571076511437064  0.52620973880040711  0.53686108247778519
  0.54753440135034470  0.55819167070674069  0.56860960524403115  0.57885222883597054
  0.58922141125266447  0.59967087352764670  0.61010203622662740  0.62071733002314633
  0.63125015144681929  0.64206280100416835  0.65280672078649915  0.66360838934660893
  0.67421209357317813  0.68469727977888362  0.69499809259677647  0.70558087617305687
  0.71595875526982999  0.72666342820128016  0.73710349466269842  0.74746317297155851
  0.75784337519652945  0.76846430511650976  0.77917687429891846  0.78960285350325110
  0.80004129194042062  0.81016845079316047  0.82049108687097039  0.83079239811155614
  0.84138312327096765  0.85170581292542624  0.86194130930390989  0.87214533800037874
  0.88249492107137306  0.89277626602694127  0.90312836405311925  0.91380690701924938
  0.92472910222418492  0.93588870130477908  0.94689423249389026  0.95782390530202810
  0.96842045352260742  0.97900799179884268  0.98939780325144777  1.00000000000000000
  0.08630106443912551  0.24204561390928339  0.27221534176825296  0.28862243951565353
  0.30220728622216986  0.31450382177091374  0.32592631287435669  0.33646141464322649
  0.34656957582173398  0.35595467207276066  0.36489558673810557  0.37355538037960156
  0.38223059327708081  0.39066934673959114  0.39867921296728842  0.40620674604146245
  0.41359636153952983  0.42087089955535745  0.42818297655503640  0.43545933809508713
  0.44254652960033530  0.44944045820577644  0.45626746623393699  0.46312918550066423
  0.47000080090667823  0.47671580468546232  0.48329282719100702  0.48970882292364276
  0.49604030415792244  0.50228734036486056  0.50852561963774889  0.51481970421663004
  0.52105247083983808  0.52710857418265389  0.53299666816309299  0.53884395980446753
  0.54476609882711835  0.55074794821797490  0.55673754673643094  0.56267077008160915
  0.56847678190351514  0.57415195358252735  0.57980075013378907  0.58554024654653081
  0.59133833335130170  0.59713838142899600  0.60292052434461185  0.60863630808420643
  0.61435258704694973  0.62003038955172807  0.62569402949549591  0.63128604120885867
  0.63697573403933527  0.64276156961702546  0.64836504847151666  0.65388784302678105
  0.65940029015153923  0.66507778689741548  0.67088743834047604  0.67675142428022528
  0.68254532762395626  0.68824648774176689  0.69393941585758545  0.69960962154952044
  0.70537216916629752  0.71137393157848527  0.71756003847898564  0.72376139391771876
  0.73002112767863225  0.73630942803190835  0.74260328672122999  0.74891756493947126
  0.75528114295472104  0.76174084800387332  0.76834274503031319  0.77501396365824582
  0.78173856187569846  0.78856855742189380  0.79546177390957062  0.80240023829521190
  0.80939270134511343  0.81655864919381760  0.82405588641133432  0.83191826680199799
  0.83997951807369953  0.84808186946424513  0.85634617816835101  0.86515607342234735
  0.87460080236308080  0.88466987391170548  0.89540639706522740  0.90728978250510051
  0.92074166470844598  0.93643761929332203  0.95869329623577826  1.00000000000000000
 -0.02563889086926619  0.12376241212003156  0.15962142967396861  0.18175530384250366
  0.19906919283889732  0.21344375629084031  0.22587937213282394  0.23738179601185158
  0.24811762121053738  0.25819411829959749  0.26779467757454828  0.27685957570383674
  0.28552137392433335  0.29384225346395360  0.30173234527593856  0.30935922351740391
  0.31665083781325820  0.32392305585247111  0.33116846784947329  0.33822160361417686
  0.34472960172415001  0.35106072563991092  0.35723609616082125  0.36346136237526661
  0.36959054915986994  0.37562533409651450  0.38160486628589524  0.38757442102315909
  0.39358845306475732  0.39956427104144226  0.40542142867576536  0.41109238011260602
  0.41668329154431510  0.42223672918260124  0.42776305721731617  0.43322534374984106
  0.43862338579098048  0.44398123569147518  0.44931760332527182  0.45460257484189281
  0.45987795510004054  0.46521074009733354  0.47053017314561851  0.47588919147519654
  0.48119275476844342  0.48651836173668545  0.49185221346808478  0.49705982761653933
  0.50230327140753939  0.50757200721848283  0.51279434794783763  0.51802740035105233
  0.52328572849451460  0.52855714801933662  0.53384205109212168  0.53916816006282209
  0.54456747398678029  0.55004054381607803  0.55558816874293049  0.56116988788730904
  0.56676241366275348  0.57241701325952998  0.57808834139751797  0.58375891866937557
  0.58953471735510199  0.59529871549538560  0.60111119547675407  0.60696071087584313
  0.61282136123716058  0.61867936183030725  0.62457515540702369  0.63063394051904775
  0.63689715751561093  0.64332546006635416  0.64984026425335151  0.65644080436274010
  0.66316846828628451  0.67011594433530364  0.67727419474906558  0.68464401292743660
  0.69220781658056085  0.69995773194958222  0.70776105770449105  0.71586498153243894
  0.72424562821758853  0.73309104313766960  0.74244249453877176  0.75238392988297831
  0.76313462105528196  0.77471415008909617  0.78747773093846662  0.80215645145917169
  0.81949816909939377  0.84154359088853337  0.87732431251905396  1.00000000000000000
   4.8889929132526450E-005  -1.0000000000000000     
 T F F F T F F F F F F F F F F F F F F F F F F F F F F F F F F F T F F F T F F F F F F F F F F F F F F F F F F F F F F F F F F F T F F F T F F F F F F F F F F F F F F F F F F F F F F F F F F F T F F F T F F F F F F F F F F F F F F F F F F F F F F F F F F F T F F F T F F F F F F F F F F F F F F F F F F F F F F F F F F F T F F F T F F F F F F F F F F F F F F F F F F F F F F F F F F F T F F F T F F F F F F F F F F F F F F F F F F F F F F F F F F F T F F F T F F F F F F F F F F F F F F F F F F F F F F F F F F F F F F F F F F F F F F F F F F F F F F F F F F F F F F F F F F F F F F F F F F F F F F F F F F F F F F F F F F F F F F F F F F F F F F F F F F F F F F F F F F F F F F F F F F F F F F F F F F F F F F F F F F F F F F F F F F F F F F F F F F F F F F F F F F F F F F F F F F F F F F F F F F F F F F F F F F F F F F F F F F F F F F F F F F F F F F F F F F F F F F F F F F F F F F F F F F F F F F F F F F F F F F F F F F F F F F F F F F F F F F F F F F F F F F F F F F F F F F F F F F F F F F F F F F F F F F F F F F F
  <DiscreteSampler_grid>
  grouped_processes
  1 # 1 for a reference and 2 for a running grid.
  10 # Attribute 'min_bin_probing_points' of the grid.
  1 # Attribute 'grid_mode' of the grid. 1=='default',2=='initialization'
  0.0000000000000000 # Attribute 'small_contrib_threshold' of the grid.
  0.5000000000000000 # Attribute 'damping_power' of the grid.
 # binID   n_entries weight   weight_sqr   abs_weight
    10   10   2.317640429029614E+003   4.936583041421555E+007   2.317640429029614E+003
    16   10   2.317640429029617E+003   4.936583041421569E+007   2.317640429029617E+003
  </DiscreteSampler_grid>
