  0.00258744455430644  0.01423893157348271  0.02612715481980785  0.03745035026435858
  0.04898984253574740  0.06040069211150915  0.07158147324256395  0.08216398000033379
  0.09135909765353177  0.09991858623553070  0.10873778742506161  0.11738343129704962
  0.12614892234560243  0.13610322119378354  0.14540768879208960  0.15527146532646335
  0.16444999826484424  0.17237187321961481  0.18016892217176150  0.18727729676158100
  0.19413262922024888  0.20150181425016686  0.21051732953653340  0.22058001619912659
  0.23078066158760602  0.24134037810400341  0.25206045585930753  0.26294859595656389
  0.27466310070626732  0.28694836687316744  0.29894815617907533  0.31117368335881268
  0.32366066104384184  0.33629201552055821  0.34898090601449944  0.36032282230158497
  0.37116261053936878  0.38202649584111453  0.39249577723942075  0.40189655694509330
  0.41167817958447805  0.42256266799072689  0.43387439909811332  0.44516438053237600
  0.45649486934328320  0.46740578189984289  0.47801952057016212  0.48824984294519364
  0.49786161396175471  0.50823900047607340  0.51863396136766304  0.53053222628731000
  0.54086326175767607  0.55229773652588243  0.56357158802704022  0.57401859977399861
  0.58457114828345347  0.59468650190626238  0.60478437587250100  0.61517110189885538
  0.62551577964326266  0.63651505692020749  0.64784210943752252  0.65896868741927772
  0.66929809955253483  0.67926629376400949  0.68910320619056054  0.69890986380759601
  0.70891288299280986  0.71916771099134114  0.72972393199221475  0.74039436146588467
  0.75126940143408738  0.76245172318041188  0.77405679175616848  0.78659284514722372
  0.80003209464834257  0.81243385699288928  0.82266019941032986  0.83291709014064053
  0.84227835362437009  0.85179969757334639  0.86076225613829993  0.86950115455023891
  0.87843974959138582  0.88745998707955620  0.89658435785005586  0.90622808485172579
  0.91672424319237422  0.92825829758863621  0.94003270251216986  0.95125793955308269
  0.96250981453710260  0.97317416659963818  0.98655603593379271  1.00000000000000000
  0.00693453549736016  0.01624405286481363  0.02789167548871678  0.04063084976144468
  0.05362043158420019  0.06672049160922340  0.07908339737711249  0.09024495442665119
  0.09975953073047411  0.10987421729421308  0.12052870062561988  0.13127698348743119
  0.14185910274401967  0.15299884400865754  0.16488591476990427  0.17657033174409834
  0.18814425204563670  0.19997434284704130  0.21198658490969241  0.22438382909208821
  0.23725273928953267  0.25019774369356712  0.26221222005350625  0.27502899552827337
  0.28704130944686085  0.29809608679418759  0.30863497016257962  0.32048969057951249
  0.33188176158183719  0.34163635498963529  0.35018210934883698  0.35898330152849112
  0.36694952067761683  0.37428985492752936  0.38084256020164803  0.38832419184277928
  0.39728714752753469  0.40722708212019065  0.41722713610590922  0.42727138839715001
  0.43740164178036217  0.44756644559617664  0.45752598277116219  0.46701252202286270
  0.47694019932218107  0.48733115582744158  0.49862233046412097  0.51104880830905464
  0.52365163918757462  0.53572229524007353  0.54787636628395964  0.56020843201782833
  0.57365031961605173  0.58651509521181944  0.59885093608039297  0.61119315422704912
  0.62366840403394064  0.63570224173991619  0.64721781255324495  0.65822973466136281
  0.66775862644929251  0.67619348394612511  0.68498821619587558  0.69505301819357179
  0.70530189043402602  0.71555939128887336  0.72649985703084363  0.73783229793239213
  0.74863345795187508  0.75939371093539654  0.77061327780252553  0.78158004545036774
  0.79205612319552388  0.80117257120390895  0.80982030301431529  0.81800410280584246
  0.82640694086060529  0.83524597282291801  0.84393581932050654  0.85327919866305535
  0.86545172428027706  0.87902706766221206  0.89033034749006013  0.89935707464333570
  0.90799037335337862  0.91711588852194947  0.92675931513764087  0.93713242203542801
  0.94660202431417251  0.95603297715068247  0.96470572397481624  0.97326499433420788
  0.98057764647405288  0.98676138968431626  0.99090259362602029  1.00000000000000000
  0.00320447482556708  0.01200271525718091  0.02259774653582743  0.03480414943423549
  0.04714079453314177  0.05919676975382276  0.06985099987257241  0.07951826008730153
  0.08960556963971135  0.10026600979880237  0.11236312627855534  0.12480535983619705
  0.13563305547898785  0.14547162773844202  0.15495475236733044  0.16530608151816251
  0.17453315263125374  0.18243510026798185  0.19098663741504726  0.20074513359812277
  0.21156612714416895  0.22267579626438608  0.23298560705379492  0.24365426199648466
  0.25416729904215946  0.26540491628907964  0.27687379799683087  0.28866526531673198
  0.30035813638952458  0.31261362833132439  0.32511329033527336  0.33769617994711582
  0.34996935356741082  0.36032764050675470  0.37046548075508950  0.38071425385003638
  0.39165263032429265  0.40224060833456488  0.41342594116328052  0.42380150158893015
  0.43347200766003424  0.44240947526333002  0.45066948092732734  0.45989701567883517
  0.46885968312218684  0.47871171992144479  0.48950536773259906  0.50019491404074234
  0.50897883961049184  0.51793936756783765  0.52670437409577309  0.53533053530122465
  0.54459798000517767  0.55478361566752699  0.56583863831851344  0.57673527676607916
  0.58642390172182413  0.59581481253003665  0.60533289717996031  0.61601561368636648
  0.62730348757003962  0.63800700076234440  0.64878184116395987  0.65963468040573070
  0.66921976466502564  0.67897411282333264  0.68922394868797965  0.70051135645152818
  0.71329553564088921  0.72629723834826332  0.73869522675786192  0.75079141244548298
  0.76235629780346148  0.77414398654195771  0.78511781417211379  0.79641919856266874
  0.80814204108998777  0.81834207477177434  0.82771361951562017  0.83746670032904180
  0.84669566462562929  0.85521683826386008  0.86275344085058026  0.87037685974359758
  0.87908216337305478  0.89063951937489916  0.90241077520468971  0.91353761820060775
  0.92325039615555404  0.93250906890394225  0.94236480466707451  0.95283233239950982
  0.96378747082292604  0.97480375626011662  0.98561789924635479  1.00000000000000000
  0.00646960417220417  0.01946564698598958  0.03256245761879550  0.04373812865324279
  0.05462935501381531  0.06541900739376635  0.07583161019991207  0.08670725791645127
  0.09794478548497243  0.10937147172774099  0.12099375234116649  0.13285101684963255
  0.14409560949497385  0.15483282856361447  0.16503442085477923  0.17506388704063783
  0.18509101352921645  0.19526967443142965  0.20519741715111886  0.21487537593661926
  0.22418030696086386  0.23508372686371579  0.24859609725718629  0.26136756410434431
  0.27486868355526878  0.28898715251643031  0.30299462457863885  0.31646635048481214
  0.32926768483469199  0.34152932220148102  0.35444432019127381  0.36751466009078149
  0.38043905779253367  0.39055638927413711  0.40177383910140119  0.41360270875635990
  0.42612690824447363  0.43784539858497795  0.44990573367894532  0.46136355345430091
  0.47163350590485098  0.48128528864094389  0.49190902297522471  0.50347437074545320
  0.51663791778629853  0.52834711872830276  0.54037836918204063  0.55186535471707676
  0.56280438313616465  0.57325290061072920  0.58331652405739243  0.59366125336832665
  0.60414431934774782  0.61436035393844279  0.62456972377977493  0.63386695721165998
  0.64305505935090701  0.65217726495420836  0.66170482051214796  0.67184963536579956
  0.68154637728592649  0.69140132755791639  0.70210683035799848  0.71272625833914638
  0.72280617759018173  0.73277345160611296  0.74228752432567036  0.75179837801926308
  0.76063990390992842  0.76905838598482712  0.77727238527506426  0.78549345011116400
  0.79392463365430443  0.80262446036673218  0.81177193613116261  0.82259414141387310
  0.83366571385434252  0.84427470330580978  0.85463676528886956  0.86491694152552046
  0.87552363781820797  0.88546511197267619  0.89533920601751527  0.90477429632914230
  0.91389848809458196  0.92174436151444372  0.92950433089207563  0.93770639719784588
  0.94578965680869309  0.95375765441382243  0.96139917094171079  0.96823190356618516
  0.97474399016882562  0.98160752626754122  0.99179034946061007  1.00000000000000000
  0.00000460496910462  0.00000530058698008  0.00000607680553225  0.00000684925674659
  0.00000757334844093  0.00000822977141341  0.00000885545385035  0.00000948023131986
  0.00001015978038640  0.00001086304645579  0.00001157641195160  0.00001227090728753
  0.00001289666097480  0.00001357177037344  0.00001426923744676  0.00001496080693990
  0.00001571060856814  0.00001653540141354  0.00001746826007000  0.00001849526873843
  0.00001962819434063  0.00002084798303372  0.00002193794578501  0.00002304563910030
  0.00002414309508459  0.00002522029724788  0.00002629161184133  0.00002735312532768
  0.00002847139993052  0.00002962993833814  0.00003083493424750  0.00003217114457662
  0.00003357424261885  0.00003501333696513  0.00003648614637578  0.00003799443776366
  0.00003954254695185  0.00004110531544493  0.00004272586683806  0.00004434808202131
  0.00004598824103954  0.00004761722690916  0.00004925553803357  0.00005091290514952
  0.00005262477352757  0.00005461123638298  0.00005660057252096  0.00005868879712378
  0.00006078435677041  0.00006304153340113  0.00006555229785586  0.00006823575332716
  0.00007095891107023  0.00007366621695379  0.00007646928286339  0.00007945406688374
  0.00008243142876775  0.00008571161539427  0.00008946989698257  0.00009333691064945
  0.00009739838845312  0.00010169194801625  0.00010619661643424  0.00011104013880512
  0.00011610380451246  0.00012168322821874  0.00012752523596828  0.00013374558783737
  0.00014051802316701  0.00014817896263896  0.00015742372212605  0.00016866527209184
  0.00018141627086226  0.00019517992489678  0.00021008603771107  0.00022670755870757
  0.00024554418726891  0.00026728014578168  0.00029186956091083  0.00031916784593225
  0.00035116445895471  0.00038982934606740  0.00043700615383293  0.00049066381026845
  0.00055106516473780  0.00063265155100413  0.00075039577901403  0.00090433638135777
  0.00111553952698202  0.00143700955311809  0.00191669555213777  0.00263497685615990
  0.00387924371462580  0.00837321567239831  0.06315114232233596  1.00000000000000000
 -0.00380470790039031  0.02236932711077648  0.04467261116528584  0.06705396884645429
  0.08741598274700822  0.10511745178474198  0.12223386177533484  0.14034227850258937
  0.16067976275472676  0.18054386402113407  0.19835995644947385  0.21611757942982315
  0.23478593064911030  0.25292396729278838  0.26850351713695692  0.28331130558920864
  0.29667129950203136  0.30973744363610567  0.32297647918908873  0.33677156150499216
  0.35306902911724047  0.36948780494750877  0.38626666242851970  0.40269278819104054
  0.41847556669178915  0.43340836085005846  0.44839081444925993  0.46162761472844621
  0.47338956625707895  0.48464196983949709  0.49453433254918566  0.50332232577297209
  0.51149568309253668  0.51878194091198004  0.52565708086246477  0.53271926687356308
  0.54060648468908135  0.55038990326812154  0.56054623669498715  0.57048388319023902
  0.57987907217434820  0.58948850855374046  0.59888166447973612  0.60837434110010291
  0.61806359388657450  0.62813352281056034  0.63824442993274200  0.64802081611015250
  0.65673393850663542  0.66527935376281189  0.67421578239589275  0.68354088936310575
  0.69330780139852999  0.70301146022030225  0.71166755654047531  0.71927068315909870
  0.72651992864907755  0.73386770621708985  0.74140021794199440  0.74859419290582752
  0.75497338425035743  0.76101608339255444  0.76666400761405384  0.77403205465596270
  0.78396647733886793  0.79403249034913692  0.80312970299367836  0.81184767835124172
  0.82021834945683558  0.82852318401045910  0.83633213655550176  0.84312632038934610
  0.85001329125095981  0.85688588153204059  0.86381538171794903  0.87060369097335910
  0.87776078881143771  0.88438545670446878  0.89039508093903585  0.89656102803624005
  0.90337268112413338  0.91090303270017159  0.91895438866548129  0.92750705464258909
  0.93576790378383734  0.94281194797379009  0.94896751175439198  0.95508556402811451
  0.96114528406338584  0.96706739524893015  0.97304403815560014  0.97881484758747150
  0.98421662633079654  0.98935966650797058  0.99462204541939570  1.00000000000000000
 -0.00211513045632620  0.00904640966547106  0.01684138923096331  0.02529662036714392
  0.03391336358043373  0.04427487330295328  0.05595432759374164  0.06828468141849281
  0.08055645486861757  0.09135525974222469  0.10156070712556449  0.11155074780641841
  0.12004965765693876  0.12814832712448471  0.13658883084430287  0.14612577766378837
  0.15632716817917910  0.16654672552483743  0.17664039838605763  0.18665387301492611
  0.19624214471272194  0.20595998444372696  0.21527925701894371  0.22485638524718668
  0.23462128156087461  0.24451935057443774  0.25427455687838835  0.26388545618763398
  0.27322954262155519  0.28261710240929339  0.29255417436594183  0.30228127626857854
  0.31232462015072054  0.32132784624139776  0.33077235626627288  0.34180595114246859
  0.35246579229432051  0.36200608998625544  0.37197174254941495  0.38268530960091857
  0.39387846125030529  0.40511158233910288  0.41548227863830550  0.42602336981400063
  0.43754730444133461  0.44966961634680463  0.46118668319897294  0.47207860307782096
  0.48422078840692562  0.49827794271325276  0.51219702016835367  0.52524046190894846
  0.53775659001311615  0.54974632445193694  0.56081367383162306  0.57230196639303810
  0.58293856012828582  0.59405250979217183  0.60444912648948956  0.61493239950276835
  0.62543474339955307  0.63657329953119590  0.64890854102669882  0.66165408951189175
  0.67382955133786238  0.68600716499541770  0.69878886156901798  0.71186615828832811
  0.72432181257361405  0.73558211109038041  0.74610889136086700  0.75516608586300238
  0.76341437829877246  0.77208704232323833  0.78049119221498908  0.78872664135017989
  0.79703817757946860  0.80578684979003878  0.81526025048994710  0.82593458643491424
  0.83700440536631804  0.84823168241512004  0.85970425988768862  0.87101747072114943
  0.88172504245259653  0.89238260758599497  0.90255838676169198  0.91073545978454062
  0.91809080927433229  0.92541338294498854  0.93420369372063672  0.94558028260137816
  0.95953106546388212  0.97363790443048581  0.98668678777746011  1.00000000000000000
 -0.00288425115053550  0.01015797912229005  0.02114536716138832  0.03128705842144121
  0.04141880814437612  0.05172336328366507  0.06214960046005355  0.07272119574462078
  0.08327824602029460  0.09457807981441123  0.10535534261412056  0.11481716258768418
  0.12362093947410611  0.13216607910695502  0.14039901834168061  0.14911715642299575
  0.15804402631609840  0.16773388190149083  0.17766309855322346  0.18750469944282355
  0.19717923899577286  0.20679219494382203  0.21693497884677820  0.22673374683771716
  0.23526648179193191  0.24273363037549908  0.25079850731632330  0.25947088602585150
  0.26868206953797608  0.27728265658428880  0.28504655304656179  0.29247896042509230
  0.29998464017388909  0.30810891701005827  0.31621504623787977  0.32390968281963595
  0.33135470825600039  0.33923907963651079  0.34784592258515268  0.35751312145242448
  0.36839650417456582  0.37856509123672089  0.38676386460184609  0.39521352522703895
  0.40402688906062034  0.41309501311706315  0.42314824561935449  0.43308758637861311
  0.44392095320826136  0.45584388196958037  0.46670595054416780  0.47703299102180102
  0.48668704840437560  0.49571023803026176  0.50431979731197130  0.51274672071497307
  0.52178023923182537  0.53086444791567811  0.53997479365858891  0.55030696006766788
  0.56158213328722084  0.57253839351304092  0.58346341141576630  0.59455631241273710
  0.60524875096009811  0.61606274078624568  0.62697380851218620  0.63828396795734410
  0.64993548987961558  0.66170291879722898  0.67300980439656410  0.68376187822990209
  0.69495291600391673  0.70490952804521068  0.71410308977683601  0.72267487799688490
  0.73338646985345257  0.74799106647782954  0.76112774731684862  0.77381291300047561
  0.78529520872891911  0.79725274750518593  0.81098404427282289  0.82588066305298380
  0.84155165910949736  0.85708838027242429  0.87232007630794373  0.88823209547085025
  0.90229868051632245  0.91538408492544499  0.92874795572547453  0.94170667976054123
  0.95332355527109214  0.96753692241119915  0.98305063458020880  1.00000000000000000
 -0.00255088355024492  0.01021406075837278  0.02065001588792821  0.03031176071527034
  0.03980625770732674  0.04898511258977853  0.05837810122629108  0.06758398801194487
  0.07737291875396674  0.08683702600503007  0.09565314434088405  0.10392435262724990
  0.11242430732239750  0.12131585963168386  0.13010612029590893  0.13858492801379507
  0.14755007826619623  0.15726425776982858  0.16720165879772841  0.17766237593869882
  0.18826436234541452  0.19912211617455972  0.21025288452859250  0.22118504054194488
  0.23234464596772741  0.24288841082366466  0.25332636233956435  0.26398621537383887
  0.27440939515031210  0.28511398185660913  0.29615811721808699  0.30800172783253094
  0.32059232642247276  0.33264529172474450  0.34395714366039870  0.35471790048694180
  0.36469243636444998  0.37451127434568587  0.38454020774778830  0.39433394117914999
  0.40390306050187574  0.41332103976607648  0.42414701253146903  0.43501006877089510
  0.44572953611037969  0.45737183504558021  0.46954694589394652  0.48174747170318755
  0.49347994009189283  0.50451805448719367  0.51502350929674989  0.52462431457025127
  0.53317627698319636  0.54125548866240814  0.54938898010369652  0.55808284726394342
  0.56665617829142700  0.57496938240751905  0.58415364005154991  0.59377805674484385
  0.60368390878529210  0.61376032769603428  0.62387166309406461  0.63432742080353655
  0.64509529704424629  0.65569350303441698  0.66693434414770014  0.67957881024501920
  0.69196993618070624  0.70414425873643349  0.71702801533604388  0.73010683010200084
  0.74243149901000038  0.75353143169318282  0.76500822328395623  0.77584153368589559
  0.78657917047162829  0.79762842294364189  0.80896078744600286  0.82094260124543972
  0.83361553159524737  0.84608101487628062  0.85822183845141053  0.87002889549020157
  0.88161426107337160  0.89367457072559175  0.90622700147823776  0.91937516410962516
  0.93125168691515003  0.94258083263148729  0.95371498334765614  0.96349832424820869
  0.97292820832002225  0.98275826198733618  0.99154381264885416  1.00000000000000000
 -0.00221703245169159  0.00470094468953287  0.01197044223815238  0.01948627016640700
  0.02691694415172067  0.03621224423912416  0.04363954633918495  0.04947309715491446
  0.05512919632027950  0.06099046137914112  0.06682184675117636  0.07261861104085349
  0.07843351884669567  0.08393294659700053  0.08945670167173238  0.09492103906420304
  0.10042693118490172  0.10576549972146244  0.11269276855151464  0.11970276577097119
  0.12746019002898776  0.13548281137039506  0.14355708959980323  0.15160282379215365
  0.15947356510483621  0.16747221239840407  0.17491724984774973  0.18244179763388074
  0.19011272402937912  0.19794393181121342  0.20634819805313001  0.21544558042606318
  0.22428829922124507  0.23351771719076486  0.24277508364656694  0.25169901627722630
  0.26038451210223973  0.26891567721845799  0.27857382250235346  0.28876618804088977
  0.29771421331669556  0.30555817177761180  0.31304057201740720  0.32049956526895473
  0.32841410326642589  0.33672622963358750  0.34545264546564636  0.35426556834716283
  0.36437602802382452  0.37561782117704401  0.38690146032158251  0.39875581863480108
  0.41011814699916660  0.42055993270398295  0.43095804289635525  0.44156559886636143
  0.45281886728526560  0.46320125815729535  0.47208143423556753  0.48075588852432832
  0.48987323568656693  0.50016870637533550  0.50939932168367663  0.51748056562050559
  0.52612826066061469  0.53776723262004222  0.55006812402152427  0.56256290910806894
  0.57595883545461446  0.58813514021898727  0.60007001728730258  0.61235541749985933
  0.62441542551150875  0.63677867601349447  0.65036491031112620  0.66474386884257330
  0.68016613619644339  0.69467933340023891  0.70907925418367612  0.72289660876674089
  0.73786459000867732  0.75334494867619284  0.76845010600463703  0.78252294351231066
  0.79756247563283922  0.81223906853827843  0.82696463786258922  0.84362813715791685
  0.86217698181345570  0.88004981151668127  0.90152238371428584  0.92496077449877856
  0.94490029224362027  0.96307356444068415  0.98108047058640546  1.00000000000000000
 -0.00127349991364347  0.00688674152633316  0.01484650238036929  0.02382096400445914
  0.03304274788550486  0.04248872728052429  0.05305998530529796  0.06374566444457658
  0.07403650782471066  0.08413028951339073  0.09316874466026738  0.10265427288040083
  0.11155631500493743  0.12034707851410285  0.12909529502526712  0.13839523178385321
  0.14795216394393934  0.16061016700405573  0.17183060169541206  0.18263076922268068
  0.19371275079847688  0.20495665103495478  0.21655067798231026  0.22808341351816164
  0.23986813885817326  0.25169053295183358  0.26415889493295996  0.27918245871088387
  0.29417676226168749  0.30935370606418650  0.32387743688439313  0.33800926233469175
  0.35142721054000786  0.36341214490221430  0.37409413674002456  0.38434907648953481
  0.39525108576893769  0.40648090349970251  0.41666560791869117  0.42695068969245936
  0.43783589848463583  0.45066359777421361  0.46336226796195934  0.47671565576705149
  0.48656579532819899  0.49592699646008093  0.50524754607011868  0.51522836438730901
  0.52590706009081578  0.53631450149003324  0.54613703158309024  0.55527673457864912
  0.56411566639291955  0.57314170416451538  0.58218019365601237  0.59142228272059472
  0.59990500545455261  0.60910325901012796  0.61883756913604304  0.62872176894953524
  0.63908844668679299  0.64973555906212344  0.65943568244948680  0.66893990885377519
  0.67828756069594620  0.68739975654950702  0.69604308261153625  0.70463215388278166
  0.71429409494971041  0.72533642170772528  0.73636407891128863  0.74786670365087271
  0.75713384847541898  0.76647148514255103  0.77508733806142094  0.78380303595148004
  0.79274328033938168  0.80169062145727599  0.81022922173847756  0.81889770977060294
  0.82854810639177146  0.83826224853273068  0.84992720632534946  0.86187302506749719
  0.87402180680057862  0.88477466508119751  0.89435496154628336  0.90579528639598994
  0.91730497761571717  0.92936946945736232  0.94254486226995771  0.95606667000489665
  0.96864441637192933  0.97956942979043948  0.98957710197315585  1.00000000000000000
 -0.00518371593360910  0.02350274828037018  0.04385435932665429  0.06155636503929019
  0.07579705471176089  0.08776158134439802  0.09993281079365193  0.11308635884454449
  0.12788746243162044  0.14310429324264123  0.15893000459677523  0.17333862097473104
  0.18705947246152049  0.19996056931879275  0.21408380408333874  0.22856041707174771
  0.24338636409885925  0.25801233531893236  0.27205796327647269  0.28487229129714131
  0.29711702405585033  0.30938306132845872  0.32191281651929377  0.33508621853531517
  0.34857489867459790  0.36183448811834501  0.37403811124362180  0.38525184022252212
  0.39536528246947555  0.40681420449605848  0.41794911676367763  0.42775773770247355
  0.43781617600558020  0.44860017973004090  0.45922664348269976  0.46958720807560506
  0.47829523592617362  0.48913176391357804  0.49955537335345129  0.51166820282487846
  0.52092012280112265  0.53025062139435719  0.53923575282801883  0.54983065031368250
  0.56086876720205636  0.57096188034057060  0.58046065512647960  0.58864516644121290
  0.59667478840028643  0.60480612138027612  0.61320089259785726  0.62234635101365487
  0.63067792111974774  0.63881078324959717  0.64679621564405643  0.65473807587985078
  0.66306144239044873  0.67131752809454515  0.67904089541869439  0.68622009596233524
  0.69358434920890411  0.70158980219643763  0.70970639894503718  0.71762438670966522
  0.72581888642624315  0.73491443866722350  0.74404243394845193  0.75266097360489470
  0.76203508150451016  0.77127692315826024  0.78137565554152910  0.79057152921968021
  0.80001444104885233  0.80939659778293227  0.81882851492919362  0.82856911276103395
  0.83850489875909340  0.84815813894068881  0.85819340682667444  0.86807099041132729
  0.87874644449702222  0.88939983535604528  0.90000180246097217  0.91037426629855611
  0.91852244574441444  0.92450945713420152  0.93065755201467604  0.93762429037859329
  0.94554732016275533  0.95309577709871462  0.96041267785128770  0.96843800824464366
  0.97556269109363325  0.98336265765553477  0.99179716098406923  1.00000000000000000
 -0.00248456979505571  0.01056555617557399  0.02332497136090809  0.03759548727457040
  0.04893309624897155  0.05848609745642491  0.06763480039198996  0.07681958789742172
  0.08600309378035693  0.09497353557164705  0.10450309148756548  0.11577398449392587
  0.12776063654382322  0.13965451732773515  0.15152443562902385  0.16163286378931027
  0.17236549312696178  0.18352631494856006  0.19579381352248584  0.20926980879281332
  0.22091163859351728  0.23144523156815885  0.24097821878584044  0.25079973514990589
  0.25992436382493411  0.26876002058988518  0.27815754748277327  0.28795225132624686
  0.29887014071056872  0.31094746976251336  0.32290423571104082  0.33413868081858461
  0.34489069272311967  0.35582631776389467  0.36764380445322115  0.37938353359611060
  0.38942890213115838  0.40018709348619513  0.41100182354091536  0.42152260473152164
  0.43033428773357812  0.43845179859495936  0.44673823462393281  0.45556211583251471
  0.46493758202564422  0.47507859959006332  0.48534178334140382  0.49556328616093070
  0.50555699156723022  0.51518117787218309  0.52448537459001210  0.53316848464196920
  0.54140813174608504  0.54989817797226803  0.55942163703727021  0.56958064106486606
  0.57944979998886337  0.58965103147087505  0.60017707501814110  0.61195863616524715
  0.62454369988618497  0.63570587677652124  0.64575862505664872  0.65612166657966209
  0.66645414822030280  0.67631964194024730  0.68586545976946423  0.69674972366327770
  0.70778605807317496  0.71800518974111394  0.72836790740526813  0.73936713337685323
  0.75063652083516297  0.76261406782812358  0.77403990854716687  0.78462212183978242
  0.79393232004078340  0.80306244258884574  0.81352652297699313  0.82460652761020126
  0.83700774339964135  0.84925937703760301  0.86085082128193047  0.87137580894704725
  0.88075302800579336  0.89072565686429028  0.90124379018389633  0.91321356732488035
  0.92604024690430475  0.93798033538495362  0.94876474501418229  0.95968594631505444
  0.97036419313747468  0.98028342987242978  0.99011924116751659  1.00000000000000000
 -0.00225007670972512  0.00936432743958187  0.01964778262874823  0.03172215095941094
  0.04356127719473761  0.05483177135208582  0.06459702110478166  0.07373826586408731
  0.08241099391674024  0.09188815151353109  0.10280170769874886  0.11492618517429384
  0.12807781222564618  0.14098038373919169  0.15182791092675069  0.16168989471082879
  0.17252913081613583  0.18311304953625485  0.19362759573997171  0.20404727831590766
  0.21603133775414929  0.22754026681073278  0.23920088241665646  0.24973630472189765
  0.26059907995104659  0.27106350881799884  0.28155226393489330  0.29260767306221186
  0.30353458607077571  0.31392336776929369  0.32401440106196927  0.33444144645629242
  0.34582006809817661  0.35881559943336738  0.37247626252188976  0.38479102913239521
  0.39609695680864837  0.40708125539915174  0.41822401032446593  0.43015141131679840
  0.44290721981632125  0.45624430166240038  0.46995850021130964  0.48155208491279083
  0.49079145333624885  0.50020961161083111  0.50943722583968365  0.51842796989535778
  0.52688239144086879  0.53514297307119951  0.54373289447484674  0.55379861225750637
  0.56349287237577128  0.57234355284616212  0.58173412744940589  0.59188660425262418
  0.60178533600355455  0.61062214899552214  0.61876180364808886  0.62657139890914493
  0.63428118215010931  0.64225801536158422  0.65066881656514963  0.65944761343977665
  0.66829768722122485  0.67711441515656767  0.68586308276325370  0.69482306472405519
  0.70447970500268808  0.71354056541119748  0.72255249557570966  0.73217436077614362
  0.74157117748572243  0.75063587171565471  0.75963248782285830  0.76861406579572644
  0.77919482437275422  0.79066369338592446  0.80240482363041976  0.81431334595442395
  0.82551811252764085  0.83691307560466999  0.84844200297751482  0.86012236107980100
  0.87198287144179543  0.88330973102347365  0.89492736888684477  0.90785409419241958
  0.92202495440310583  0.93572080424866588  0.94789493213268361  0.95871737246107869
  0.96866360932073725  0.97856039401486605  0.98885680058023095  1.00000000000000000
  0.03409183922859620  0.23438603800925734  0.27594757830440469  0.29948514724166919
  0.31805356679611596  0.33500400182859796  0.35036562106719993  0.36534370137570477
  0.38013000272678088  0.39514462231520048  0.40970641532413882  0.42141739393424327
  0.43211251815963697  0.44356887193994171  0.45548634409925781  0.46666539905553645
  0.47621370789391981  0.48523539474596500  0.49431984400228379  0.50440229252285340
  0.51432178691196540  0.52470781814182277  0.53491040014891023  0.54436634495307135
  0.55375490146920070  0.56257328599444234  0.57068163205525413  0.57829192410671693
  0.58560986635311019  0.59282699575003261  0.60021195000442051  0.60738357113884578
  0.61356802519250009  0.61944050081419377  0.62515025572784022  0.63095302218386307
  0.63702190635686573  0.64328024670596085  0.64919855009685423  0.65592040185457601
  0.66189291266467343  0.66865271993321318  0.67644237256121886  0.68482045308814887
  0.69249793288664774  0.69932296469213318  0.70568597223477980  0.71197662384301175
  0.71840365151158303  0.72495437591691103  0.73139894412344542  0.73776486021156251
  0.74480938263267515  0.75070697149740595  0.75599170247717107  0.76116866351805434
  0.76615000236178976  0.77103165845439725  0.77574330815755754  0.78043799783256984
  0.78559698254282118  0.79087361179698679  0.79609445876442053  0.80079223777654984
  0.80523185072078518  0.80961521898547051  0.81442398535272709  0.81979229610356275
  0.82514545592071009  0.83035957657483250  0.83550759230454974  0.84078699915603083
  0.84613775443194961  0.85161637433712811  0.85639632775689156  0.86109792652814765
  0.86616074258048870  0.87165314451642673  0.87722447254348213  0.88285165524795661
  0.88821743502366479  0.89353179685020045  0.89942422977118330  0.90579230618329964
  0.91207435642474521  0.91810888496155041  0.92403920706524834  0.92987869824724212
  0.93575651463426213  0.94197058637765563  0.94885156810660043  0.95639392746577234
  0.96429665992447489  0.97228131687188679  0.98336463295776511  1.00000000000000000
 -0.02038828883334161  0.12194392852112287  0.15587214990408321  0.18013273965333318
  0.19920494246940038  0.21493325543427119  0.23052518134387051  0.24462422362195971
  0.25591138465076418  0.26497330049463924  0.27347309468236985  0.28229671840667453
  0.28993234316003991  0.29732867481207187  0.30473730029748997  0.31232736616303008
  0.32062277632608477  0.32835091979571529  0.33614227253206630  0.34365056062512511
  0.35076767671258496  0.35764658940600913  0.36391682013081222  0.36973161048985337
  0.37555500108457751  0.38135039003552101  0.38712936000344378  0.39306271288042943
  0.39928158403044811  0.40584330486748171  0.41209882724873809  0.41813758266592072
  0.42434800725799876  0.43056319140246246  0.43665567554848839  0.44226881140175273
  0.44751726916959766  0.45289016141195787  0.45825054771420903  0.46318429750067391
  0.46774227205053942  0.47229400214215794  0.47666878921003830  0.48085821103220933
  0.48490101513243822  0.48880727360197301  0.49272787577798188  0.49674535274098069
  0.50104096320116676  0.50574903459435860  0.51038589237293275  0.51496533890674667
  0.51959396978767691  0.52459427548153159  0.52975490997934349  0.53481356309240446
  0.53975451881396985  0.54535805644888247  0.55110163190333084  0.55666350090553551
  0.56228534368824179  0.56822614321104425  0.57441657981715710  0.58064223198333387
  0.58723438435142850  0.59340298132715574  0.59899070346547612  0.60464254477474533
  0.61077058968709230  0.61739171446469010  0.62432651306419584  0.63143192717392616
  0.63848113251644467  0.64614857909797940  0.65473609822505596  0.66309137660090178
  0.67048099279368301  0.67703636008193391  0.68374460439344920  0.69063701313662240
  0.69734911357345331  0.70442605014349025  0.71150551641245074  0.71881966067745906
  0.72660515676082538  0.73536829206499410  0.74346690097637180  0.75151993787126636
  0.76070383847597700  0.77127288571350894  0.78351659692541364  0.79807591038736714
  0.81649501288172044  0.84114264860550714  0.87754818442004878  1.00000000000000000
   9.3746569524118966E-007  -1.0000000000000000     
 F F F F F F F F F F F F F F F F F F F F F F F F F F F F F F F F F F F F F F F F F F F F F F F F F F F F F F F F F F F F F F F F F F F F F F F F F F F F F F F F F F F F F F F F F F F F F F F F F F F F F F F F F F F F F F F F F F F F F F F F F F F F F F F F F F F F F F F F F F F F F F F F F F F F F F F F F F F F F F F F F F F F F F F F F F F F F F F F F F F F F F F F F F F F F F F F F F F F F F F F F F F F F F F F F F F F F F F F F F F F F F F F F F F F F F F F F F F F F F F F F F F F F F F F F F F F F F F F F F F F F F F F F F F F F F F F F F F F F F F F F F F F F F F F F F F F F F F F F F F F F F F F F F F F F F F F F F F F F F F F F F F F F F F F F F F F F F F F F F F F F F F F F F F F F F F F F F F F F F F F F F F F F F F F F F F F F F F F F F F F F F F F F F F F F F F F F F F F F F F F F F F F F F F F F F F F F F F F F F F F F F F F F F F F F F F F F F F F F F F F F F F F F F F F F F F F F F F F F F F F F F F F F F F F F F F F F F F F F F F F F F F F F F F F F F F F F F F F F F F F F F F F F F F F F F F F
  <DiscreteSampler_grid>
  grouped_processes
  1 # 1 for a reference and 2 for a running grid.
  10 # Attribute 'min_bin_probing_points' of the grid.
  1 # Attribute 'grid_mode' of the grid. 1=='default',2=='initialization'
  0.0000000000000000 # Attribute 'small_contrib_threshold' of the grid.
  0.5000000000000000 # Attribute 'damping_power' of the grid.
 # binID   n_entries weight   weight_sqr   abs_weight
    10   10   1.035967111666678E+004   1.047404326391045E+009   1.035967111666678E+004
    11   10   1.035967111666673E+004   1.047404326391036E+009   1.035967111666673E+004
  </DiscreteSampler_grid>
