  0.00351079457081728  0.01096163425274154  0.02057814284096250  0.03024481036093407
  0.04009887978463185  0.05005764018698715  0.06014568766511662  0.07056520069700400
  0.08085552835838122  0.09126011214002172  0.10191285267295307  0.11248233535864843
  0.12304394141653673  0.13337544880226773  0.14377313336122124  0.15409939756649424
  0.16447627998380893  0.17504287049549669  0.18559778711365232  0.19641739114098100
  0.20720999748026539  0.21814280272775849  0.22871816551197208  0.23909150185802261
  0.24934991040642554  0.25956272657203305  0.26974498983124634  0.27994178837042843
  0.29025522126103409  0.30062590592607902  0.31110501508833405  0.32155064386077847
  0.33203426193848490  0.34238114446562989  0.35274721618170130  0.36305500637720944
  0.37350577976388044  0.38395809752832016  0.39446862860357806  0.40477818419477146
  0.41500365118975685  0.42523007494731946  0.43549233420757116  0.44589326640004762
  0.45639428784134456  0.46701618101731862  0.47781679683961492  0.48868962926821191
  0.49957885746255892  0.51033087037581204  0.52098548298136371  0.53158769019481833
  0.54217674118374481  0.55281651097515305  0.56341920618010710  0.57393333517062972
  0.58437207666133650  0.59489642254856601  0.60555881172556514  0.61638717938281085
  0.62714619853122000  0.63775629287282765  0.64830613285158090  0.65880395806160552
  0.66928627312379818  0.67961652625706725  0.68988839468359586  0.70030017043627746
  0.71076163025365646  0.72118048305707172  0.73162507578973757  0.74210712738154583
  0.75277182361874317  0.76345084010747266  0.77407375314708726  0.78457052744106104
  0.79492927767734212  0.80548746301664076  0.81616096504759050  0.82698598166773696
  0.83776706323395278  0.84850192765156085  0.85918705842180787  0.86989771222612533
  0.88035431052403879  0.89070104620715851  0.90090855652601909  0.91111124627184514
  0.92158682908814549  0.93191832865462665  0.94289737737220203  0.95369689432004123
  0.96462058434956222  0.97559688489119389  0.98733020712105068  1.00000000000000000
  0.00692558663128902  0.01620200413718636  0.02760545979279106  0.03896525549638865
  0.04987716135598812  0.06059154494905063  0.07131266952077882  0.08180689059061332
  0.09237291910096902  0.10287873927493715  0.11344160830554394  0.12414130717893014
  0.13498740926930980  0.14581562745769716  0.15641641283278762  0.16700948731984916
  0.17765194080289004  0.18822286795016357  0.19894234826541868  0.20961003834815742
  0.22006880990674457  0.23048789252275095  0.24121121547519980  0.25206846337302569
  0.26280184019998759  0.27352928758161488  0.28411136693184080  0.29457830893948483
  0.30489970696786955  0.31530003180772814  0.32557823409515346  0.33568380423703215
  0.34586862511480015  0.35623269205664609  0.36691426077396944  0.37754938595814286
  0.38813672159420209  0.39865794246103853  0.40943722346983868  0.42027509968171711
  0.43097282264614978  0.44150192122528914  0.45191701596260037  0.46229009591224918
  0.47254294547990383  0.48274120942389548  0.49273083229357745  0.50273458104577529
  0.51255435081725487  0.52238715740057995  0.53218606389234102  0.54219646921106002
  0.55236656200905421  0.56250344887691028  0.57283284330271889  0.58340320912965560
  0.59423659933455919  0.60494651226818519  0.61531840822587558  0.62553397601376770
  0.63567245712758713  0.64578994015835056  0.65590850772944875  0.66606211028962037
  0.67635284877456980  0.68661046434816386  0.69690983917329519  0.70703449026908871
  0.71708615268306486  0.72717226796588585  0.73718764490490596  0.74722760270738742
  0.75733232293964692  0.76763617091763925  0.77791229665314021  0.78809392205376572
  0.79839664605930627  0.80888340637750367  0.81940037109961972  0.82990286916932587
  0.84031382215042461  0.85064739561420044  0.86071521039190102  0.87064495046205503
  0.88052508542945562  0.89035516374155066  0.90019475580302533  0.91015998140812526
  0.92029166596665180  0.93048313467727550  0.94084685509097199  0.95120900486793436
  0.96136523230723014  0.97129611067306687  0.98078611738735899  1.00000000000000000
  0.00316789913145900  0.01206935339604571  0.02250438409434022  0.03308364904886398
  0.04366154316950577  0.05445003829928022  0.06472400813486376  0.07495997262262231
  0.08486555666086439  0.09491111945694081  0.10494929105538912  0.11509677566721510
  0.12516664248391957  0.13533249244758133  0.14540892052020435  0.15573508897522123
  0.16579890578987347  0.17618803707163566  0.18670235893800508  0.19750114059772941
  0.20826124982911495  0.21891134314487651  0.22957472024179124  0.24021917404522375
  0.25071703395838901  0.26119737805411453  0.27148588594569756  0.28180888353697964
  0.29234743325053120  0.30281723172926006  0.31320303774060021  0.32332554661992408
  0.33338792639935966  0.34376223476992623  0.35402085622948504  0.36434786794340884
  0.37479956366414641  0.38538647847891161  0.39574305114707564  0.40589464490723054
  0.41611471408320655  0.42643650067581235  0.43682297346109655  0.44722289566361406
  0.45802517412923149  0.46889332160248770  0.47959686868729900  0.49003286145902625
  0.50034042454803584  0.51054540678145399  0.52099973960752588  0.53156143506981890
  0.54217887669204545  0.55283753771115474  0.56372261704565230  0.57440861862636505
  0.58511897027300219  0.59561540265785196  0.60636460955087990  0.61702447352776080
  0.62761793757273088  0.63824374020081620  0.64877227043434027  0.65938520565391767
  0.66989245286264998  0.68037916040121837  0.69070133807154765  0.70116828424140543
  0.71153407179277406  0.72211381108498041  0.73286429739389236  0.74344523662518580
  0.75413514985191898  0.76483520634050217  0.77540287375183592  0.78561416566721665
  0.79567907701402063  0.80588133851557275  0.81607979640224548  0.82628089395652282
  0.83681310464230352  0.84754680593750475  0.85835312351448900  0.86927621205045735
  0.88002966630081192  0.89054645045417713  0.90093651286171406  0.91165363998804771
  0.92257408305931055  0.93346105190851603  0.94419114662354542  0.95482995395017778
  0.96547984319503843  0.97642703593430846  0.98795007638999455  1.00000000000000000
  0.00586238708650439  0.02031987740726839  0.03468017440878184  0.04718191260170218
  0.05857728994142058  0.06990483397373613  0.08099934398050945  0.09211570932845881
  0.10283439581529591  0.11338462909501416  0.12338075332221432  0.13353042574671073
  0.14376045829927289  0.15424392726448746  0.16491972021214030  0.17554657513440114
  0.18641811086509663  0.19728312328099240  0.20782096636986760  0.21818019449683212
  0.22849343316822110  0.23921521630296347  0.25037701039075899  0.26127683669903823
  0.27193692438666145  0.28245703270270334  0.29324633659646399  0.30402854341508373
  0.31477771027800644  0.32564381357992500  0.33660991006751567  0.34758067624604133
  0.35839206312878924  0.36910594681163689  0.37946787985677233  0.38952860179370963
  0.39964406558812238  0.40996348542693301  0.42052846384523379  0.43100735237975429
  0.44143200500553115  0.45200656362817271  0.46248231737802559  0.47291611870481548
  0.48328112133338136  0.49375572451978383  0.50406042048230626  0.51448414859006864
  0.52492185534063207  0.53542761810936579  0.54560239108886666  0.55578232197094279
  0.56580627118641447  0.57604294366521680  0.58627942636359642  0.59706749404617354
  0.60773398213238572  0.61843013580685002  0.62885018629511102  0.63919924486596080
  0.64961441631184980  0.65986647191436298  0.66999811536742515  0.68015891758414038
  0.69040883693285682  0.70071041015358593  0.71091609564807512  0.72127480781440234
  0.73140649229515964  0.74144829488485542  0.75154595004975300  0.76170272208291778
  0.77211876119805023  0.78260626543241063  0.79326194505207948  0.80369252394952662
  0.81394697686739748  0.82402446824246711  0.83419932057576685  0.84433283616531296
  0.85444631629852164  0.86461358120068454  0.87472912417836135  0.88499628674945630
  0.89513303478094963  0.90507049549511953  0.91489036567545412  0.92488966742377721
  0.93499073470849170  0.94510971496021112  0.95501856915572270  0.96466566939178655
  0.97406355639450770  0.98312220303052811  0.99178411424397095  1.00000000000000000
  0.00000340290936238  0.00000821825149104  0.00001231367117277  0.00001638149769426
  0.00002027836717051  0.00002448513358797  0.00002881332277064  0.00003315616098221
  0.00003753113931083  0.00004190332074325  0.00004606658430519  0.00005021242760639
  0.00005432028808311  0.00005854563858939  0.00006284972474249  0.00006722540063145
  0.00007167919631997  0.00007622645561618  0.00008087934525820  0.00008563035068091
  0.00009046926453194  0.00009542663516283  0.00010053356308421  0.00010576330492193
  0.00011110351102730  0.00011656510744471  0.00012217324423533  0.00012796895976056
  0.00013402546531259  0.00014032351845302  0.00014689336140521  0.00015395742809795
  0.00016162460553921  0.00016982511931693  0.00017861472031324  0.00018759989832175
  0.00019665442523829  0.00020598843146396  0.00021567458915260  0.00022555223179432
  0.00023575881994088  0.00024605239270317  0.00025649014222044  0.00026712832523990
  0.00027834530181499  0.00029021734378278  0.00030259652882013  0.00031549363887861
  0.00032883853929146  0.00034284088319317  0.00035775362153265  0.00037335362947961
  0.00038955811886185  0.00040598150943424  0.00042338640192148  0.00044192767763542
  0.00046203084830683  0.00048365655757595  0.00050654651055818  0.00053069848926139
  0.00055592634080711  0.00058252450342083  0.00061012993598859  0.00063999109625995
  0.00067176315407960  0.00070631308251956  0.00074242810688375  0.00078120813154446
  0.00082444107190686  0.00086977969192713  0.00091769700137138  0.00096756865764492
  0.00102383000011362  0.00108457179176426  0.00115209525132314  0.00122747704676475
  0.00130896937342235  0.00139704160892099  0.00149393292512461  0.00160583982918785
  0.00173092716403326  0.00186581988142803  0.00201454924496920  0.00218855578251102
  0.00239320684202541  0.00262290289418212  0.00287535582299154  0.00316774086147589
  0.00355468672997522  0.00406444714906663  0.00476488739370204  0.00556997051606545
  0.00666341442506358  0.00884753833470202  0.10624910421592332  1.00000000000000000
 -0.00243898191750396  0.01003546171842764  0.02050346298931009  0.03161880425757087
  0.04235807102858736  0.05335073375686838  0.06375065829221541  0.07442261220273946
  0.08496688859518403  0.09578338751508134  0.10646215943520723  0.11693559087787925
  0.12735145518523472  0.13785446055786282  0.14852406785731062  0.15928559064231596
  0.16991244096227923  0.18056093225107672  0.19136793987832773  0.20214633059901918
  0.21267883155811268  0.22319397245250841  0.23398638231466382  0.24503605647798909
  0.25589360150070806  0.26670797297376547  0.27750623420530790  0.28824294765371394
  0.29864842802787445  0.30909834527717628  0.31966869952623184  0.33017539619180331
  0.34043265024666131  0.35061799851081243  0.36098828771373354  0.37150057323521102
  0.38209834190827263  0.39262590056380836  0.40326263672394941  0.41395498195950142
  0.42466215421522147  0.43534680746957444  0.44583083208277385  0.45619099436339272
  0.46649974125854243  0.47702443203924438  0.48769614144724310  0.49845330729719772
  0.50905657728382891  0.51961524261817749  0.52997990234931680  0.54033471968260538
  0.55071832750322136  0.56110782898988099  0.57157015365161812  0.58187649708939726
  0.59229182633937638  0.60282795607337814  0.61352719979763282  0.62415791859204239
  0.63451846932224654  0.64484403402673962  0.65521863390120982  0.66550741574693340
  0.67583473068656774  0.68617835745859634  0.69673072174158701  0.70722386054541952
  0.71776291038273998  0.72854483094590550  0.73921792156624389  0.74965788157863933
  0.75969336964195266  0.76994165728142105  0.78042949963945496  0.79093613286006736
  0.80123275842205310  0.81141023993481476  0.82165011397386434  0.83194539301354664
  0.84225507055897919  0.85265731716351179  0.86316012897241357  0.87354706738211962
  0.88386457755126968  0.89440328792226165  0.90529662117199639  0.91628705966719315
  0.92671549703224199  0.93706721727487552  0.94772547896926795  0.95827802411274754
  0.96894917867972374  0.97927798381227182  0.98970681071725841  1.00000000000000000
 -0.00247760831151500  0.00986857818171035  0.01956895653310161  0.02989274921048543
  0.03994238929854671  0.05027806567178383  0.06049441559307261  0.07085983677356586
  0.08079808764205254  0.09086046494423164  0.10102185227135238  0.11145948107802880
  0.12219933806482372  0.13282461189711181  0.14375805274184100  0.15439847139736210
  0.16510387124586284  0.17566735426084468  0.18650435006960778  0.19729705587094079
  0.20826131430502340  0.21872108967596993  0.22907168374242454  0.23968967324779572
  0.25018118045167426  0.26087925365691328  0.27117953089882429  0.28168444424343336
  0.29212116090503143  0.30270763715153653  0.31332403961640631  0.32382668405811871
  0.33427774475052530  0.34453608530142421  0.35468111120483403  0.36501212788624160
  0.37560822508194280  0.38630345500471719  0.39670279959113219  0.40699498476177343
  0.41738010525011815  0.42788887580552709  0.43829845895411407  0.44873182612553220
  0.45937953291278577  0.47023113799240240  0.48120813747156954  0.49198161121962880
  0.50270675624824313  0.51329454460829704  0.52358951666849918  0.53377544265384425
  0.54425022583306937  0.55495093822799790  0.56554421137668742  0.57625261740716527
  0.58682530055173443  0.59763648620882304  0.60828937917553483  0.61925904305340218
  0.63015351079274151  0.64070761147500765  0.65105803259954520  0.66170294253336537
  0.67262920673086435  0.68363325612300796  0.69444986461311675  0.70494632248291000
  0.71542125178060800  0.72567462876974398  0.73597637618248435  0.74629184439482188
  0.75657463824598148  0.76680075587542529  0.77704845479288798  0.78747916965555531
  0.79824786807946435  0.80892199917414487  0.81967983093711372  0.83020017424308767
  0.84095125180200359  0.85165629089917738  0.86249921585622624  0.87319864854379792
  0.88351464261333290  0.89392279367710659  0.90454574832788526  0.91542314123561552
  0.92625739125055695  0.93687291985586851  0.94769008130989107  0.95810984715274072
  0.96821521652854214  0.97843789580450757  0.98927738415052968  1.00000000000000000
 -0.00247931877379087  0.00960551634668590  0.01959036121903632  0.03023917298588504
  0.04039355365615169  0.05087932545724359  0.06118898264298944  0.07175486638391371
  0.08256252100734786  0.09320825371526013  0.10374613756392886  0.11400345001830801
  0.12413498206000229  0.13457198950917160  0.14530488123269317  0.15611413663318532
  0.16666052886406091  0.17713490480883176  0.18747598102647234  0.19797678937814875
  0.20827048746970436  0.21893972962674643  0.22968065407514626  0.24043258359449474
  0.25113348041840999  0.26167408770076195  0.27216965681729111  0.28258311097113342
  0.29325064274419921  0.30401078683693938  0.31456732216993050  0.32466904591075063
  0.33471104758778203  0.34476726664529761  0.35509038311294699  0.36578824001420157
  0.37639861094633126  0.38688458228628558  0.39722963204581896  0.40756265124030061
  0.41789698386377661  0.42804784449115962  0.43834299452836695  0.44894263254104622
  0.45954211826456220  0.46994375861257476  0.48012504704041720  0.49029650168772515
  0.50050081616721454  0.51076310752290588  0.52120765866626328  0.53182642303936623
  0.54248111161668122  0.55307564284676702  0.56384187528430962  0.57462288185372035
  0.58513538000273169  0.59554879737371835  0.60615384000202277  0.61682966823295604
  0.62756074085737756  0.63810640397648277  0.64866676000618650  0.65921232647784556
  0.66970689009164019  0.68034299550787536  0.69110069451551570  0.70186322406743062
  0.71249027163946943  0.72287820868618136  0.73328666474145132  0.74372851085473968
  0.75426431490903600  0.76458307540151937  0.77500958683113164  0.78552828806942365
  0.79614539918903948  0.80670723635006159  0.81736276580034828  0.82812770136070124
  0.83875152580389289  0.84917737021967521  0.85956295730448973  0.86989967473739749
  0.88026116777708896  0.89061052885577974  0.90116758081831105  0.91173944769037651
  0.92233774528527002  0.93301273965034504  0.94406798616478227  0.95514998271853080
  0.96629954814148478  0.97734712785765254  0.98870361463607237  1.00000000000000000
 -0.00252020694399860  0.00988406980589757  0.02007457128882555  0.03054257469102678
  0.04082923775803109  0.05128410497944975  0.06188870420146812  0.07296515421079633
  0.08407313636109179  0.09505610023303095  0.10589333510670158  0.11685913349438964
  0.12801334455343560  0.13898245627387240  0.14990189514293858  0.16089424746907724
  0.17153901383344053  0.18223579128598955  0.19253292107324169  0.20262189129574693
  0.21263267521775703  0.22268968555753194  0.23287533509178615  0.24323939161167424
  0.25365681516224653  0.26447439508351700  0.27523386448630954  0.28591393444654328
  0.29644763492737947  0.30704305055970921  0.31778510472806332  0.32851835343340030
  0.33895595459698197  0.34905954179863929  0.35917918225076922  0.36959255287642423
  0.38013143253652509  0.39050093443393225  0.40091859581831812  0.41158697652200171
  0.42260774330367873  0.43339658227853628  0.44412762115441801  0.45486798586148813
  0.46559349623615304  0.47638550335797375  0.48694943605625707  0.49754376035539355
  0.50780388297808710  0.51782785370377438  0.52784509498269838  0.53792966696903510
  0.54830411790044642  0.55862363064993714  0.56907961436951870  0.57960120348859612
  0.59027597302727763  0.60094023022870613  0.61153157576427941  0.62190970090415687
  0.63222018941013269  0.64245971648223910  0.65285464399302917  0.66330883819819819
  0.67370720499213255  0.68423922820607819  0.69477791453265592  0.70542912997932183
  0.71580144948804003  0.72591936013171776  0.73583371086417315  0.74580745852115349
  0.75621268803302821  0.76677838396592468  0.77734077367339771  0.78767928525088626
  0.79826024657310091  0.80890212620933066  0.81939595875176907  0.82975172107277118
  0.84051550172780920  0.85137297030470094  0.86197557087786680  0.87213596399928328
  0.88246554585848036  0.89298275851608344  0.90378691163385283  0.91458573125374176
  0.92532597720589116  0.93601263013181413  0.94655280551472121  0.95741278481255743
  0.96795153703195280  0.97876518534797807  0.98928651001533408  1.00000000000000000
 -0.00243794658122073  0.00939331802523948  0.01938729062067444  0.02955660771007630
  0.03977643004988731  0.05016229753881308  0.06043558710875329  0.07092909400003987
  0.08124078925442726  0.09202430818241658  0.10284210116014704  0.11342978828755367
  0.12397499568428590  0.13441387363182417  0.14478574584372378  0.15494740354353242
  0.16501563726585494  0.17506742196458855  0.18520243391530780  0.19548548659278731
  0.20586320476326592  0.21625542299138450  0.22649622726580487  0.23724882280043411
  0.24801708324507238  0.25889790061788853  0.26952030986484599  0.28000059276391936
  0.29017832678626609  0.30033843249299857  0.31059978074748845  0.32105045878366367
  0.33133602502057929  0.34136299133022335  0.35132177753766158  0.36131883894646638
  0.37152204565684632  0.38194055490155937  0.39261471190366420  0.40301555117816934
  0.41318426511364031  0.42329986622387256  0.43369184319750315  0.44417444010518664
  0.45441695886165839  0.46483503862198911  0.47527325233380313  0.48593628212936890
  0.49641204900477215  0.50731296066855702  0.51778478498412184  0.52874363457622042
  0.53926130369893988  0.55015437676302170  0.56081936727831561  0.57152967224125284
  0.58220676253937231  0.59253224484130329  0.60324683678783264  0.61405795749037251
  0.62462850428112704  0.63491288039482741  0.64527025335391031  0.65559944437082618
  0.66604280661123350  0.67632379205097781  0.68696031743390795  0.69751006107451308
  0.70820306132548039  0.71900002990911660  0.72993720888979918  0.74083982029433570
  0.75145405979224822  0.76187720663900993  0.77231004690257166  0.78289415587751920
  0.79348264056094697  0.80414380476621927  0.81451765241437779  0.82502403978114058
  0.83557194491377884  0.84636485570770570  0.85720370248558575  0.86815925512111347
  0.87903257483193364  0.88968659895172864  0.90052760692733391  0.91141089887230819
  0.92260405817056390  0.93376716257270320  0.94472659273113557  0.95560637929349279
  0.96642251959399217  0.97769163998359665  0.98876406816800666  1.00000000000000000
 -0.00235902837056591  0.00928089287739903  0.01971329314693106  0.03038701333050395
  0.04114406377286162  0.05199717640800829  0.06268286957351654  0.07341880911195425
  0.08386608873588466  0.09460179380560149  0.10521208455716949  0.11590417610022355
  0.12680011777326622  0.13756180615382324  0.14833919527722522  0.15901936568378305
  0.16981228371818036  0.18042331059533626  0.19100454468753006  0.20134437843756584
  0.21159796587090884  0.22195804140882683  0.23267133453173933  0.24366428528667647
  0.25477219291934217  0.26572817042626845  0.27641605874659947  0.28695217122326688
  0.29756055745187870  0.30806851826762671  0.31870342748224956  0.32892791341453886
  0.33955263800594532  0.34987629021177541  0.36070199148512921  0.37125131949444895
  0.38185257288997415  0.39257104358595768  0.40344322125091792  0.41425605452679820
  0.42484473786638588  0.43570634131613367  0.44600362371690727  0.45646827924239280
  0.46693866162007924  0.47712688280355536  0.48720883502899937  0.49706596332206421
  0.50757880927762855  0.51810056057381126  0.52871774360573964  0.53947833113462018
  0.55021059945987594  0.56123346227808857  0.57203338725224284  0.58262499889494368
  0.59289587042866365  0.60329219999567041  0.61358595311188890  0.62383124285283975
  0.63387075337014531  0.64395944639701974  0.65368841309188608  0.66371944680162065
  0.67415491025403684  0.68500518446605030  0.69574932042811732  0.70627330829402335
  0.71704789136244584  0.72792511931076798  0.73858210706520300  0.74937008000941496
  0.75997522351014557  0.77071803613215706  0.78122832904354822  0.79192548383500527
  0.80280910848436993  0.81340089821614914  0.82382822698666291  0.83425624210114457
  0.84500423826804549  0.85574587429405347  0.86612302245682304  0.87635435674110018
  0.88632275257291271  0.89635375073882717  0.90664425343622701  0.91712893067553791
  0.92765050226005852  0.93807724312157637  0.94819674588240510  0.95842012179739122
  0.96851399422319373  0.97898180325758555  0.98937037015771256  1.00000000000000000
 -0.00232732310661958  0.00908052649306509  0.01913761765511553  0.02955746504672360
  0.04019070367075479  0.05065206869658921  0.06113234889921293  0.07192168380373486
  0.08268769378030895  0.09320130642710769  0.10361968306920842  0.11400572266168693
  0.12464125088730454  0.13488239714508812  0.14543403811033948  0.15597787726868120
  0.16657340535567214  0.17676822525278871  0.18691198692704974  0.19730794988182632
  0.20761210822219053  0.21802079208542774  0.22844728516958993  0.23913289360888138
  0.24996287322390992  0.26060443332276784  0.27133955803970572  0.28211994093969639
  0.29287558601756147  0.30352289152652440  0.31376480843154847  0.32439670766187317
  0.33497779007515111  0.34590249048499644  0.35667679978565131  0.36721508726194291
  0.37764067205506430  0.38791210358293277  0.39818189759004630  0.40869821920624955
  0.41916589600148491  0.43025584010887541  0.44109670397330814  0.45253432286446671
  0.46356588844459040  0.47454500258374155  0.48532114577623187  0.49594788613814961
  0.50601409497883454  0.51588852289787257  0.52582610913533900  0.53617822034414298
  0.54661681051331001  0.55723090913286732  0.56790420420552823  0.57828572746797646
  0.58870862329637796  0.59937902361192752  0.61024651520741990  0.62088609586674459
  0.63114227945104651  0.64143912826906246  0.65183612154648529  0.66232986488243573
  0.67305281782698523  0.68384178032331644  0.69444933189438895  0.70508339443506696
  0.71534494390377290  0.72567195273854745  0.73605334243868903  0.74643308084989579
  0.75701233306776372  0.76763246002229091  0.77845808909258152  0.78958849637461792
  0.80019509446964210  0.81081526421637251  0.82102167012625649  0.83144682798396186
  0.84217349176317347  0.85255641423603379  0.86309760028366278  0.87349785945942326
  0.88416314574518207  0.89481140884568611  0.90553469406981257  0.91647205973272672
  0.92682089993525141  0.93694716468253547  0.94722490931067149  0.95777556262194485
  0.96851784064894708  0.97908415953957351  0.98972312472014068  1.00000000000000000
 -0.00271754872645908  0.00990565490335561  0.02069117624778960  0.03138561197069607
  0.04204486895754056  0.05281249494227448  0.06366141225423977  0.07412272040107995
  0.08454080966748530  0.09539376772024899  0.10629977027035457  0.11690473051882033
  0.12719766334104482  0.13792117051166669  0.14889280588711698  0.15956930627775220
  0.17026591051055931  0.18088404931807300  0.19145832885526687  0.20185241064867618
  0.21258559193245224  0.22339511476528931  0.23421337830893624  0.24489766306376240
  0.25548746862542576  0.26613197397900001  0.27647310869801395  0.28680563249919167
  0.29715662368647183  0.30728434255159126  0.31721292796908956  0.32702486424719779
  0.33710859368207596  0.34743258714867864  0.35771392147077746  0.36819655978638094
  0.37880792527015333  0.38959273142780593  0.40029896369565743  0.41099959972649008
  0.42180413555080387  0.43265615685140774  0.44323088700182928  0.45346887816731196
  0.46360026655200332  0.47382664726870066  0.48418276731878979  0.49450733367324184
  0.50504640083667807  0.51579450896353018  0.52654971352642332  0.53735703575419980
  0.54799337965726669  0.55860619036302328  0.56926820020317459  0.57975299615340903
  0.59008142688057130  0.60023245359714861  0.61069927055726025  0.62144622700970031
  0.63198601774701746  0.64234017880838623  0.65261392405342566  0.66307534295436787
  0.67352670780712576  0.68383244764568063  0.69419631663712111  0.70470776350775122
  0.71520354101681316  0.72572515359747714  0.73633919603962961  0.74714423825449461
  0.75814398979546505  0.76898792876833766  0.77975648480394977  0.79038432837587946
  0.80100328514566344  0.81155609445354893  0.82192718620031224  0.83227032449882254
  0.84266482199843629  0.85312062543925227  0.86369178239116495  0.87422729950201672
  0.88474775681076501  0.89517965187021509  0.90553122680773790  0.91578780415914118
  0.92607182345657180  0.93639611555660018  0.94690171426353131  0.95777253848668598
  0.96835410174569814  0.97926082968980555  0.98957354158749689  1.00000000000000000
 -0.00250761520303209  0.00950571652418917  0.01996665397198781  0.03048967302367373
  0.04109956407786925  0.05153653679111955  0.06200863812505684  0.07220812936686716
  0.08239401094045562  0.09293243060648201  0.10367776126323623  0.11466860315432723
  0.12519418755826328  0.13553512657320360  0.14591097222020044  0.15668262069361003
  0.16739306113945940  0.17765616887665339  0.18824490190037316  0.19881344657332051
  0.20988143523949726  0.22076754755832750  0.23158648337576815  0.24197003183290647
  0.25210770722330733  0.26240401174748362  0.27325579047472964  0.28422661882792155
  0.29521808991102538  0.30609887479545106  0.31713958150582383  0.32818688778890526
  0.33938800570563921  0.35046894060591482  0.36143972056879459  0.37227836195301106
  0.38290929724903294  0.39363796350811980  0.40427184655170384  0.41474697899254609
  0.42497874022524934  0.43508632209383186  0.44541159018671617  0.45602066660468604
  0.46701660998231931  0.47794353959928565  0.48839425362070160  0.49876743277560365
  0.50898604325942920  0.51949305303675630  0.52981625521151299  0.54014086185334942
  0.55042265509056798  0.56058740076298397  0.57090831975054124  0.58129234760287329
  0.59183002064085666  0.60236861490588911  0.61294125758749163  0.62345732246959307
  0.63397983051274409  0.64472743117700482  0.65507804034989214  0.66560935604140303
  0.67571199272467508  0.68622884667473238  0.69661022818099527  0.70697362740398773
  0.71763741585003626  0.72831290460778098  0.73888767140675149  0.74914679938866402
  0.75939433254180499  0.76946355762365304  0.77994508500432014  0.79052768009314300
  0.80146254166299813  0.81201041254428041  0.82254739408581967  0.83292675695692986
  0.84341923870476998  0.85401400324454169  0.86418128531667215  0.87414202603731139
  0.88422110700221501  0.89476567202655499  0.90529072305126357  0.91573814524447461
  0.92609578040124529  0.93658670591557058  0.94680303377729269  0.95742113072957502
  0.96825032642616360  0.97887659054265030  0.98941735456753810  1.00000000000000000
  0.09161385952802609  0.24371028545040846  0.27360617022533329  0.29070507407004637
  0.30411649833223542  0.31590709037655718  0.32700205173323815  0.33753885165066222
  0.34747167948964958  0.35698390111498862  0.36615514698753748  0.37488900460604135
  0.38320502445055238  0.39119808897328012  0.39906100214218659  0.40673508244962370
  0.41427573234507670  0.42163400996925005  0.42892915845899288  0.43612261654722562
  0.44305831293044051  0.44971673991097783  0.45641299008564945  0.46315790519747468
  0.46998886877636953  0.47674888153646033  0.48354224499918830  0.49030067483103484
  0.49683296457139353  0.50337184275157654  0.50988744868394242  0.51637277937258419
  0.52276337850073706  0.52893716640679389  0.53517640782768194  0.54138304853969865
  0.54742718929156742  0.55347146333872532  0.55952338241864086  0.56554723115736205
  0.57149769246564919  0.57725316414427641  0.58292712036700189  0.58854471727209556
  0.59414868032728807  0.59984339361260086  0.60555761794864948  0.61141434653819782
  0.61727856980131823  0.62305423974626539  0.62875083340806914  0.63441553752292046
  0.64023649444587039  0.64604431864855583  0.65190174654101063  0.65766199480910725
  0.66341687253690584  0.66917342853298811  0.67491188432250682  0.68062243743216988
  0.68629172769244495  0.69191831266424531  0.69755294053038208  0.70322467125560850
  0.70890219063307447  0.71468538998644082  0.72052750531714660  0.72645110037572236
  0.73247661647927775  0.73857778528385143  0.74476685092352635  0.75100637061771014
  0.75729860631748935  0.76365090091392052  0.77011482036183498  0.77682154550130866
  0.78367705797868248  0.79041185716234530  0.79714354862280823  0.80390149089366891
  0.81090874908513477  0.81819527561474625  0.82579104517592450  0.83358042112666353
  0.84156745264428745  0.84962339707787160  0.85795458185116769  0.86665295147617827
  0.87571857076634774  0.88546731308675886  0.89597000531311832  0.90756854906831130
  0.92084674306084380  0.93703414914674399  0.95962973257117767  1.00000000000000000
 -0.02561549872259220  0.12206154796370375  0.15833713025438709  0.18007690917029287
  0.19715207710967189  0.21158280556021081  0.22439534641329542  0.23594938440948005
  0.24678989007334193  0.25674926401560921  0.26634119163293613  0.27515989177137995
  0.28374169375669644  0.29191273939561230  0.29987618756204865  0.30758008814914850
  0.31497346828717032  0.32210281694616633  0.32907335292975554  0.33597476514984592
  0.34263714527553835  0.34913707025562069  0.35553648264555271  0.36183548511543773
  0.36802258281032973  0.37409758058083664  0.38008524065732685  0.38607343409379136
  0.39206834575836952  0.39797625111986773  0.40375394839518386  0.40942562590044213
  0.41503254594251887  0.42075432336969071  0.42639817193887375  0.43203819962942636
  0.43756903022608834  0.44294143804967340  0.44822475166487741  0.45352855609733078
  0.45893168724637623  0.46443475247927130  0.46996398442399551  0.47538542376450377
  0.48063133203847636  0.48577163933384404  0.49083726658588178  0.49590532313603397
  0.50112167648468986  0.50638556148914671  0.51189282461153007  0.51737767935392331
  0.52293154809315689  0.52843872472488762  0.53385337186790172  0.53920924542686199
  0.54459920575907039  0.55003835197537021  0.55553233016726922  0.56107036724634451
  0.56662038423850003  0.57219127449922258  0.57779532017028257  0.58344635944490497
  0.58918593798620933  0.59493722825021866  0.60072886094468136  0.60654219543781940
  0.61236953238435254  0.61822109927801339  0.62422221815311429  0.63038596944837710
  0.63667077612957368  0.64299337008760460  0.64934128539596536  0.65584213407344460
  0.66246474662199395  0.66923826520127516  0.67622157156882046  0.68330975940005290
  0.69064708091471982  0.69828596265218235  0.70620988242835503  0.71458537294582902
  0.72323301523047379  0.73220177238465056  0.74153298995942662  0.75149517153016754
  0.76236601749049138  0.77387208014246045  0.78653339843790726  0.80068699763327034
  0.81768211100641774  0.83926153960737282  0.87560001271776011  1.00000000000000000
   4.8932800614341586E-005  -1.0000000000000000     
 T F F F T F F F F F F F F F F F F F F F F F F F F F F F F F F F T F F F T F F F F F F F F F F F F F F F F F F F F F F F F F F F T F F F T F F F F F F F F F F F F F F F F F F F F F F F F F F F T F F F T F F F F F F F F F F F F F F F F F F F F F F F F F F F T F F F T F F F F F F F F F F F F F F F F F F F F F F F F F F F T F F F T F F F F F F F F F F F F F F F F F F F F F F F F F F F T F F F T F F F F F F F F F F F F F F F F F F F F F F F F F F F T F F F T F F F F F F F F F F F F F F F F F F F F F F F F F F F F F F F F F F F F F F F F F F F F F F F F F F F F F F F F F F F F F F F F F F F F F F F F F F F F F F F F F F F F F F F F F F F F F F F F F F F F F F F F F F F F F F F F F F F F F F F F F F F F F F F F F F F F F F F F F F F F F F F F F F F F F F F F F F F F F F F F F F F F F F F F F F F F F F F F F F F F F F F F F F F F F F F F F F F F F F F F F F F F F F F F F F F F F F F F F F F F F F F F F F F F F F F F F F F F F F F F F F F F F F F F F F F F F F F F F F F F F F F F F F F F F F F F F F F F F F F F F F F
  <DiscreteSampler_grid>
  grouped_processes
  1 # 1 for a reference and 2 for a running grid.
  10 # Attribute 'min_bin_probing_points' of the grid.
  1 # Attribute 'grid_mode' of the grid. 1=='default',2=='initialization'
  0.0000000000000000 # Attribute 'small_contrib_threshold' of the grid.
  0.5000000000000000 # Attribute 'damping_power' of the grid.
 # binID   n_entries weight   weight_sqr   abs_weight
    10   10   4.977831282141440E+002   1.075882196265825E+006   4.977831282141440E+002
    16   10   4.977831282141440E+002   1.075882196265825E+006   4.977831282141440E+002
  </DiscreteSampler_grid>
