  0.00330298666320213  0.01178246603065226  0.02193341576736822  0.03198476661598162
  0.04140498898688667  0.05093924882626070  0.06077977400167866  0.07069720234676793
  0.08107318797026533  0.09133966836965947  0.10120004117074420  0.11055735124737225
  0.11989165606153956  0.12938245726268247  0.13917213637242654  0.14907751870919331
  0.15970167182567818  0.17014576328344944  0.18148848433515799  0.19243384205088429
  0.20388194728060396  0.21556634265132313  0.22754449309239483  0.23927413199106201
  0.25030895018501431  0.26080207839503433  0.27071366580887035  0.28002329626973538
  0.28976982140523683  0.29965564703277009  0.30984663606104690  0.31997207517249743
  0.33022590340617108  0.34087737514886907  0.35218430081756280  0.36260269328543743
  0.37289699411254162  0.38343434769301632  0.39412581924349405  0.40434141916818028
  0.41494540465671831  0.42624904811298087  0.43785540573444637  0.44863558069001669
  0.45937817126182812  0.46980217953939485  0.47994110479336388  0.48945128977073815
  0.49956037904670347  0.50993068501322059  0.52021559679743878  0.53056333038873671
  0.54095123716737148  0.55205559238989688  0.56315628503218351  0.57386348078964633
  0.58413764236080856  0.59410924790141428  0.60446489233933165  0.61542142037292813
  0.62631167610799532  0.63731566865556710  0.64783081884174942  0.65895373159834147
  0.67034829801539042  0.68195124113962480  0.69352283427129657  0.70479849932686744
  0.71591753588658080  0.72661950574517242  0.73698554080518142  0.74695589991712263
  0.75634159891737840  0.76527630691994175  0.77443240836979743  0.78387922203964588
  0.79366799953921918  0.80361696813851613  0.81368170248900262  0.82436243141971932
  0.83531525965903675  0.84653951295455310  0.85727342509517723  0.86734080322440388
  0.87758368818997012  0.88816442059615208  0.89880652284616047  0.90919461805682478
  0.91915381061389323  0.92923396072528486  0.93966781332811145  0.95054254322933940
  0.96180027342517793  0.97335975196192159  0.98613479587063468  1.00000000000000000
  0.00706889248341049  0.01500868894759456  0.02616917539450632  0.03808776212720534
  0.05013253036191495  0.06209001190146838  0.07354427656344294  0.08493370735681297
  0.09628127265520860  0.10697454066214251  0.11732083938563667  0.12775635645747932
  0.13818409990480929  0.14835148087546748  0.15823296739508733  0.16799933739591547
  0.17762820628056150  0.18744547313988849  0.19752402962272550  0.20821301552292415
  0.21905016535158361  0.22957788280233193  0.24016581400617443  0.25088499608589448
  0.26254136362759622  0.27416361474903578  0.28523230656409759  0.29599395022309855
  0.30630979609964581  0.31611077488703498  0.32602145980254749  0.33594151894155361
  0.34626068892281403  0.35686453655144962  0.36827871052176059  0.37930238030124630
  0.39001610868190167  0.40099919833319481  0.41197128273512296  0.42234544389618844
  0.43249224880397086  0.44225570756129634  0.45219972122611157  0.46265228150236670
  0.47394203870541418  0.48484753765616301  0.49541241455539120  0.50676706687839979
  0.51884079545383843  0.53121091621076755  0.54333617679267820  0.55511858262568958
  0.56619290867477101  0.57674938507195173  0.58713196592845518  0.59702768012958551
  0.60657947915663701  0.61589746760546127  0.62544861911114191  0.63573336257663526
  0.64663853606372457  0.65799162749518669  0.66920942488692980  0.67994437875298208
  0.69019666990953321  0.69991902814750773  0.70966845303893866  0.71951872947816364
  0.72957632664832395  0.73982074707314061  0.75012871426999428  0.76050444968729058
  0.77077505118904055  0.78083277740451540  0.79044275494340155  0.80037687641193656
  0.81130462276542048  0.82288031945973528  0.83416143086446037  0.84414174549317755
  0.85355398422766227  0.86274214438911001  0.87197674165245531  0.88162744018415418
  0.89129715572014356  0.90110749113979238  0.91087265893014790  0.92087975997446692
  0.93086226602306077  0.94042321844834886  0.94969880960185071  0.95933704994793112
  0.96964755734456842  0.98003257941785327  0.99008279881268546  1.00000000000000000
  0.00347676904914431  0.01085146928320806  0.02070126302407854  0.03057897104226785
  0.04063988124834962  0.05021236487871462  0.05982010754803511  0.06978411164230033
  0.08031537650612595  0.09144813596438234  0.10229470467302360  0.11343891530369639
  0.12445007368787407  0.13494752021719614  0.14557057893552292  0.15640430552560242
  0.16722268442212940  0.17786728770793156  0.18790177595808530  0.19788239440618935
  0.20801552453840558  0.21859153720127267  0.22982085869905530  0.24077729324409061
  0.25136423817087333  0.26117905384322293  0.27141253404820120  0.28192714421183795
  0.29219671872200392  0.30185987963478389  0.31165271112556542  0.32167612703691278
  0.33215458564667355  0.34225994150225525  0.35238583845597832  0.36236676131223156
  0.37226188313338276  0.38229366366161438  0.39244471169667139  0.40220198789837941
  0.41213515683763169  0.42165002769443899  0.43166983634908174  0.44156812396422362
  0.45160370268316030  0.46133560348632152  0.47090560426285516  0.48073821506368314
  0.49052105247751981  0.49990445855097193  0.50921093936047290  0.51884477007222163
  0.52890987374840959  0.53876742599020688  0.54869663855607309  0.55889953199591791
  0.56950215869845100  0.58039721540656819  0.59159433419142449  0.60265697527099082
  0.61306919070520072  0.62324836252330285  0.63335309251543337  0.64352718083204774
  0.65340949495552725  0.66321755728089293  0.67321722564339292  0.68330048757131168
  0.69349462414459651  0.70416650671400849  0.71508997550583175  0.72606942655873907
  0.73721314150123252  0.74847150017676378  0.75933466772030223  0.76986687038672341
  0.78054749290679737  0.79167497073746496  0.80327486886758037  0.81526089604017360
  0.82721583382505326  0.83872443493493065  0.84993134216651500  0.86128516741573014
  0.87254320772727634  0.88413751763986348  0.89622809589666086  0.90851421398612642
  0.92069521883708993  0.93242260229486107  0.94388435911597468  0.95491954184640959
  0.96625851291303233  0.97773543179300249  0.98886513203103454  1.00000000000000000
  0.00598342789662376  0.02036508361294129  0.03458150785447341  0.04702697336139485
  0.05875983393531715  0.06965803427676373  0.08024150703772907  0.09072122379406086
  0.10155913697575379  0.11238549736135851  0.12301182844676696  0.13386731580229072
  0.14478893245402227  0.15548297089186527  0.16578400793972289  0.17616492126778710
  0.18689404672140900  0.19812146136194689  0.20960337108791266  0.22057144987911262
  0.23099086839629682  0.24092282093689590  0.25106871280413118  0.26135204098380671
  0.27150358523000867  0.28143914844071100  0.29132521305812092  0.30208123440775164
  0.31338927346465767  0.32468489859749505  0.33582542349926525  0.34654389646603839
  0.35698707684187253  0.36724994959943114  0.37739387430441473  0.38764297905715889
  0.39787961092488816  0.40782122132758125  0.41812987758445186  0.42774144459951802
  0.43772722832613475  0.44733525010218239  0.45746012392287566  0.46757733754998987
  0.47781442871092794  0.48805782032325346  0.49817427384299751  0.50825043956645666
  0.51841685151110828  0.52880642305509085  0.53955369476952386  0.55006181872498927
  0.56080417707399621  0.57113729542124947  0.58143028345195169  0.59114600126991312
  0.60128375308327264  0.61178909919728786  0.62208809751491601  0.63149990589084637
  0.64068391382669543  0.65037800786982958  0.65943991990491868  0.66889185834047005
  0.67876706765288652  0.68969834162337296  0.70044988346419335  0.71097285023944756
  0.72091008406650714  0.73088751562015641  0.74054880059264638  0.75046849291926354
  0.76075013698885285  0.77148632720559329  0.78308337009160967  0.79446116178211112
  0.80480348431810866  0.81488595596842417  0.82474104538261084  0.83433075834319204
  0.84369677118286845  0.85327859465362521  0.86358200720285239  0.87409130816815483
  0.88438787674029617  0.89464689438308065  0.90500326829762412  0.91565605133984729
  0.92635996972455492  0.93690616832209261  0.94734190128640572  0.95777434922262328
  0.96829782246150620  0.97886751253211535  0.98941293068633285  1.00000000000000000
 -0.00008485100492857  0.00075580076597064  0.00179226898579870  0.00333860116590696
  0.00529453037119240  0.00768947790395867  0.01052276283937103  0.01368524518972622
  0.01733953793940159  0.02171376982904491  0.02620398067790520  0.03082395585993675
  0.03611909141441304  0.04171355674976358  0.04749677556432708  0.05367897795678254
  0.06010378271086568  0.06670663505377684  0.07354274615472653  0.08046836835954500
  0.08747795958821709  0.09479433374492588  0.10245573898369612  0.11050368545727805
  0.11905868782360615  0.12781479321130287  0.13638890535135498  0.14476506487750829
  0.15351877003466285  0.16246458974552266  0.17171739371586112  0.18145818612878564
  0.19121736510261614  0.20122830119817303  0.21121458138311658  0.22144821571532941
  0.23190615343350382  0.24264414033791173  0.25351658838303354  0.26441278765044735
  0.27549365872694809  0.28685724217016012  0.29833131255538192  0.31004507686006855
  0.32191447172971766  0.33380124574168929  0.34544837306797893  0.35687827839529340
  0.36823854745177148  0.37958776020689594  0.39076660930491264  0.40169869190185159
  0.41262734207357227  0.42379582456816184  0.43545620394057688  0.44747124145396783
  0.45956454928490781  0.47182763273002604  0.48407473202206625  0.49640266149333651
  0.50903574705880761  0.52181022815875255  0.53455302383950343  0.54731206643309527
  0.55994365702299309  0.57250052438560428  0.58496348924508468  0.59725070547542791
  0.60939076413005089  0.62155573154003030  0.63387154573061510  0.64617614529746459
  0.65890057561791182  0.67146801070057238  0.68394428275427865  0.69659974008040937
  0.70989077806637579  0.72398198089161725  0.73831991802714392  0.75211482776814043
  0.76606523665533488  0.78098281966087990  0.79628056712397655  0.81142426587512517
  0.82674473922642500  0.84238206578074115  0.85833029059551236  0.87447028852655329
  0.89032377952266606  0.90607606214449687  0.92182744872575484  0.93762654673156054
  0.95337577969216014  0.96900929191401608  0.98453758648175116  1.00000000000000000
 -0.00220593666749413  0.01007644513589919  0.02092904613425211  0.03288217495329317
  0.04414563971901053  0.05455664931292932  0.06485142186820260  0.07521566632834109
  0.08527807701226910  0.09486062045211897  0.10463391372027436  0.11550555014922428
  0.12643282162264544  0.13608992357595104  0.14580981794329909  0.15603674189841504
  0.16602286988445861  0.17562501009124704  0.18492187034291946  0.19537118125932326
  0.20628303170254469  0.21666879469634656  0.22779339593942141  0.23851743621527624
  0.24954706504891472  0.26021705749184554  0.27036000007195238  0.28085558316872034
  0.29124414991497122  0.30184214598927794  0.31229969239559585  0.32215055159240980
  0.33212630379634289  0.34227279154768997  0.35226131236092861  0.36267244589905284
  0.37307162574969976  0.38405356157972415  0.39507423683990500  0.40631203856056797
  0.41758573913281344  0.42906831160754461  0.44031670049004168  0.45165052893956598
  0.46206026192906391  0.47195247015411379  0.48196793940171923  0.49252870846669006
  0.50345724329866137  0.51449345260096802  0.52589856469495988  0.53772368094614698
  0.54873837318037655  0.55904432081168620  0.56893805039039747  0.57887378249311772
  0.58936019691788211  0.60032613087924303  0.61175148203551288  0.62308784705316334
  0.63435914120174008  0.64492876753051642  0.65526789655797513  0.66536328721839366
  0.67534611877539463  0.68561262112215426  0.69573771678472685  0.70597799748766232
  0.71631596930860264  0.72662276622924404  0.73713569533251555  0.74746357312352074
  0.75789485274795987  0.76808359635377987  0.77855042356711024  0.78919548727973787
  0.80016952416378562  0.81170512041050502  0.82347361783541162  0.83512859010987051
  0.84637402158218400  0.85753112041119073  0.86879936558281734  0.88015172947383502
  0.89124292536544403  0.90161185687882905  0.91208890381596008  0.92198522786869241
  0.93157737282546793  0.94102836102748399  0.95030827681639840  0.95935114998031923
  0.96862139553610604  0.97834724921692628  0.98920812648019063  1.00000000000000000
 -0.00250035232896447  0.01003120621274159  0.01977389335664992  0.02983960319762758
  0.03980790650644052  0.05048446748353350  0.06123501936499826  0.07231649195310555
  0.08349546428621725  0.09440518665498963  0.10616482034278328  0.11737308306961194
  0.12919128829685383  0.14088660065424322  0.15264325407556442  0.16421663885572529
  0.17577110778357438  0.18704236319800172  0.19788348764733465  0.20863971875751502
  0.21939866109707090  0.23021137493870361  0.24099566171788786  0.25174738320328194
  0.26256765414029309  0.27334737513245211  0.28419471194698093  0.29523484823271812
  0.30655007512824145  0.31753476228221739  0.32759129571288770  0.33759951045325204
  0.34705436824655028  0.35648979494579958  0.36602982046497368  0.37622320335843673
  0.38713724000808247  0.39810860137556137  0.40868888220406890  0.41926325103991841
  0.43020013908024751  0.44145236138852273  0.45263048440361808  0.46349848049813347
  0.47408314053787987  0.48438238764483166  0.49451590918465937  0.50488832791181004
  0.51552708527393587  0.52675358591911881  0.53820788022610955  0.54888962072406910
  0.55954744113885557  0.57013550410433811  0.58067108601186279  0.59044928744005953
  0.60021527248657092  0.61008786980808494  0.62006838671853881  0.63038508574740326
  0.64092943822835802  0.65131538984830550  0.66124132463740082  0.67087195000719246
  0.68099533684563673  0.69128702977655831  0.70181938403996813  0.71220280690625060
  0.72257900502772665  0.73300593856035412  0.74391769067738889  0.75538285188554111
  0.76725494786077542  0.77919367244085780  0.79033055348784542  0.80022766430922077
  0.80972704130941187  0.81931480769719867  0.82908690179437927  0.83890549682905180
  0.84879971519556185  0.85913903633793565  0.86984063991716365  0.88051455460218375
  0.89083754248023495  0.90046807763595271  0.90973545930705146  0.91901039936513507
  0.92839560053806558  0.93807879271395289  0.94813933079822921  0.95839301154756085
  0.96920917717172261  0.97953942937571770  0.98990547641072890  1.00000000000000000
 -0.00232591573175122  0.00949104257438889  0.01907898858346255  0.02992840506512342
  0.04059168890439321  0.05212698019172633  0.06329016005008982  0.07429482400764123
  0.08486529861079281  0.09386635177234195  0.10328972998801765  0.11289362733232017
  0.12237993111360056  0.13183899061556698  0.14123614046333938  0.15110221078536687
  0.16141386807454855  0.17182706444730900  0.18237720334280921  0.19287601341011074
  0.20314100430831883  0.21337102698655841  0.22361366737762103  0.23405595210291222
  0.24412192037444297  0.25458484342165755  0.26503222739259114  0.27599078772636937
  0.28645193725361068  0.29683159205292631  0.30719758251575674  0.31751733688594608
  0.32785974730740364  0.33808559605281985  0.34852114463250644  0.35988964332590306
  0.37157199236850513  0.38332888663980363  0.39455761998066019  0.40508927700066427
  0.41553323194586506  0.42604956272908445  0.43659377737049831  0.44731776272928492
  0.45849103291774568  0.47013599847505327  0.48205660534415562  0.49402418651921964
  0.50586991491966149  0.51751808176000191  0.52857167952079376  0.53917914084275786
  0.54955977403812095  0.55933880086751153  0.56927483465540840  0.57912602834898474
  0.58966183446079634  0.60045233524776731  0.61148802387202095  0.62241235006784812
  0.63279152400626881  0.64322703679827498  0.65331207030517680  0.66335826307834445
  0.67409670453092629  0.68443461931661431  0.69424321583994641  0.70393634858188181
  0.71415545668201041  0.72506902781996485  0.73622700753935533  0.74692075026249272
  0.75784777304387496  0.76918458514199672  0.77979408285436302  0.79032924170721408
  0.79980909058257221  0.80960884557247514  0.81939891320201941  0.82868319994020234
  0.83840058880306023  0.84858681080150233  0.85936968551400195  0.87030371310394017
  0.88109545052887395  0.89169817357516956  0.90247914208050217  0.91326952776313064
  0.92488094280504352  0.93635575936544091  0.94809552480270176  0.95934297464984442
  0.96946962869140985  0.97981059180088415  0.98984514721370975  1.00000000000000000
 -0.00365559739933520  0.01198720041542686  0.02382728832967971  0.03495769703212580
  0.04603688796175685  0.05731374980158359  0.06804218622600319  0.07801343820525547
  0.08786703425718925  0.09802620508285961  0.10881220389984317  0.11980894257768010
  0.13023229275340023  0.14018014147424129  0.15015125955198258  0.16032163004022354
  0.17044962166769520  0.18055314431273270  0.19082559259804197  0.20095781450024738
  0.21056261943992413  0.21997281837119634  0.23014485710076579  0.24124832636766594
  0.25256955565777484  0.26368129315203159  0.27471665098474612  0.28603195453907765
  0.29730517704142423  0.30878585405279685  0.32013138932450158  0.33099707340073126
  0.34128623826906074  0.35134508957923916  0.36174982203737044  0.37255804759883970
  0.38405416719871299  0.39603834001170851  0.40815856581970766  0.41991805599640430
  0.43097817459103366  0.44217073604247231  0.45355736600356833  0.46435015516203648
  0.47412667634490685  0.48398917868934743  0.49374500947389655  0.50378770942137940
  0.51394598800733104  0.52461090121433573  0.53555038290783630  0.54643010113901991
  0.55748914684958484  0.56874668074774726  0.57977595894994394  0.59008572208446564
  0.59995258904405868  0.60997554956813826  0.62018352626340789  0.63058345439423669
  0.64096477174697286  0.65132234321801874  0.66161778283480555  0.67178941021173388
  0.68197098600868955  0.69222820444659294  0.70246575992566895  0.71254473739501423
  0.72255717234201344  0.73269972432814656  0.74307102340218212  0.75361700744256910
  0.76458367867440380  0.77558070998611828  0.78618079098643856  0.79641978767532229
  0.80643486219936811  0.81645052872571455  0.82653546004351564  0.83645878916893102
  0.84634673284451079  0.85604471012809613  0.86528239497482085  0.87472930639932611
  0.88471480684487347  0.89471107806701156  0.90466974134401568  0.91484833363307727
  0.92576360132501179  0.93704804735306246  0.94766108247196601  0.95807477395457019
  0.96838401223660120  0.97886482583732970  0.98933618632472509  1.00000000000000000
 -0.00272865733845702  0.00986303184722050  0.02087454464398378  0.03220987424323042
  0.04353400344203233  0.05494764023375661  0.06620177811378401  0.07760208871242368
  0.08878482240103029  0.09926402629630571  0.10950716440260098  0.11981700615427160
  0.13069561021540660  0.14169430738156288  0.15226658178635824  0.16266389741932819
  0.17278134382375152  0.18254358810075819  0.19195684114184094  0.20154445166675669
  0.21164931616147661  0.22215601352892231  0.23203233242917459  0.24148338296323490
  0.25105548640142400  0.26111394850461606  0.27147345654285993  0.28137199024630860
  0.29151519913426305  0.30207758412994051  0.31280830941281995  0.32332302569162030
  0.33350122297168283  0.34359365072057019  0.35372750237777745  0.36449147392178433
  0.37557860235646395  0.38664527602621801  0.39776182195828191  0.40859078621896672
  0.41928866398564779  0.42976029892612294  0.44041049863319931  0.45148946220861430
  0.46253084084044077  0.47374457940091486  0.48461402784860302  0.49516259218312136
  0.50591850578482356  0.51695576418830091  0.52791207437382981  0.53810651769176487
  0.54857066530999865  0.55909723632165653  0.56967818373195422  0.58035217105775350
  0.59154808047643426  0.60331874363711524  0.61405389182231052  0.62511931472798699
  0.63604502860116219  0.64694154849010810  0.65727586482106115  0.66758042770175030
  0.67865097862482093  0.68968950103286863  0.69988777713790340  0.70998701656080176
  0.72018310606761105  0.73110910461606449  0.74201047311363022  0.75261928079914908
  0.76439046702283531  0.77512833183548491  0.78577787259377097  0.79642906197668073
  0.80750808653628281  0.81777889018239414  0.82731691529290263  0.83670583822420952
  0.84602206082774889  0.85560276110548861  0.86521992215091903  0.87541547629297212
  0.88556900381008730  0.89572092571392592  0.90566929468095514  0.91554645745256069
  0.92553357065212982  0.93578695147943947  0.94618039919230301  0.95657156058592518
  0.96714060338267616  0.97814646462561827  0.98912887366044688  1.00000000000000000
 -0.00237613963602831  0.00942741939411476  0.01958469437476424  0.02950365611567267
  0.03954899920546462  0.04974117313945752  0.05966730892895415  0.07005617718842488
  0.08023079319880549  0.09061700195252591  0.10083447668186005  0.11160895545688553
  0.12294510151719579  0.13366958901792400  0.14430541076183634  0.15560378762718619
  0.16740419540499341  0.17860427109171653  0.18909574834516737  0.19882625334526538
  0.20887331856285304  0.21918400574583541  0.22959850697439321  0.24006574121275806
  0.25068441899959559  0.26123383357185603  0.27155328240213511  0.28174145110585175
  0.29216971891382498  0.30232098609271135  0.31242062302288232  0.32298459154958531
  0.33389949993660706  0.34497029706752297  0.35633705881398725  0.36763812520327976
  0.37878637726804748  0.38975689976867051  0.40084438244469095  0.41193940349971370
  0.42298766127815746  0.43371826139569752  0.44422093740747104  0.45446560936668534
  0.46437400151928382  0.47401426310356548  0.48335787629157689  0.49372908112523445
  0.50460696832188845  0.51566958115756434  0.52672823231494659  0.53745262557561158
  0.54847243490967401  0.55927046625446131  0.56953321839033699  0.57978397159561423
  0.59036509330702669  0.60132892681926953  0.61284920257880038  0.62322557479348240
  0.63370201513194624  0.64413278838890176  0.65481434727636600  0.66603115190962647
  0.67724137489600533  0.68841486026919241  0.69948067032636019  0.70997049523936318
  0.72002032834473473  0.73022172407054042  0.74077569549581634  0.75158457642368137
  0.76248986061111468  0.77352732180239192  0.78508060882905129  0.79658711537535976
  0.80801793797466703  0.81930866801745983  0.83041589695231821  0.84113722623634812
  0.85153051125732371  0.86210933457920746  0.87292251022780054  0.88342367312607362
  0.89367637125412902  0.90387851670801078  0.91388953670914641  0.92320854985684608
  0.93184682055874812  0.94042080278978213  0.94953723883608110  0.95932395048069452
  0.96924295797994542  0.97927509524020617  0.98950913593162471  1.00000000000000000
 -0.00235382023755917  0.01052575023715091  0.02114206174907056  0.03099224831845775
  0.04103623028020131  0.05091440006099378  0.06124316948598728  0.07119174089526023
  0.08160831127345200  0.09265091902083698  0.10406674903275608  0.11539195620240275
  0.12635722884857048  0.13809898734189360  0.14916778087505814  0.15972505062663450
  0.16935535060782447  0.17937802773802974  0.18957860607616828  0.20010334032954191
  0.21074414101605360  0.22135151363541450  0.23203419199006675  0.24275790270719891
  0.25350118987882864  0.26413018753862338  0.27458610077741985  0.28495121382863531
  0.29543085480154724  0.30559244011654552  0.31602560785272177  0.32681905377123638
  0.33752626836375416  0.34813066692943567  0.35831058450404052  0.36902613907553738
  0.37997124822716244  0.39101215480008439  0.40189214953331476  0.41283284535618803
  0.42428235298374806  0.43569025975820763  0.44630704171813312  0.45662009180625801
  0.46660576268166637  0.47668404719248242  0.48653872325906328  0.49640647537502453
  0.50656122822569849  0.51670920243364260  0.52724318141979043  0.53776580654772888
  0.54875315140177872  0.55961181462887899  0.57039487525230981  0.58089304078807280
  0.59108460221870662  0.60147282594451013  0.61217315121204852  0.62330385230885954
  0.63376824993596470  0.64460202177875270  0.65462741420401616  0.66436526913070160
  0.67400914388948296  0.68378716261409833  0.69411760926919430  0.70446327457022673
  0.71512708557846316  0.72602804683654421  0.73680189921989858  0.74768133034297479
  0.75832562279998927  0.76906262241577861  0.78005275431897159  0.79115385087995715
  0.80197155423060129  0.81321709315572344  0.82448583928811081  0.83609190502799635
  0.84717062109373442  0.85819123674643594  0.86908243645883743  0.87992018890265522
  0.89103211170157370  0.90145792763990884  0.91134782742857001  0.92087434454833328
  0.93024524831362843  0.93942532078061758  0.94901041464646985  0.95852158323647296
  0.96857966606779589  0.97880178609405777  0.98915016155479218  1.00000000000000000
 -0.00206272585178696  0.00772223235379498  0.01626066091438393  0.02561972086965636
  0.03513446937414042  0.04473542685243308  0.05394494864834147  0.06293516262707900
  0.07214256917091240  0.08166342766310537  0.09159524676657897  0.10176146835393035
  0.11162187061052800  0.12119311139776696  0.13049234339232971  0.13990487045646849
  0.14933616575567057  0.15902041362750660  0.16888875274993193  0.17870670279622203
  0.18820467066959939  0.19794338602296313  0.20787480171954575  0.21785483057311861
  0.22794336995750542  0.23777378613928185  0.24818384783619099  0.25860079658844271
  0.26925968900545205  0.27982771277615182  0.28994010544866716  0.30042496020150589
  0.31168365237783868  0.32294499798498549  0.33461549911491018  0.34667198204917027
  0.35897627073283656  0.37069755831704582  0.38216016291601501  0.39370410872472600
  0.40508801985935283  0.41636084084300046  0.42718967928226509  0.43829568482562964
  0.44913243068833070  0.45999189102600946  0.47096741291376498  0.48234026832317251
  0.49401213017971274  0.50596306943900915  0.51818313429388951  0.53049685745348307
  0.54236443412081803  0.55361457470372788  0.56467221044430260  0.57612987904471202
  0.58808852051702853  0.60037128026947095  0.61282585630055320  0.62533075387764181
  0.63785023164741739  0.64965872778101763  0.66063085286798562  0.67132907274374998
  0.68196880520729430  0.69247857823839443  0.70254202491143936  0.71257235268312014
  0.72267121031939241  0.73316702076794116  0.74397349117526679  0.75483449605480168
  0.76572540405028255  0.77629474191034198  0.78688481066091476  0.79706827705005379
  0.80710606628014059  0.81703616123157152  0.82684962091184644  0.83617856142047819
  0.84511141623073571  0.85432025516848820  0.86432679146730296  0.87513661463457826
  0.88614456595690716  0.89710999069901209  0.90818642723353460  0.91908815671809097
  0.92944576190392225  0.93958519572130150  0.94978129391122545  0.96040241890799150
  0.97086264506523934  0.98076171204655194  0.99051997298639161  1.00000000000000000
 -0.00258634384253449  0.01060104215020866  0.02161586571308665  0.03228338048501856
  0.04306938699489192  0.05296018891739870  0.06329836484533076  0.07363284949100157
  0.08430543753894749  0.09451677514358718  0.10440498466202654  0.11501215602682538
  0.12520813975846815  0.13421819576362684  0.14313757026820484  0.15234949289488722
  0.16152320053033978  0.17094254647911353  0.18079361721950060  0.19114253318809388
  0.20217897438196619  0.21388248272955149  0.22617386509687670  0.23854218217909345
  0.25054243341895854  0.26268926582492924  0.27453632022005364  0.28585140973636652
  0.29707962285607453  0.30820870137966061  0.31858673356071404  0.32870202276705246
  0.33943367344824527  0.35050897678661175  0.36110046004876928  0.37131447926939065
  0.38191810416718119  0.39278070667622506  0.40388653712368461  0.41441046459845193
  0.42424231609455648  0.43375861137298388  0.44341900003597740  0.45353487723395886
  0.46380069281296055  0.47459230263715868  0.48603009661705010  0.49820817378093768
  0.50999723186075319  0.52154262894889514  0.53259671097885408  0.54300081966008429
  0.55306999658760014  0.56321223901665485  0.57330780763662814  0.58361831335678060
  0.59400271034768848  0.60455120311811261  0.61501765838956157  0.62546122113383895
  0.63575092961869750  0.64584555261674059  0.65586109331056741  0.66584214233892969
  0.67600841836621350  0.68664225932203282  0.69778414983231318  0.70908853004128192
  0.72028381645708972  0.73154686658370471  0.74249252338977700  0.75301781358427122
  0.76324182380837147  0.77341468232769450  0.78385886961895823  0.79450890219100156
  0.80491421299071075  0.81501862727386654  0.82515750241583119  0.83577108200180550
  0.84681539767401659  0.85764894877271791  0.86799801134407750  0.87802120409015016
  0.88825840197850736  0.89848334026836785  0.90848252725876444  0.91826620671150538
  0.92818118394798022  0.93828273856187183  0.94865661760612230  0.95935067089342196
  0.96990475804884069  0.98001776035824972  0.98999651229602448  1.00000000000000000
  0.03865948865107391  0.21218311742979465  0.24752613819086644  0.26291519150737719
  0.27380222452005243  0.28302132553547898  0.29210100140529321  0.30108004098914271
  0.30965782365906924  0.31754359141678629  0.32510764291820771  0.33243162334591736
  0.33946281977417025  0.34632282888401728  0.35294807117793620  0.35930575691620653
  0.36543167685322636  0.37167308555637540  0.37784505573079191  0.38395261559416932
  0.39021628013288223  0.39613323132819162  0.40208456681173527  0.40770118825891871
  0.41342462229257249  0.41919441861182627  0.42489606801446755  0.43068672311782769
  0.43665252154390860  0.44265752588757795  0.44865842607457490  0.45455112919146490
  0.46024709515736267  0.46587403377281922  0.47157081052390765  0.47753052058632350
  0.48395255234328755  0.49039531581310730  0.49639749302477754  0.50215282427774988
  0.50776225006830111  0.51361001878909418  0.51967171659809597  0.52594371156461728
  0.53245659362193787  0.53865907697174642  0.54491918799557526  0.55111573220545440
  0.55763864032885990  0.56394121844015754  0.57040645295499137  0.57693922936720132
  0.58368426697581510  0.59022151345979379  0.59684523009711110  0.60328141566884774
  0.60949808488146229  0.61574002648189297  0.62204074033024392  0.62832358553616374
  0.63456247101986241  0.64073719654855510  0.64700826671045575  0.65343590825079900
  0.65984250065437244  0.66635613237477420  0.67309408646227309  0.68007412860048944
  0.68704379968953877  0.69418689836122072  0.70131242592730814  0.70845016287263674
  0.71559907218286922  0.72278881328149314  0.73034995889195209  0.73833989135678524
  0.74655760727762610  0.75523982623629160  0.76415466891847728  0.77313808661761729
  0.78218366743637147  0.79120626118176385  0.80031308706657411  0.80965945918893945
  0.81907018392233155  0.82866997722074409  0.83919125060706468  0.85031943319720071
  0.86162867661831588  0.87264016881063688  0.88491915626023321  0.89801933037228610
  0.91309527711543204  0.93182526333379934  0.95727882168873912  1.00000000000000000
 -0.02013605161038122  0.13184025044814957  0.18214514690328296  0.21264220621954522
  0.23732662399369359  0.25817302119640395  0.27560866817849727  0.29175294509024946
  0.30655363015025133  0.32057163056961813  0.33383055167570053  0.34634440269653621
  0.35866030693074530  0.37111763516013080  0.38272565768341921  0.39316753581182029
  0.40283374302016689  0.41229419463080952  0.42198444175946337  0.43154871907618308
  0.44078488093811991  0.44967106841068133  0.45827367577607120  0.46661281933356435
  0.47480309811410776  0.48271135092721063  0.49028335673632195  0.49781619298773766
  0.50530607137065808  0.51281702986642674  0.52015165243655692  0.52719168058861243
  0.53404875156806286  0.54098551046300891  0.54795054518747133  0.55523114345914670
  0.56209966719758320  0.56864010195464143  0.57478480727979619  0.58067221250512702
  0.58657519507681366  0.59263715736798350  0.59888730480620489  0.60540803070681404
  0.61170285039624750  0.61781526135630460  0.62376765754213115  0.62965844434067531
  0.63564945356560976  0.64173751391056999  0.64782028140001957  0.65389958619149979
  0.66003485654009131  0.66605619519152082  0.67153478984818016  0.67666793683156623
  0.68177402476186044  0.68689872058603618  0.69167670518807267  0.69650927573269517
  0.70147042438821583  0.70650563705481917  0.71159876900486230  0.71665307300504077
  0.72159054697585767  0.72633368312015933  0.73096282575744331  0.73581877605937029
  0.74071507751558341  0.74568637382899450  0.75095715342007530  0.75659032275219107
  0.76216184198511860  0.76768164445109588  0.77296503456050614  0.77818375484121660
  0.78359461981032452  0.78912354037668908  0.79474298696001089  0.80039055294112826
  0.80601780725187167  0.81178369428816244  0.81783519533034754  0.82412523882167033
  0.83062584301691855  0.83748628548240744  0.84500190003804398  0.85273101086546488
  0.86086825726910465  0.86937396222574048  0.87857137841714217  0.88896485185136043
  0.90122770169262245  0.91696879758042416  0.94097805604611584  1.00000000000000000
   1.5610975069442805E-005  -1.0000000000000000     
 T F F F T F F F F F F F F F F F F F F F F F F F F F F F F F F F T F F F T F F F F F F F F F F F F F F F F F F F F F F F F F F F F F F F F F F F F F F F F F F F F F F F F F F F F F F F F F F F F F F F F F F F F F F F F F F F F F F F F F F F F F F F F F F F F F F F F F F F F F F F F F F F F F F F F F F F F F F F F F F F F F F F F F F F F F F F F F F F F F F F F F F F F F F F F F F F T F F F T F F F F F F F F F F F F F F F F F F F F F F F F F F F T F F F T F F F F F F F F F F F F F F F F F F F F F F F F F F F T F F F T F F F F F F F F F F F F F F F F F F F F F F F F F F F T F F F T F F F F F F F F F F F F F F F F F F F F F F F F F F F F F F F F F F F F F F F F F F F F F F F F F F F F F F F F F F F F F F F F F F F F F F F F F F F F F F F F F F F F F F F F F F F F F F F F F F F F F F F F F F F F F F F F F F F F F F F F F F F F F F F F F F F F F F F F F F F F F F F F F F F F F F F F F F F T F F F T F F F F F F F F F F F F F F F F F F F F F F F F F F F T F F F T F F F F F F F F F F F F F F F F F F F F F F F F F F F
  <DiscreteSampler_grid>
  grouped_processes
  1 # 1 for a reference and 2 for a running grid.
  10 # Attribute 'min_bin_probing_points' of the grid.
  1 # Attribute 'grid_mode' of the grid. 1=='default',2=='initialization'
  0.0000000000000000 # Attribute 'small_contrib_threshold' of the grid.
  0.5000000000000000 # Attribute 'damping_power' of the grid.
 # binID   n_entries weight   weight_sqr   abs_weight
    16   10   1.975380906293895E+002   1.522754582297074E+005   1.975380906293895E+002
    17   10   1.975380906293900E+002   1.522754582297083E+005   1.975380906293900E+002
    19   10   1.975380906293895E+002   1.522754582297074E+005   1.975380906293895E+002
    20   10   1.975380906293900E+002   1.522754582297083E+005   1.975380906293900E+002
    22   10   1.968605245845702E+002   1.511696864684699E+005   1.968605245845702E+002
    23   10   1.968605245845708E+002   1.511696864684707E+005   1.968605245845708E+002
  </DiscreteSampler_grid>
