  0.00305085497119292  0.01202030629376320  0.02230975000537223  0.03289227134880421
  0.04343674756570706  0.05410834435463052  0.06491414632764482  0.07576953137220845
  0.08652711015092976  0.09711585246347133  0.10779271982058210  0.11856752026004996
  0.12937831830762422  0.14004329556466141  0.15041641228569416  0.16031392171256806
  0.17020284767858992  0.18007040622902237  0.19017985760456774  0.20017220985004125
  0.21081881720252232  0.22241472650649471  0.23407800767089385  0.24537271160533092
  0.25642380171396290  0.26720899730561332  0.27763754726976869  0.28765460224829142
  0.29746603336902477  0.30769720856123106  0.31832424880365756  0.32891683726407811
  0.33929580405690568  0.34970011375274740  0.36046512922152990  0.37150801851543397
  0.38226948686056417  0.39272590582647554  0.40299524683331867  0.41352796472854647
  0.42432172149758990  0.43522729482894396  0.44574611746106663  0.45621866111483850
  0.46680759529586879  0.47754826589971960  0.48805941105462874  0.49843749601652909
  0.50847564138871859  0.51830422836514545  0.52802933670799035  0.53778793885151788
  0.54734905869604578  0.55635093459121021  0.56571719155975220  0.57567834739377288
  0.58626733477882154  0.59637306348940144  0.60676464217357517  0.61811747089618296
  0.62896158591911944  0.63945346030313832  0.64974229538420991  0.66036600581166938
  0.67140326119578297  0.68249810045529657  0.69356147115653033  0.70463919369184147
  0.71542669734116981  0.72585173638535261  0.73618478253318320  0.74649359627601597
  0.75684626826578316  0.76687995550843235  0.77720679823722671  0.78741118859988957
  0.79725948277778569  0.80667276707265401  0.81662611016298925  0.82653846302831413
  0.83666378389777563  0.84662483513690634  0.85697503421478805  0.86684592031372198
  0.87693985520477602  0.88712831421734262  0.89754540294162211  0.90788238099333018
  0.91825217360372835  0.92883250755644575  0.93918930025597891  0.94977625404383270
  0.96026385036982331  0.97176729842357512  0.98466929296007610  1.00000000000000000
  0.00651123388807791  0.01687904834427248  0.02964453485535804  0.04175353135820092
  0.05333024886725230  0.06437236335607051  0.07461979863271825  0.08479354538351719
  0.09465745522561778  0.10471390267802043  0.11464916400319930  0.12501844417195748
  0.13554919255601086  0.14576945287964677  0.15628279201181025  0.16649697948009881
  0.17751992757770196  0.18845493143027478  0.19848179613541589  0.20908977110989624
  0.21975767299100707  0.23064077609062950  0.24119560293370362  0.25176977649875909
  0.26330262318760522  0.27427798148796584  0.28498346527577817  0.29570829621762246
  0.30651779598970835  0.31709201051645525  0.32762170967247040  0.33866837606780914
  0.34971115252818347  0.36036583595552579  0.37070277954725650  0.38129566559846928
  0.39184957463471154  0.40218375241496973  0.41240154548212149  0.42262567288429737
  0.43305151215615434  0.44355910922568609  0.45421123417204812  0.46473038688727386
  0.47487234503857134  0.48552025325617720  0.49645686307436282  0.50681278745729774
  0.51676127964868823  0.52652466129552578  0.53627467248367255  0.54619040185869916
  0.55592471939012089  0.56591838091506352  0.57605044862062038  0.58668425412238689
  0.59706226199579993  0.60743688979035104  0.61755232390156634  0.62795817435007029
  0.63858722657314704  0.64948784171920915  0.66013184987691786  0.67053753643695935
  0.68075245360544878  0.69144365148733633  0.70203872309211923  0.71265625129240451
  0.72331042042347127  0.73399947101824281  0.74459143588398868  0.75537243174389046
  0.76641674340707988  0.77746250348315971  0.78799979498792982  0.79826472940247462
  0.80844471352410385  0.81881765913262050  0.82960771339932371  0.84036608233567700
  0.85104878127027239  0.86145109586784596  0.87208853530038155  0.88255348427311686
  0.89303745907511722  0.90317617935744721  0.91314548330462830  0.92278212111081481
  0.93215813404833636  0.94137891515886563  0.95081241200194255  0.96037801980382032
  0.97015832252534451  0.97984551555285804  0.98967093879251122  1.00000000000000000
  0.00320755107684640  0.01204274255791339  0.02248221230426628  0.03217606136005960
  0.04193804262360962  0.05126322972497213  0.06110058742235264  0.07094264270095607
  0.08080307079237446  0.09103176412144040  0.10117486899571554  0.11131117605370430
  0.12173031933718906  0.13232768634185402  0.14368041488553435  0.15439910304774529
  0.16521960047381723  0.17602708799872233  0.18706969008460614  0.19801708803792858
  0.20899372365539193  0.22009030045341060  0.23148185210275624  0.24309484009817786
  0.25409505458987619  0.26440942180956023  0.27471806083680539  0.28502623036488389
  0.29528019981633186  0.30544482712804399  0.31566756672858748  0.32591795527953732
  0.33587309834619833  0.34574735297419434  0.35568844350891460  0.36539209866238631
  0.37558813030826727  0.38618618175709274  0.39673423737974484  0.40692201295797181
  0.41714027862825526  0.42790154034445926  0.43850521069489778  0.44877391671004024
  0.45876831647492283  0.46872610497013328  0.47899189440112799  0.48945160345510397
  0.49993942599400415  0.51042521498126392  0.52096514463275378  0.53164162820568739
  0.54204506330799462  0.55197387005265397  0.56174367020611693  0.57131982830616779
  0.58100144043576918  0.59087709787882259  0.60077491323737242  0.61103658254307314
  0.62163104899147648  0.63223029169735723  0.64278189819979370  0.65257016640896204
  0.66302975126781138  0.67303704517387075  0.68348840040844194  0.69381817360965015
  0.70425654036156127  0.71465098285799789  0.72507930248172658  0.73556609768757508
  0.74552438226606521  0.75570832655733866  0.76597414883995596  0.77614892047031181
  0.78631098627297236  0.79703932338370354  0.80829368548650726  0.81959908122125746
  0.83067719947811669  0.84162701911779825  0.85252832042180138  0.86342978326250064
  0.87399825168381751  0.88458559589069041  0.89533374072086946  0.90647008877171853
  0.91766117363769684  0.92853300671265315  0.93946681055446268  0.95023856065353463
  0.96093332671665965  0.97228699435972954  0.98507705330355133  1.00000000000000000
  0.00560747164800696  0.02175340379615089  0.03670863698881674  0.04881661057553775
  0.06037841151889312  0.07146997325059595  0.08255394703456062  0.09338389081428287
  0.10395652545425556  0.11429698591263664  0.12438490861717744  0.13476713364203857
  0.14560131739929186  0.15679127232195209  0.16800622623585587  0.17915046904135348
  0.19034887051993424  0.20150690249547681  0.21272473059757430  0.22383345966723023
  0.23486647374237227  0.24566386458941974  0.25625310306948296  0.26675646029441857
  0.27721432761477238  0.28742940179443877  0.29768848655563557  0.30809393092499687
  0.31871984504730161  0.32895163364251118  0.33920252902644954  0.34960640611557259
  0.36036900124489618  0.37130324285797850  0.38195350351309032  0.39272283076456893
  0.40300138939241131  0.41360559723559204  0.42426704198397958  0.43513595252485759
  0.44536414191558410  0.45574800365595741  0.46602472302892656  0.47635745711975525
  0.48633535909723774  0.49647711783151954  0.50644950501044983  0.51642859835612931
  0.52658246135032283  0.53734304095440710  0.54807899669181082  0.55846022458907529
  0.56846459462925369  0.57874263804090509  0.58928853335209652  0.60035988849485422
  0.61133273338675365  0.62278173872727116  0.63393515153226332  0.64496783287374249
  0.65532996423240486  0.66593022754011744  0.67680994925114513  0.68757676074800367
  0.69759286427057943  0.70694721106395464  0.71614117629710705  0.72538316786617785
  0.73512709640750873  0.74506723553179466  0.75530945185570653  0.76605919765613650
  0.77595772003380492  0.78586554389957797  0.79536837940130967  0.80502155981546908
  0.81483964455534841  0.82479052450299395  0.83500645455130873  0.84536267194465453
  0.85593889325916894  0.86576701194168626  0.87606583314194009  0.88657728199249219
  0.89753610425937191  0.90869031526702504  0.91915417294777846  0.92949853400798421
  0.93930766622240680  0.94890164186092696  0.95814567848171894  0.96735371680974180
  0.97582864199266162  0.98465895927429337  0.99137660940004513  1.00000000000000000
 -0.00016839029905456  0.00158351993441751  0.00415296229923139  0.00757782178536609
  0.01170818854438533  0.01644940727222003  0.02162912660448041  0.02718194413890948
  0.03328828298971843  0.03975545418159407  0.04646976261135147  0.05350593566523758
  0.06081484519926804  0.06830732616409697  0.07598788537365997  0.08359167377457746
  0.09140701702498755  0.09971063867097514  0.10835917619165147  0.11707568694859485
  0.12611612255508456  0.13554605243468365  0.14494358995643378  0.15433603366300458
  0.16376502741179419  0.17340355820161601  0.18309480960809693  0.19285548035581290
  0.20266302714797327  0.21252010455573214  0.22250225834635221  0.23279177715160954
  0.24323066373454658  0.25384189651054934  0.26445317619143627  0.27516489045605869
  0.28587268651038700  0.29646316863221100  0.30751351829488827  0.31842281893160101
  0.32996831260794091  0.34152998268766449  0.35277198450754144  0.36402750291382752
  0.37525496106855605  0.38644822309471510  0.39765797069069886  0.40884524585219456
  0.42020955470692994  0.43179386542051679  0.44344337355200814  0.45522653848648331
  0.46692529964373691  0.47862168658904181  0.49025806980382730  0.50209033417041460
  0.51389306314020022  0.52565960607149276  0.53726732393834442  0.54889505491077084
  0.56065385145901525  0.57252148229432853  0.58448436575529483  0.59659001181545412
  0.60876945552788220  0.62070580217927396  0.63260588943910578  0.64481041576361398
  0.65720423500860115  0.66961628892600156  0.68197099234626646  0.69431214903815419
  0.70668012380210499  0.71907244365482825  0.73152387658132467  0.74408679038738867
  0.75665316851449083  0.76931663559329855  0.78193481471308723  0.79465204767882791
  0.80742280783863152  0.82016225298288070  0.83291967000717049  0.84572347932730285
  0.85843323271486205  0.87084545301482197  0.88319235144628583  0.89556631496485117
  0.90798848658126352  0.92077721463033924  0.93374744634759488  0.94675298632809757
  0.95985047237655108  0.97312526614976236  0.98650426755904430  1.00000000000000000
 -0.00229695382187078  0.00904060171607909  0.01863865098555260  0.02887263163947786
  0.03908529119439665  0.04956893800384674  0.05982698611487290  0.07078942265342571
  0.08154413840464651  0.09216030563107182  0.10258978005140792  0.11360975342168068
  0.12445003915947732  0.13461150565397481  0.14474774077342950  0.15500718490939780
  0.16561150877061029  0.17598294125227448  0.18661855790321427  0.19691889230014487
  0.20686541157723978  0.21675015217760418  0.22707325378756044  0.23735317991947877
  0.24744534907017396  0.25751953913644804  0.26768411738465120  0.27771851239655060
  0.28796130482978938  0.29865799098151596  0.30947000394335866  0.31992675025928097
  0.33020150178641311  0.34081006143614506  0.35161106686068860  0.36214504709500217
  0.37263852546617071  0.38354767026596659  0.39456325440051132  0.40511856317529538
  0.41546458668179570  0.42590438404673320  0.43632837747159431  0.44670873389086058
  0.45697742003656822  0.46718308332637931  0.47731439325516345  0.48762887562708229
  0.49812709685445161  0.50842007965613645  0.51854577154336801  0.52860848705125696
  0.53871165439877966  0.54901017530870111  0.55960001369550272  0.57021714869725326
  0.58081862002028373  0.59120320152210171  0.60154312600567905  0.61191668843156266
  0.62242604002670199  0.63344537528526690  0.64461284718383594  0.65599122698302004
  0.66721443777874123  0.67831674881803350  0.68926437154023568  0.70004128943434951
  0.71041651200570299  0.72061284988981422  0.73091580348113416  0.74147937662003904
  0.75193696695657586  0.76213083789522562  0.77236442615291012  0.78328937798247555
  0.79447776251999092  0.80596853670866220  0.81723782617371932  0.82849094137322321
  0.83990704496230773  0.85215869739938654  0.86332967096503777  0.87481845090203592
  0.88555387922910955  0.89630400520648212  0.90616357186394847  0.91643369650970918
  0.92684569073561629  0.93712305886862546  0.94726423352750011  0.95737740115732672
  0.96800700883389756  0.97863602939988936  0.98934656357347939  1.00000000000000000
 -0.00258075540610059  0.01018001137312320  0.02138410812586218  0.03258950376071012
  0.04382869899001784  0.05533729370702675  0.06649730400686407  0.07701489753512879
  0.08708904070309176  0.09710423892863851  0.10712542300767221  0.11676219365397032
  0.12639753561458256  0.13611335672972585  0.14615202277241016  0.15630483764505049
  0.16651197602372741  0.17698625515497052  0.18760759415625100  0.19804065724544026
  0.20899832726263953  0.21917436574976551  0.22939326439541083  0.23953357645577480
  0.24985406238522498  0.26015910880061083  0.27001564069454920  0.27977839861165915
  0.28979337211898770  0.30012866045601261  0.31090123423917415  0.32155485784164323
  0.33232696302991499  0.34276574959607131  0.35282560324021789  0.36280449614518767
  0.37243734831801345  0.38204843904344105  0.39170960996547727  0.40176968742752600
  0.41197396134739295  0.42228037114598349  0.43281782990432915  0.44364307916500201
  0.45441360749611603  0.46544789907782813  0.47654353566821145  0.48751042534058220
  0.49841044923902200  0.50921365190570167  0.52026369843489484  0.53140429456431171
  0.54294110729766698  0.55451355006852754  0.56584883362769611  0.57708161543449676
  0.58844951218514518  0.60011627960694813  0.61121106829321648  0.62231234155457915
  0.63291368659068747  0.64360121608221910  0.65446806017269488  0.66528262347703537
  0.67560338039016576  0.68585007425849898  0.69650885724332756  0.70708402605675325
  0.71755419415227595  0.72788204438252235  0.73859288377125398  0.74988183224015748
  0.76077744992745866  0.77135259651833954  0.78112690718382183  0.79105247517270616
  0.80114212055317424  0.81155287625644623  0.82239761149932222  0.83320097561932127
  0.84372957649155467  0.85380154971066136  0.86406925087764086  0.87434591076492529
  0.88492966909590531  0.89551120147094476  0.90602380233033408  0.91674441601478007
  0.92734296017807316  0.93778245614492028  0.94783121904875445  0.95828189362914917
  0.96878706234527634  0.97924943912041018  0.98956325939215228  1.00000000000000000
 -0.00256191538048857  0.01023356564885542  0.02081017874950555  0.03133132457725304
  0.04154984676921851  0.05164311312143915  0.06138900443566425  0.07143853249322291
  0.08138600723113559  0.09201934209350142  0.10270048852851349  0.11419242452452330
  0.12566345445069838  0.13626093929781855  0.14672049898689549  0.15696588137261566
  0.16708523143230067  0.17720773033111967  0.18723104440393720  0.19745261663565938
  0.20779293246360167  0.21839296006721415  0.22914225084838113  0.23999479741666796
  0.25065248046816069  0.26120200947592459  0.27170485734096628  0.28224490824062809
  0.29299945775861230  0.30372326117460746  0.31403841234750191  0.32381315788722642
  0.33346490094990300  0.34329637063595603  0.35305291902739561  0.36255934033421100
  0.37183074278790029  0.38165755026694359  0.39209476511911984  0.40266301350925654
  0.41360278485846352  0.42443145413795846  0.43517405583222990  0.44562654837232918
  0.45598676793493048  0.46627785206039984  0.47660483857720293  0.48713532521493941
  0.49781291558301261  0.50836410030002432  0.51897396794881501  0.52955204623690844
  0.54004880821623902  0.55023489440677420  0.56024801741955665  0.57068432920392642
  0.58132282389789691  0.59208217925723461  0.60229753683754872  0.61242321128803245
  0.62280835431110260  0.63367493757299687  0.64481346263408745  0.65596665378434571
  0.66729600745921958  0.67855081320172872  0.68996860187294362  0.70149803029641167
  0.71295989571817076  0.72429760956207057  0.73492539934584189  0.74550028293331494
  0.75608923684970986  0.76720468350397619  0.77799861088017497  0.78858607676582737
  0.79962130644988105  0.81104837119596251  0.82248719068972576  0.83365462009621227
  0.84457060513407434  0.85536582280486773  0.86597009239691658  0.87669942505564602
  0.88746563047285021  0.89823034622814912  0.90891139907763974  0.91940360503923979
  0.92965655500225219  0.93969806307330861  0.94968862017280120  0.95960312468932296
  0.96952273359862462  0.97955332882342472  0.98988907876474219  1.00000000000000000
 -0.00239971155973618  0.00982629790116036  0.01977797462552316  0.03008934437895489
  0.04055388109425397  0.05147155241494488  0.06251371650359833  0.07273317970841564
  0.08295377256595177  0.09319078003410299  0.10368905907132692  0.11460517857834607
  0.12571956474625282  0.13705423289972002  0.14823181398124236  0.15909217327535724
  0.17034723686436715  0.18084091293138269  0.19174880760555987  0.20236162902726004
  0.21313191134768242  0.22400950291559399  0.23520497685828362  0.24609302253553891
  0.25702721528137323  0.26752458699029541  0.27812157969812978  0.28851766854664046
  0.29905503711986098  0.30959202757289650  0.32005518483707945  0.33029150738452751
  0.34042280976237105  0.35056754099628723  0.36074855986676863  0.37114026156275048
  0.38158887965300503  0.39221602990237014  0.40294385891771489  0.41351685434663549
  0.42425586555165562  0.43475917060262959  0.44542115177840175  0.45572191796211653
  0.46603534316953588  0.47630442803549028  0.48662274343009998  0.49713093956580456
  0.50814493611531009  0.51895941135969959  0.52949551105766590  0.53986505223065706
  0.55053251256086755  0.56158671779737546  0.57201624884454183  0.58243114312819178
  0.59264227263258817  0.60301632845948350  0.61326566763227419  0.62334169922622162
  0.63388832316620525  0.64426973289302769  0.65457369778376640  0.66455890616946178
  0.67452624543195761  0.68469093104317147  0.69505206464993530  0.70580838703776549
  0.71634223711449063  0.72647312909755479  0.73658428207516902  0.74698074783513502
  0.75734420766230670  0.76754880599713093  0.77792037048803997  0.78864165411208320
  0.79924996314238339  0.80975793252678019  0.82037565793965950  0.83112355098622481
  0.84138612567301452  0.85128914985276871  0.86127793342214964  0.87138869465903745
  0.88163379827057675  0.89167899220065838  0.90191534457886835  0.91216800976114076
  0.92234206887575021  0.93238087033201023  0.94278866176251497  0.95394772565690955
  0.96516658521549525  0.97651452327072130  0.98811526475162914  1.00000000000000000
 -0.00226803226169256  0.00908378464207425  0.01871527558003578  0.02835809842514773
  0.03801417195411208  0.04812624496848385  0.05847873788311703  0.06843429321972679
  0.07840808257598418  0.08868811097194201  0.09982936895624821  0.11083869996899041
  0.12210849890799440  0.13315197214791261  0.14464435566754785  0.15623604378175834
  0.16782919410663250  0.17881604162646039  0.18948304099720412  0.19943769478449044
  0.20976708083099208  0.22035420576780579  0.23078917392893675  0.24078997193128221
  0.25109119339865521  0.26192063369245766  0.27265015752596961  0.28262728612301291
  0.29252651481813424  0.30252066653261933  0.31266686173574970  0.32266428348306359
  0.33237050065613011  0.34209778072588920  0.35178739279098364  0.36147852377713541
  0.37090703501188443  0.38057608368521900  0.39073362585644844  0.40087484461641426
  0.41101063103954072  0.42117006303033744  0.43140405774379192  0.44142893157474367
  0.45152212826823951  0.46192384683297605  0.47293145212060245  0.48410624612462055
  0.49542126196303460  0.50657138878794927  0.51752081259202187  0.52805138332442392
  0.53855591504216471  0.54960385617128982  0.56079187576893075  0.57190973421518831
  0.58277994014224710  0.59365638801401999  0.60442561881966528  0.61516444083475208
  0.62576472219346169  0.63640647624367819  0.64725436417271498  0.65760648812935529
  0.66778617586838684  0.67802902220996142  0.68854100510497296  0.69953143126827233
  0.71046912574344634  0.72146464163936297  0.73255249219454488  0.74371863513708603
  0.75478834275992501  0.76583622403403850  0.77660015344268629  0.78740203761774630
  0.79871201628038113  0.80993950561395700  0.82133179886382213  0.83208988048344346
  0.84266088368738001  0.85321085717327105  0.86443017189721683  0.87553409375664348
  0.88582938864949401  0.89585726769314866  0.90612972634822897  0.91650235893591903
  0.92685537780113036  0.93684737528425033  0.94673346031685679  0.95682483950241970
  0.96741693974788046  0.97858125574529709  0.98920674192039970  1.00000000000000000
 -0.00215787362599783  0.00868330235704162  0.01901151272462283  0.03001727457294292
  0.04116169990221225  0.05137311114403827  0.06136064468152441  0.07163072064770235
  0.08212174446519654  0.09297740389936818  0.10391801364840544  0.11488397297407869
  0.12542143371069850  0.13589226920832925  0.14654602750508308  0.15730505423229904
  0.16792344149901142  0.17903635225262213  0.18931749382106225  0.19915939803666663
  0.20906437161355354  0.21875548236238793  0.22856214299608038  0.23812794928890796
  0.24768156502252192  0.25795837915117886  0.26896628758002339  0.27994339261065959
  0.29094678952419495  0.30216108603477909  0.31333036523856683  0.32398928551352413
  0.33454813759018648  0.34483447126171229  0.35507765851281059  0.36542433809831792
  0.37613857602124046  0.38781271693891162  0.39915408392246787  0.41029135497714442
  0.42097247687508277  0.43179856404157047  0.44254224497594757  0.45330673786490255
  0.46428986578471965  0.47535646689809391  0.48649444234957756  0.49766607642047878
  0.50884709444950071  0.51977893141852238  0.53043582003625966  0.54091521777322105
  0.55117737485455887  0.56174598590391900  0.57248102018728908  0.58309242668140904
  0.59337999001869757  0.60344508165148647  0.61375054824342323  0.62411786232657251
  0.63498234141138110  0.64611907584645223  0.65707245483117860  0.66766754311128595
  0.67790679156758971  0.68815314458474808  0.69831223157767486  0.70843969943503782
  0.71882880309106978  0.72952892326471541  0.74049600080166600  0.75148143892070940
  0.76207819006511490  0.77247120714400686  0.78270943142879790  0.79289420853852166
  0.80278845457965498  0.81250386095280680  0.82226883850159360  0.83232850176233408
  0.84266477163873477  0.85289867562684563  0.86317051695730163  0.87361337445443232
  0.88410590074944784  0.89429664872605918  0.90434424679026415  0.91463831760465142
  0.92541887028531267  0.93613030011171305  0.94628886283107594  0.95650356349547594
  0.96698807470073789  0.97782564053905929  0.98878950002989219  1.00000000000000000
 -0.00252357800001124  0.00973244690350098  0.02079794742771188  0.03155816169402143
  0.04216565547057520  0.05245159148575188  0.06255044933612873  0.07284287845041269
  0.08347055787397648  0.09440848621820769  0.10497862549988228  0.11498941381891663
  0.12477648852523678  0.13509552537797465  0.14574151946699568  0.15645192338424219
  0.16682854561466481  0.17719407412700053  0.18750211982498238  0.19766787178786338
  0.20777573115542863  0.21798622747702379  0.22805453926258071  0.23828109963894634
  0.24845682910919858  0.25867611530767753  0.26884728204888919  0.27906560221777205
  0.28926383090490343  0.29945540366341611  0.30989897079793738  0.32024282363013479
  0.32998722245870427  0.33945061283405648  0.34923486950312460  0.35920454340830332
  0.36906242291465047  0.37868704018562549  0.38844533838826706  0.39836617829971266
  0.40828448132057038  0.41822847012513420  0.42833974419155335  0.43881717839205836
  0.44956648359714008  0.46038557383803869  0.47118702642833876  0.48197189331020879
  0.49273623845788700  0.50348349350130128  0.51413111012382551  0.52482393539084859
  0.53572582488586640  0.54666777606210915  0.55764680808549516  0.56821722744024217
  0.57882458665747227  0.58950868014935587  0.60010603545694441  0.61054332387824284
  0.62071875423793743  0.63098890020877096  0.64156133052286890  0.65222224689582831
  0.66283595021198161  0.67300323206895096  0.68288189167759306  0.69283939611362710
  0.70325799901862496  0.71400027902710694  0.72481736254776841  0.73562040436120024
  0.74652931434136649  0.75756548755945574  0.76872051188354784  0.78008635401283399
  0.79192382655881632  0.80417161150352445  0.81631752492739984  0.82791277850028488
  0.83877399428178590  0.84945639613156709  0.86011211386989950  0.87111652813743734
  0.88267182678766365  0.89428510751786394  0.90579221880683625  0.91661764216429975
  0.92717695760806806  0.93769996717872328  0.94820783263237951  0.95912209998169018
  0.96994207359263918  0.98011705928573012  0.99020903059887044  1.00000000000000000
 -0.00174473219966938  0.00703859234818170  0.01505988913928682  0.02351127211303039
  0.03251604219344019  0.04153080955832598  0.05043336665771981  0.05919591940077399
  0.06884390388799057  0.07828989762930627  0.08773608242059995  0.09703778455730334
  0.10668271327103541  0.11706595961689836  0.12718990535300170  0.13711576573028111
  0.14704448274895443  0.15712582174177755  0.16739570396931855  0.17762190609155890
  0.18818354606914989  0.19942117140022433  0.21096657538601271  0.22257579704547517
  0.23444592848857007  0.24648392493419216  0.25853156103771074  0.27041179633740686
  0.28221086727678618  0.29386118988810761  0.30534563476364796  0.31665190438246321
  0.32785334967957175  0.33911500445992609  0.35017470610947377  0.36086081622200283
  0.37137046117934430  0.38213856618385778  0.39289764198476512  0.40357478147738851
  0.41433265468183894  0.42534556787362549  0.43675461200809285  0.44848663217829593
  0.46034277840677756  0.47242791028887787  0.48499767054260129  0.49778863289526665
  0.50934428928868325  0.52060024436014574  0.53222447334824186  0.54418669905342942
  0.55607796971756518  0.56780822159561428  0.57976547774714771  0.59219880063549390
  0.60477851214153977  0.61683481035531118  0.62773688216302981  0.63832867479484812
  0.64892996257824764  0.65952666605652865  0.67030405716379760  0.68114123671500892
  0.69201871537279702  0.70265151244595969  0.71293367504156246  0.72295439563064678
  0.73319735779943496  0.74327754758544817  0.75349452114342608  0.76365750026604640
  0.77364265837981472  0.78365528366977255  0.79378122147229058  0.80395697051611692
  0.81426323166775583  0.82472659748773736  0.83534921573670939  0.84604779786456508
  0.85660623997308460  0.86701014391239595  0.87726659394035977  0.88763106523281743
  0.89803573498782208  0.90811751360466120  0.91792632881817948  0.92764063218532478
  0.93744590831254826  0.94698408029936543  0.95630034427278099  0.96547971190990300
  0.97452394556912381  0.98340630113578353  0.99175555426671025  1.00000000000000000
 -0.00259284093957532  0.01002844077297120  0.01963904644273946  0.02985385083693372
  0.03968722635871079  0.05100917486691547  0.06205045125571367  0.07284323181166565
  0.08337133377324128  0.09374925065887885  0.10422830895878835  0.11466949809468156
  0.12529860803506482  0.13555138768918673  0.14606897464131854  0.15694004718708332
  0.16834731676933878  0.17965841095545854  0.19081220638433227  0.20200242801487955
  0.21282951109006451  0.22320815165133345  0.23367787807886256  0.24436337544955425
  0.25511043587402915  0.26606519164202602  0.27724004247501066  0.28814949024894471
  0.29885041375717242  0.30932392974558554  0.32005121883639953  0.33073157808332920
  0.34174209721283594  0.35299509660305595  0.36423885461032368  0.37525179710502582
  0.38602802558738381  0.39696260051728233  0.40788108393047340  0.41831103101025202
  0.42814432961840626  0.43816417523394829  0.44892288920423501  0.46043491453990970
  0.47137270881193860  0.48189376148154123  0.49237695680205834  0.50304246505979766
  0.51382703498056936  0.52431236962226246  0.53433374612956364  0.54434697380684305
  0.55452735345839577  0.56446139286967634  0.57382652523190836  0.58352444761033406
  0.59401161077020748  0.60454856345937202  0.61483382744169701  0.62496396881929295
  0.63590751903585963  0.64659754090297594  0.65746461970030046  0.66783219010940342
  0.67851178248692823  0.68899539038913649  0.70012128886341596  0.71107769051540537
  0.72221234915761801  0.73326540776383087  0.74427657520760460  0.75532592581184210
  0.76624367479480204  0.77667644969161975  0.78700182716972278  0.79727294399471238
  0.80763904855779378  0.81783340052047815  0.82800992975536092  0.83817167838465800
  0.84824293152488295  0.85821919483573206  0.86806638413297876  0.87784433826466146
  0.88755408073577602  0.89751472424431677  0.90787096472667150  0.91834186546480301
  0.92921718172403234  0.93985060367375883  0.95035642740064197  0.96051770033969364
  0.97027365829885259  0.98003363853547509  0.98986236121925686  1.00000000000000000
  0.10306309483542926  0.23781676045907257  0.26052464759838850  0.27365125022188214
  0.28408497928849830  0.29339783348843423  0.30199474872261756  0.31018966154637378
  0.31801205222752810  0.32539011474878615  0.33246820018920326  0.33932829107863743
  0.34612605784854406  0.35298357971378019  0.35975878052023391  0.36635768237520777
  0.37281347200757420  0.37926491557730801  0.38578830391818664  0.39213900494469989
  0.39833740125072925  0.40422478520182814  0.41018775169746879  0.41611790174745344
  0.42187168626927235  0.42762728397020655  0.43338704503804731  0.43912283759408144
  0.44478737214362496  0.45044726625468950  0.45604583097864304  0.46168158688850558
  0.46730925135478829  0.47285687790778458  0.47844334568020402  0.48407621598864514
  0.48970246085903157  0.49532198421687545  0.50097466188636397  0.50673936408128673
  0.51272495415818276  0.51882064884334522  0.52508687632204210  0.53133871218926443
  0.53762939384604835  0.54387964008325640  0.55005500355984771  0.55621017938532979
  0.56226504628634877  0.56826284764612034  0.57408109140741848  0.57982752264248472
  0.58558087960759420  0.59136298968761891  0.59718421917100917  0.60309941056246819
  0.60912573174396623  0.61518629848399420  0.62135973489823215  0.62744045128242798
  0.63373681959951944  0.64001575366833552  0.64630110138150132  0.65259445556894335
  0.65904088435747210  0.66559268504207536  0.67242184372469582  0.67924539432041964
  0.68618231753258996  0.69325179398468839  0.70056495952646369  0.70787865940656491
  0.71503723248312145  0.72223307502680323  0.72964698538426565  0.73716818444051946
  0.74459823582551909  0.75188071654035626  0.75950204733399274  0.76705535239169576
  0.77534415372157106  0.78434575291012054  0.79369365553041560  0.80325135061712594
  0.81288658867373542  0.82243566566926141  0.83240631865112458  0.84274200576353220
  0.85377131574421306  0.86528317486061768  0.87781596344219703  0.89176373231387829
  0.90756479370719478  0.92643624402409630  0.95358379451219111  1.00000000000000000
 -0.02969996285736057  0.15159643249649937  0.20054540013833946  0.23288053711084500
  0.25790835695326397  0.27864808346323000  0.29644140698085220  0.31248604949888481
  0.32678890131812799  0.34023490679950974  0.35306014727870638  0.36507500415287270
  0.37652996543755152  0.38753712359202835  0.39820862541626850  0.40848787832503314
  0.41870540081105811  0.42811572442254980  0.43699190264821786  0.44592066713892903
  0.45474962886879328  0.46333803605087653  0.47159411400165979  0.47965786996702225
  0.48772239626953845  0.49547106739675950  0.50293081058206945  0.51028857932968530
  0.51764575621568065  0.52497665532619908  0.53252471586615069  0.53991146138837864
  0.54699031759554317  0.55381053315231765  0.56042457641347709  0.56690711474710720
  0.57332230678250018  0.57963888438071076  0.58573623338359937  0.59151355094363445
  0.59708904310625022  0.60261992271629417  0.60800397312889232  0.61327693676139017
  0.61863527306849675  0.62395827998549658  0.62934832551956721  0.63476096601989251
  0.64006839674611826  0.64539840865271769  0.65068868057484652  0.65603498841638919
  0.66131411740476764  0.66651487663504816  0.67163765922628349  0.67675225779363812
  0.68180431477832659  0.68695526595111911  0.69197165426098972  0.69696599838721685
  0.70187004895758054  0.70676286307400382  0.71169746734052586  0.71677726641305239
  0.72199240809582976  0.72720813534420781  0.73228913484908165  0.73715723602670946
  0.74190618560835853  0.74670005576570775  0.75150855800519145  0.75631927031512780
  0.76114100997406886  0.76609229132258894  0.77120486359550711  0.77638984713114256
  0.78165075334667733  0.78698888949546453  0.79242263975160943  0.79800892980973182
  0.80365293895945900  0.80924335508598766  0.81493713149294356  0.82084401863223666
  0.82699567225147097  0.83349591951400681  0.84047761878595484  0.84794716612727483
  0.85569097834751739  0.86406521327330887  0.87316465873694682  0.88355259668923147
  0.89549837095819251  0.91044639694044027  0.93400283082570901  1.00000000000000000
   7.7751154696250836E-006  -1.0000000000000000     
 T F F F T F F F F F F F F F F F F F F F F F F F F F F F F F F F T F F F T F F F F F F F F F F F F F F F F F F F F F F F F F F F F F F F F F F F F F F F F F F F F F F F F F F F F F F F F F F F F F F F F F F F F F F F F F F F F F F F F F F F F F F F F F F F F F F F F F F F F F F F F F F F F F F F F F F F F F F F F F F F F F F F F F F F F F F F F F F F F F F F F F F F F F F F F F F F T F F F T F F F F F F F F F F F F F F F F F F F F F F F F F F F T F F F T F F F F F F F F F F F F F F F F F F F F F F F F F F F T F F F T F F F F F F F F F F F F F F F F F F F F F F F F F F F T F F F T F F F F F F F F F F F F F F F F F F F F F F F F F F F F F F F F F F F F F F F F F F F F F F F F F F F F F F F F F F F F F F F F F F F F F F F F F F F F F F F F F F F F F F F F F F F F F F F F F F F F F F F F F F F F F F F F F F F F F F F F F F F F F F F F F F F F F F F F F F F F F F F F F F F F F F F F F F F T F F F T F F F F F F F F F F F F F F F F F F F F F F F F F F F T F F F T F F F F F F F F F F F F F F F F F F F F F F F F F F F
  <DiscreteSampler_grid>
  grouped_processes
  1 # 1 for a reference and 2 for a running grid.
  10 # Attribute 'min_bin_probing_points' of the grid.
  1 # Attribute 'grid_mode' of the grid. 1=='default',2=='initialization'
  0.0000000000000000 # Attribute 'small_contrib_threshold' of the grid.
  0.5000000000000000 # Attribute 'damping_power' of the grid.
 # binID   n_entries weight   weight_sqr   abs_weight
    16   10   4.304174622158210E+002   6.883686455676014E+005   4.304174622158210E+002
    17   10   4.304174622158188E+002   6.883686455675896E+005   4.304174622158188E+002
    19   10   4.304174622158210E+002   6.883686455676014E+005   4.304174622158210E+002
    20   10   4.304174622158188E+002   6.883686455675896E+005   4.304174622158188E+002
    22   10   4.286590494941358E+002   6.823792974481703E+005   4.286590494941358E+002
    23   10   4.286590494941335E+002   6.823792974481581E+005   4.286590494941335E+002
  </DiscreteSampler_grid>
