  0.00233444006811580  0.01536411824769040  0.02689083830889776  0.03725438064201252
  0.04713622880464016  0.05655460726607060  0.06591613750046149  0.07577957820646587
  0.08546253439274121  0.09687335626856396  0.10915028245149347  0.12114595689441988
  0.13285058748359269  0.14367694349499643  0.15386564179623163  0.16412095641332455
  0.17356714076233729  0.18248655536745551  0.19156720014819711  0.20110159617349460
  0.21058893009931121  0.22037835514271342  0.23055180974516204  0.24170365693694823
  0.25173490046670127  0.26128766279672233  0.27033685496036547  0.27914702637094702
  0.28853026609839560  0.30106890857588775  0.31622367086841208  0.32933193343199396
  0.33993619175840883  0.35015744794309417  0.36061589487925177  0.37070131971174525
  0.38134273428260396  0.39226045793433229  0.40275799432007647  0.41415799651847196
  0.42644058967771431  0.43793827443374422  0.44796420023566447  0.45841423848783758
  0.46723750593497171  0.47657138879795569  0.48695046672766917  0.49659419309255493
  0.50431802516788216  0.51088096254520987  0.51761631370822214  0.52558711985312756
  0.53509611195089590  0.54447319996160215  0.55300448418237902  0.56071326030263524
  0.56918093721870222  0.57846773437781318  0.58850876445558631  0.59844598652826297
  0.60858933170987606  0.61820275446222706  0.62697283602651510  0.63414364031674553
  0.64223987207020194  0.65160773770569669  0.66075639576716905  0.66893442849048235
  0.67691353562974310  0.68474174284349676  0.69471418011988195  0.70836121188338830
  0.72040344026313674  0.73300777320878474  0.74674273222904730  0.76053413144912740
  0.77290651390927956  0.78402270662871543  0.79499445095571464  0.80619047035912539
  0.81740263316148909  0.82843895719880789  0.84044722086903256  0.85268278245437779
  0.86634175072624986  0.87841493254644520  0.89200032883684832  0.90402763446501977
  0.91616926210799687  0.92744124568755981  0.93780628146532030  0.94864899126721314
  0.95918868095796528  0.97058707094814223  0.98350705044506059  1.00000000000000000
  0.00656473184739116  0.01735036303027351  0.03105089100905032  0.04520201367338394
  0.05745557357223285  0.07020083206762984  0.08262792307965459  0.09483567477416413
  0.10748238978779208  0.12007829135692838  0.13358508569973451  0.14643676365392055
  0.15766425232221656  0.16778725952876875  0.17762769542970994  0.18759019523488321
  0.19941189563702738  0.21170710685589186  0.22444895107186583  0.23469171380077780
  0.24235867411597128  0.25022529149903439  0.25805757875889479  0.26702842168656021
  0.27692913099416561  0.28724586107610439  0.29848009877989862  0.31015838705656157
  0.32155905591888689  0.33276726491686365  0.34465223091845509  0.35690107962788375
  0.36822840827971903  0.37833824501133151  0.38777845680042616  0.39729685537747128
  0.40700698685641479  0.41670685561125831  0.42848522498843022  0.44041152971221009
  0.45164196667678624  0.46272659169057934  0.47352167553592411  0.48380011847160242
  0.49326101938581096  0.50278448823079491  0.51334897250597866  0.52476869339150345
  0.53544079587942139  0.54544452882573446  0.55401741376140246  0.56223281144955839
  0.56983485382467503  0.57782631204881740  0.58624984699432958  0.59413174811306735
  0.60234425042036333  0.61026308262517281  0.61770174589517612  0.62563049041950847
  0.63508270555635571  0.64482670617624793  0.65457029312634374  0.66556128584968854
  0.67837389271068549  0.68934748534597490  0.69962163436859903  0.70929517130716013
  0.71928953386162953  0.73055866499277666  0.74142034008034219  0.75192989996632276
  0.76244897656431398  0.77252997611138230  0.78290821317879977  0.79312147750640949
  0.80316295105493274  0.81309103534105587  0.82251844022853926  0.83264517987229003
  0.84192481304855726  0.85106619642056558  0.86046382883755701  0.87103769921014373
  0.88300137995920258  0.89371905259406403  0.90318358734089366  0.91203980995596801
  0.92094343971377124  0.93068539385082683  0.94130514177788616  0.95235881682787449
  0.96307686691637862  0.97387044571041392  0.98600476609692067  1.00000000000000000
  0.00273756877770440  0.01229849459877313  0.02379838278931014  0.03483797709131847
  0.04502134515745557  0.05446605808830370  0.06338399567065728  0.07278557069237067
  0.08270920047400183  0.09380698291430185  0.10625863971460983  0.11834822881566692
  0.13042078246688835  0.14254475909740710  0.15504962677944592  0.16800209833813262
  0.17850404891250130  0.18843681652078859  0.19756856661771732  0.20636861846178495
  0.21506653483584318  0.22400773067545796  0.23475555901038947  0.24562922228677189
  0.25717492942263021  0.26901898894093235  0.28068330586212281  0.29142699200523597
  0.30112667902457285  0.30986406735506011  0.31860905149217866  0.32798499497692379
  0.33875513032131410  0.34998530931852867  0.36163565203633602  0.37328875747403389
  0.38457801218203130  0.39572438806354066  0.40663122488026326  0.41720894590780411
  0.42787429603486116  0.43798585036554560  0.44660617080847026  0.45442750087163369
  0.46268808881065110  0.47232197605813220  0.48097097640581998  0.48856515454762245
  0.49589814515372160  0.50504872730191175  0.51571941761940565  0.52648654724046695
  0.53820172530684163  0.55129135933587248  0.56349943196462882  0.57416416851857843
  0.58438122284258498  0.59456543355644087  0.60486633221734221  0.61532916196457887
  0.62565472222418883  0.63426823215978345  0.64313224333660179  0.65181113663663237
  0.66136527659117228  0.67109090297312179  0.68093761923389118  0.69132346597289984
  0.70255586379674051  0.71401401765698203  0.72680227065909508  0.73927424487010396
  0.75243306971006252  0.76502006969491720  0.77585237935998952  0.78551354845685739
  0.79443336716270940  0.80338612268278042  0.81292827430086878  0.82390422874751357
  0.83459371686363459  0.84380110051970558  0.85279709947902038  0.86212709862156567
  0.87285868505244590  0.88308579945236709  0.89327054340879031  0.90329413312142259
  0.91535274005109912  0.92636578127742097  0.93782957215363016  0.94879185335528748
  0.96002341138195257  0.97126031519050626  0.98400532326984957  1.00000000000000000
  0.00647667301503305  0.01727333989757869  0.03181416429577235  0.04363892134027341
  0.05260314331869301  0.06125983173009340  0.07032972574471361  0.08055320085216343
  0.09162616581048917  0.10277063238704390  0.11388920099866334  0.12412048308794577
  0.13403045507527814  0.14576978791571127  0.15839586671608222  0.17051328783263459
  0.18151556857928047  0.19415719307476159  0.20792408294504069  0.22100301606837666
  0.23380031788850819  0.24614760399025698  0.25803779230375035  0.26909083939369294
  0.27948936369607491  0.28978257854684869  0.29974897931205313  0.30958164434625912
  0.31906309693581991  0.32935234973278082  0.34082038962372052  0.35154624138050139
  0.36153869330311550  0.37119872712707486  0.38225377470639832  0.39470646132497689
  0.40711163732043254  0.41861192187270019  0.42914422549813414  0.43895733809973786
  0.44818345610071947  0.45703384791663371  0.46606643411692528  0.47408931725148556
  0.48171438565285463  0.48929570488610608  0.49655122823880343  0.50525168621481686
  0.51519396096530201  0.52537684720162170  0.53452123261608397  0.54394948103187502
  0.55440459009831822  0.56526019310564868  0.57561537448533429  0.58597460446274496
  0.59648009550091197  0.60772077335361141  0.61981879083566993  0.63144181449872649
  0.64304957017787578  0.65466540289058872  0.66676910294809233  0.67919962801249423
  0.69228074023094788  0.70515088890397004  0.71724138111246583  0.72790130638347494
  0.73799528520841939  0.74734854661549410  0.75650942989422942  0.76489201405119844
  0.77608027240914434  0.78654938560592980  0.79674257126113435  0.80709003436853322
  0.81776553921894612  0.82805125695134885  0.83829775356432157  0.84952958341193308
  0.86195317146142691  0.87317534730496082  0.88358129153265663  0.89371278262264420
  0.90368008173506054  0.91440255050046459  0.92470698811018448  0.93385570902466553
  0.94287612650791952  0.95154021317579240  0.95964669825387561  0.96735705998504529
  0.97470293340468395  0.98277277093288451  0.99180807309071195  1.00000000000000000
 -0.00008229624342396  0.00066075001668003  0.00151255484416964  0.00272115392102329
  0.00427034837618391  0.00610668894406077  0.00827894005727335  0.01050375950043534
  0.01378299108213741  0.01757999537893083  0.02061334748115489  0.02339679850111638
  0.02611065306375745  0.02938307750006473  0.03368280017669415  0.03863299874428958
  0.04375347412767975  0.04894775225390871  0.05381279680956014  0.05869868282754693
  0.06384529868803891  0.06956585054328580  0.07546743922653487  0.08086607396622050
  0.08634728640547219  0.09192510563027215  0.09761461221059269  0.10304856172014688
  0.10863375381808471  0.11478616302493418  0.12163539953596028  0.12912017787539526
  0.13680603227453733  0.14468780205947995  0.15263191753396096  0.16036568130811796
  0.16834653015058149  0.17675216534986257  0.18531978928382339  0.19431260614823853
  0.20299487783122971  0.21144401581076255  0.21967572693235377  0.22843706138592501
  0.23647572525771440  0.24480576073763777  0.25308955899317948  0.26139985335594118
  0.27026974371273910  0.27894487297486364  0.28728111321203875  0.29599480309391424
  0.30553845341714614  0.31589368259167805  0.32668227824156304  0.33737093790053890
  0.34774504264256528  0.36089414863409913  0.37430366376897922  0.38808563528081397
  0.40357269938674184  0.41889558341038735  0.43205305137302452  0.44485083370718531
  0.45789962284623009  0.47142453249737254  0.48540741351201261  0.49895444536943961
  0.51231405473607705  0.52583214987650428  0.54032605960976254  0.55600808974262850
  0.57248167365661717  0.58964775946767922  0.60543263816910042  0.62119767829741712
  0.63668782475637609  0.65178419295685475  0.66722148781737689  0.68243234975717670
  0.69819422652810736  0.71435055771456790  0.73048941421559521  0.74674111484039596
  0.76419365228425373  0.78313916961207031  0.80202850106516654  0.81966334009991293
  0.83784800223097267  0.85675381997342170  0.87597451479125188  0.89725142999914109
  0.92124594360783496  0.94692235138834213  0.97336625061200088  1.00000000000000000
 -0.00393971197651662  0.01490302696213209  0.02792384699529279  0.03995495854705377
  0.05188032938643431  0.06382424474956865  0.07624655872382620  0.08915269060596642
  0.10131908031021772  0.11229618460353889  0.12302226965139879  0.13465939533197815
  0.14616147804467167  0.15696592598499337  0.16766150441494940  0.17688434474768269
  0.18682170549482358  0.19703183557484266  0.20653580714869102  0.21569182510773541
  0.22450931222140105  0.23391305589644962  0.24393890492978113  0.25306216802751602
  0.26136400856782743  0.26927888339827499  0.27681288714585112  0.28411209794482817
  0.29178194487064341  0.29935372060582627  0.30618375960510497  0.31406292063622804
  0.32503876805308535  0.33794098797565275  0.35124649142857001  0.36452977176261919
  0.37605089275209364  0.38637903868186746  0.39594565614452720  0.40679529957193755
  0.41753760571379561  0.42699637728694623  0.43656849157429273  0.44672293872521862
  0.45678418314249386  0.46564468954256799  0.47411518684289344  0.48241857377490621
  0.49146621156000786  0.49989988752511960  0.50768578019960731  0.51592346035984438
  0.52414611226052077  0.53220935510297163  0.54022494605760740  0.54879875184456683
  0.55760709776474382  0.56756178357991771  0.57747086504539524  0.58834437859886690
  0.59953382232865837  0.61258706478778302  0.62508359472329600  0.63632558075188639
  0.64709377546327040  0.65711754960744240  0.66684672803716427  0.67651533110174389
  0.68706009768468668  0.69930603288437720  0.71193844247928384  0.72241289857991520
  0.73207496478384937  0.74112288378251767  0.75063102342603072  0.76129009582213381
  0.77195924136980509  0.78257087090938560  0.79302612208922718  0.80373474342751450
  0.81469470343243200  0.82549888154161810  0.83621584157266415  0.84770039978536982
  0.86011638441968241  0.87292033016559212  0.88561592212891871  0.89854230904945664
  0.91265665734466661  0.92722137168927010  0.94086885020597111  0.95369409314920062
  0.96680305272199529  0.97829202954655692  0.98957464255451399  1.00000000000000000
 -0.00291145956900582  0.01182385220939457  0.02453298861324774  0.03675818073125781
  0.04849937830459340  0.05983458812293078  0.07079293883600095  0.08154255470356393
  0.09416630458213798  0.10605623502369321  0.11749437095099952  0.12938877798420284
  0.14250193994450955  0.15624969805733735  0.17008025030678972  0.18071814658509194
  0.19166924539428948  0.20378358851552875  0.21826507849882884  0.23161775960259548
  0.24436417889840040  0.25651292633710043  0.26842136375297015  0.27974428182627636
  0.28995757864255051  0.30011240096028108  0.31091238921370706  0.31961611203219831
  0.32819098404715896  0.33745769189090252  0.34778977710151748  0.35696439733683605
  0.36553627731654448  0.37415481937453643  0.38268183030955244  0.39137265132771237
  0.40246572055124807  0.41391129139401356  0.42697397041362645  0.44129973334204370
  0.45640305413190685  0.47064632062541401  0.48336597328984493  0.49407778427165877
  0.50442403716635054  0.51492375571720017  0.52457796484732322  0.53298815614530093
  0.54132268026835029  0.55047653400614449  0.56044337109868236  0.57235722956312884
  0.58434776921453180  0.59571111382239084  0.60767838916312977  0.61876106591806856
  0.62915442493403417  0.63922424635768105  0.64991598609156176  0.66088203694681502
  0.67009236662111737  0.67868678158463769  0.68728352283174532  0.69620923448307537
  0.70677156860706136  0.72042417769082778  0.73273476080924904  0.74497704232340489
  0.75387978918737564  0.76132949922550197  0.76875281700393538  0.77609131120593289
  0.78378354397856120  0.79134460901435721  0.79936027169328361  0.80705423885547622
  0.81451100159062340  0.82266485887002450  0.83133744317165414  0.84020013698616736
  0.84953623227938757  0.85909392800397777  0.86818399150197278  0.87764891279911383
  0.88875999858240329  0.90036984586398172  0.91151957153128293  0.92294047684329439
  0.93169417175485647  0.94026892080426761  0.94833455491450047  0.95645302963301204
  0.96481079352322352  0.97356045029423477  0.98451994190847880  1.00000000000000000
 -0.00254908418417567  0.00674628317714361  0.01538368845027596  0.02406881063088899
  0.03388907169463343  0.04318637656686958  0.05405101258324604  0.06533203501892179
  0.07594116382721727  0.08685388205735668  0.09859302996490857  0.11107718809417824
  0.12395671951842589  0.13516207865006649  0.14532631581218686  0.15559748078122837
  0.16591102349260600  0.17591270296578862  0.18590049569332989  0.19706027557672340
  0.20911185969791798  0.22141215626744368  0.23212212625073694  0.24219777289182978
  0.25118274542810737  0.25998123250639654  0.26944039437210621  0.27928649498099567
  0.29001303451549071  0.30178721083302834  0.31371566020716890  0.32372480901441575
  0.33331872244467142  0.34344839931468069  0.35516446468307256  0.36430329574311354
  0.37345738779322435  0.38391581893706095  0.39529671555731632  0.40603530016456818
  0.41746318368370983  0.42973280767047956  0.44143169349248934  0.45278812259016932
  0.46503692977286165  0.47684510984975592  0.48693097996204660  0.49677613648025365
  0.50661748336987322  0.51698150062421189  0.52804201941035955  0.53994462287001155
  0.55000988130728024  0.55988465821602429  0.56937547329435645  0.57949156723123507
  0.59255868418317370  0.60655854894658745  0.62060750264341524  0.63401838014870182
  0.64913089146602942  0.66383404624931552  0.67658997806369625  0.68595649120078372
  0.69460028865600454  0.70328536150758214  0.71271535680701392  0.72235343560957777
  0.73249595159035152  0.74327725258560196  0.75359915309392922  0.76350525869868091
  0.77275322511276212  0.78268383965758148  0.79242348720328226  0.80188100212719449
  0.81075762979808463  0.81983335192572171  0.82975251740350431  0.83950745278159811
  0.84897072003715290  0.85902735082184467  0.86883148535688537  0.87918596093197476
  0.88957605670136786  0.90010123583948964  0.91160805092507380  0.92378560130683474
  0.93529833911634253  0.94691621474058252  0.95821301260470360  0.96623641035954821
  0.97578503084968538  0.98494103172430547  0.99294965971642191  1.00000000000000000
 -0.00353812109965509  0.01619101934236385  0.03193793950186356  0.04639375767320818
  0.06027713832969243  0.07381524180722082  0.08824863226701868  0.10430690614605936
  0.11985677352448232  0.13572264026269887  0.15045181947117114  0.16228331453854744
  0.17228562561903504  0.18222265783037575  0.19329638059571652  0.20633121860410000
  0.21949543081943579  0.23181713570324880  0.24332538384738059  0.25384661294880700
  0.26332923620547039  0.27328405291293545  0.28394952240551152  0.29607006570203914
  0.30951960037984466  0.32460871033904343  0.33956706131271253  0.35315616776214426
  0.36586889635761044  0.37794247638833589  0.38957974192524020  0.40169345137170287
  0.41495920793998797  0.42960217449368682  0.44533743394457026  0.46037363207848231
  0.47367020954172617  0.48610745523713356  0.49768856435129050  0.50890742533549338
  0.51991024716329470  0.53045815319749068  0.53946721091463457  0.54975048451428088
  0.55997318775186677  0.57158690759404363  0.58389212777470612  0.59593049151020294
  0.60870294743785913  0.62081264830458283  0.63204212784829228  0.64249816898018797
  0.65167388304352947  0.66063079477368425  0.66995080028934939  0.67975481557607675
  0.68963854507476718  0.69932495074014667  0.70876036660323771  0.71751981313972191
  0.72492789806966429  0.73173789134214906  0.73880148634493537  0.74601288889540562
  0.75523653415458070  0.76572637891280260  0.77571894894590820  0.78499897058273405
  0.79354718781758427  0.80172312815663149  0.80973596167488526  0.81757656016343017
  0.82571384972853212  0.83442001239308694  0.84450126847834095  0.85450971647830987
  0.86325181612449364  0.87114163976094305  0.87862340595884558  0.88573357931822205
  0.89360704507064037  0.90204991901929776  0.91018375749213720  0.91819854135215506
  0.92623529543964711  0.93511029197299045  0.94363811885577664  0.95191236354881859
  0.95932623381137339  0.96534099979842825  0.97112036394831969  0.97691646146660982
  0.98307752848443297  0.98955312033986231  0.99510031295885037  1.00000000000000000
 -0.00166608004138953  0.00966838176166764  0.01883148871025855  0.02745220175788135
  0.03639335098665501  0.04596108790918776  0.05531126525537024  0.06470648185909807
  0.07429858767161228  0.08357646059145997  0.09439151450087742  0.10535501613910594
  0.11624392832294311  0.12691872251721639  0.13780045232975358  0.14811627160790525
  0.15846769893981535  0.16985437576341789  0.18251862199041391  0.19609837515435746
  0.20870313903572540  0.21862615035310418  0.22861933907117493  0.23976945655432372
  0.25086561315181793  0.26154949176270476  0.27163002033411077  0.28167174181747229
  0.29150900290920873  0.30182803856879331  0.31370388845941538  0.32594529790119736
  0.33875067890224986  0.35045039555447471  0.36089810986264848  0.37029395328419862
  0.37999143160714283  0.39055169223915914  0.39945349698492610  0.40730209793715672
  0.41532201534952751  0.42328776311645078  0.43156245591336906  0.44014566491782625
  0.44845742807878675  0.45660589780292915  0.46691833694248686  0.47880619079794506
  0.48953628636391178  0.49997930348329778  0.51000633194453815  0.51905399112770167
  0.52822586640567670  0.53749420125185099  0.54856885037638436  0.56029630434654742
  0.57115146204815481  0.58132564084308036  0.59087727055003092  0.60027263915465079
  0.60996266383168030  0.62099172646307454  0.63303845627729882  0.64563505287208667
  0.65834750782774587  0.67047002436924130  0.68244156089768082  0.69432090188866069
  0.70570383949615478  0.71713654136607030  0.72768048969282473  0.73855093276787787
  0.74888077668382547  0.75876802993939108  0.76904678410806260  0.77982390788318867
  0.79125420143492675  0.80254798027270757  0.81359664445417346  0.82517480591861236
  0.83678102735086923  0.84722083463554565  0.85635984059052239  0.86492817659830268
  0.87383513553983971  0.88342727018269707  0.89474925577237885  0.90841159902070179
  0.92071672473967070  0.93264928817115600  0.94405669830723027  0.95588364781787050
  0.96912643401320375  0.97959259720734781  0.98981482982475888  1.00000000000000000
 -0.00204961127464966  0.00822667868977832  0.01715358902995096  0.02554112298490415
  0.03452294955978515  0.04387121348585844  0.05377648351640038  0.06381667061073994
  0.07477571905667404  0.08655890785110966  0.09738234526597037  0.10778365865875050
  0.11751702304753175  0.12684875477843077  0.13777183309628224  0.14841290853432576
  0.16023192089100829  0.17193138731847563  0.18316102395625278  0.19376358626990103
  0.20388550965079691  0.21393571459191160  0.22441108287485281  0.23597595877489363
  0.24903450029460036  0.26041823300235883  0.26890089697699515  0.27696208691506896
  0.28574262544612761  0.29589587188203409  0.30699726283907175  0.31733674708586079
  0.32712325967176886  0.33678019452994612  0.34674093989074734  0.35671033474645658
  0.36763697094180192  0.38006819726628432  0.39216354979816453  0.40365683698988458
  0.41421375897474427  0.42446192016738454  0.43474822275533576  0.44385462955710991
  0.45258862718092358  0.46153769704595415  0.47140750842682322  0.48200007361763980
  0.49294382576700568  0.50395541965512936  0.51538382245942349  0.52583174507600117
  0.53599375353781153  0.54531653895068488  0.55390766925098056  0.56294027173409811
  0.57172868006814836  0.58094355783060236  0.59100753261393735  0.60252877312030795
  0.61646322058972081  0.62973687207389850  0.64078874178954315  0.65130138854257025
  0.66221775483087375  0.67327617583411048  0.68543071528565203  0.69730519354410436
  0.70936320827386368  0.72083991931231872  0.73152369789659566  0.74265455877028663
  0.75422025367600110  0.76542539648193808  0.77670303413850328  0.78857577562989667
  0.80040540139305494  0.81234220666693902  0.82538199444149551  0.83862780358561806
  0.85218802026611629  0.86529544459338215  0.87627269565839561  0.88469611143162075
  0.89274987670935291  0.90160005586788383  0.91109398238738826  0.92072272862632532
  0.93074183614580697  0.94224884832305955  0.95821131545390514  0.96749722863793131
  0.97757960042923875  0.98586591603683582  0.99290632890445174  1.00000000000000000
 -0.00252378545797252  0.01088623501732919  0.02247586731228957  0.03607204673655053
  0.04777507946936120  0.05892332973644557  0.06957115901735554  0.08063266218117310
  0.09115332835872572  0.10199990240844965  0.11161497737552367  0.12098961628134997
  0.13037609849758283  0.14132720859657405  0.15306130094244791  0.16445254764118539
  0.17582544271794848  0.18731711686467073  0.19987191612651511  0.21315121183346272
  0.22360854527106466  0.23413560518520143  0.24501369151406302  0.25664856187122720
  0.26938306094965569  0.28403372100817986  0.29844859575996463  0.31066868967672578
  0.32263551803915680  0.33347839323915818  0.34408368800430111  0.35422361583772699
  0.36472202490349542  0.37517858617267169  0.38590343902854041  0.39591895515350123
  0.40499916206653674  0.41503402653907978  0.42570095126514379  0.43808031172802925
  0.45070561506403495  0.46402395475911917  0.47822445826998772  0.49270698396684293
  0.50636973533763752  0.51871447560083872  0.53180246889681893  0.54494171637064959
  0.55700901150911741  0.56763424187667677  0.57716673792945017  0.58586859675505865
  0.59337068550018146  0.60120151202372263  0.60968207793738938  0.61782929288267163
  0.62572579535679640  0.63315756291172509  0.64074329907603156  0.64889965570099384
  0.65962876111498725  0.66921595396755562  0.67930480676762539  0.68842621806576954
  0.69552500161560893  0.70331492239661286  0.71055727653177680  0.71801564009170737
  0.72553443668581585  0.73306564845921585  0.74130232100834659  0.74768548136287916
  0.75711907518486798  0.76686415368841032  0.77671030002831742  0.78674517090538798
  0.79702931087089146  0.80773509901575591  0.81890896594132345  0.83013888279857495
  0.84213486259109926  0.85302899596950199  0.86502509989947884  0.87623462012529274
  0.88795132303594360  0.89855098584011139  0.90902548093627356  0.91948053079829506
  0.92945927017779972  0.93923774580092512  0.94886163032298021  0.95771353418348748
  0.96707636560195720  0.97695832274588601  0.98836354059692377  1.00000000000000000
 -0.00077903416132925  0.00177428892237463  0.00448825118191087  0.00721673872573241
  0.00983986434378729  0.01257426447031647  0.01530174965109255  0.01800255603522152
  0.02061461310676808  0.02317083203180366  0.02581887509613255  0.02843259139190486
  0.03115021689315138  0.03404165626233202  0.03710312060063348  0.03971353051767588
  0.04300895815420852  0.04641739513642653  0.04981438809472592  0.05329224066135132
  0.05710938548463471  0.06184244415540723  0.06612515064810488  0.07007903423837503
  0.07391200861440370  0.07774845162329300  0.08198171371969870  0.08650628044855496
  0.09029648603640311  0.09416823706665702  0.09781545356522961  0.10148906450981943
  0.10548884164505598  0.10951690681379485  0.11374701257180055  0.11853416168680529
  0.12358818482399871  0.12884417614589327  0.13451720671379006  0.13970553910541805
  0.14503384590784568  0.15059855731684713  0.15657896814016262  0.16289865042858268
  0.16904165647788866  0.17668130304706814  0.18422597765191456  0.19181341354477757
  0.19945906955554657  0.20750266964137970  0.21611783969417325  0.22506036338086116
  0.23439907587314432  0.24454208177013897  0.25531229594217775  0.26656667801200268
  0.27888427993063447  0.29174811384172911  0.30489492733736212  0.31860696252262144
  0.33204118089147183  0.34472165370547686  0.35751088169061179  0.37098488189964085
  0.38334145906967554  0.39560989341693159  0.40809646458727705  0.42100184938825097
  0.43397499129984213  0.44803938463507392  0.46296435073211245  0.47737942456306670
  0.49216650778442161  0.50882143315309203  0.52684813341332304  0.54264248382600588
  0.55701347216072705  0.57229174161214780  0.59112510473368030  0.60977417988346694
  0.62889899050058684  0.64753171754297056  0.66556320021667414  0.68420916213791894
  0.70355330045227915  0.72825525542974845  0.75399001392831078  0.77703531135532011
  0.79822434511241380  0.81937804350659105  0.84162401032424772  0.86960156639382813
  0.89881734487040998  0.92956434966022972  0.96438793524711297  1.00000000000000000
 -0.00184580960673808  0.00836916726787914  0.01782118570272855  0.02509502475890264
  0.03242887779146154  0.04089414704080197  0.04927083105290533  0.05725928101777008
  0.06458002739192806  0.07157316165427922  0.07835032571677006  0.08830789232319280
  0.10178191458313204  0.11360187366990221  0.12556953586890410  0.13772564275539564
  0.14942550567938259  0.16059389469386276  0.17109324035909981  0.18174180061269227
  0.19249634144522212  0.20400175978248525  0.21602717914178543  0.22643216123235616
  0.23588729189698568  0.24571337971882073  0.25611709320939424  0.26904612111312681
  0.28236563233859441  0.29670239526139264  0.31026516680630273  0.32205069286016075
  0.33265008979949939  0.34284611500193557  0.35377366863115212  0.36370985131305344
  0.37384885945648344  0.38536402044618073  0.39479977997185478  0.40408637154325505
  0.41312150552630350  0.42120472433432737  0.43048058811877143  0.44043721692294513
  0.45060631894754422  0.46069350207480542  0.47088742337345024  0.48202415694677031
  0.49585634292865333  0.50820094537220362  0.51934914690825829  0.53023633427310513
  0.54133656304203870  0.55220673846100021  0.56259545429274249  0.57347871577280851
  0.58489188642251255  0.59869677086329642  0.60998847913075582  0.62010569239871349
  0.62978330534117222  0.63903922883497999  0.64794628007335242  0.65646116512635411
  0.66519226001322040  0.67500046634625932  0.68615381738287218  0.69765793907300699
  0.70864616347410903  0.71897431589828709  0.72993040592390301  0.73966735547016782
  0.74937000943778764  0.75881337157886053  0.76954420931251266  0.78010818648131408
  0.78943649442805053  0.79781506832819304  0.80666085776712126  0.81694323459603091
  0.82750586289879502  0.83818434861606783  0.84801635810694120  0.85960178626892414
  0.87345377303474447  0.88694478576211710  0.89883188962519500  0.90913640102881776
  0.91899767481327932  0.92870663628451888  0.93957293873546410  0.95260832474313317
  0.96454748289713255  0.97649072710132434  0.98764281822143685  1.00000000000000000
  0.09915314488933466  0.24828960457633512  0.27580331276454750  0.29557386698887828
  0.31356174288878097  0.32913106060347258  0.34045863514451963  0.34962471501684056
  0.35827365795408156  0.36647276620679609  0.37469298462229877  0.38192201913879592
  0.38974317824709320  0.39686056947281545  0.40415413613340984  0.41268160474993837
  0.42129614232337664  0.42935599727020829  0.43696369141039881  0.44433430949956892
  0.45248002546793920  0.46040073466876091  0.46642035685050348  0.47185091561398262
  0.47674782510782110  0.48176116012057429  0.48706215023653227  0.49242027996138993
  0.49803440775847441  0.50408385709530701  0.51043238400682522  0.51757420569689505
  0.52433279656041487  0.53055586500514174  0.53621112592837383  0.54193181537476887
  0.54781807742731314  0.55411189747941125  0.56062842759893028  0.56692418714166148
  0.57317362596689525  0.57931018392378719  0.58541355488765867  0.59141171598039388
  0.59797957787923672  0.60495231120350224  0.61186434806518231  0.61875579514652590
  0.62599165471585538  0.63232524790626432  0.63794254192558386  0.64326364847873840
  0.64847920447172636  0.65404400347001113  0.66001961246323770  0.66646559576758213
  0.67334912432587002  0.67934458065118608  0.68512489196722159  0.69085924426412104
  0.69704455523772746  0.70351845221794906  0.70953912844308709  0.71519874435970510
  0.72024017240350025  0.72502260582717748  0.73005422384712604  0.73541717618382041
  0.74094439683533952  0.74652747477651815  0.75228253087081753  0.75848069881106317
  0.76433378166479227  0.76995474472024450  0.77585429080111079  0.78326660456317598
  0.79077871535984534  0.79839795230121891  0.80635116686207098  0.81409974538914387
  0.82161532671227566  0.82966537304742050  0.83716091589410868  0.84426283258430546
  0.85095320443761036  0.85721533610842759  0.86303864698357546  0.87126269022824465
  0.87964541533901541  0.88850997416526178  0.89724938024600531  0.90677362027912467
  0.91833357469874421  0.93438331881654690  0.95635676777617695  1.00000000000000000
 -0.02080662821089770  0.12127070259962101  0.15880538786964016  0.18143911703187821
  0.20052206080559448  0.21428325361959127  0.22524029929819181  0.23414816191634069
  0.24382400249476266  0.25305422659630111  0.26208482886488632  0.26931364285047826
  0.27723061824623374  0.28504931387595134  0.29372420060611387  0.30214600817586978
  0.31052591109131750  0.31960370350745371  0.32851516942264763  0.33699595155954876
  0.34468922667917140  0.35166532457197691  0.35843103002608484  0.36491636108148595
  0.37122733610502973  0.37744863362182074  0.38308296483734028  0.38836574070352375
  0.39330396297468245  0.39840729539988867  0.40377360801316997  0.40913870579386152
  0.41656499352389420  0.42232191780048123  0.42797556039800316  0.43367394159215533
  0.43944394788865865  0.44506264526451028  0.45016688131756594  0.45483062533882590
  0.45923832123913899  0.46360881152823086  0.46875953830030531  0.47430319131747939
  0.47961967564855995  0.48491929146321683  0.49034019011088420  0.49614221227161004
  0.50261096320022958  0.50854821261990779  0.51395727831418203  0.51914373168467087
  0.52361322386105380  0.52856065915758388  0.53371340309501525  0.53872015073181856
  0.54346169207199913  0.54804088465696610  0.55287192803940577  0.55762101589507396
  0.56185688703552383  0.56576721100968086  0.56979863503242834  0.57411441871647662
  0.57929438126062383  0.58493826392959358  0.59114207919125306  0.59714690738162046
  0.60317816382704881  0.60906025072999059  0.61484199751547308  0.62083632704386782
  0.62739333328134728  0.63431971772286588  0.64103575277878710  0.64726273942122770
  0.65364979720648864  0.66032319440955567  0.66679500671357184  0.67375838381003816
  0.68125583427668424  0.68906009161051274  0.69689459936791620  0.70480550904174244
  0.71330380226429335  0.72199933389773607  0.73175347750322750  0.74215464613188498
  0.75455877496972312  0.76868947532841136  0.78451496770324680  0.80152640613541060
  0.82039477176778908  0.84325715323481476  0.88051699872778211  1.00000000000000000
   3.8290719007138291E-010  -1.0000000000000000     
 T F F F T F F F F F F F F F F F F F F F F F F F F F F F F F F F T F F F T F F F F F F F F F F F F F F F F F F F F F F F F F F F T F F F T F F F F F F F F F F F F F F F F F F F F F F F F F F F T F F F T F F F F F F F F F F F F F F F F F F F F F F F F F F F T F F F T F F F F F F F F F F F F F F F F F F F F F F F F F F F T F F F T F F F F F F F F F F F F F F F F F F F F F F F F F F F T F F F T F F F F F F F F F F F F F F F F F F F F F F F F F F F T F F F T F F F F F F F F F F F F F F F F F F F F F F F F F F F T F F F T F F F F F F F F F F F F F F F F F F F F F F F F F F F T F F F T F F F F F F F F F F F F F F F F F F F F F F F F F F F T F F F T F F F F F F F F F F F F F F F F F F F F F F F F F F F T F F F T F F F F F F F F F F F F F F F F F F F F F F F F F F F T F F F T F F F F F F F F F F F F F F F F F F F F F F F F F F F T F F F T F F F F F F F F F F F F F F F F F F F F F F F F F F F T F F F T F F F F F F F F F F F F F F F F F F F F F F F F F F F T F F F T F F F F F F F F F F F F F F F F F F F F F F F F F F F
  <DiscreteSampler_grid>
  grouped_processes
  1 # 1 for a reference and 2 for a running grid.
  10 # Attribute 'min_bin_probing_points' of the grid.
  1 # Attribute 'grid_mode' of the grid. 1=='default',2=='initialization'
  0.0000000000000000 # Attribute 'small_contrib_threshold' of the grid.
  0.5000000000000000 # Attribute 'damping_power' of the grid.
 # binID   n_entries weight   weight_sqr   abs_weight
    10   10   3.509658539812689E-001   9.297924813861563E-001   3.509658539812689E-001
    11   10   3.509658539812693E-001   9.297924813861602E-001   3.509658539812693E-001
  </DiscreteSampler_grid>
