  0.00318334782728363  0.01200285609150240  0.02234667327456086  0.03331275449179504
  0.04433834028093316  0.05578448924258372  0.06729783942621592  0.07894894945816537
  0.09077927548143605  0.10257399189512294  0.11391663861048862  0.12456709739182363
  0.13455663744892490  0.14436059746964694  0.15430745122508455  0.16418460423004452
  0.17339835702416531  0.18210419492696389  0.19099051365074585  0.20082432909093728
  0.21046328486539578  0.21913081922143460  0.22774324335177643  0.23661144264169706
  0.24539434000482652  0.25443872753926960  0.26359561274484244  0.27266278631922536
  0.28230699779639051  0.29229666370597729  0.30245391555532219  0.31253910595102502
  0.32281317071580518  0.33351624722123746  0.34409938657013217  0.35422747253789671
  0.36445652445812504  0.37502810677268117  0.38590396028639973  0.39684473699792239
  0.40785358837712543  0.41905367662955467  0.43033453134235639  0.44079718634899656
  0.45063659848224652  0.45998246250969116  0.46892124877109259  0.47800815503365890
  0.48696171933486226  0.49598958028498930  0.50547744809933493  0.51525076309394258
  0.52476299859028208  0.53507528158207718  0.54525489694030183  0.55582369810565957
  0.56702133171759694  0.57821396012250847  0.58953330780856916  0.60117911689446324
  0.61344581306458512  0.62509787549716356  0.63591140832091408  0.64640650146434653
  0.65695416692960307  0.66723153484039577  0.67741285699920317  0.68772827498917544
  0.69823235217595137  0.70865214402802590  0.71873396827250835  0.72887702711588931
  0.73920563577017873  0.74981008055905796  0.76044476209055756  0.77115679650599456
  0.78196261890157559  0.79282561644102900  0.80370506637660166  0.81446372124387301
  0.82513590466472930  0.83604625693067069  0.84709050587587720  0.85766839494006475
  0.86775020641563416  0.87798516745309185  0.88892588871967892  0.90022542940505368
  0.91167716019486755  0.92377431152292977  0.93628258548847842  0.94831771194951886
  0.95967630571923068  0.97214341543710958  0.98517384209201597  1.00000000000000000
  0.00703491398580055  0.01638600077666894  0.02740834236359382  0.03832733639322213
  0.04967047201292769  0.06222858783912130  0.07389888028658965  0.08543072924084846
  0.09687749871470319  0.10846960782061058  0.11964885961558523  0.13085040523343694
  0.14195648356056773  0.15326305639350143  0.16434484415980793  0.17526662112163380
  0.18636103196933573  0.19735001301650221  0.20832389148198674  0.21952393461879507
  0.23029268950908477  0.24028753805728265  0.25033808699096383  0.26046971114451251
  0.27052269912146143  0.28015837542128147  0.28941621795900518  0.29936710833116470
  0.30985829853408520  0.32044741147162009  0.33072888839878922  0.34057518798104042
  0.35070523293439937  0.36076079956022922  0.37086835792046879  0.38104451998602146
  0.39130280171800658  0.40225902552505327  0.41312272784745213  0.42350564110370198
  0.43400857435659079  0.44378648926798459  0.45426498797794279  0.46461511904330927
  0.47511320757284375  0.48593139923290390  0.49653109667515738  0.50675717107373597
  0.51672735307492812  0.52706589074556964  0.53722254450948626  0.54750598133613104
  0.55753177148962496  0.56730343992583010  0.57719375836638531  0.58781410158999459
  0.59941014400152681  0.61128747845904852  0.62316367791019933  0.63468907237033712
  0.64602665500985779  0.65710961697253822  0.66804848327875266  0.67868478232384888
  0.68909086841184253  0.69988255737433425  0.71067373983005999  0.72143906420709336
  0.73211992904140410  0.74312554529014696  0.75392633271064435  0.76460964406496290
  0.77503705528763345  0.78475655402489486  0.79429598288751502  0.80423700672998921
  0.81480276186184541  0.82598943353946985  0.83632907450346738  0.84674357266535816
  0.85699433901321087  0.86763325920702983  0.87809280402943102  0.88814135433854080
  0.89824536034602320  0.90893499882156148  0.91850285269994369  0.92720063963101318
  0.93586438665016902  0.94514426317485356  0.95469333394617095  0.96352294902110702
  0.97223547550279810  0.98068118131976800  0.99041804369467812  1.00000000000000000
  0.00325572999060049  0.01163680328768033  0.02275890026350938  0.03256300460871255
  0.04217322990713729  0.05186308347011521  0.06201732216410848  0.07254126573706815
  0.08364112924034547  0.09516017751890520  0.10633663894928264  0.11695233489820031
  0.12769144324774886  0.13834800645787568  0.14862817420467800  0.15901879499263344
  0.16954181183408509  0.18024705536472882  0.19149949960395496  0.20288227463699571
  0.21428010756153051  0.22542828358924100  0.23588875739279958  0.24594360072357299
  0.25589533409213971  0.26630091190075589  0.27711642899632516  0.28750097121022405
  0.29789005163442689  0.30817901997536412  0.31776259317828531  0.32703565953710961
  0.33688204521317577  0.34679304658919169  0.35602836263441118  0.36488795428543963
  0.37402449052482445  0.38392235236766448  0.39406817505833142  0.40477934699276830
  0.41594089084186914  0.42638763444602368  0.43661397925293371  0.44650277813479805
  0.45647701840428045  0.46619471732880885  0.47629036856127921  0.48704803433163607
  0.49809647539951979  0.50875604137717878  0.51886619888017016  0.52906049762833551
  0.53940096056714470  0.54917158090874263  0.55897008851510110  0.56869518991212498
  0.57914942508475864  0.58916150738160433  0.59946166756155550  0.60994621947554495
  0.61977778467101796  0.62946195046857067  0.63963596188459881  0.65039441804287368
  0.66144029970604890  0.67208361403163752  0.68274164526811754  0.69376794707902678
  0.70464679072116487  0.71588194796773341  0.72610953802124567  0.73617321599655428
  0.74637016647607313  0.75677412162954916  0.76894701777794427  0.78136337483890983
  0.79356061892428065  0.80486135534296421  0.81628596263494713  0.82781271412997748
  0.83916031666106250  0.85003764052239261  0.86129360581359471  0.87207098261877170
  0.88242740035912026  0.89304611641644938  0.90436344693394599  0.91535197413921554
  0.92533569274458216  0.93503502946192318  0.94455130338637960  0.95436114025568874
  0.96429189525679337  0.97416441510449592  0.98414532690391288  1.00000000000000000
  0.00560382955477757  0.02038738697615646  0.03409091518786803  0.04635910706054574
  0.05860610507676747  0.07052877989642106  0.08144356841146279  0.09275468657463509
  0.10358202936143943  0.11474513991368630  0.12582535498970765  0.13710305955649432
  0.14792061639840948  0.15727832794083271  0.16664047317960842  0.17639771792928147
  0.18650736278888821  0.19617676411741858  0.20581418738637886  0.21581250695315024
  0.22628983570060246  0.23669929095028938  0.24646638047850244  0.25608073751176930
  0.26586723559497916  0.27611126118213825  0.28653822748310886  0.29700611734285459
  0.30778199548080265  0.31897362963067760  0.33013497761275962  0.34100515535649195
  0.35169066437807700  0.36245608235424603  0.37315187867028782  0.38326241987478316
  0.39324736775871050  0.40339158561912780  0.41366091504973201  0.42396568183452221
  0.43425089644107567  0.44458728481489168  0.45466249329372793  0.46404312637888817
  0.47373101245382854  0.48364785581027331  0.49351737200937851  0.50324756771562174
  0.51306341958422974  0.52308528513129382  0.53373746350771911  0.54453162285545653
  0.55562252279433511  0.56706058367018730  0.57858471155439917  0.58971867490589458
  0.60105598935783877  0.61242767263695430  0.62358951665060136  0.63369268280887014
  0.64359633120647841  0.65363055258139158  0.66321825152414837  0.67332483633555529
  0.68298357675750143  0.69418549744962466  0.70625651390189392  0.71739402870172986
  0.72822418867655592  0.73893697803373670  0.74991214491550451  0.75987933177235978
  0.76994737129886559  0.78003981240574471  0.79028788472998290  0.80053597115984954
  0.81051335805506863  0.82094234027518143  0.83188854469461693  0.84240412477757709
  0.85332889893252684  0.86368120627505973  0.87410598149819174  0.88460992658849047
  0.89516965896803247  0.90650351899224635  0.91750173157800574  0.92824672761339400
  0.93813049967615214  0.94791386907947561  0.95773119490088732  0.96651120585526362
  0.97563989646101446  0.98406182415809174  0.99157103455553741  1.00000000000000000
 -0.00015820333334019  0.00138147564876376  0.00347080373662768  0.00633431815604800
  0.01005390343817560  0.01404997100254156  0.01855735982205741  0.02330572967652114
  0.02826797498489500  0.03344556045104347  0.03872195674204162  0.04440765995609735
  0.05041097428551284  0.05654832390963113  0.06279081885232950  0.06933298925874426
  0.07576893672112110  0.08227618259783379  0.08918869757188730  0.09661286147484988
  0.10444079458891620  0.11207362701467583  0.11924327997934024  0.12632231684870943
  0.13369473736310963  0.14133902382512886  0.14919863300540212  0.15708170154488157
  0.16488183436631404  0.17268755161450913  0.18066923257745215  0.18888238480990291
  0.19731088415399942  0.20603652054351532  0.21521373825789264  0.22447299371486445
  0.23283037828044947  0.24064021320657389  0.24871492596766770  0.25687350490888250
  0.26501946715880470  0.27342470604881586  0.28209930657435223  0.29136326279161540
  0.30112621382555760  0.31150909726870152  0.32196444630264459  0.33216880444975133
  0.34200457853959787  0.35203576360076533  0.36201486000663630  0.37186465176033534
  0.38247873946278999  0.39354020594276579  0.40461989806308407  0.41589232351581584
  0.42750771433266660  0.43931053511467066  0.45104736653590566  0.46302147437772262
  0.47562120412228165  0.48812991195189009  0.50036258761908892  0.51246892889213713
  0.52469919471754134  0.53713484379938659  0.54959767090836120  0.56192906904703888
  0.57445258867393034  0.58762992329716801  0.60096150215034483  0.61438370924903019
  0.62801619126635222  0.64205370303343068  0.65645469042121185  0.67090792424752754
  0.68529249325126229  0.70052949060305914  0.71570319577530106  0.73079458809422415
  0.74587731585368533  0.76107106382416145  0.77631378106287452  0.79117069206737600
  0.80587924086600871  0.82154789301151809  0.83804175183309226  0.85481984601969097
  0.87191616910115977  0.88926528126551474  0.90678598882857486  0.92424577059821744
  0.94197776534708655  0.96049667304894171  0.97999430361579376  1.00000000000000000
 -0.00271146452430864  0.00982172324158385  0.02067549356063835  0.03169417344464029
  0.04202267648946879  0.05183281481178020  0.06186967987662741  0.07231536720450948
  0.08261466333462709  0.09346303600978782  0.10354499294559444  0.11470285593190077
  0.12478352614155022  0.13667642209925310  0.14749802868748896  0.15791269606617714
  0.16842363651159034  0.17929664192702913  0.19114536764024936  0.20327090705035289
  0.21361106226753143  0.22339804582133335  0.23259215285767362  0.24151077997782866
  0.25042210019294708  0.25931257441647954  0.26849372025829449  0.27846299556344722
  0.28868960293132551  0.29895281802916507  0.30949348354807654  0.32006964138394317
  0.33064415752166582  0.34174403893328970  0.35312518924145292  0.36421513326178484
  0.37531310485450198  0.38615018402971180  0.39641231188607473  0.40568937203902772
  0.41512335016127755  0.42550798175097565  0.43534413336845845  0.44505890933361586
  0.45484485589613305  0.46575553640767775  0.47764750144537133  0.48881865396957447
  0.49922330836391365  0.50916793298625518  0.51895016964556839  0.52884704358155787
  0.53894814316593109  0.54895899368789303  0.55874762244823528  0.56883298172821450
  0.57974801864308279  0.59095551360021381  0.60253396559913908  0.61444187863366639
  0.62627202387094083  0.63764322455949396  0.64877687930930528  0.65950440450147008
  0.66982925335012633  0.68036855932372464  0.69117865345693108  0.70219205393957762
  0.71330108378025880  0.72478265671648479  0.73647620519635792  0.74808377403653059
  0.75926827310488243  0.77017786375014008  0.78091862948816970  0.79146669076340381
  0.80153053254456230  0.81148571706620498  0.82188878695706957  0.83290598088977796
  0.84421330145045115  0.85528656256826441  0.86647427570476365  0.87758568918880053
  0.88765143489622800  0.89796464576113832  0.90860835854294841  0.91902490705660633
  0.92859121422911106  0.93850463258580252  0.94834985632137936  0.95798909154650214
  0.96748141857467518  0.97727460924624077  0.98839974092159000  1.00000000000000000
 -0.00340973423495415  0.01296775910611789  0.02668057620836300  0.04109926261524519
  0.05496015551850545  0.06834644485668322  0.08144842712521451  0.09449602922735575
  0.10772837442850325  0.12134176565234647  0.13403680812772378  0.14646682060180727
  0.15929272172406300  0.17191701260223752  0.18471651278870588  0.19714968043532363
  0.20944533410777411  0.22024860806899629  0.23098609801288475  0.24244846669261477
  0.25436914737675687  0.26611082336089631  0.27771540768474273  0.28950692110512738
  0.30086129199418787  0.31191337130916025  0.32274014974815962  0.33357146784157415
  0.34479832814004779  0.35633888085294646  0.36814095728796942  0.38024283942806764
  0.39193762786694497  0.40337457806366439  0.41466336832009726  0.42512274896231211
  0.43530862199245357  0.44564440075700956  0.45639692668965837  0.46734551151162379
  0.47769596462781289  0.48830590592895656  0.49919552368351894  0.50998841735260003
  0.52053652777972981  0.53072874582200014  0.54077916141434978  0.55087058369201602
  0.56128617568721528  0.57206828977443591  0.58390207149628415  0.59586107783846320
  0.60719918124457428  0.61754340463887414  0.62711860894811899  0.63661013201618499
  0.64667708405351432  0.65708488528266795  0.66723189871335453  0.67745943195042879
  0.68727125506486209  0.69665117526435660  0.70572898998810030  0.71474987763742992
  0.72331320289726109  0.73153338682880409  0.73943566806097172  0.74773687776985553
  0.75710657015041571  0.76707538918735274  0.77609965552841986  0.78501366010806861
  0.79388773201222618  0.80291286082207225  0.81155565408931385  0.82015181696403439
  0.82932209082538932  0.83883483771511846  0.84917387944613121  0.85984923032005967
  0.86949208839247871  0.87894520011749178  0.88798149915491964  0.89713611064522947
  0.90573952402209057  0.91375961451523247  0.92180585963070694  0.92982756429474744
  0.93833068504808503  0.94685998014367334  0.95530589246639208  0.96388924182803326
  0.97279062351078882  0.98139901996421275  0.99073996271434439  1.00000000000000000
 -0.00231383837113378  0.00945776285516606  0.01950909363669636  0.02986539712368640
  0.03989324155628777  0.04966608516261713  0.05961854322157766  0.07003051209971799
  0.08073311440599716  0.09159325705555829  0.10278802948189729  0.11398312310223065
  0.12477227131384146  0.13529415605878869  0.14565764333130266  0.15599669619329579
  0.16640208599551856  0.17693860662960834  0.18728553095163417  0.19722556471538205
  0.20697739965577822  0.21686672992543546  0.22682973321288696  0.23702028867670105
  0.24763291269018556  0.25902451550685290  0.27070516037185616  0.28214853345901642
  0.29306696300444607  0.30416797779545562  0.31556744377570445  0.32754733814455927
  0.33980800683497764  0.35030133803801788  0.36013135982256206  0.37005470186900419
  0.38037352125854090  0.39110538868487560  0.40222343000243188  0.41358467473660859
  0.42488907677416710  0.43607714110698531  0.44748552254752894  0.45853338157120382
  0.46900930216691111  0.47922138404556092  0.48926725537139987  0.49928124239715588
  0.50924762452334216  0.51915268096264755  0.52914190463488020  0.53919487087651874
  0.54984579650284060  0.56110569412951095  0.57243221325148064  0.58359608945910324
  0.59367761860243096  0.60321032096749094  0.61262933343995196  0.62195658123004971
  0.63119122828189522  0.64030625996969670  0.64994168138920605  0.66041592150553230
  0.67087985445523624  0.68122070366740373  0.69182448367819160  0.70237754794754348
  0.71264463919623777  0.72300240160618501  0.73287486896586074  0.74317598830880272
  0.75361930195044857  0.76483591412851859  0.77563227967006010  0.78636684858778083
  0.79727167724707593  0.80873470687448090  0.81909591298108764  0.82919383233437161
  0.83977348813174713  0.85135462022829556  0.86299164873439538  0.87463175648386959
  0.88635565992024590  0.89803188638085951  0.90943714435466372  0.92069752299738150
  0.93154689581452643  0.94171549188941928  0.95133795461370751  0.96098895953420571
  0.97074549707474989  0.98061368777567992  0.99030171255197263  1.00000000000000000
 -0.00345325360422742  0.01473763477657387  0.02938729107549241  0.04401954828988908
  0.05819981460727475  0.07179867714423145  0.08507515163121972  0.09769817664534880
  0.10966980061306640  0.12122986166305917  0.13295219411628462  0.14511436732781099
  0.15733909470796575  0.16890073081300219  0.18097272345773718  0.19315959287540535
  0.20556319287945207  0.21866754778696554  0.23218399342270560  0.24489060374394231
  0.25738671247564054  0.26994708205354034  0.28232849553251960  0.29479997503095734
  0.30710615381014417  0.31840865998542556  0.32990833060310493  0.34155711493671059
  0.35399375807726047  0.36705321318441025  0.37898958792135318  0.39067558813547432
  0.40189712059983168  0.41268658654471718  0.42352611135067569  0.43454529596143537
  0.44594643989333216  0.45761659675299354  0.46868771521306823  0.47917693784699217
  0.48912760513522596  0.49917415215933975  0.50994517195316913  0.51972175378951568
  0.52990735100097952  0.54023821561564278  0.55056120632765981  0.56024805974051095
  0.56993754887100845  0.58012149018282655  0.59022261232522877  0.59936679083727162
  0.60866346073332445  0.61831844254354584  0.62805392676746041  0.63829710689103536
  0.64819155958077879  0.65856894595531112  0.66905582085386506  0.67923775650444995
  0.68932004155302584  0.69940489058260580  0.70930898444958868  0.71868351169855893
  0.72853888209897544  0.73805978983260190  0.74736300675271217  0.75645651464914454
  0.76579725985119484  0.77514821020557789  0.78428291815414652  0.79330664601472012
  0.80223978741663260  0.81128908626706708  0.82030667371486832  0.82933836204854638
  0.83864495371320524  0.84766472172629725  0.85619831283915848  0.86415908845052558
  0.87219530589162997  0.88049738071384842  0.88897590948477712  0.89760542969869994
  0.90618474628744894  0.91475739585665339  0.92349689656163036  0.93263487762257125
  0.94159300667264434  0.95065727920082610  0.95977265627382347  0.96806187678640687
  0.97614035353225481  0.98413493416660802  0.99210509927523660  1.00000000000000000
 -0.00232127113977140  0.00938332853561751  0.01854452727658246  0.02847484415254771
  0.03841884421626579  0.04889704206429285  0.05964779811703409  0.06976691965752579
  0.08067474849801488  0.09115759442341595  0.10307471443936253  0.11415657028819419
  0.12500832613023918  0.13627119860598749  0.14683202878659957  0.15757412737534726
  0.16762220170847764  0.17736277611977572  0.18729720101209374  0.19712760987674444
  0.20682606298418971  0.21730410153167259  0.22748151191251115  0.23820120763456146
  0.24883334973391796  0.25935019356408107  0.27006213389255362  0.28032328976107324
  0.29040247938269004  0.30106930844308427  0.31186360538320496  0.32280293890150424
  0.33322081786975849  0.34387578554361020  0.35483033067738023  0.36632642853778985
  0.37852776412260308  0.39017278685290935  0.40108931992963559  0.41150368148719518
  0.42184498599396680  0.43224745526800895  0.44298634388766611  0.45414819122391464
  0.46519075442705493  0.47548094040626554  0.48507781087770813  0.49453298283320746
  0.50409722268468982  0.51381375917272820  0.52421481042552154  0.53543002915162574
  0.54683692684682239  0.55829525250235901  0.56956458455787073  0.58063512396177674
  0.59159678569634466  0.60280127242462833  0.61356578850686094  0.62414945694202006
  0.63445269826210016  0.64493444103794995  0.65568648253032702  0.66644904378796421
  0.67856521757993105  0.68992811287142741  0.70053187297472208  0.71081342576430895
  0.72126310777976621  0.73142315124221846  0.74085775800546716  0.75042807865298466
  0.76082377139779944  0.77129491772472869  0.78133734867233073  0.79182938333016517
  0.80320525625895600  0.81451952469932476  0.82536498914360512  0.83601104988321817
  0.84642738834281128  0.85702234992455439  0.86840149099776287  0.88037084766479612
  0.89214611967670165  0.90291728003893323  0.91291177680847624  0.92311597512101040
  0.93340773106451391  0.94307940192792261  0.95233877531659195  0.96198772836220203
  0.97229645486076710  0.98218847667684872  0.99124816586891928  1.00000000000000000
 -0.00204023540642139  0.00747909948085446  0.01583074245198149  0.02450412051504087
  0.03367651426504035  0.04272143133692802  0.05187954313049140  0.06074821515107897
  0.06997264122235844  0.07955539507423623  0.08911963219557369  0.09873310119465827
  0.10775605199315891  0.11617984921482201  0.12470404667099851  0.13339526456397566
  0.14213575871231732  0.15037038536935329  0.15822039522693329  0.16639064754764574
  0.17498326330279665  0.18325072977781617  0.19125994162109045  0.19964398167866246
  0.20822252409838482  0.21698030901993501  0.22555999048538128  0.23420325286655297
  0.24310613099440712  0.25204892438956250  0.26075231599119730  0.26942195198233404
  0.27827034793191119  0.28738582014196662  0.29650899333474312  0.30560390231616591
  0.31515612236415086  0.32552266845884770  0.33582195996429909  0.34578942878892155
  0.35592457106371966  0.36611583037142353  0.37658293955181732  0.38728652020548771
  0.39815849641048084  0.40936695102996107  0.42018333501394611  0.43093315886735989
  0.44119678245293387  0.45068081432212825  0.45965000823246194  0.46865039696085969
  0.47774936824701486  0.48807699414108668  0.49876903167653475  0.50979897561523180
  0.52114053009486805  0.53291277624590705  0.54492727786945006  0.55743845636791234
  0.56967337212326163  0.58188286563207037  0.59405295200901265  0.60609537605571018
  0.61812648079228094  0.62977402817327877  0.64064478667774338  0.65132627124689657
  0.66261240016829226  0.67436056957063450  0.68580758666820063  0.69707771811304253
  0.70822923290989959  0.71963228572553417  0.73105712239657361  0.74226849955119256
  0.75344767608256014  0.76495227396198506  0.77734122614498580  0.79040537640549513
  0.80405546137788064  0.81807618149477546  0.83201520287893382  0.84597229565209964
  0.85966606928271272  0.87306137168887377  0.88606784052907639  0.89886936910046877
  0.91191829845458328  0.92501962773511703  0.93827369946333417  0.95076701971043542
  0.96275211949451234  0.97430504921796723  0.98724735171232991  1.00000000000000000
 -0.00248661757400248  0.00943957523669909  0.02039263900264817  0.03113184386200234
  0.04189064393270436  0.05319495036691560  0.06461912991105395  0.07597309199863829
  0.08655365472405796  0.09648481668664552  0.10608089372539387  0.11510776516395659
  0.12598332225926590  0.13680220951539582  0.14719365831894046  0.15685459879487043
  0.16716539147961257  0.17802865194215031  0.18840359916009014  0.19792368406437372
  0.20711535299448208  0.21653394553586722  0.22575557472212995  0.23489100945644084
  0.24438221289028089  0.25452150032182447  0.26528288005855405  0.27611995348588397
  0.28703740219914631  0.29790924214685155  0.30862245175158898  0.31968231726167767
  0.33089837715545362  0.34154487828571545  0.35157115863100713  0.36169966231522682
  0.37199081441453807  0.38241023114374617  0.39299795630157230  0.40389547552272359
  0.41478403628002264  0.42525685235795563  0.43549724816486540  0.44636776426975888
  0.45775590940842237  0.46730090364783317  0.47660507548718301  0.48579448311124557
  0.49504732267905899  0.50441370979347255  0.51374699296464676  0.52347816164300165
  0.53443575134956212  0.54551644197316462  0.55599209618031931  0.56613757781295104
  0.57627865733951555  0.58638419149301102  0.59656514566916219  0.60752662525994361
  0.61934265368720776  0.63119523096007324  0.64265351242547730  0.65406810062507215
  0.66571914327107096  0.67737223310748063  0.68911243281727574  0.70096058179905829
  0.71255174836883772  0.72407744771933491  0.73451105534075944  0.74474898109076493
  0.75503852783098990  0.76531707708436869  0.77602576132238632  0.78675397292221538
  0.79744096021474264  0.80800931406709842  0.81829060546920507  0.82852469802653139
  0.83892353433849864  0.84954523179453900  0.86061794399038549  0.87166664447552411
  0.88232133059688267  0.89244301094574674  0.90204968328588442  0.91258595695263023
  0.92320795824320590  0.93344870309313221  0.94364101661996436  0.95397608371552489
  0.96444430569519002  0.97555765875865574  0.98728327613704081  1.00000000000000000
 -0.01769945339442730  0.09902333505080407  0.16092440092516619  0.20508241666913005
  0.24091922028765458  0.27343636092992502  0.30132009629508094  0.32651906479235404
  0.35054550740367241  0.37169861488164602  0.39009911675556469  0.40764405592699110
  0.42383823211536548  0.43898350393867985  0.45355684957259890  0.46718217364697329
  0.48041829907908101  0.49347709637210235  0.50626921554611448  0.51826438620119175
  0.52982439864765773  0.54083336295348350  0.55126739170977035  0.56155024518337537
  0.57189534820889276  0.58206638765313334  0.59166680442159114  0.60106131265413221
  0.61053183299763791  0.61981362219932112  0.62884314504037198  0.63784855695243092
  0.64668026031220704  0.65534711113449806  0.66394195204690609  0.67231819886770139
  0.68037982409378261  0.68818058146050087  0.69570989599339050  0.70301720457566097
  0.71026502303280925  0.71733285414164982  0.72419235741974153  0.73093313799241499
  0.73782478427645526  0.74463386060160197  0.75113615845125103  0.75741227138382816
  0.76365506679077089  0.76983034146531371  0.77577275352794384  0.78177045030832659
  0.78789959621392536  0.79390483741139772  0.79972592909455065  0.80551283098572879
  0.81132230854092580  0.81736209089793155  0.82357981629728105  0.82965191056213072
  0.83577293824420340  0.84201479753083530  0.84813897945421413  0.85421628793336923
  0.86010670376047083  0.86597673337236225  0.87132731783056427  0.87619740447468852
  0.88076760007337129  0.88515865848069064  0.88974214946614649  0.89457868709999055
  0.89941827854460776  0.90417746448212033  0.90894752300276926  0.91371587375953589
  0.91844485711405921  0.92324100013112287  0.92790509732868953  0.93252688151917396
  0.93704351378408957  0.94151025279412015  0.94609416496795651  0.95065461692537667
  0.95507337439503526  0.95930674189557053  0.96329496902001621  0.96722089022748203
  0.97121149443170185  0.97525094120032829  0.97935328142260469  0.98349296773939188
  0.98760322207444706  0.99170865209531756  0.99581544701660518  1.00000000000000000
 -0.00253528743424692  0.00917854382185448  0.01980275224273993  0.03107996067930113
  0.04201562812485424  0.05291984786078551  0.06417861730231691  0.07635539291224251
  0.08834619115451126  0.09995062915371829  0.11125432559075811  0.12216653018489862
  0.13286768390492285  0.14348396058836349  0.15406147565951306  0.16457218784482341
  0.17502412098278516  0.18546966290240327  0.19606193994464302  0.20664034596681993
  0.21703926993105754  0.22717964057494913  0.23700231689455054  0.24711862951380723
  0.25750227829056244  0.26755048769899742  0.27762096533495173  0.28796396288532639
  0.29889592792118647  0.30984138146523088  0.32064484435753438  0.33144938334689389
  0.34230227309357725  0.35310410319363245  0.36404649589811999  0.37511978395531392
  0.38593478434595457  0.39641408173794668  0.40691303489889430  0.41764407998628411
  0.42882810290798945  0.44001903635698086  0.45077201444566461  0.46066344652933466
  0.47033662522844499  0.48048484434783162  0.49135265153725660  0.50215568133425681
  0.51264630178601822  0.52312196733240868  0.53395885982968805  0.54487153035361091
  0.55564979103634693  0.56653888469756997  0.57741693061304289  0.58819593617816512
  0.59878939473605619  0.60966901919682626  0.62061356368060649  0.63115457439341494
  0.64115672703912863  0.65070871516771522  0.66035592763347462  0.67038303352816553
  0.68092606153110780  0.69189840515971135  0.70299389059282746  0.71409964896270062
  0.72513121598089481  0.73558090986814872  0.74574052401368929  0.75598528671813414
  0.76643597547518449  0.77626268690805689  0.78562511586835893  0.79552993681193673
  0.80580292383160057  0.81614331954146813  0.82623644276955321  0.83576773334055887
  0.84489569029993539  0.85410826746333590  0.86331295641403871  0.87274991101644894
  0.88230820220505268  0.89155069199414971  0.90088609869822533  0.91019229648615863
  0.91917606679017561  0.92856689444127627  0.93876009023121065  0.95054173623757310
  0.96287198635147186  0.97509717069550239  0.98728648322864598  1.00000000000000000
  0.03149115846433329  0.31330622876865399  0.38092079931663930  0.42897138861769291
  0.47110722885235495  0.50621566595674150  0.53456141467303586  0.55978530928323800
  0.58370254772605290  0.60607245867004100  0.62531463563628287  0.64370316404306283
  0.66061754169874010  0.67596663965742432  0.69028985625460859  0.70375524911357956
  0.71638713861293579  0.72821240347437632  0.73921562028605103  0.74972531355596639
  0.75951528931936030  0.76923590715565227  0.77886644395075100  0.78809994288450846
  0.79665704523792391  0.80472255876414667  0.81242848994481698  0.81979985952891565
  0.82694292261282731  0.83371043129388833  0.83996660536821810  0.84588102271823551
  0.85166520865330397  0.85717383554053828  0.86243970113998503  0.86760113297376096
  0.87246789363569888  0.87690620809943054  0.88101957143511178  0.88504695726602234
  0.88903824148385568  0.89291015160217790  0.89664850660774653  0.90026006027391592
  0.90377556740140819  0.90711146892049754  0.91024191404551402  0.91323592080086746
  0.91610379141472775  0.91886553054922482  0.92156275179404468  0.92419546670756070
  0.92675031926621154  0.92921867657775226  0.93160109838089988  0.93385614622856949
  0.93608656766053955  0.93837947271670985  0.94051739723735095  0.94263745636589746
  0.94473658355641688  0.94676598306748450  0.94879231317793078  0.95080817381632887
  0.95280109077538488  0.95472981191184147  0.95664633510657315  0.95846573374007926
  0.96018320049534611  0.96186555661461604  0.96353577154272751  0.96515058515303831
  0.96670838091472655  0.96821551101391490  0.96970963794449361  0.97119190542941058
  0.97267851839513042  0.97415462478807802  0.97556399006747174  0.97693428550503281
  0.97825868700455754  0.97957377625911957  0.98087786373462693  0.98216907717920121
  0.98345163750243103  0.98473806771153860  0.98601369244371118  0.98722405565049931
  0.98842821300657047  0.98965531962721709  0.99090916536531193  0.99219021809928587
  0.99355756554588315  0.99510678384559070  0.99717514353181791  1.00000000000000000
 -0.03221899104249276  0.16707906163131714  0.22219471969090218  0.25442599781527869
  0.27712173879830826  0.29679571794736559  0.31441860593344473  0.33056620846214357
  0.34539384592429057  0.35869532311389729  0.37100510440494189  0.38264942054750328
  0.39400662804765213  0.40508657131614950  0.41531260511932500  0.42431923112451209
  0.43245638913170076  0.44011643228326264  0.44758323307891346  0.45495824791460748
  0.46196485188636344  0.46877543142553113  0.47556853876938793  0.48253866181904731
  0.48957446791326842  0.49628717529163596  0.50231846674283032  0.50789433068758238
  0.51354095121159626  0.51917616017903356  0.52473253642144813  0.53022423205695668
  0.53555043351306364  0.54077145154193895  0.54582300739996470  0.55080197336385939
  0.55576405870471135  0.56051305986721855  0.56520556414838075  0.57012353038965180
  0.57514100786372624  0.58024528346265414  0.58554902336230130  0.59084399059149106
  0.59606249060185812  0.60125013124454996  0.60649438799650646  0.61166163503699045
  0.61648159153192017  0.62117631558355557  0.62584861906376110  0.63047141232518422
  0.63511297166390335  0.63980637199939605  0.64452330607569364  0.64931589333987405
  0.65422354562430618  0.65924727140992445  0.66435621313120008  0.66945843372740010
  0.67451000232134384  0.67937724066911176  0.68421850222698422  0.68910264286072120
  0.69396310348419044  0.69895087168649861  0.70405966044513724  0.70929082247712893
  0.71454738864119960  0.71973561086211402  0.72474046885616628  0.72977366101628249
  0.73504139642892752  0.74043421952116539  0.74579837849756425  0.75111228456456403
  0.75643340979242546  0.76184596257267101  0.76730717897639589  0.77290218114566089
  0.77854292244740497  0.78430277481012145  0.79040617483920450  0.79684382875967497
  0.80358335591182806  0.81088413127702330  0.81885137431677657  0.82741840826297575
  0.83641800636098051  0.84583526853520763  0.85588446809142760  0.86689532888343790
  0.88010660770227445  0.89695408652576092  0.92413343271217696  1.00000000000000000
   1.5482797324450342E-004  -1.0000000000000000     
 T F F F T F F F F F F F F F F F F F F F F F F F F F F F F F F F T F F F T F F F F F F F F F F F F F F F F F F F F F F F F F F F F F F F F F F F F F F F F F F F F F F F F F F F F F F F F F F F F F F F F F F F F F F F F F F F F F F F F F F F F F F F F F F F F F F F F F F F F F F F F F F F F F F F F F F F F F F F F F F F F F F F F F F F F F F F F F F F F F F F F F F F F F F F F F F F T F F F T F F F F F F F F F F F F F F F F F F F F F F F F F F F T F F F T F F F F F F F F F F F F F F F F F F F F F F F F F F F T F F F T F F F F F F F F F F F F F F F F F F F F F F F F F F F T F F F T F F F F F F F F F F F F F F F F F F F F F F F F F F F F F F F F F F F F F F F F F F F F F F F F F F F F F F F F F F F F F F F F F F F F F F F F F F F F F F F F F F F F F F F F F F F F F F F F F F F F F F F F F F F F F F F F F F F F F F F F F F F F F F F F F F F F F F F F F F F F F F F F F F F F F F F F F F F T F F F T F F F F F F F F F F F F F F F F F F F F F F F F F F F T F F F T F F F F F F F F F F F F F F F F F F F F F F F F F F F
  <DiscreteSampler_grid>
  grouped_processes
  1 # 1 for a reference and 2 for a running grid.
  10 # Attribute 'min_bin_probing_points' of the grid.
  1 # Attribute 'grid_mode' of the grid. 1=='default',2=='initialization'
  0.0000000000000000 # Attribute 'small_contrib_threshold' of the grid.
  0.5000000000000000 # Attribute 'damping_power' of the grid.
 # binID   n_entries weight   weight_sqr   abs_weight
    16   10   2.301233677522214E+004   1.956653976101971E+009   2.301233677522214E+004
    17   10   2.301233677522223E+004   1.956653976101990E+009   2.301233677522223E+004
    19   10   2.301233677522214E+004   1.956653976101971E+009   2.301233677522214E+004
    20   10   2.301233677522223E+004   1.956653976101990E+009   2.301233677522223E+004
    22   10   2.302583620535467E+004   1.959263734718270E+009   2.302583620535467E+004
    23   10   2.302583620535475E+004   1.959263734718290E+009   2.302583620535475E+004
  </DiscreteSampler_grid>
