  0.00311811543356416  0.01334472691582909  0.02278769700122477  0.03258123101922243
  0.04247196309151848  0.05198924354362858  0.06137600914503100  0.07160131910045424
  0.08226209412004895  0.09288274757348086  0.10326209891666974  0.11412329566206039
  0.12491692791305220  0.13473472673978268  0.14404296067190570  0.15421620595350352
  0.16555167749360988  0.17697163571481325  0.18769014475923054  0.19778909828768068
  0.20826341819354252  0.21628633979778580  0.22584266852595047  0.23524254896722344
  0.24450707962336102  0.25355733564660871  0.26309875591162846  0.27307233599007685
  0.28411138577799294  0.29579679271217640  0.30784809470310598  0.32039093373396210
  0.33117713275575300  0.34177258709893515  0.35235667710967805  0.36326730680516978
  0.37357801785088957  0.38359730839407402  0.39327863136760421  0.40312546261192012
  0.41342657038012071  0.42428643643857655  0.43473262059713325  0.44458632811852500
  0.45449542141944210  0.46454035078843953  0.47565280217814815  0.48571465355694243
  0.49599168209540301  0.50651527230663806  0.51755618698616235  0.52911040425979683
  0.54142923837835277  0.55290415610261834  0.56420347914274671  0.57374127131314523
  0.58308309305459916  0.59208535607900126  0.60125750787455023  0.60993503755605427
  0.61846714743086473  0.62744088980125745  0.63715871875524488  0.64679258224567626
  0.65618533293204284  0.66588723716270171  0.67604189064031206  0.68593717597160009
  0.69643632887739393  0.70807594952248432  0.72077831581717378  0.73336928609476082
  0.74480066777218656  0.75641497043850714  0.76819720676652481  0.78073734302627296
  0.79397570466662382  0.80650939074758399  0.81744297595906235  0.82707140113908795
  0.83692447841346540  0.84755482968202911  0.85805533927801514  0.86759306551461213
  0.87684416726981063  0.88613410082821098  0.89593399280529273  0.90601985973531829
  0.91666727505583789  0.92790788525738765  0.93932906235885716  0.95082674082135743
  0.96216628269433735  0.97328972151252313  0.98556926710009385  1.00000000000000000
  0.00718346369542589  0.01532776371644835  0.02616348178027650  0.03752477795527388
  0.04837977689003990  0.05973865284727429  0.07078957912813108  0.08183961975342116
  0.09237785125291631  0.10191170913604242  0.11117591236778525  0.12060116739215053
  0.13063201624424331  0.14082662364784346  0.15103418697702770  0.16134829541469189
  0.17124949950405671  0.18090021072949194  0.19109795636837504  0.20192284808793767
  0.21279507249415072  0.22395215794242804  0.23502363833866394  0.24688050410787871
  0.25881342183993489  0.27105998693255617  0.28411457254761102  0.29738383760164172
  0.31048734313058080  0.32329414430480929  0.33475383281468180  0.34456908826907945
  0.35416158379656837  0.36303202018520886  0.37189208702994059  0.38103038492862884
  0.39016013653068438  0.39960109935602350  0.40960534613400368  0.41963665439719189
  0.42937932463150907  0.43893640225721164  0.44853733639481519  0.45843740299460317
  0.46843179965320286  0.47807769394617683  0.48795311903011374  0.49819387615382560
  0.50857877969117604  0.51970643233473590  0.53086772398425630  0.54168991994297289
  0.55317632708596742  0.56480159883446046  0.57563017851202136  0.58665710746761490
  0.59768110565715127  0.60911740697554595  0.61998294963858636  0.63109752731471669
  0.64263577334722144  0.65382125502769206  0.66481697717940547  0.67529639827524168
  0.68608663986404250  0.69609572397192498  0.70613786888643926  0.71598872744360031
  0.72609901326875848  0.73613596674501991  0.74669895908633732  0.75473684715156475
  0.76225325317849113  0.77019082231523783  0.77983163465128724  0.79054094341354608
  0.80037530657173184  0.80977862527674349  0.82035557329587372  0.83112562628722397
  0.84071001690799285  0.84979562131239095  0.85887234697434234  0.86817150743007321
  0.87808811338649695  0.88928405419960554  0.90065679991996050  0.91237074386557726
  0.92366122821600738  0.93564432745475135  0.94575406098679837  0.95574258040365767
  0.96488849084717354  0.97319902923624468  0.98275718527726186  1.00000000000000000
  0.00285087298178863  0.01277882680412677  0.02347443604765574  0.03466629544194231
  0.04564844450526131  0.05666690105463786  0.06690943193246808  0.07717519837986543
  0.08748918621801856  0.09784692648442052  0.10842991851220862  0.11931844400073756
  0.13047045667283130  0.14190569159091523  0.15429448657801945  0.16675535708705891
  0.17908632316265177  0.19119422947073794  0.20360634730459989  0.21579151336258603
  0.22769324392701856  0.23823407357651669  0.24860598843257475  0.25929757143328447
  0.27066340076692280  0.28050311137455752  0.29028556309258796  0.30007653226305275
  0.31034946650445799  0.31986391867790037  0.32902878486138726  0.33896848824202841
  0.35154301420953460  0.36305634916378793  0.37442475904090033  0.38550645494521568
  0.39603249971214538  0.40575804769570456  0.41553754008879307  0.42660491627891262
  0.43838519222234168  0.44990894827793160  0.46131623894595891  0.47263748976358677
  0.48362677578717800  0.49402743607470972  0.50406101424907934  0.51401608092693385
  0.52443264726474070  0.53453515050590206  0.54430170726295879  0.55392250929034936
  0.56318556825881061  0.57169876572993927  0.58006193416382723  0.58928338110130052
  0.59926358099897847  0.60909446031956127  0.61793908791562602  0.62698075241505868
  0.63606740709031429  0.64649454237737525  0.65713043767517099  0.66678302434809467
  0.67619069642465501  0.68574071677865767  0.69599551729468989  0.70638153645120627
  0.71647273905411446  0.72596463704785130  0.73612234430829748  0.74716355774761489
  0.75892445115570317  0.77069570621150241  0.78148620081920639  0.79175784499835655
  0.80153935490708106  0.81131416657239741  0.82107666840932703  0.83104426485481508
  0.84108590885876899  0.85124230054289463  0.86171673640548707  0.87244362998590319
  0.88374588943084953  0.89521792227662644  0.90671973507781900  0.91768843687290824
  0.92871090330154937  0.93920935785627413  0.94878056500729968  0.95806614311394100
  0.96800714144104127  0.97744869904423803  0.98873822129813516  1.00000000000000000
  0.00615561408761872  0.01964605726867365  0.03295403830737985  0.04517070570315421
  0.05725840574709763  0.06915512552704738  0.08100595000196459  0.09296981829249396
  0.10532415908049739  0.11736346095900640  0.12933168180576737  0.14099095168176773
  0.15255296737091614  0.16373276461597677  0.17473517164547814  0.18582789706868788
  0.19692585941760815  0.20741054087946179  0.21750679413016333  0.22731607506149054
  0.23700576817304950  0.24694680776914890  0.25725420131739118  0.26753187345477869
  0.27761716300716061  0.28776383537450428  0.29826326248878204  0.30919791191720353
  0.32126784666746888  0.33311929334722185  0.34482835762488606  0.35537634718703492
  0.36635791738920437  0.37632357200950445  0.38584765381023284  0.39572536450738832
  0.40584813829424093  0.41620448403726218  0.42663596786313052  0.43807168470643454
  0.44983588800388374  0.46001267359689602  0.46938065714287835  0.47887696270071117
  0.48890989287689901  0.49933276396229720  0.50980841279959355  0.51985785311567134
  0.52952954849050782  0.53888543341560302  0.54882603735873747  0.55967003082912903
  0.57077031275814682  0.58121284483088886  0.59064617770940131  0.59966703038150715
  0.60831010736389546  0.61705926699279412  0.62673924705056250  0.63687771250057934
  0.64645970851246815  0.65551007488676705  0.66490401646669151  0.67499286449103357
  0.68512320866519238  0.69504730560623995  0.70474571440689615  0.71490625922005424
  0.72485702244959704  0.73458146754726927  0.74349675559812312  0.75268303368844214
  0.76220654718520997  0.77297365707647758  0.78493323325123043  0.79693267153879122
  0.80807708147077018  0.81855993191903154  0.82864297325307423  0.83861301326795812
  0.84823111523542716  0.85836714864307617  0.86864775291110519  0.87867284280583413
  0.88817665544297819  0.89785266485290527  0.90754702362278350  0.91702630168429156
  0.92619013514663295  0.93600096639482799  0.94685888142005270  0.95787227660516816
  0.96826851210983356  0.97818004731021668  0.98841460284857752  1.00000000000000000
 -0.00007962477973665  0.00078838659992186  0.00185289026980829  0.00350419535891145
  0.00560118917751385  0.00822808421020495  0.01131267963497215  0.01470915184647702
  0.01840637633750991  0.02271352032202253  0.02680869370219539  0.03132835301699780
  0.03651424560728992  0.04141011537108514  0.04652690671753328  0.05263308091346274
  0.05974917627453496  0.06732427411373124  0.07513138173531998  0.08247880333519228
  0.08969520623164126  0.09697568531639633  0.10456821678633754  0.11304027878143458
  0.12256708719060636  0.13179813122731174  0.14039432241399641  0.14845915376455227
  0.15759544805205175  0.16629917459058785  0.17523457451493818  0.18397205564878455
  0.19262266593203750  0.20130850362079744  0.21028467455236438  0.22024360032147999
  0.23014085241855106  0.24039954103714004  0.25200044562462315  0.26421569819071872
  0.27648459816299670  0.28865529280823365  0.30065274674557119  0.31247381788449208
  0.32446158181503132  0.33675685222205837  0.34906557393846838  0.36062932383783236
  0.37209631220575856  0.38327610589018424  0.39428106307323879  0.40553889419835304
  0.41745328935599035  0.42978171281878935  0.44275086590541718  0.45577789228391868
  0.46896527007981348  0.48252146664565265  0.49647601502074495  0.51039273871555924
  0.52528158097710564  0.53934947973145519  0.55291215932771454  0.56640922196752763
  0.58009417182042866  0.59370249262552022  0.60728629934257916  0.62051322117856866
  0.63329304470942627  0.64582655216837370  0.65828491558022795  0.67081214127557964
  0.68392149987170525  0.69698095774408197  0.71023831978336327  0.72347985086002542
  0.73690526065410034  0.75046844941717705  0.76371020670297207  0.77705314846927798
  0.79047919286815160  0.80450609019627051  0.81909880285322456  0.83390398602901583
  0.84839843554901750  0.86205069900779330  0.87563717482662229  0.88882458250062057
  0.90163333385873101  0.91450941405557384  0.92853458126633459  0.94268551616115648
  0.95668637416582702  0.97081538519769350  0.98522421031299967  1.00000000000000000
 -0.00192629997391680  0.00837705098607451  0.01688376270247791  0.02602625609028711
  0.03538567832799311  0.04523229195595771  0.05628698287603096  0.06717850241768027
  0.07859970479966950  0.08982887491440067  0.10098043267141835  0.11206650282224992
  0.12285357266735020  0.13395422398716561  0.14465824701141183  0.15555702599927010
  0.16642271118258747  0.17727781866278719  0.18809913698632655  0.19972895328053586
  0.21129565782971255  0.22235037267109672  0.23350854709856522  0.24458986557387083
  0.25486488415675873  0.26443435962268880  0.27441829982560029  0.28451706718773134
  0.29390616219455423  0.30224784855263265  0.31047242071143255  0.31917823400556061
  0.32863814351792392  0.33814781816810174  0.34748339552643936  0.35656317555418210
  0.36715312639007114  0.37729399808751057  0.38701495907651007  0.39627718777108972
  0.40579414657081403  0.41536261824581100  0.42510101467037914  0.43475707238465217
  0.44464926993975334  0.45501898793943446  0.46607163648948552  0.47672149324272017
  0.48673655606378896  0.49691790734931240  0.50742702034753062  0.51833895380413342
  0.52948857760231305  0.54141448513771806  0.55405087013322785  0.56670822841958868
  0.57919352829552928  0.59020638234163825  0.60110498703017579  0.61196613063675565
  0.62243915381001169  0.63101714715974422  0.63964565798338457  0.64924012154019306
  0.66085114038695758  0.67347338004817281  0.68557190211085495  0.69656300723580988
  0.70661221616871428  0.71666609808409787  0.72683957148043155  0.73717215592782881
  0.74740169807704471  0.75730587318121190  0.76710125335327417  0.77759632355886943
  0.78913973453075847  0.80135015124353126  0.81384843824178232  0.82640951174295219
  0.83873926553540046  0.85049233136409297  0.86117772746828458  0.87093583745653369
  0.88067269876224952  0.89095471061761644  0.90136816143122400  0.91142669875658555
  0.92189012609564447  0.93265675380230550  0.94300981801848482  0.95312922453511106
  0.96379944138951201  0.97601721385090312  0.98785162733371079  1.00000000000000000
 -0.00181348609400746  0.00797979377782656  0.01719475532180587  0.02683946557352993
  0.03743669448429630  0.04763701567829986  0.05772502461328911  0.06836792195754970
  0.07977183315817175  0.09069029243037281  0.10137128952304515  0.11210909144906535
  0.12303675738529853  0.13380989322685674  0.14427713006383744  0.15516687755045258
  0.16658671383370610  0.17797257989849544  0.18895622136615847  0.19926290888407186
  0.20960615209264585  0.22023521169935481  0.23135253340689063  0.24257755200539960
  0.25357755779366320  0.26446075070525066  0.27447647851536755  0.28422336323660269
  0.29374613417564266  0.30342714824957701  0.31348287028338140  0.32383422237452220
  0.33432235631834778  0.34459638343760857  0.35456560251669894  0.36456012585976283
  0.37511654059745420  0.38539853839543764  0.39510270570560568  0.40432722707463953
  0.41354305650500639  0.42331870727790594  0.43345726940335122  0.44376460805397028
  0.45388517523079319  0.46407559363195910  0.47493469295791585  0.48643227062594929
  0.49819791550989501  0.50923447399066069  0.51993118580924313  0.53088858062349886
  0.54174028125824603  0.55186937073166964  0.56206266912244751  0.57305024112764003
  0.58443043180807808  0.59520653341056085  0.60613899172452301  0.61691627215069844
  0.62775573243961746  0.63867381245309129  0.64915434981702003  0.65970050959423454
  0.66980312728129587  0.67984490165883893  0.69064461202225425  0.70205233476201645
  0.71319789697399327  0.72397719307233732  0.73451565750155412  0.74543832447922487
  0.75644555154163406  0.76656594178649651  0.77733980511096323  0.78827321305091103
  0.79914536312423812  0.81005021218533690  0.82074259995743992  0.83103429274103213
  0.84066436554572066  0.85045929286994959  0.86097979603599362  0.87274881701190354
  0.88477842058201694  0.89558891371359273  0.90544304508694140  0.91553757160242621
  0.92646304971994387  0.93829344233052248  0.94935703474645894  0.95987010491796843
  0.97023370977075030  0.98042521470553645  0.99025383093053498  1.00000000000000000
 -0.00292990561066084  0.00994165749352667  0.02122404608301296  0.03266360282067460
  0.04419411250582470  0.05600346023237051  0.06745036587398895  0.07887775185361874
  0.08937177887403988  0.09917561439091011  0.10909390424087176  0.11948145200823496
  0.13085102625545456  0.14183685548947172  0.15173995957143940  0.16171613169130047
  0.17111095712188942  0.18117327269717173  0.19094401071618183  0.20080509409829922
  0.21123887071536343  0.22188526618257609  0.23290292500771897  0.24338840442792248
  0.25490424928771160  0.26646641415909933  0.27729647235077592  0.28736113682031761
  0.29626237788958409  0.30484206241016326  0.31340874183613593  0.32252659838735320
  0.33209365891772091  0.34214628963783489  0.35262168063733146  0.36302995537605609
  0.37341258937976274  0.38319045118529610  0.39316798652905488  0.40314635119567810
  0.41252404391038683  0.42148647333260825  0.43052666356845937  0.44004623552578709
  0.45076680069455383  0.46141389651832543  0.47093387828372990  0.48003944597143039
  0.48872179027240731  0.49883721331988884  0.50796503934193293  0.51731858373660566
  0.52710973930712335  0.53952999927682044  0.55312536495184061  0.56550154046703704
  0.57704693077093139  0.58824368332015742  0.59975711372701390  0.61212881144633113
  0.62381288765250698  0.63473033742734586  0.64510999563646620  0.65515942067420851
  0.66581618603011095  0.67677730351005616  0.68835427174458019  0.69946608647704711
  0.71013873491842694  0.72088874110807344  0.73136839942039900  0.74184248188301838
  0.75311540774711749  0.76525535411797085  0.77729016278900853  0.78886992973756309
  0.80022649419757585  0.81124360933976780  0.82183392227031493  0.83202458451425687
  0.84275503837750709  0.85415115719050494  0.86546287178053538  0.87669343272218159
  0.88723603482728597  0.89744755482757121  0.90770980163087156  0.91775705423416754
  0.92769385546703798  0.93778952728669784  0.94828646147737006  0.95868192453618684
  0.96858734859091011  0.97857432665647093  0.98886044009676766  1.00000000000000000
 -0.00229602828267351  0.01000092484802140  0.01986240082378892  0.02931804973395532
  0.03929185198418375  0.05012360717400769  0.06155753511262849  0.07371882010401494
  0.08489885045612737  0.09571474664902979  0.10641122365216210  0.11718106345604867
  0.12763436373723325  0.13840180342392736  0.14993079789241415  0.16048072845291120
  0.17059782696830836  0.18059603173137964  0.19081218957528503  0.20302262823347023
  0.21449067723415510  0.22643994551259877  0.23797799437058426  0.24917912426747563
  0.25988880526334618  0.27116983734457539  0.28356092206489836  0.29546164358732618
  0.30539363846133455  0.31474131719037041  0.32412123692569189  0.33436522367497834
  0.34477755269208737  0.35502795907971452  0.36532049825763568  0.37574895092355282
  0.38610150000617466  0.39697714104758053  0.40766632591320945  0.41845280223283532
  0.42928534666905377  0.44055237560306848  0.45168386992479076  0.46246372859750101
  0.47284297392884056  0.48374832594410694  0.49537484848106300  0.50620830352643797
  0.51625360536605558  0.52645870559691998  0.53684938400016535  0.54705237484170466
  0.55686515470716258  0.56778867775688879  0.57994013239064124  0.59195493667693588
  0.60316481749813977  0.61314769239954803  0.62258545846617697  0.63169098527530487
  0.64100946581102336  0.65080312214528779  0.66072716684495469  0.67070944063961813
  0.68093306398944442  0.69129217142620258  0.70207920817508718  0.71212617145928681
  0.72216037432421887  0.73141141409525989  0.74075146220691845  0.75025743743297046
  0.76044579400070289  0.77065737505282839  0.78123703744366535  0.79193554307977521
  0.80235047998020104  0.81363295136143199  0.82500027261422360  0.83536926456131211
  0.84446482467596595  0.85421717984030698  0.86506314063652934  0.87651044613395113
  0.88546919868460594  0.89438740641912107  0.90354960357756076  0.91301827220835996
  0.92324925511087563  0.93396891602306864  0.94530150810049784  0.95647375653982869
  0.96784640209983852  0.97901950390623504  0.98955458456024392  1.00000000000000000
 -0.00225792435919076  0.00877732004313387  0.01825137948674854  0.02785089715783869
  0.03692203694421679  0.04677987774452237  0.05677685846592112  0.06700936798535684
  0.07670160337073105  0.08682039130233019  0.09667418327645981  0.10597609333053884
  0.11517824935291088  0.12487609705297328  0.13513748861075350  0.14483569587578191
  0.15549998409635341  0.16700990652212080  0.17913499332563182  0.19091246868804604
  0.20126458398013186  0.21058365464542753  0.21992462708734276  0.22983814895472623
  0.24033037469091856  0.25099527840615243  0.26164167834900676  0.27274405180827871
  0.28467642329163934  0.29686836162500302  0.30806711683251753  0.31939193566124663
  0.33112250765597528  0.34258875394428362  0.35394334200018845  0.36518133766861061
  0.37683243747491002  0.38689617119984726  0.39671160542408113  0.40607710425076926
  0.41514842610182406  0.42420357113853413  0.43378272792436329  0.44439731354100753
  0.45599469893207417  0.46860528046021876  0.48147747150163378  0.49339923979131672
  0.50450068007082638  0.51562196888890077  0.52652312665841905  0.53709253365968013
  0.54713876036281228  0.55671613530883379  0.56594018768955889  0.57513629072543393
  0.58471505486297670  0.59467825050916578  0.60461801702678941  0.61502396835900675
  0.62608981425701904  0.63784703791738728  0.64918985602857304  0.66034563233100174
  0.67208607849516910  0.68462146058254503  0.69669980050768177  0.70704395208010828
  0.71712901765229964  0.72723039083503438  0.73746560130078109  0.74819856829346876
  0.75990091582537489  0.77240646530746593  0.78450342902620340  0.79687125060020692
  0.80851076729763782  0.81987934934499263  0.83078668050913240  0.84254086207650614
  0.85373337121848292  0.86364897581857158  0.87250428834292293  0.88134065657188010
  0.89047473145737921  0.89958766187107497  0.90859985211615590  0.91792235114042564
  0.92718025465138498  0.93643540798765790  0.94557143813064715  0.95612785542297640
  0.96833394175593812  0.98009530045906601  0.99015817515109927  1.00000000000000000
 -0.00246774938434696  0.00942885244707937  0.01965109522124046  0.02879517627338067
  0.03823775923662191  0.04793231730124612  0.05719185259970123  0.06600816762276089
  0.07507729625431332  0.08476871682969729  0.09497429152000893  0.10436120766224263
  0.11347850764234972  0.12254030748055064  0.13166672743925906  0.14080389745660296
  0.15074669455085452  0.16115364815453675  0.17185046114534605  0.18262200490514963
  0.19400356101858390  0.20478275537064844  0.21609136698694523  0.22789504826828819
  0.23957192819686568  0.25131437890558694  0.26279924707356961  0.27396351747176595
  0.28540446598412295  0.29679670424440491  0.30811142094619581  0.31963414108931898
  0.33118969100261436  0.34402597446793104  0.35716294263770781  0.36947673484116744
  0.38135353675072214  0.39238765376682966  0.40262014844129090  0.41183267826724029
  0.42149950244605078  0.43189509062650872  0.44220516146307370  0.45209686099748858
  0.46226396534339903  0.47284540993671087  0.48330486796645999  0.49378217168863803
  0.50464338939854492  0.51522780770896115  0.52517847199276291  0.53483032453771351
  0.54426769753828530  0.55427898435431366  0.56402663509470574  0.57455692966756300
  0.58458044970238865  0.59544522898941432  0.60628757554611046  0.61781014174769588
  0.62960707687547957  0.64107890658543620  0.65287155249073825  0.66470025798270216
  0.67601418590171491  0.68657083443210232  0.69618727320987961  0.70600899002478845
  0.71637658733061160  0.72676099475739409  0.73609949399115349  0.74585464514305999
  0.75663912112689780  0.76953819484379915  0.78160808735753284  0.79308459114653784
  0.80560171449233076  0.81749531454426883  0.82930559854513586  0.84102790372500691
  0.85247367819352671  0.86208325688053422  0.87175450425005807  0.88175289067969331
  0.89217759146320519  0.90212243138572612  0.91216710064984552  0.92296182795588433
  0.93363525983393669  0.94363548230935779  0.95312093800963005  0.96231832504519543
  0.97113672898717485  0.98022537210378946  0.98949475153929589  1.00000000000000000
 -0.00261023595103631  0.01012214869365401  0.02195620717612242  0.03303379715574782
  0.04380265030423709  0.05595493481126519  0.06816558329736727  0.08082922641392071
  0.09388680454498770  0.10619907927246128  0.11590385510049028  0.12480517484418754
  0.13242363741975635  0.14063872201575517  0.14987438852912566  0.15861163394566727
  0.16681478952299489  0.17519490373943639  0.18350858821180244  0.19156720851705564
  0.20010329267913607  0.20932208892465026  0.21997287047531269  0.22987682391813249
  0.23919772743802081  0.24817859309803436  0.25769738900868311  0.26806049562573020
  0.27871322331037590  0.28940143234961457  0.30052709497657343  0.31239153422139843
  0.32490650901123547  0.33654279210517613  0.34715707083343933  0.35701559952373724
  0.36636077247727888  0.37565439553823915  0.38514988529975702  0.39496453123557718
  0.40541923252443918  0.41581712495091827  0.42578571495076456  0.43585372469565953
  0.44665722838848737  0.45725135637484199  0.46647573598796999  0.47540513886278951
  0.48557206299072064  0.49555495892685625  0.50544660127414542  0.51524433259191316
  0.52628736747789584  0.53801273238667024  0.54969581616059848  0.56075174379763015
  0.57279596617694917  0.58564541535197534  0.59965261690993887  0.61318333212658405
  0.62621347744228917  0.63852695149486471  0.64988608814450510  0.66027038546424477
  0.67047787775231427  0.68090714997124979  0.69137544207284352  0.70197980616818578
  0.71317592738917979  0.72439426537987683  0.73623578102854625  0.74757474991945627
  0.75862548470873736  0.76939947991951785  0.78072717116071910  0.79178726057951720
  0.80178037115217882  0.81085153226719919  0.81946582831031511  0.82820425707465362
  0.83757522293742137  0.84760287892763164  0.85783202871663533  0.86768568175858463
  0.87724244776480942  0.88693495777957310  0.89676492201410563  0.90661302752950901
  0.91670798842242573  0.92718610174178806  0.93806824422875901  0.94900559347040891
  0.95992236048910462  0.97140531251675677  0.98469642609612573  1.00000000000000000
 -0.00180020598755163  0.00739045716975056  0.01544360646816735  0.02394249067562296
  0.03270681933390959  0.04133205210962496  0.05010115296962175  0.05877863519384385
  0.06869376958224423  0.07922537417744831  0.09026604204425996  0.10038518434148476
  0.11004879185521500  0.11953126682155925  0.12915138303444615  0.13921345814063979
  0.14963221737075100  0.15961479985525673  0.16934949364622365  0.17837615908860696
  0.18851239033799641  0.19911948721502920  0.21054742039203525  0.22231401654986843
  0.23423212731546733  0.24573521649359509  0.25605716636128339  0.26540692726831006
  0.27514752623386896  0.28467740102704436  0.29414566713988477  0.30395129519134606
  0.31448507557267130  0.32513971703150013  0.33562352119655653  0.34643051226335986
  0.35736490907118834  0.36801499686287792  0.37902200828379573  0.39049632949927954
  0.40228410073976700  0.41366115926130287  0.42417107157965989  0.43460280231530568
  0.44547477145943165  0.45667703172722457  0.46665463403190033  0.47582549517227690
  0.48538255909649003  0.49568741484003986  0.50641576640480679  0.51756128676208746
  0.52938065094437448  0.54183711725521111  0.55513272931709801  0.56879318483978270
  0.58141310214101949  0.59372485761568439  0.60546001460778665  0.61682024592510631
  0.62787017337205719  0.63840716831967881  0.64891256864587943  0.65810141201142480
  0.66824027910553618  0.67806242415888729  0.68803442591404407  0.69794418151756532
  0.70775432792676796  0.71840031039073871  0.72868547010259732  0.73891752085779938
  0.74882293870150851  0.75931829752984847  0.77047391228416018  0.78169071150058700
  0.79277707717540524  0.80436829636827600  0.81681355863269212  0.82965920617502364
  0.84219406202552394  0.85450459137524137  0.86710186589429972  0.87920959445236191
  0.89062896539239789  0.90141632175680531  0.91220231560140652  0.92359083251714480
  0.93459465908461037  0.94458274721303037  0.95437525019577263  0.96438268471488053
  0.97453728731635647  0.98396670580900625  0.99215031262170605  1.00000000000000000
 -0.00214105765866062  0.00847066098710463  0.01837060623028665  0.02878961286326272
  0.03970100364277301  0.04946422801650785  0.05987561886713682  0.07068758173585164
  0.08195348987970279  0.09326721712474347  0.10446340308149556  0.11579823989417810
  0.12668453860789253  0.13674001302799790  0.14672897492368164  0.15702027100732785
  0.16788350678714622  0.17886476392168396  0.18896531125206353  0.19882930470030907
  0.20960220061034449  0.22174304106490986  0.23392534043467111  0.24531950360338362
  0.25738595857041346  0.27016283679518044  0.28243216954823608  0.29436389329228463
  0.30623248871293263  0.31798725376186493  0.32910442898749559  0.34043934832016631
  0.35179655229631768  0.36351976319239093  0.37466383469565273  0.38616184527360153
  0.39681318690783823  0.40706014012234848  0.41706048136213858  0.42685428278740339
  0.43737218787077231  0.44770009112601983  0.45853927545281858  0.47005319602490542
  0.48129740454320208  0.49253944638921282  0.50405442482400287  0.51589240944518866
  0.52815089843346563  0.53998359781504890  0.55046665346728396  0.56083403698143475
  0.57192206717443217  0.58288164889438965  0.59252933123386009  0.60173316698491763
  0.61169608379270202  0.62228904795079520  0.63236342121626143  0.64261630245652890
  0.65259956526902707  0.66285114006977619  0.67263521529340620  0.68256676792097359
  0.69222461791016099  0.70291920642292727  0.71473568593537173  0.72659656322497579
  0.73751375953975873  0.74770210610035681  0.75845726194935781  0.76940135777457841
  0.78109115117734540  0.79239268850032973  0.80219631897537480  0.81072722507017103
  0.81965375492278369  0.82903391669690107  0.83915541146780803  0.84900100412191315
  0.85962118530118259  0.87077772375603379  0.88105307835979207  0.89065158281726520
  0.90078399412671351  0.91204496494517573  0.92299862316396453  0.93262185035193457
  0.94144998690054560  0.94950991021677167  0.95787973575595586  0.96649974758014834
  0.97508696548730245  0.98324011688198931  0.99148326066743775  1.00000000000000000
  0.12027997561173720  0.21627708679754037  0.24536091539266822  0.26082812832734376
  0.27366524869865450  0.28462158000153576  0.29489776208847684  0.30440205959448791
  0.31332550427381578  0.32117549922994176  0.32871524737333097  0.33647401525481369
  0.34401837866295648  0.35141234502657565  0.35842139823859126  0.36502136848418476
  0.37150488910786944  0.37805343538862496  0.38483378369494303  0.39195249877211635
  0.39927822162960114  0.40644567242114177  0.41313945859484574  0.41933574681385422
  0.42504293643892860  0.43134622076142565  0.43791619387291381  0.44404848585631429
  0.44989346607126129  0.45593534128271046  0.46211603939306517  0.46910809490379912
  0.47588978358708817  0.48263846006545796  0.48882626326778444  0.49489182383928271
  0.50096915055521363  0.50706688829665558  0.51304576602496954  0.51896604213933772
  0.52495562134651907  0.53095820698991092  0.53711741497884069  0.54330822362497666
  0.54937198474908022  0.55552077229020769  0.56149327444809372  0.56717834867423900
  0.57291561717590522  0.57850429518825242  0.58433360232110121  0.59054516339422258
  0.59671602244322608  0.60314063455919475  0.60985887021604579  0.61638534703099401
  0.62282585989684369  0.62899687898011525  0.63461386858377011  0.64040323659746645
  0.64627545134379849  0.65230274667559829  0.65913380520816578  0.66630698877637939
  0.67307632036276510  0.67958234467982614  0.68619646598125394  0.69253707597792180
  0.69876811509616987  0.70465312083067200  0.71056242787968671  0.71631978862510914
  0.72229954159438581  0.72845403657528041  0.73540656170239749  0.74260800969200558
  0.75016476458047177  0.75817957989929197  0.76617865415973685  0.77452465077264965
  0.78364481416113740  0.79322008700502122  0.80328487383716096  0.81347351527821232
  0.82333971597035915  0.83334057357567193  0.84439218061451293  0.85632111862474125
  0.86842883613186095  0.88053193763515392  0.89346682740263794  0.90774100796125778
  0.92319237021162126  0.94086173006986507  0.96422584036706072  1.00000000000000000
 -0.02046936025700314  0.13405286628153759  0.18440711850080777  0.21599481357196609
  0.24182358465515763  0.26452575456326893  0.28435490584171808  0.30215615052606853
  0.31848840112238241  0.33400372804488510  0.34975564930176961  0.36367985972840511
  0.37704804432204952  0.38995797883156302  0.40244616754881668  0.41453582695238650
  0.42525030995427648  0.43521237951976488  0.44378041823444692  0.45217829546799854
  0.46096499071000252  0.47012997739641826  0.47897969670841162  0.48690447363607114
  0.49410712442789823  0.50118136958174186  0.50841216593668759  0.51554124986944605
  0.52252186631161257  0.52924769297351160  0.53577552509421178  0.54213158045026477
  0.54842066002806444  0.55452350949402185  0.56058953876017048  0.56664180633749450
  0.57296949619038551  0.57934830014736227  0.58547648667457441  0.59126146437390392
  0.59730802277601247  0.60379910305846052  0.61022007579050852  0.61656496102371383
  0.62263133931037851  0.62853835227928956  0.63429007056425990  0.63973722719458348
  0.64510175633705857  0.65087922206864590  0.65673494361964313  0.66282411676119957
  0.66861331345801667  0.67400857791479751  0.67888884451143616  0.68355085162019946
  0.68855907223176216  0.69350068571150936  0.69843577879487029  0.70357060400891114
  0.70856872970643092  0.71400461867437137  0.71987040828280302  0.72537775803846771
  0.73080721680705119  0.73638932061772600  0.74207603922283893  0.74786119578512711
  0.75337591311256569  0.75822535731033036  0.76282208750230773  0.76745371972936927
  0.77239510692077351  0.77794917412172759  0.78377127767890142  0.78920770604239665
  0.79402429513532080  0.79853270187903647  0.80315630088618450  0.80810770803034970
  0.81360870904466431  0.81994350527102833  0.82643604024606898  0.83307583506720806
  0.83992731163943612  0.84661484474989424  0.85324653318703070  0.85974038462429392
  0.86649137196217618  0.87437381136220427  0.88378982010676255  0.89431761908148166
  0.90620723071944342  0.92182437866081191  0.94525303976527542  1.00000000000000000
   4.2270812825613696E-008  -1.0000000000000000     
 F F F F F F F F F F F F F F F F F F F F F F F F F F F F F F F F F F F F F F F F F F F F F F F F F F F F F F F F F F F F F F F F F F F F F F F F F F F F F F F F F F F F F F F F F F F F F F F F F F F F F F F F F F F F F F F F F F F F F F F F F F F F F F F F F F F F F F F F F F F F F F F F F F F F F F F F F F F F F F F F F F F F F F F F F F F F F F F F F F F F F F F F F F F F F F F F F F F F F F F F F F F F F F F F F F F F F F F F F F F F F F F F F F F F F F F F F F F F F F F F F F F F F F F F F F F F F F F F F F F F F F F F F F F F F F F F F F F F F F F F F F F F F F F F F F F F F F F F F F F F F F F F F F F F F F F F F F F F F F F F F F F F F F F F F F F F F F F F F F F F F F F F F F F F F F F F F F F F F F F F F F F F F F F F F F F F F F F F F F F F F F F F F F F F F F F F F F F F F F F F F F F F F F F F F F F F F F F F F F F F F F F F F F F F F F F F F F F F F F F F F F F F F F F F F F F F F F F F F F F F F F F F F F F F F F F F F F F F F F F F F F F F F F F F F F F F F F F F F F F F F F F F F F F F F F F F
  <DiscreteSampler_grid>
  grouped_processes
  1 # 1 for a reference and 2 for a running grid.
  10 # Attribute 'min_bin_probing_points' of the grid.
  1 # Attribute 'grid_mode' of the grid. 1=='default',2=='initialization'
  0.0000000000000000 # Attribute 'small_contrib_threshold' of the grid.
  0.5000000000000000 # Attribute 'damping_power' of the grid.
 # binID   n_entries weight   weight_sqr   abs_weight
    31   10   8.716993315551755E-001   2.568457232083541E+000   8.716993315551755E-001
    32   10   8.716993315551745E-001   2.568457232083530E+000   8.716993315551745E-001
    40   10   8.716993315551755E-001   2.568457232083541E+000   8.716993315551755E-001
    41   10   8.716993315551745E-001   2.568457232083530E+000   8.716993315551745E-001
    43   10   2.172344642844127E-001   1.594227606884735E-001   2.172344642844127E-001
    44   10   2.172344642844125E-001   1.594227606884729E-001   2.172344642844125E-001
    52   10   2.172344642844127E-001   1.594227606884735E-001   2.172344642844127E-001
    53   10   2.172344642844125E-001   1.594227606884729E-001   2.172344642844125E-001
  </DiscreteSampler_grid>
