  0.00355277013821765  0.01088189104112503  0.02029796055347408  0.03035291467125337
  0.04034474217839829  0.05090940010078247  0.06116482041075413  0.07157317611937147
  0.08222220920250334  0.09304073049436276  0.10401117614050472  0.11470541817562985
  0.12553830350448625  0.13584395202734942  0.14616190404711410  0.15633979249921948
  0.16687945908976229  0.17713799510932138  0.18748131207253838  0.19760967981454014
  0.20785214465136023  0.21786780700590611  0.22775712833937675  0.23758317101827858
  0.24736014636879941  0.25742826279904496  0.26781833817437622  0.27834146571704976
  0.28885213566611978  0.29923309188347452  0.30966557872958989  0.32006839660293757
  0.33045561270113327  0.34065727438536592  0.35106129322463525  0.36133997196792733
  0.37170716169386508  0.38190301596980269  0.39193100429652783  0.40241723800406742
  0.41304778502667816  0.42369532936428339  0.43418636922547732  0.44467252153155068
  0.45526380823586171  0.46572458942763301  0.47589627109554028  0.48607991156603447
  0.49641244531778883  0.50711061915824351  0.51789742957040363  0.52876710317225795
  0.53959373650567688  0.55048393187659905  0.56144339305626012  0.57234951602563244
  0.58300519112407712  0.59348199135600632  0.60402473197321327  0.61449631748445965
  0.62495221729940154  0.63518512318775167  0.64570142502058070  0.65600384095296838
  0.66639697644610707  0.67683062154147222  0.68744432295623037  0.69796244444647981
  0.70828517342598518  0.71863383392440672  0.72930483406517244  0.74023218668550528
  0.75113024080509694  0.76192652405253170  0.77275622376717712  0.78369184167641781
  0.79446344399030266  0.80508154846579894  0.81583371626803625  0.82654409127209216
  0.83713887575207468  0.84759150718681209  0.85790853776063325  0.86823881673591485
  0.87856707508280707  0.88932607216747261  0.89975010125927646  0.91002499060462949
  0.92017216228982424  0.93061682457773198  0.94131721068874519  0.95210995863727310
  0.96331295994123145  0.97487756604816322  0.98712434533359750  1.00000000000000000
  0.00690324954591124  0.01661286049802946  0.02832635945673541  0.03954124538904331
  0.05026767589072891  0.06102789546091731  0.07171084667454376  0.08250601243852970
  0.09349631882056887  0.10461493995373083  0.11536817083977639  0.12589197982104983
  0.13653197122402039  0.14738223785857521  0.15816533288808104  0.16921768639047213
  0.17969213571843337  0.18997037203150205  0.20018610749450144  0.21097812544093217
  0.22204134967233263  0.23298309968688516  0.24348627602427347  0.25395903449850504
  0.26457175502892227  0.27536839576891553  0.28611203225197196  0.29684394395031782
  0.30768104310684324  0.31851117060769896  0.32930744513677068  0.34012729730597979
  0.35084325231271207  0.36123724002685853  0.37151225574418612  0.38181298604088110
  0.39218990572401735  0.40252189245504333  0.41288957559372386  0.42342157182564694
  0.43405254129556214  0.44462890548269329  0.45502872820525486  0.46530102175949389
  0.47564481498129102  0.48621863094196061  0.49700668626312039  0.50776735126504113
  0.51829364790874999  0.52870110853339902  0.53906183739522817  0.54941338795424710
  0.55992501194648747  0.57062714065465625  0.58160248658492264  0.59238864975436323
  0.60289138133436215  0.61315185677127959  0.62338648637121130  0.63377773798926884
  0.64413078493086962  0.65446788169340275  0.66479408366267134  0.67495305607514511
  0.68521126239599861  0.69551822651992767  0.70609540337229360  0.71662567390654652
  0.72724013370734331  0.73789655841103463  0.74854153823324321  0.75900799586911349
  0.76924508663218560  0.77941895855932897  0.78965273520810619  0.80005618767396292
  0.81061579105419501  0.82123424506823139  0.83189595612933342  0.84261845049028927
  0.85334050590687371  0.86382039812400513  0.87418993128560873  0.88457937087657068
  0.89493432979499032  0.90504263519852002  0.91505543056909999  0.92535453704629456
  0.93568749032062271  0.94599767119824563  0.95597290805291513  0.96575269285907606
  0.97499308837336440  0.98349330542130009  0.99182288359026338  1.00000000000000000
  0.00340420386297334  0.01112292358567956  0.02071706552978646  0.03092258287736130
  0.04102828603546667  0.05162040247920686  0.06197766708099218  0.07236809761485785
  0.08288428403206083  0.09371868562064049  0.10464870880249784  0.11571077927767909
  0.12652023889820768  0.13701194735538311  0.14755205519205036  0.15828867814599751
  0.16890541525582145  0.17924685943738486  0.18968318762597955  0.20018645015736186
  0.21056770214273063  0.22074210749144751  0.23101549956959930  0.24145379948797022
  0.25199719060905174  0.26251432974860356  0.27290545134217409  0.28322180017065524
  0.29371086703616711  0.30439673427233510  0.31506003816414963  0.32558607329653111
  0.33613614173447265  0.34672048314876530  0.35716021263983599  0.36740125358286629
  0.37777864464449173  0.38808357135238775  0.39832750912459669  0.40845321107059107
  0.41867478315528678  0.42888023304785261  0.43891229851953034  0.44894406820389177
  0.45899747801972107  0.46929220853389508  0.47967628437708854  0.49065669928042793
  0.50156713708753131  0.51245073665738694  0.52279672018240231  0.53301759743183330
  0.54329667487562316  0.55355560063035669  0.56376500082651837  0.57417806409436123
  0.58459304773669130  0.59498692961490318  0.60533953931347628  0.61586192573725307
  0.62656185393679764  0.63696681473712247  0.64733020543817610  0.65771373842408287
  0.66786441600989788  0.67783749365662649  0.68793339234860518  0.69843714184553296
  0.70922092515031543  0.71992579610386331  0.73085450712717170  0.74151151125397607
  0.75206560123905430  0.76246814530666118  0.77292787364571747  0.78313494452595178
  0.79347962378519254  0.80390315821341463  0.81486299404020557  0.82540712648969627
  0.83605785157319279  0.84643792308937760  0.85722831013418599  0.86799899782579659
  0.87856613149411800  0.88932883680066310  0.89987213875564298  0.91105537861833208
  0.92162875069773131  0.93240853481785002  0.94308375267042666  0.95417709616085800
  0.96513924880908653  0.97626133648589530  0.98793399801456372  1.00000000000000000
  0.00585022045381601  0.02038956580405544  0.03473716052780292  0.04725046563252852
  0.05929037761996058  0.07076930808789851  0.08187649921734780  0.09263281525609268
  0.10327912728057784  0.11366220826236402  0.12412386525710499  0.13474445436883933
  0.14512946943481844  0.15551038587848148  0.16580019906042850  0.17631989144790827
  0.18675896853101032  0.19728686641434623  0.20778500391139343  0.21830971483892631
  0.22901576110402466  0.23977823726119427  0.25049124993255856  0.26138222197319788
  0.27208596942271479  0.28262115267734578  0.29297498663460064  0.30336164485784001
  0.31367361606275235  0.32392006178210458  0.33437367007778102  0.34484450463794747
  0.35547239654542484  0.36628442420616231  0.37715652547547196  0.38789103412451592
  0.39847853145264045  0.40914401253042310  0.41970573972858966  0.42992913343910599
  0.44043827335727420  0.45093920407171739  0.46164339127042203  0.47203364691416716
  0.48243566143568295  0.49291082324255042  0.50332677130537995  0.51360649742925579
  0.52407621756495204  0.53460135675543496  0.54519677040636272  0.55535423526154915
  0.56564229706072666  0.57607485865055796  0.58667759292211630  0.59719617905567479
  0.60759454256994416  0.61788898288584349  0.62828600677832891  0.63880933872494361
  0.64944631242669970  0.65988890724541460  0.67010412141998010  0.68042806744734985
  0.69083056244963958  0.70138070560300303  0.71186957515979998  0.72216938419625676
  0.73246004675254961  0.74303007487033024  0.75369927742483356  0.76448568619609025
  0.77535486713119495  0.78632761518641614  0.79706391104474339  0.80747839994669923
  0.81790206769066187  0.82830073688752670  0.83837679806882892  0.84818054625838124
  0.85791914839653749  0.86777396834496223  0.87772550951344142  0.88757362352377456
  0.89733858767026087  0.90705665034620875  0.91693240164764334  0.92671738538059456
  0.93640866001285650  0.94600712128483921  0.95558686995368847  0.96512216731892364
  0.97445267510590561  0.98332390068956677  0.99183291083157843  1.00000000000000000
  0.00000210282611983  0.00000817489270859  0.00001257193645119  0.00001675260201508
  0.00002085448074750  0.00002489337287385  0.00002885288693239  0.00003275947778668
  0.00003665522642114  0.00004052511219198  0.00004436219366942  0.00004826452478682
  0.00005226837167051  0.00005627094277255  0.00006035762627626  0.00006455068802396
  0.00006890611577205  0.00007342631243033  0.00007804141582440  0.00008267871642994
  0.00008731445509060  0.00009198339132553  0.00009672176156379  0.00010160054338988
  0.00010666594955797  0.00011189570617930  0.00011736387452102  0.00012297823599565
  0.00012883680162791  0.00013499522563991  0.00014144176743520  0.00014822872121791
  0.00015553897102384  0.00016307927544397  0.00017111119380474  0.00017952257490406
  0.00018813491202337  0.00019694612391038  0.00020600535450860  0.00021532559395359
  0.00022495279165086  0.00023484533626001  0.00024499882574929  0.00025539050761735
  0.00026615272424440  0.00027760611241725  0.00028961834355616  0.00030205073824051
  0.00031491962124533  0.00032827196710200  0.00034220273374574  0.00035671397155712
  0.00037151138779917  0.00038701119583316  0.00040313489180348  0.00042004153067997
  0.00043839365082147  0.00045760216454470  0.00047844308424447  0.00050000836570296
  0.00052283724906885  0.00054701531159892  0.00057238307999624  0.00059935618056346
  0.00062736304105905  0.00065820226503658  0.00069121732804827  0.00072715920907932
  0.00076426755027429  0.00080302995609136  0.00084423012260629  0.00088950210454601
  0.00093779711678315  0.00098988352663956  0.00104784626008666  0.00111575773247429
  0.00119048439292196  0.00127018464175889  0.00135965878880247  0.00146057178779097
  0.00157241619691213  0.00169346971813802  0.00182692769897181  0.00197995759692977
  0.00215760170876508  0.00236350983383282  0.00260137024972450  0.00287759286270185
  0.00321121371101644  0.00363048101327219  0.00424176561070234  0.00509792142709102
  0.00619195402149145  0.00797667887879647  0.11206877693393980  1.00000000000000000
 -0.00259764774006664  0.01039557097355450  0.02109677723706459  0.03268929311139521
  0.04370718963377334  0.05498013146666896  0.06600821179877099  0.07716139704342229
  0.08786319157255074  0.09841462719656394  0.10892802533924620  0.11972185062402525
  0.13022980437715492  0.14074324137967670  0.15120054098284361  0.16192672651503576
  0.17299920237235553  0.18405074445303968  0.19485875210929876  0.20548555347421990
  0.21621492559516861  0.22705814491324766  0.23755106556169192  0.24785884917718151
  0.25819549222211130  0.26859180167366042  0.27908183305436784  0.28957749936892135
  0.30037066647857552  0.31115640033446390  0.32165416063933994  0.33214466549417793
  0.34274351187422331  0.35343628989641257  0.36400630931030092  0.37459827183639560
  0.38542396947895663  0.39599288454799070  0.40642415894137546  0.41650220037903579
  0.42656152817894494  0.43673697381928905  0.44690216336191235  0.45722467931006966
  0.46741160700766804  0.47764632396940637  0.48784632600840799  0.49818950066480300
  0.50842619190707672  0.51866726186303758  0.52907978825758450  0.53986890143065869
  0.55068721154347389  0.56171855299626272  0.57269099055402639  0.58373026591958066
  0.59441360190294468  0.60487484116301238  0.61520756814510713  0.62553098784017724
  0.63604819548310654  0.64651471166954888  0.65719609614059382  0.66791131952490246
  0.67895676627618862  0.68963804307408949  0.69988105261385558  0.71012203370847760
  0.72038239313775065  0.73057385410970455  0.74078327553549594  0.75111175402512487
  0.76163879302098514  0.77227155131511793  0.78279823238543200  0.79342629405711107
  0.80377955883009822  0.81406044432741065  0.82413525807655175  0.83413659975272048
  0.84422656783589090  0.85441714581185446  0.86487487182823763  0.87549265441926893
  0.88602758331392462  0.89677387286242638  0.90769673541115192  0.91864122475940380
  0.92933006415137420  0.93964194250324462  0.94966192407676608  0.96003013806136928
  0.97030649572131222  0.98051724900547954  0.99036120494284441  1.00000000000000000
 -0.00259461467139117  0.01009376774457947  0.02032361095945525  0.03070814251032082
  0.04071100480757939  0.05078141281798972  0.06098378913711512  0.07126853186179576
  0.08158822988613001  0.09196039512252939  0.10253316808185360  0.11300878916902786
  0.12376758887412433  0.13414966680372856  0.14450452590776580  0.15459093134664131
  0.16476740495286479  0.17523456817815097  0.18565841465269919  0.19609944112914843
  0.20663992468993600  0.21713288116274149  0.22764806950495967  0.23829311377576079
  0.24905535651013203  0.25972985394740650  0.27040719896767923  0.28098452630289911
  0.29156392253969493  0.30177069484032221  0.31210300037324512  0.32280012382300660
  0.33355839920367869  0.34413789205908762  0.35458496641488169  0.36532008115413767
  0.37620947339885874  0.38725382736414360  0.39807392119620250  0.40891907852287196
  0.41959924712532554  0.43039582371603985  0.44101214078477813  0.45141813671443881
  0.46145728180880352  0.47127090426770035  0.48107108546318156  0.49090120458531161
  0.50104475036883711  0.51137837167016331  0.52181236309560619  0.53221075741328427
  0.54250629985097787  0.55289828238665517  0.56327669248725643  0.57365423606401689
  0.58421092723916168  0.59470608445649753  0.60518603964596307  0.61555911574639133
  0.62616583741613907  0.63675120559763254  0.64750617545109324  0.65859764530352127
  0.66992797384359726  0.68115039246770104  0.69216092089788206  0.70289459197748738
  0.71347421579295534  0.72385389300065195  0.73454142892310914  0.74534616951948629
  0.75619281101628522  0.76685343777424297  0.77739827348610746  0.78811978457646792
  0.79885786032201000  0.80971070230755537  0.82052209302275392  0.83137316714281240
  0.84214177112638422  0.85283069439299508  0.86301589840046367  0.87334233080314883
  0.88391779415939886  0.89450496598999041  0.90474691050391876  0.91493998908602625
  0.92571745733057953  0.93648575614595952  0.94734064668364848  0.95805720807771211
  0.96899319436763709  0.97938729029540172  0.98965988640182145  1.00000000000000000
 -0.00227424123538837  0.00938622829560005  0.01913728700348130  0.02986817322852373
  0.04057580855240279  0.05110620452547404  0.06131418767198450  0.07178552356186894
  0.08258365225568669  0.09342567314532209  0.10410871245233309  0.11494319554479548
  0.12548444926675545  0.13585943288451757  0.14644635774141437  0.15738208300599643
  0.16835206072844983  0.17885160201372091  0.18928286393274166  0.19982663709244200
  0.21051945080474074  0.22116674101329878  0.23178747730527124  0.24237496749912246
  0.25291916461793912  0.26328482734106090  0.27352891840231824  0.28381610604529439
  0.29427997206415352  0.30536559237061084  0.31631233053265773  0.32687807604824565
  0.33693000530772432  0.34711647470629664  0.35756721656468060  0.36798144016293327
  0.37849920087081024  0.38914267872835107  0.39946653803248905  0.40954317165493326
  0.41971087333858770  0.43037085527096131  0.44089071537370411  0.45136997948017593
  0.46203338829070650  0.47269517158073865  0.48338648545749235  0.49354078059291545
  0.50407829182588793  0.51461018257906976  0.52538982633646991  0.53606483453195475
  0.54694084565140444  0.55775693889058653  0.56841796772317166  0.57882265590791027
  0.58903121662777846  0.59924359242320568  0.60935293866574469  0.61961619612645835
  0.62964610153148892  0.63989537896686333  0.65049644493940939  0.66141076598779358
  0.67267894795576100  0.68366923070426011  0.69472696393494737  0.70568040945924482
  0.71649921818275397  0.72694817586906568  0.73718818923971063  0.74774376640622076
  0.75854716530083721  0.76930460170939319  0.77973316493068645  0.78999060642580021
  0.80042956117300013  0.81090634834056374  0.82141546162006329  0.83188444784101068
  0.84286132746954201  0.85365041222315885  0.86423928532341354  0.87488509389557201
  0.88532753690589472  0.89572815563063735  0.90571905484171411  0.91616072082196609
  0.92643035080231761  0.93733648468621034  0.94826391890435047  0.95925205423654669
  0.96946736146975243  0.97954868725366306  0.98960105936944265  1.00000000000000000
 -0.00232307230045269  0.00949382347665166  0.01973952415230649  0.03047489794408476
  0.04126025745186257  0.05207291876359869  0.06278193145759824  0.07360115249514114
  0.08424536626414053  0.09470193784985881  0.10521541262634339  0.11565378458883975
  0.12635727816666378  0.13728293118719490  0.14807629223026003  0.15895752224478271
  0.16953600549358708  0.17987639478303852  0.19006291691119545  0.20021879427113645
  0.21064942179549406  0.22138967423077463  0.23211377895300642  0.24282387813239195
  0.25350548003028700  0.26414051557606094  0.27501175709884829  0.28561818678091866
  0.29623202830595191  0.30659981209676568  0.31691855265553542  0.32700363137639538
  0.33714189177688497  0.34732305028682170  0.35765880730642408  0.36783452164989872
  0.37823354706980339  0.38875947789583859  0.39949916319367779  0.41018122115267275
  0.42076088513231524  0.43147720149595187  0.44217254958578034  0.45305695266356694
  0.46376008988054229  0.47441731574707374  0.48497096285876840  0.49538661757295044
  0.50580410204346093  0.51634593457991240  0.52687416457524061  0.53745262039810215
  0.54791811535591983  0.55845506974149028  0.56889617278214366  0.57914677645403445
  0.58963170286325695  0.60025546564177756  0.61091990487806602  0.62147149553392989
  0.63187733297971482  0.64241643775903512  0.65312539635961941  0.66371664894010374
  0.67434785806682740  0.68493562199288371  0.69554068743776387  0.70597325358035645
  0.71654994889221812  0.72757207535018320  0.73843524908852864  0.74918881818073546
  0.75968040064531839  0.77013084804305310  0.78033849892294127  0.79040413323261560
  0.80097382930722538  0.81176515960333739  0.82260399037244403  0.83335946332740585
  0.84427060425079070  0.85506071722466093  0.86569541194632205  0.87613959423172927
  0.88641175767281377  0.89644229381061069  0.90626940062793726  0.91640099161465771
  0.92671659361297831  0.93714901748139290  0.94750593957993823  0.95784816927477423
  0.96827966765071649  0.97850335108727760  0.98926731814749258  1.00000000000000000
 -0.00235109522326665  0.00936325046110252  0.01928291623590156  0.02940243476213614
  0.03961331926304226  0.04995016346830071  0.05981171824803785  0.07014228095947524
  0.08032281374997879  0.09072671518921395  0.10075962173743758  0.11071652764561291
  0.12083425862107272  0.13107453005793049  0.14127716862168502  0.15148992134883735
  0.16163606312212908  0.17191173655110292  0.18219991772543989  0.19278222350264967
  0.20361580277119640  0.21430972241757879  0.22473911585312009  0.23483186072599233
  0.24489932153999111  0.25486170924830254  0.26525785252180645  0.27580832813947853
  0.28631765375384333  0.29644685316645480  0.30659758728072456  0.31678860958207111
  0.32700400936025431  0.33722126132850416  0.34774832000978562  0.35837408770005791
  0.36908052309826284  0.37967134071413777  0.39029974077451535  0.40092182414406369
  0.41141292444551725  0.42189384769129284  0.43233688185399843  0.44296539822334668
  0.45374115576323526  0.46450585037960601  0.47538728474274672  0.48625203632266717
  0.49721343849242322  0.50817486031930292  0.51905198738805491  0.52973411713909413
  0.54003056322754850  0.55013346814942143  0.56023085470610134  0.57051756631758987
  0.58086801847318714  0.59151291086269175  0.60210404973092102  0.61262907848481973
  0.62286077194436185  0.63288541882845939  0.64300777152669097  0.65320965656168850
  0.66367356303626135  0.67402554003739412  0.68440310229892898  0.69474280660589549
  0.70522098211112416  0.71586623188650222  0.72661059944348139  0.73745431153548613
  0.74851035307368519  0.75979684169438533  0.77103794136957005  0.78186690929057456
  0.79264490465484905  0.80355430923189786  0.81451615252232745  0.82522919691301377
  0.83597345029006864  0.84679169516093267  0.85775551411686901  0.86887959212772625
  0.88021385849268474  0.89175659750180836  0.90288295853042388  0.91383994179330230
  0.92429437848138829  0.93473240771623944  0.94517753650111136  0.95593691281069160
  0.96688681320592473  0.97815538934982005  0.98925101353240874  1.00000000000000000
 -0.00232502925305981  0.00924448140348938  0.01928858676157833  0.02973607735341426
  0.04037009907104068  0.05063978070233232  0.06102536106497922  0.07112513975444139
  0.08142436607754322  0.09179829319335327  0.10226208220322369  0.11258679243931427
  0.12298354771049447  0.13336917355613429  0.14401906647209145  0.15463107332895909
  0.16529089369885328  0.17586445250168303  0.18636378402976414  0.19676621712975542
  0.20732155994579682  0.21797049011795352  0.22873131609136060  0.23921122409597614
  0.24972027563117599  0.25981533155553871  0.27037789472630414  0.28089015045373827
  0.29147860542300241  0.30201124420105058  0.31253114513563668  0.32323136005480158
  0.33386920378614932  0.34456940621300841  0.35536049213867754  0.36609829998288529
  0.37692665069410564  0.38742046606918318  0.39787586440254580  0.40811107692119664
  0.41845230757274343  0.42851431816398400  0.43884292430412164  0.44946525940341142
  0.46025304556867019  0.47086757801192297  0.48120601312773992  0.49175428809503596
  0.50236110997316152  0.51322802689392100  0.52418499453015344  0.53520864744328989
  0.54641837853383002  0.55721824294221389  0.56786555211283452  0.57808945145129353
  0.58849873040794354  0.59909075176210069  0.60990986114377821  0.62066388104835113
  0.63116858241863893  0.64171215738252829  0.65225463604516487  0.66274731148424382
  0.67315782468950169  0.68341688346171825  0.69360084996791926  0.70371589593579065
  0.71409540941722971  0.72437552119064785  0.73477738247727609  0.74508872051854536
  0.75557661823016375  0.76622813349434471  0.77713818211843477  0.78777938548232496
  0.79812659551513143  0.80815022056726815  0.81862954715097003  0.82898412931145948
  0.83942112252140810  0.84987298466783612  0.86082726130084497  0.87177303180064336
  0.88271395135631936  0.89358341351714343  0.90478822152496086  0.91574150062847426
  0.92646835932967253  0.93746931811340706  0.94801841003814802  0.95885318290670740
  0.96938142637344127  0.97993994853963640  0.99002194842447722  1.00000000000000000
 -0.00240553668265321  0.00924751374055766  0.01969977941403598  0.03046862723775963
  0.04118936885135902  0.05191123452405971  0.06263078431073818  0.07333236397577397
  0.08419929391504787  0.09528376016582196  0.10627809998133249  0.11702986444483215
  0.12764978481681366  0.13830608552172141  0.14864658776471618  0.15896548030843927
  0.16927072334955492  0.17952908671106263  0.18975006424203039  0.19989329659787997
  0.21016758139368080  0.22042399718137282  0.23075896897588316  0.24105078765046592
  0.25134840621581322  0.26161985629402074  0.27219711770921756  0.28282030367822514
  0.29350149201228520  0.30423093584521949  0.31496165711974594  0.32541037772188164
  0.33569670145902769  0.34608963970973039  0.35665702973653762  0.36711649331469826
  0.37769625808868562  0.38834688962797947  0.39896359127117670  0.40911341717963384
  0.41946121062723257  0.42949816789999307  0.43952935886457323  0.44934887974500054
  0.45938500881040478  0.46939593826052872  0.47959633451069184  0.48981874970215683
  0.50012594211590689  0.51035370477338438  0.52086313828280439  0.53146963585692208
  0.54215477831616310  0.55273229040570704  0.56360829514893140  0.57453212859065916
  0.58549646920940523  0.59659387430988897  0.60761117920015528  0.61849610268810229
  0.62910567357655611  0.63975346887019624  0.65017128774705535  0.66060735581121011
  0.67101523588649792  0.68158913050054348  0.69228566423557047  0.70282622828096364
  0.71350848728815530  0.72421037748488803  0.73501435716036734  0.74548183695722947
  0.75584106155221942  0.76612945214445871  0.77667371493340320  0.78723493116371612
  0.79793911820931995  0.80851267490786172  0.81919613600120589  0.82973988595254522
  0.84020839269427383  0.85064816254073861  0.86097379025680532  0.87156722039800161
  0.88208460232643593  0.89272757933914015  0.90321366727337393  0.91366068495457176
  0.92466786577182236  0.93573528407458972  0.94660131600117980  0.95737161479569910
  0.96784715640746188  0.97865268712739506  0.98924452977263533  1.00000000000000000
 -0.00257117089451031  0.01026558952235120  0.02054727271179423  0.03123481183313674
  0.04147101610889706  0.05143291391549903  0.06167403491044987  0.07192559044726679
  0.08254632582139296  0.09298301663202613  0.10338671238389127  0.11383407280575027
  0.12491516507846320  0.13597064790204350  0.14708245400299266  0.15766174837455207
  0.16830502320386953  0.17872909061203282  0.18912676883213009  0.19941135958483264
  0.20994278681073264  0.22066016271459402  0.23158766815675622  0.24225990664170960
  0.25281054204319442  0.26320455460536851  0.27403821390114197  0.28490159780314450
  0.29592130834130453  0.30660719793579855  0.31734134751516763  0.32796530339593255
  0.33845248960515001  0.34892904725130197  0.35934154793194928  0.36977127101575125
  0.38008851307615549  0.39048811226666086  0.40082037377460433  0.41108307625636509
  0.42141484137610957  0.43188113977021725  0.44260249604596225  0.45335197408555578
  0.46424397090401243  0.47522613031543220  0.48593437797961364  0.49655166748398522
  0.50716357640861653  0.51789706966185800  0.52851387768728664  0.53895026608590235
  0.54930281746025078  0.55978600394276945  0.56993158068099625  0.58014587852527355
  0.59016954364675234  0.60045723103402970  0.61057983258454096  0.62115709099905192
  0.63163633031354216  0.64212314009888705  0.65227403798241357  0.66240792619465139
  0.67273690046976209  0.68311006194285628  0.69382434787709046  0.70422248663348042
  0.71472936030521028  0.72505229532493332  0.73535618358749388  0.74581160710448258
  0.75645069375984864  0.76747301937066315  0.77828334390131704  0.78909539343693313
  0.79985493584275857  0.81064164769754821  0.82116210758922414  0.83148726159213893
  0.84198833381991167  0.85229754068762520  0.86302224768537239  0.87347899858756362
  0.88413688826862002  0.89446200911191331  0.90467798954194523  0.91505077541673929
  0.92595629666764456  0.93706624716286213  0.94760608153751968  0.95793458527777475
  0.96842655737202321  0.97914948491172471  0.98953022025811999  1.00000000000000000
 -0.00222210923623205  0.00911988451307374  0.01895505984916863  0.02962128778825646
  0.04037688914725800  0.05149747790955696  0.06253064059904150  0.07331758826532461
  0.08423974328699460  0.09517743694710865  0.10598981066640192  0.11659053630385796
  0.12711272848957197  0.13764551704469263  0.14819283532138247  0.15858578781070767
  0.16899264292919686  0.17933927433593402  0.18993366282762647  0.20058890705496801
  0.21132316261524592  0.22216081659136522  0.23305976324468428  0.24397791770487015
  0.25479745417450089  0.26562410042282492  0.27604858610333172  0.28646547551440255
  0.29689657364035604  0.30730002728637384  0.31771565360166393  0.32799141260173903
  0.33852668529597618  0.34922830187016518  0.36012592049619352  0.37097663391641311
  0.38141304524407804  0.39168046930509998  0.40181103220295133  0.41216710038150262
  0.42255440080610485  0.43300071744617108  0.44367556670852115  0.45446984578619343
  0.46549249969312778  0.47631107430145353  0.48710508556765653  0.49774874355181953
  0.50814933859170597  0.51896770072478771  0.52950319733986539  0.54011185697599429
  0.55036859353207501  0.56061887347703165  0.57100229926544710  0.58111022238749244
  0.59170268023846528  0.60240655365869844  0.61320019108735313  0.62405160508482016
  0.63485384919055299  0.64571282580750811  0.65623572282530218  0.66668346572717785
  0.67687839344946132  0.68694134661829853  0.69687767504513976  0.70701051794748271
  0.71758106684251510  0.72790448744884140  0.73842616574283115  0.74888516141607797
  0.75977828892458954  0.77061293275940446  0.78108954660452623  0.79133396544612256
  0.80153260893865075  0.81164468906243570  0.82197657422845849  0.83215721458057490
  0.84243312235532419  0.85267659832496190  0.86307011325596672  0.87347967473941301
  0.88393166861946204  0.89428415520993199  0.90518507677928883  0.91592548470312962
  0.92677230006409617  0.93755972248314157  0.94818424868205009  0.95875686017882755
  0.96885803956847205  0.97938345633189849  0.98980651885085180  1.00000000000000000
  0.11735849380412686  0.24480466172454307  0.27326910027844153  0.28955346634169610
  0.30322362651044893  0.31539501971498718  0.32639695167054550  0.33680018597658257
  0.34692969715903915  0.35648288753956187  0.36543389465853093  0.37399715058284483
  0.38245977536178000  0.39081244227798612  0.39892837799873704  0.40688361369037584
  0.41465297678122925  0.42217791145234379  0.42942310687953150  0.43648042336987936
  0.44339347329791967  0.45020460486075481  0.45697038577011462  0.46362456159394028
  0.47022164115587878  0.47681831828299742  0.48339767113612930  0.48994762080034721
  0.49632476024246502  0.50271605302083311  0.50905777268730257  0.51522651271876241
  0.52130592415155708  0.52733691135658578  0.53336180737229322  0.53938645727597201
  0.54536569321769712  0.55132458512367399  0.55731871137586009  0.56323118148435158
  0.56907181240609184  0.57487022767645990  0.58059451144528962  0.58630496322460779
  0.59202968576323989  0.59776806660781379  0.60353996346418171  0.60929096621111511
  0.61502886766380593  0.62076856117582346  0.62651499855311388  0.63233100288766753
  0.63821549455925797  0.64407024972097893  0.64981816095573075  0.65559473840404980
  0.66130362295183243  0.66719708899265973  0.67295820269258400  0.67887109977738425
  0.68486609430473000  0.69090761469622697  0.69685158902421551  0.70270100147249148
  0.70867395412329748  0.71479425556384046  0.72097831467639084  0.72714848901015228
  0.73327082638352170  0.73939625143802112  0.74555142504065341  0.75168677136276474
  0.75783509454452835  0.76410853177530469  0.77061187542448728  0.77716757971965467
  0.78388333920737341  0.79074044217701445  0.79782646235562704  0.80491896141038344
  0.81188038515809280  0.81890748184696405  0.82606819900575523  0.83347827873815605
  0.84133008620470917  0.84953640367755190  0.85817480643050481  0.86706488402060355
  0.87653731305554827  0.88651202391088124  0.89713281586153515  0.90860603008205454
  0.92144706580329949  0.93701994379937736  0.95983538704989191  1.00000000000000000
 -0.02525408111125719  0.12238701239858979  0.15850283510966628  0.18075979864796879
  0.19818410763661523  0.21300421702082481  0.22616672668711479  0.23789555246928329
  0.24859264041179086  0.25855450274111169  0.26805877245664572  0.27706009619473587
  0.28570267741886396  0.29412751242880963  0.30218371672424005  0.30985496976687982
  0.31727458161309807  0.32454756270873031  0.33172796340721911  0.33874653691576906
  0.34561874579910745  0.35234905838381214  0.35881104405213810  0.36514150521464500
  0.37148275557860855  0.37786223684419668  0.38415517061764154  0.39022661499535438
  0.39605173544317090  0.40171357775772293  0.40733853236855894  0.41296860357170800
  0.41861987928276889  0.42420714782925129  0.42970937510905677  0.43514819290440243
  0.44060441087243479  0.44610101089239862  0.45156649935221183  0.45699229916214312
  0.46225182364298062  0.46747606590218266  0.47266857462277240  0.47785064378144687
  0.48297364595073822  0.48812205586053059  0.49336309458521177  0.49869216931720362
  0.50406249840516493  0.50934958517712359  0.51451909503791737  0.51963036217564385
  0.52472119731338351  0.52989854316204021  0.53515425500551272  0.54042281833015116
  0.54566946725410526  0.55090868888131661  0.55613472786487184  0.56141292248016994
  0.56685537675389819  0.57246379923179336  0.57812329450254507  0.58379143742118622
  0.58947883013359670  0.59514442648542631  0.60085474646550296  0.60658135200801988
  0.61236705113753009  0.61820919554145781  0.62419058442743869  0.63034507858943878
  0.63671313874882984  0.64323481044917508  0.64988295401920504  0.65659315119529260
  0.66348091841613832  0.67038638981269871  0.67744624059736291  0.68471768778750375
  0.69224659374838637  0.69998676639919266  0.70790602073660724  0.71623916377076779
  0.72495068970324938  0.73389723977964272  0.74319996084133966  0.75308968337003779
  0.76381889465832997  0.77527277078595935  0.78797432220880859  0.80249665748827592
  0.81918018156925043  0.84020827616769034  0.87685184142655548  1.00000000000000000
   4.8790362029637780E-005  -1.0000000000000000     
 T F F F T F F F F F F F F F F F F F F F F F F F F F F F F F F F T F F F T F F F F F F F F F F F F F F F F F F F F F F F F F F F T F F F T F F F F F F F F F F F F F F F F F F F F F F F F F F F T F F F T F F F F F F F F F F F F F F F F F F F F F F F F F F F T F F F T F F F F F F F F F F F F F F F F F F F F F F F F F F F T F F F T F F F F F F F F F F F F F F F F F F F F F F F F F F F T F F F T F F F F F F F F F F F F F F F F F F F F F F F F F F F T F F F T F F F F F F F F F F F F F F F F F F F F F F F F F F F F F F F F F F F F F F F F F F F F F F F F F F F F F F F F F F F F F F F F F F F F F F F F F F F F F F F F F F F F F F F F F F F F F F F F F F F F F F F F F F F F F F F F F F F F F F F F F F F F F F F F F F F F F F F F F F F F F F F F F F F F F F F F F F F F F F F F F F F F F F F F F F F F F F F F F F F F F F F F F F F F F F F F F F F F F F F F F F F F F F F F F F F F F F F F F F F F F F F F F F F F F F F F F F F F F F F F F F F F F F F F F F F F F F F F F F F F F F F F F F F F F F F F F F F F F F F F F F F
  <DiscreteSampler_grid>
  grouped_processes
  1 # 1 for a reference and 2 for a running grid.
  10 # Attribute 'min_bin_probing_points' of the grid.
  1 # Attribute 'grid_mode' of the grid. 1=='default',2=='initialization'
  0.0000000000000000 # Attribute 'small_contrib_threshold' of the grid.
  0.5000000000000000 # Attribute 'damping_power' of the grid.
 # binID   n_entries weight   weight_sqr   abs_weight
    10   10   6.493866416834618E+002   1.794889815205369E+006   6.493866416834618E+002
    16   10   6.493866416834614E+002   1.794889815205366E+006   6.493866416834614E+002
  </DiscreteSampler_grid>
