  0.00332996754195621  0.01156787639886283  0.02145142337660768  0.03168180951137692
  0.04204865924327650  0.05202850768453603  0.06209865057583709  0.07233650086125595
  0.08233921907787814  0.09229477910473824  0.10229332281921245  0.11291843210419163
  0.12370491572154851  0.13415472581189214  0.14460494574103314  0.15505140139951515
  0.16541863607350413  0.17547371911758158  0.18551794749203449  0.19607750144642197
  0.20690419825310549  0.21779101502886322  0.22839693174816203  0.23897932448595535
  0.24963570845269759  0.26041389716441515  0.27106969094269201  0.28162925985163628
  0.29207514543651120  0.30250523099625726  0.31309422475708498  0.32354765344912756
  0.33400613489083436  0.34421002400184564  0.35439580859720465  0.36437086025419280
  0.37432369979940755  0.38453716285409578  0.39501294227119110  0.40568515314745945
  0.41635361272553600  0.42708812583653050  0.43795897649744281  0.44894522144764754
  0.45980503015395346  0.47021464726906548  0.48031885774192012  0.49044491718239019
  0.50077841780954413  0.51134827482218426  0.52200599683054738  0.53258125728201633
  0.54312129556205280  0.55371346190873438  0.56433007299225124  0.57489147345768998
  0.58535693575006742  0.59589014838424903  0.60640614317011798  0.61686331879812628
  0.62739064085420704  0.63794069753347449  0.64854713278916576  0.65903231425962316
  0.66949496767881522  0.68006608402401525  0.69023097734277838  0.70035365630234636
  0.71043847084880640  0.72060362003538303  0.73057825251591213  0.74057642031659987
  0.75082319518359431  0.76142787666105105  0.77224774241017136  0.78294339293049497
  0.79374939672792244  0.80443212984932799  0.81522163634358369  0.82631373374700900
  0.83711519738615681  0.84770527908216142  0.85821241298473783  0.86870751061452745
  0.87925874702266904  0.88975164233746762  0.90058975864098922  0.91137353556912004
  0.92200317653133790  0.93249256132125435  0.94296276785369904  0.95351641023486788
  0.96420158294649883  0.97523432091944340  0.98720144931069387  1.00000000000000000
  0.00684145760248358  0.01644822355455711  0.02823588584669457  0.04015122713468529
  0.05152443138130933  0.06245984931069436  0.07336582504764187  0.08416753508775388
  0.09507910502348231  0.10571980728609083  0.11634007247504087  0.12707185174296717
  0.13784867241236753  0.14859955918757303  0.15898704098920002  0.16919830004545405
  0.17926482485255493  0.18939484123053602  0.19969578200669971  0.21017735773035381
  0.22068196349853300  0.23115843718943499  0.24147631114202384  0.25179495383030731
  0.26211973797297838  0.27242897134007132  0.28263828306808114  0.29283229095214458
  0.30320665040776623  0.31380784788368155  0.32448593153915778  0.33511686021555087
  0.34555988502355434  0.35598653582278389  0.36643786331018896  0.37681108209427161
  0.38719466366191829  0.39745001689656212  0.40762195594202566  0.41766031478198529
  0.42770516384470786  0.43779701715107483  0.44793351267438125  0.45810488906215613
  0.46838167447931189  0.47872970729609543  0.48915941700602822  0.49970302974446790
  0.51037614845582169  0.52112139117098166  0.53181794537176097  0.54227547965522094
  0.55248946969190471  0.56267034932214255  0.57294298337037397  0.58340068694588632
  0.59406311278625124  0.60475292893347721  0.61537863598968467  0.62593307978246082
  0.63636589046884262  0.64662347971192147  0.65676461913028050  0.66698336749516163
  0.67722433096904033  0.68746975279537048  0.69769401790468433  0.70800270024105005
  0.71844976428960572  0.72896339065408255  0.73974401783133148  0.75060337087439999
  0.76137705876790440  0.77187637321644265  0.78159070034671041  0.79127070187111359
  0.80111126744035077  0.81126556822334994  0.82130774742995050  0.83129960353619392
  0.84147308357165684  0.85197666183922183  0.86260112075655382  0.87308877071495428
  0.88323655648271526  0.89306359193098106  0.90292457298383910  0.91275728874898154
  0.92263550450529164  0.93243179302675594  0.94249179198927624  0.95274285054812058
  0.96291067802825547  0.97286255043731662  0.98244056402260116  1.00000000000000000
  0.00335914484695844  0.01120217228344558  0.02160841871642530  0.03175963531795971
  0.04227463634365237  0.05244904552494946  0.06244620386981276  0.07256816415817217
  0.08261360365813251  0.09282458343568872  0.10325832081492339  0.11364083093943605
  0.12395420146425447  0.13413832120420108  0.14432253119742464  0.15462939951996865
  0.16507641045746510  0.17572212065932985  0.18651896871529328  0.19718188579714535
  0.20797819681364321  0.21857507747386165  0.22911513534519787  0.23931797362940788
  0.24958732652280127  0.25986570947438381  0.27019975890028308  0.28065249469666997
  0.29128252245813246  0.30209529030247551  0.31286454630342664  0.32363528602064490
  0.33431442708019882  0.34481192727910409  0.35518539773229507  0.36556981604589167
  0.37583902597721097  0.38604519335042004  0.39617048870763705  0.40660413399834616
  0.41722294420075640  0.42785420517926626  0.43817951702091301  0.44840849802958904
  0.45878902511498354  0.46948407466673286  0.48041577393184992  0.49123309220334221
  0.50183002906369600  0.51222880811515603  0.52243680993187436  0.53270847586030567
  0.54314706066683105  0.55391541017731327  0.56462256524422150  0.57505775400059966
  0.58546499449811817  0.59596556470544060  0.60643908900370502  0.61681695658455538
  0.62716854700034708  0.63742606893222320  0.64770060300257537  0.65803826353264072
  0.66843136979679030  0.67867816877621845  0.68926766767924430  0.70013191652949769
  0.71096062001398674  0.72140835037599993  0.73162999070743662  0.74186189190694907
  0.75197300511077581  0.76213473074485427  0.77228849658521326  0.78277825645482979
  0.79323811079467832  0.80386069589302345  0.81436974113642591  0.82508150418942849
  0.83549848722575948  0.84592425910569002  0.85635301566923727  0.86704337073445659
  0.87769071388880915  0.88860186622651249  0.89944281179805796  0.91040789405951994
  0.92108025786491865  0.93192386871748756  0.94283761522714993  0.95329996195627731
  0.96396080730445033  0.97476121386856585  0.98704591725908852  1.00000000000000000
  0.00588648161404951  0.02051300847090483  0.03514770491267701  0.04786841839670690
  0.05933743746285573  0.07090620746161147  0.08198376361491488  0.09310471851658743
  0.10381241763855278  0.11466469341762835  0.12541311875884248  0.13619828608214149
  0.14688573803716978  0.15739385171824954  0.16796140067240004  0.17845466635548107
  0.18874450830944811  0.19908568464204285  0.20956609744583773  0.22055480531515784
  0.23153332413369163  0.24227863389747603  0.25295406431244277  0.26363917543694537
  0.27450733589514303  0.28515114470702951  0.29580817434163625  0.30646655399972672
  0.31715940007997029  0.32798720887457727  0.33877687584910077  0.34968757482786172
  0.36039153227983806  0.37095376517208445  0.38135710649191962  0.39180233205958603
  0.40247046553291854  0.41326286805827139  0.42397722776308316  0.43449514055072302
  0.44484926537288699  0.45518897856094637  0.46558383120650670  0.47608575169232326
  0.48649355306521208  0.49672619157296882  0.50707291973312452  0.51765025597711012
  0.52833687274215779  0.53883261701017493  0.54911493187992277  0.55941477950214902
  0.56979528971559246  0.58015604131658749  0.59050395209579087  0.60093119891440550
  0.61147853199025781  0.62201036633849593  0.63242452870388566  0.64277743979167656
  0.65307196602716733  0.66305061743915716  0.67298561015850367  0.68297203900106229
  0.69311573557442385  0.70335759001166831  0.71359939259461724  0.72383514690367090
  0.73403596952708872  0.74416615669720521  0.75418243749574410  0.76403933973556626
  0.77414055785482050  0.78424554824069281  0.79437695423331256  0.80447560272196550
  0.81437963751408082  0.82437175796089335  0.83424610569054825  0.84430860286971299
  0.85436186874895204  0.86445111219364779  0.87443490871381235  0.88456875287479242
  0.89485201413730153  0.90499401874516605  0.91518127095801760  0.92527411963384121
  0.93535579218970577  0.94516875725877081  0.95485364790145011  0.96444124801462561
  0.97376083834555127  0.98222904212943574  0.99182218015662782  1.00000000000000000
  0.00000199584789104  0.00000426620489563  0.00001030638140838  0.00001440032812516
  0.00001870449360327  0.00002298744808500  0.00002713903611131  0.00003119033650667
  0.00003525539009604  0.00003943692879600  0.00004363775739944  0.00004761824216397
  0.00005172373779687  0.00005585706135098  0.00006005175686929  0.00006434566125820
  0.00006874633707165  0.00007321461118672  0.00007772510990736  0.00008229916374688
  0.00008697759979141  0.00009181966045813  0.00009680430954599  0.00010188473340943
  0.00010705442236259  0.00011232458012339  0.00011772661553968  0.00012330620280852
  0.00012910842490439  0.00013514254190501  0.00014138832120170  0.00014803013807269
  0.00015526703704305  0.00016301441652109  0.00017130639026396  0.00018006524915850
  0.00018898000345853  0.00019831068973924  0.00020767207619875  0.00021742298394750
  0.00022733317394964  0.00023747962287556  0.00024815952312843  0.00025923483762531
  0.00027062497535955  0.00028251557042537  0.00029475495824055  0.00030769623659413
  0.00032104082895904  0.00033494102470302  0.00034946387051841  0.00036455400449688
  0.00038038592917626  0.00039705252520842  0.00041475750283689  0.00043387007561614
  0.00045378492769747  0.00047495706642364  0.00049704671476012  0.00052040949170779
  0.00054567078674402  0.00057230830063995  0.00060031145506528  0.00062965756905976
  0.00066100865409533  0.00069483103233602  0.00073179272408149  0.00077194686607956
  0.00081457675173772  0.00085980798772612  0.00090868959283493  0.00096118693676626
  0.00102010781039977  0.00108389679209129  0.00115623213332486  0.00123040995638460
  0.00131031381906398  0.00139932038536735  0.00149773766699182  0.00160993559252752
  0.00173728694725689  0.00188019543684315  0.00204171840269408  0.00223384442284335
  0.00246104275432016  0.00271569609151371  0.00301978305842816  0.00339567416778743
  0.00386117085331105  0.00441051057767091  0.00516496560240003  0.00613574772595701
  0.00777872686588384  0.01149106020505421  0.09062463475815294  1.00000000000000000
 -0.00242244284547406  0.00962360989751053  0.02002382491582017  0.03117225668114680
  0.04231362672588723  0.05328109859468563  0.06416103154234135  0.07542930905055173
  0.08674150707351146  0.09758296702254396  0.10816402945757191  0.11864588156891619
  0.12927763676547407  0.13994520087261031  0.15052748054478313  0.16108426852079064
  0.17162927022452443  0.18212312271629055  0.19267161253273440  0.20331354100756421
  0.21411077010965648  0.22480568479203428  0.23532936479080907  0.24574743353236958
  0.25628806606571031  0.26695349701765519  0.27755925495772243  0.28803169285314795
  0.29845126488462237  0.30898040902533747  0.31962912150338885  0.33037827862396613
  0.34132851140149451  0.35231743559681794  0.36299037847831933  0.37336455788351314
  0.38369707419709692  0.39396487183710416  0.40405575006087230  0.41412098457112634
  0.42446846171716507  0.43505468700439087  0.44572020983641564  0.45636358036500541
  0.46706602695801819  0.47776552239529013  0.48865705380963564  0.49970244304237071
  0.51093828990897183  0.52215592447662906  0.53292834866850614  0.54334967665572043
  0.55353841860635700  0.56355904320145689  0.57332535493789227  0.58314177049253557
  0.59319276699169343  0.60346169144076212  0.61367454496258478  0.62402528040884686
  0.63445123406672754  0.64486070194876777  0.65519193494962813  0.66569921081787664
  0.67654160977299638  0.68747516618505811  0.69816706255590266  0.70867490850722603
  0.71912609676298389  0.72964333331055720  0.74017671471295898  0.75076769666151855
  0.76129571510909400  0.77185370390916364  0.78243803647808952  0.79299565186891241
  0.80336981801328311  0.81348515427896628  0.82361762358776780  0.83386932148455628
  0.84417173084326425  0.85459952477991741  0.86500592399710530  0.87565900224952076
  0.88634636965957381  0.89692758203700174  0.90705079072929340  0.91722750954170662
  0.92718208032382099  0.93729975819048750  0.94729332182640336  0.95761879608618339
  0.96832311433953033  0.97880826760158313  0.98943083514972174  1.00000000000000000
 -0.00228580870155401  0.00940527696391275  0.01880061924569040  0.02882772880785629
  0.03872950524124824  0.04884630394786749  0.05902965987688281  0.06938742168761351
  0.08000973966430593  0.09029654907234411  0.10064186349070561  0.11106507800814604
  0.12170688146124337  0.13197469711967469  0.14198654895324894  0.15232979050869019
  0.16302156140404739  0.17357737455272984  0.18403681679465725  0.19504807668888050
  0.20646380125389455  0.21760872901080108  0.22839287071374359  0.23918645481715101
  0.24980824510051361  0.26046245691054787  0.27115662993131773  0.28193833728781276
  0.29230628376093121  0.30227121129887635  0.31247757194747194  0.32296016044153170
  0.33338256688172541  0.34426451303334787  0.35504610830859878  0.36593939420204558
  0.37653764775417592  0.38716194349441646  0.39748330940580368  0.40769216015294413
  0.41797430251369605  0.42896027421716632  0.43968037290065543  0.45003304603655248
  0.46039636877907120  0.47088959770438832  0.48167834232240603  0.49236328619627218
  0.50308076286596670  0.51346004671093182  0.52403250577538396  0.53456201636905631
  0.54516269153563546  0.55544695379878906  0.56585601728949675  0.57664664727393400
  0.58758969280620543  0.59863485655389848  0.60947934964245276  0.62025803009121594
  0.63093377467942857  0.64143479364617184  0.65173177111259384  0.66233607474487355
  0.67303303385034430  0.68397379209097486  0.69427638352102050  0.70442642610458872
  0.71425251694816205  0.72441019031544829  0.73458226388994541  0.74501744734993847
  0.75521808580877392  0.76565822708807618  0.77621553061265847  0.78666399219555472
  0.79734041445631243  0.80805397552325231  0.81949068573322104  0.83089356357973732
  0.84181034151987910  0.85228453981408703  0.86244532048817146  0.87253016725058496
  0.88261750552476803  0.89278198911303663  0.90303013093711582  0.91357322590957601
  0.92429080512287598  0.93507593275983181  0.94584036778143310  0.95642307225509005
  0.96717127452722940  0.97774853404318252  0.98900167730386845  1.00000000000000000
 -0.00250778794920388  0.00982666079560488  0.02065690350143718  0.03171137912644385
  0.04260083565826812  0.05340027477213811  0.06386252445576690  0.07431585491956284
  0.08475625901972020  0.09536692895529846  0.10599817812879217  0.11649585465030718
  0.12724661074032342  0.13776526688863258  0.14830254978145369  0.15873488938012764
  0.16929489589373925  0.17989858326381447  0.19035083466367558  0.20063722937990563
  0.21076479161122311  0.22111808910312472  0.23166734691433705  0.24250455644681018
  0.25319628296611552  0.26371004852101015  0.27413009839347774  0.28447801911939130
  0.29463433052019844  0.30462592409249861  0.31464647281372327  0.32499029776445237
  0.33536079776397593  0.34575104868792961  0.35594648290198244  0.36648066702712456
  0.37705607967006655  0.38742362119042795  0.39761980890784099  0.40790386751714541
  0.41814335691776472  0.42858384776142155  0.43919558776128226  0.45001931279078361
  0.46114302167100563  0.47221241740943237  0.48302471638240413  0.49335246890815188
  0.50368402281976177  0.51426293780806620  0.52500303129218884  0.53561370763701888
  0.54632926162774420  0.55675711810160411  0.56695975096887008  0.57698465410730415
  0.58730976744389496  0.59758601462599048  0.60815898174883076  0.61849987734455802
  0.62894974734657483  0.63881689610630776  0.64880055717649965  0.65898427503463430
  0.66938436039371307  0.67977762584269275  0.69019160861817874  0.70086997120772310
  0.71118625071381325  0.72197400808930268  0.73257456395086784  0.74355673842127812
  0.75443670834738252  0.76524836531826768  0.77600758049200447  0.78681714471707553
  0.79729179085567514  0.80783137715548270  0.81858045014875114  0.82953154386441674
  0.84018488698620175  0.85067802063507270  0.86123532310144368  0.87173395444786728
  0.88221521327762309  0.89276979575458459  0.90355292702698153  0.91425004609469107
  0.92510322366542197  0.93588939397396664  0.94673011121058404  0.95747083182660742
  0.96827891404288957  0.97888390672760428  0.98954989249476843  1.00000000000000000
 -0.00244489111464833  0.00989950904078747  0.02019270886429355  0.03068750284586066
  0.04129552310111319  0.05184665441386956  0.06230455451536035  0.07273075006071981
  0.08328917308594508  0.09364485660383902  0.10394398329917813  0.11456604159982964
  0.12491302889413985  0.13574446878491375  0.14612808477752157  0.15730958285226967
  0.16793895550843632  0.17846531371776292  0.18909580994532277  0.19943444186822776
  0.21001266438435021  0.22038734816245395  0.23107199167015349  0.24175214292786296
  0.25245417567186007  0.26310074745972117  0.27352851122792510  0.28382642761932564
  0.29400417069424578  0.30411184817820880  0.31424759065887459  0.32458148022750605
  0.33518328421763344  0.34566459354400486  0.35601054228461648  0.36633909397750652
  0.37658830644951713  0.38731958337184713  0.39788063488225062  0.40941937382105648
  0.42028528447526020  0.43062316590544036  0.44127449776716893  0.45209939274565680
  0.46285002674365250  0.47317635544079756  0.48370770358242637  0.49456612549367773
  0.50533190257553018  0.51593961448535930  0.52651152045834915  0.53693682978122392
  0.54712346776798493  0.55748845669156466  0.56786059307032832  0.57853565018203978
  0.58909055530065912  0.59975550408819633  0.61030780772848803  0.62079815720033404
  0.63140211289889070  0.64203678399968234  0.65296335035112740  0.66357636154276844
  0.67413218856806645  0.68467290388071489  0.69534788277889281  0.70620421118945165
  0.71687723316846308  0.72758573758198564  0.73796419244715783  0.74822695045182863
  0.75863992076466402  0.76904276826306106  0.77950280203216704  0.78994675863873554
  0.80050298499814354  0.81118431169687322  0.82196171190692069  0.83301925014492273
  0.84325600535231748  0.85344020618071148  0.86386445627789787  0.87417619664742119
  0.88448401285541323  0.89494881612340482  0.90635253538879734  0.91766144720156362
  0.92834715057558925  0.93876455835378581  0.94869802501740397  0.95890201961434474
  0.96910179558554155  0.97939071450288595  0.98973625392378717  1.00000000000000000
 -0.00202858007281094  0.00816017797634444  0.01701719273010604  0.02650413003249332
  0.03613022407745699  0.04591984681071494  0.05576634669012716  0.06557376085933983
  0.07548793481268423  0.08551321700852106  0.09581727344564149  0.10613225317234547
  0.11658029326911731  0.12680399516203372  0.13701165798462941  0.14724105143930863
  0.15765694278597042  0.16803022594220657  0.17804233093846975  0.18797855750104447
  0.19777157495890108  0.20750319162397488  0.21720478550853467  0.22694377018393769
  0.23692038805842647  0.24708181905396426  0.25739201550729573  0.26765526625227432
  0.27798095381588761  0.28846274918878761  0.29932626587486655  0.31022211506020508
  0.32104550258325382  0.33180709387667284  0.34236627071865483  0.35300521526701539
  0.36361687790319991  0.37419546128497172  0.38449317349525558  0.39484127295817656
  0.40552045303027062  0.41636842777269550  0.42694571174235108  0.43742852529715304
  0.44797695355792649  0.45852499749899511  0.46919383775603313  0.47974502925808221
  0.49044069684601582  0.50092076312645817  0.51165671411777613  0.52223087329253870
  0.53262106189612557  0.54295435513207457  0.55329043445707304  0.56394584049340812
  0.57468356819475297  0.58521817502181683  0.59549118383033683  0.60570987414414490
  0.61620856361525167  0.62674252504228301  0.63704244518086350  0.64706959139166731
  0.65730408400316831  0.66776321315924025  0.67873814104932462  0.68945984870175581
  0.70031058835755189  0.71104882416710213  0.72195057320139455  0.73258656309347181
  0.74327802433002821  0.75393277701190231  0.76494331842904395  0.77596781566410045
  0.78702255890368944  0.79816301563277503  0.80947697877524749  0.82079129014703711
  0.83251533429243407  0.84401203757008447  0.85582253362379568  0.86716416983191402
  0.87804851303409748  0.88904264791656584  0.90001011573170808  0.91144487248000405
  0.92290764831657057  0.93428420573607029  0.94513596694484814  0.95569968414619255
  0.96690721476599650  0.97799305210742871  0.98901357483343677  1.00000000000000000
 -0.00239061397685110  0.00920323888616683  0.01956774282160261  0.03015873186751708
  0.04091005145598395  0.05183972498240267  0.06312902818132242  0.07444206260494049
  0.08564075972178278  0.09678189557627456  0.10776451518987816  0.11880690983927077
  0.12974485453244514  0.14072859795482009  0.15138817851000122  0.16169744862476176
  0.17194063954679145  0.18234161519072339  0.19279996337996452  0.20345703873135335
  0.21391618315727270  0.22423664124610737  0.23441790846134816  0.24470997323881127
  0.25505634758198070  0.26551532538250028  0.27585209505624564  0.28626471864902570
  0.29659552039105708  0.30689955804533564  0.31750188746868241  0.32807938621539973
  0.33891751597553493  0.34965755182482977  0.36066066336908204  0.37148623196174052
  0.38212759381803135  0.39296301327599137  0.40369495261981886  0.41441709271327420
  0.42502895921868483  0.43570433730096103  0.44614388967824814  0.45648343649546164
  0.46689139534642893  0.47726477087858965  0.48749255186629470  0.49766659814154146
  0.50791288678412949  0.51809132106196720  0.52832990727286777  0.53860942476571549
  0.54886038335880716  0.55913130218309570  0.56957141868707295  0.58018897778172085
  0.59079179629214540  0.60154615585664140  0.61253140739227818  0.62380135385354674
  0.63486487903680688  0.64575751571659312  0.65630409173288706  0.66678358513507141
  0.67720166470878640  0.68756103953666892  0.69789657454212339  0.70830946269980999
  0.71863784078944437  0.72886409221565374  0.73903454906138399  0.74930984329408312
  0.75965455797483794  0.77014213413549526  0.78070948004705898  0.79122068986156047
  0.80173802850781639  0.81221256230817596  0.82265031399557786  0.83284378873291365
  0.84320126228704695  0.85349854856115781  0.86390863474698576  0.87428478970477252
  0.88492311365699328  0.89546804319941165  0.90597210590341282  0.91634078348707959
  0.92671056244392969  0.93703285199167341  0.94751707160780685  0.95811573114614357
  0.96874446766261513  0.97911538575307988  0.98955279282653053  1.00000000000000000
 -0.00242347428023255  0.00938884319083464  0.01932810085088180  0.02978834731757971
  0.04019058160926391  0.05051969778325952  0.06093557835735335  0.07166092445231408
  0.08237476960879175  0.09311520008782427  0.10392923628956999  0.11469522371029849
  0.12540643582943406  0.13577730045729294  0.14595578853814389  0.15612704570826499
  0.16631543717081934  0.17661663684080922  0.18670977599686092  0.19685998545880520
  0.20724161499023125  0.21782141099359409  0.22837925887751820  0.23888621323723058
  0.24936084152060015  0.25959899490076288  0.26968778435891388  0.27982451828686550
  0.28991659099820483  0.29986942421384682  0.30986599244233398  0.32021317770034302
  0.33062585066352917  0.34094618802690119  0.35116951916378430  0.36145487913880664
  0.37192987821758999  0.38250939788852428  0.39285517822170413  0.40320331955822253
  0.41349356934946280  0.42413780139018759  0.43491669562922231  0.44601888192794414
  0.45736551563413269  0.46798732624647083  0.47839354656745314  0.48885953898390577
  0.49960419224119818  0.51031837752612019  0.52089330493764385  0.53133750680869962
  0.54190458516329887  0.55212972831315088  0.56263664876112884  0.57330141994139361
  0.58402272586529858  0.59464678920033087  0.60524918700439401  0.61611566720703481
  0.62671012000545423  0.63714711467263974  0.64760247837957974  0.65829972853890595
  0.66890868130043180  0.67982983704217548  0.69044212291578533  0.70114754252697609
  0.71175758415697221  0.72247438277525156  0.73306330681205112  0.74357433026798181
  0.75418261533736652  0.76504503325921558  0.77600735056878678  0.78697031833995745
  0.79827793911286160  0.80964114933439291  0.82067879889482731  0.83168752845712346
  0.84260040477877207  0.85345678824667304  0.86382303477411937  0.87431047817463081
  0.88472341622174389  0.89529050273479716  0.90559632499031051  0.91602255604367799
  0.92624630933159402  0.93682608878896223  0.94728492198290137  0.95803160637479290
  0.96840264238641294  0.97888306336802400  0.98926167549000643  1.00000000000000000
 -0.00232055483352380  0.00924307804660597  0.01946055946336233  0.02999654770752710
  0.04032842943136247  0.05080492514398335  0.06142084900068454  0.07184265649245314
  0.08214162968680572  0.09236244493566140  0.10283771481951198  0.11317298405128787
  0.12372323451627266  0.13412292255546579  0.14473128187891057  0.15558704597976272
  0.16613453292520064  0.17638654645372009  0.18685876604872348  0.19716069320101370
  0.20761870825001338  0.21804952648009615  0.22844383982449523  0.23895755148787307
  0.24913502846882429  0.25960390858093824  0.26997931333507391  0.28029747912854486
  0.29044216559390323  0.30057537373793497  0.31089325331332163  0.32128484744601549
  0.33216797992040525  0.34279498224033916  0.35378049600138634  0.36421672900878338
  0.37446309658422011  0.38465986177166828  0.39475367263691097  0.40515874740669350
  0.41565314851847390  0.42625208340863968  0.43680913391607623  0.44726972694196382
  0.45779430977089836  0.46826678807891897  0.47869336210504448  0.48928668184959317
  0.50025652726812964  0.51132818671351321  0.52230585560365639  0.53330671170957056
  0.54450403812655013  0.55562662850189259  0.56663238759791890  0.57750899529956046
  0.58818342576892324  0.59852396433642552  0.60876623297298871  0.61905837490976301
  0.62940659524851561  0.63979663814639431  0.65033863162421235  0.66129907937818100
  0.67161459860883588  0.68177386905631032  0.69194717150063256  0.70275876231962853
  0.71332513185110324  0.72374826044926377  0.73398102902192763  0.74460232902024492
  0.75473424608882178  0.76498644581041420  0.77518521644746197  0.78546139120650937
  0.79566609789425435  0.80591674293135229  0.81619372674456969  0.82686542227638338
  0.83739793263024631  0.84798241315394773  0.85865715136046028  0.86955536752657459
  0.88003366983544984  0.89068266935577389  0.90101678907858918  0.91165420217345405
  0.92243356404456467  0.93346516199374396  0.94413487166955368  0.95483336394913354
  0.96621090458273329  0.97795977909051557  0.98908723339852567  1.00000000000000000
 -0.00229410165625834  0.00929158841667651  0.01917491419739750  0.02967543259354967
  0.04037181540118506  0.05107861969122983  0.06202102784900716  0.07287710034896717
  0.08375902499806327  0.09435315347767287  0.10503084371810305  0.11551961503349081
  0.12610739401727253  0.13673375284309841  0.14750910550827578  0.15815627148358763
  0.16849409148117994  0.17913062190997092  0.18966981448554079  0.20015505475200052
  0.21046702882821877  0.22069989205893575  0.23108307526866304  0.24167731340000967
  0.25222082750798036  0.26275678292873411  0.27317342963346797  0.28356743649933741
  0.29404733826852703  0.30444656534979175  0.31486770156402216  0.32552006893527069
  0.33618564570849524  0.34712388667917704  0.35795202348273636  0.36849989613935713
  0.37892641033915020  0.38941331473893898  0.40005486758011932  0.41068524224411829
  0.42139032661700099  0.43225386780032327  0.44300395775258800  0.45340167260029285
  0.46374996052866685  0.47421092934509262  0.48490290513438561  0.49559512742729700
  0.50640108995857402  0.51730768749723055  0.52835769737315375  0.53918946449708149
  0.54986541838600000  0.56035517968054827  0.57071403778324958  0.58094028494677719
  0.59128076957788611  0.60186029985941425  0.61263108268016631  0.62330155489794536
  0.63379634524656525  0.64402798774199088  0.65425490870703673  0.66454124518437629
  0.67490031268552897  0.68525207654810505  0.69556340181038612  0.70597950291456135
  0.71611507582504341  0.72624288654103530  0.73661064221981842  0.74719560421099718
  0.75762515092395777  0.76792275161288226  0.77797359821846890  0.78818325467356365
  0.79843659596376026  0.80892052539336790  0.81960443617117473  0.83034952994924938
  0.84112190371900131  0.85199738058810481  0.86279022040729125  0.87364527394761582
  0.88420325347371420  0.89468750001749420  0.90507669926670420  0.91536504040973676
  0.92577330198530550  0.93606427157512984  0.94652765132061600  0.95723446735910156
  0.96802273327665056  0.97906656623011123  0.98950005436262545  1.00000000000000000
  0.08618478147758341  0.24141506103674662  0.27282281910234985  0.28972973377171224
  0.30345738004885492  0.31583940196106286  0.32753136250433479  0.33831578974061266
  0.34817890827854020  0.35729170884424438  0.36594300346093500  0.37447060069481819
  0.38290677276599328  0.39120983241449320  0.39923870082763324  0.40700479272137735
  0.41466600688709138  0.42217119657653096  0.42939333474559960  0.43644796660977531
  0.44338635902670492  0.45035868817481395  0.45727305663599449  0.46404719554999169
  0.47069703951345959  0.47722616831722536  0.48353444478396251  0.48976968833165485
  0.49607001175496440  0.50240159812077967  0.50871193897831235  0.51487380797041638
  0.52104969987866345  0.52716795344267253  0.53321905504902167  0.53922258674141188
  0.54522336722280873  0.55124595796138165  0.55722776082440306  0.56312390688873393
  0.56890421041544192  0.57458643384500230  0.58029746798046633  0.58614563500463157
  0.59210699427572322  0.59806632025143613  0.60392844605314133  0.60975249034926748
  0.61558298579527093  0.62144499649320972  0.62725712877582229  0.63309539902073264
  0.63868379476188630  0.64453317920226016  0.65026516203582274  0.65625633877645984
  0.66213867114006508  0.66790359752055273  0.67354327366234856  0.67915026575084414
  0.68474704072353543  0.69033205580123047  0.69595138073922580  0.70167391502549348
  0.70750739814391683  0.71343434626143520  0.71937291490989541  0.72527881701234898
  0.73120224176886794  0.73718252559263631  0.74330045591632188  0.74956353944183096
  0.75592978433837077  0.76231372809680720  0.76864746941953577  0.77504982958057322
  0.78154904063269937  0.78818627567523358  0.79498314783264901  0.80192996032670538
  0.80912407607160708  0.81649443232757180  0.82406553768925650  0.83182069956126703
  0.83990556444123665  0.84830567468419871  0.85695565270865559  0.86575841217170690
  0.87502318088444753  0.88495343263313564  0.89571070849162826  0.90751915652813320
  0.92087471294982526  0.93666330885623972  0.95903760882734912  1.00000000000000000
 -0.02550809400748398  0.12233520072426607  0.15818918566934201  0.17953380966123089
  0.19662827776799016  0.21132827699798074  0.22425385540526324  0.23615696019858651
  0.24720900846209976  0.25750278250791847  0.26706360169060245  0.27615853459525380
  0.28455739957939225  0.29258602147765417  0.30024882833667005  0.30783248840677524
  0.31514680184723792  0.32210888504954155  0.32888958588269368  0.33568707470855763
  0.34251396852858867  0.34922595634309872  0.35580692360310107  0.36223190148039558
  0.36859718469652925  0.37483013652810970  0.38099245568254941  0.38713793927026557
  0.39323350294318454  0.39909781118134330  0.40481282692041609  0.41050849326914735
  0.41623527791011405  0.42178151828749322  0.42726945895214036  0.43261608535567347
  0.43793338051053998  0.44329009165084993  0.44864988889892993  0.45398690049323748
  0.45926406056663016  0.46449253098123733  0.46974159103798008  0.47500938586063690
  0.48028367617063367  0.48563927428091358  0.49088941370999994  0.49616304552687179
  0.50148710123000340  0.50670368481102901  0.51202137703259065  0.51731319512765794
  0.52256940057270163  0.52784351470593760  0.53317929851987389  0.53848337618252573
  0.54371688194258383  0.54893765510061221  0.55420399688673205  0.55954688872263714
  0.56499234709870105  0.57048247078371306  0.57594288915806058  0.58149812172181958
  0.58729781947691417  0.59326292739693287  0.59926536404247088  0.60531888046232163
  0.61134759166721453  0.61738032336572080  0.62356648938579584  0.62988765648064826
  0.63628598699003858  0.64271788127767882  0.64922963766256425  0.65592263996451161
  0.66274652739207651  0.66953404565656627  0.67633093318581206  0.68324946090288252
  0.69050292126473667  0.69808788230182595  0.70596536886705530  0.71428779164250744
  0.72298273712714756  0.73231179529765067  0.74229519557035628  0.75248713935334788
  0.76336647921754908  0.77501006539328476  0.78806278950562769  0.80264306822793086
  0.81979427495019641  0.84147749019580886  0.87692664146331256  1.00000000000000000
   4.7952179494772674E-005  -1.0000000000000000     
 T F F F T F F F F F F F F F F F F F F F F F F F F F F F F F F F T F F F T F F F F F F F F F F F F F F F F F F F F F F F F F F F T F F F T F F F F F F F F F F F F F F F F F F F F F F F F F F F T F F F T F F F F F F F F F F F F F F F F F F F F F F F F F F F T F F F T F F F F F F F F F F F F F F F F F F F F F F F F F F F T F F F T F F F F F F F F F F F F F F F F F F F F F F F F F F F T F F F T F F F F F F F F F F F F F F F F F F F F F F F F F F F T F F F T F F F F F F F F F F F F F F F F F F F F F F F F F F F F F F F F F F F F F F F F F F F F F F F F F F F F F F F F F F F F F F F F F F F F F F F F F F F F F F F F F F F F F F F F F F F F F F F F F F F F F F F F F F F F F F F F F F F F F F F F F F F F F F F F F F F F F F F F F F F F F F F F F F F F F F F F F F F F F F F F F F F F F F F F F F F F F F F F F F F F F F F F F F F F F F F F F F F F F F F F F F F F F F F F F F F F F F F F F F F F F F F F F F F F F F F F F F F F F F F F F F F F F F F F F F F F F F F F F F F F F F F F F F F F F F F F F F F F F F F F F F F
  <DiscreteSampler_grid>
  grouped_processes
  1 # 1 for a reference and 2 for a running grid.
  10 # Attribute 'min_bin_probing_points' of the grid.
  1 # Attribute 'grid_mode' of the grid. 1=='default',2=='initialization'
  0.0000000000000000 # Attribute 'small_contrib_threshold' of the grid.
  0.5000000000000000 # Attribute 'damping_power' of the grid.
 # binID   n_entries weight   weight_sqr   abs_weight
    10   10   4.402597974680474E+002   6.779093166116744E+005   4.402597974680474E+002
    16   10   4.402597974680476E+002   6.779093166116750E+005   4.402597974680476E+002
  </DiscreteSampler_grid>
