  0.00187092042051909  0.01872521080660983  0.03126809234026710  0.04176637205295633
  0.05169805192100077  0.06082275169212263  0.07033880578864837  0.08006398074213909
  0.09003161692855356  0.10031717736483181  0.11063121112892114  0.12111632216878275
  0.13218059309552002  0.14357473877565752  0.15394726069732256  0.16322701908201157
  0.17252693528783125  0.18233141696029004  0.19196578642207474  0.20124392538199190
  0.21146328374964460  0.22160333354852024  0.23131185139242169  0.24077268384357534
  0.25087098994799167  0.26140011084676951  0.27156375311928826  0.28096064862903852
  0.28968152859660878  0.30016478178826894  0.31118332220317890  0.32261588096292687
  0.33312487413445713  0.34331482198110125  0.35340947106678183  0.36364246183402305
  0.37458575841426428  0.38565656543958360  0.39672622901889615  0.40748392250911641
  0.41842608147270560  0.42979373912815244  0.44148092579672277  0.45240133590792880
  0.46154927547213886  0.47034526750894595  0.47970482620948685  0.48964505188120450
  0.50034152763789352  0.51049671486321391  0.52109338075047951  0.53213074460922805
  0.54507298246031699  0.55801796362382172  0.57090625587461419  0.58311704261643782
  0.59498474712083882  0.60556859421305487  0.61474819701147332  0.62350359852467385
  0.63261884278380409  0.64276519928769205  0.65379320292866594  0.66449860532222316
  0.67427707106579216  0.68328920607355270  0.69199077376844342  0.70160406918804452
  0.71207318401136388  0.72209886771698828  0.73157298183263209  0.74106430908956911
  0.75061474273208095  0.76033483243780531  0.77083722606626259  0.78210525521427154
  0.79297078436855895  0.80314673087840516  0.81275504377264274  0.82327576546024595
  0.83371644884087015  0.84347411439688724  0.85297264764195613  0.86273365552431946
  0.87283802972465796  0.88301180985104200  0.89307915073016442  0.90369090013546172
  0.91488040249794522  0.92679294765830966  0.93966603447020602  0.95249788619098752
  0.96384140624983516  0.97507146881568396  0.98659852596856001  1.00000000000000000
  0.00744176962591123  0.01430296268184860  0.02530829166093629  0.03718497404295647
  0.04876525562135187  0.06081207192348159  0.07707802106917343  0.09484508243535497
  0.11089110189155031  0.12538780163759342  0.13642570823006159  0.14695154925430085
  0.15688327764871740  0.16718264327621687  0.17666290134789184  0.18557357392936322
  0.19465943032170641  0.20421273696624229  0.21441157447084674  0.22539441946331323
  0.23692701915202341  0.24814360595083274  0.25879850130555837  0.26896536250308795
  0.27876164827138100  0.28790776413081132  0.29703492001595211  0.30577851521031885
  0.31396305779150629  0.32209066465777886  0.33086722619593029  0.34074198038120940
  0.35062768825343449  0.36035897538945683  0.36922203387848790  0.37902198830468325
  0.38969064331137265  0.40031829030040483  0.41003524569833039  0.41934696473669386
  0.42802073624730802  0.43789011967571567  0.44714437118077149  0.45593858345274180
  0.46519528800908294  0.47396374171280287  0.48361064839026130  0.49427229650849891
  0.50501591462649242  0.51545482989945024  0.52548585819753746  0.53522419595444881
  0.54572191584515883  0.55696968950297487  0.56762901656571529  0.57875445401273928
  0.59050366648160169  0.60247165120014967  0.61374245817860695  0.62478550638276054
  0.63501695162976901  0.64697285919583258  0.65895511775621207  0.67054547605943560
  0.68110071235408209  0.69185395876895206  0.70343356611342844  0.71529887388519842
  0.72706714898446168  0.73853363949367390  0.74933741230198581  0.75914687223654931
  0.76854979567056914  0.77885130135680170  0.78965097315774713  0.79935086084154594
  0.80872283714830717  0.81857585612214800  0.82980422639359497  0.84283128536674001
  0.85636009183054140  0.86899147695549617  0.88096345921402675  0.89284711414729756
  0.90288029792137614  0.91380375217994392  0.92523683003603685  0.93655087201434195
  0.94664491549892038  0.95533943518748421  0.96345681297648955  0.97226338661517364
  0.98070487589387423  0.98738387878125056  0.99079123395809032  1.00000000000000000
  0.00334082498102580  0.01197381896851575  0.02368796133771191  0.03400882460571686
  0.04239260777429237  0.04998962139102828  0.05769698420081730  0.06577743909441808
  0.07524999837333232  0.08519562866905055  0.09763730592183882  0.11093539210011050
  0.12322633476468872  0.13319089322855404  0.14182253717128024  0.15162121980420482
  0.16201045891285348  0.17176149460597875  0.17980234858244970  0.18774014459470023
  0.19632328890157819  0.20541573199294358  0.21401223206854664  0.22306749951051630
  0.23286461182492704  0.24453382490205283  0.25597181791298818  0.26725822883930905
  0.27837229648451195  0.29021209696869071  0.30324807542040116  0.31588361481989019
  0.32948808219710696  0.34333467534009493  0.35721743827490043  0.37203745110069708
  0.38636942555646903  0.39904246945738481  0.41003551873607541  0.41874487106312025
  0.42754225782337157  0.43629616264967991  0.44515148044832903  0.45399411693861014
  0.46358217018917464  0.47443910127997474  0.48465563381616816  0.49496533476373822
  0.50569124725792891  0.51809907884921036  0.52958591168814440  0.54070778089216154
  0.55130293654665719  0.56193505361549190  0.57228147088078640  0.58205944739482141
  0.59244134587484232  0.60308986039153079  0.61389136109274278  0.62439187778028715
  0.63513424684752162  0.64721610632208204  0.66066723589493215  0.67763654902372861
  0.69339394732122028  0.70589401956688236  0.71598702402527981  0.72369383242670349
  0.73166973560589321  0.73952193933519828  0.74798767344919370  0.75717661517040968
  0.76614229117703658  0.77708921539712117  0.78840691200415436  0.79890789013973185
  0.80819537870824643  0.81744100836134259  0.82757769198500142  0.83910371873132250
  0.85021975473591538  0.86145059948079994  0.87301557423465392  0.88193674600490968
  0.89008721023698645  0.89819155336857959  0.90705397672737365  0.91615364961041967
  0.92421506487994665  0.93156589905888687  0.93965765822515857  0.94927503449496342
  0.95956077087519731  0.97119170755381312  0.98485518590966392  1.00000000000000000
  0.00550129987091583  0.02276695423279748  0.04019086151693218  0.05411047114134968
  0.06672549591045901  0.07882655056007043  0.08916753919664419  0.09913300600588629
  0.10946865157875321  0.12141033978857639  0.13247414818082362  0.14292649313528630
  0.15339773095009251  0.16403181673330505  0.17559971778098291  0.18695167576449523
  0.19796577762717210  0.20824252390760864  0.21914018825799605  0.23057155113137809
  0.24167530614976002  0.25355641250649003  0.26627766706108863  0.27999554718695607
  0.29299650015727785  0.30507891536772602  0.31615314806888145  0.32722927641302346
  0.33763513838509907  0.34719578634643000  0.35680553708420470  0.36698485850567136
  0.37692872408289552  0.38641784773936294  0.39688216781286767  0.40934678308585487
  0.42216027186019189  0.43361875070876771  0.44255578243962446  0.45029016228762458
  0.45859378358509423  0.46684885069357074  0.47519175412286307  0.48369639763076977
  0.49195904349463560  0.50049448210429515  0.50995837510683029  0.51962625872503165
  0.52890047481180746  0.53794244600224062  0.54735456057726173  0.55719542278366174
  0.56846803204991325  0.57979257467601630  0.59274395001859603  0.60523473989519461
  0.61687451948762451  0.62816600760471264  0.63864652733106464  0.64871222795797090
  0.65869263577286463  0.66877112945868811  0.67932219584675058  0.69003709406454306
  0.70016791280748158  0.71020030844988591  0.72035721118449425  0.73044574253534256
  0.74003936598304276  0.74938419008921142  0.75941587930508192  0.76978028677221755
  0.78103570403731404  0.79169998526730623  0.80223721796110403  0.81281595041179644
  0.82352692739123456  0.83352924996904665  0.84433678364203135  0.85477308902269999
  0.86809152002234713  0.88019220108649499  0.89161001088587633  0.90204579917659866
  0.91120017819480514  0.92032040087919342  0.93069564740568367  0.93994777829818177
  0.94940243970225258  0.95880544087922892  0.96708405857578661  0.97466329874108304
  0.98148668026175623  0.98727253672894322  0.99134443016427887  1.00000000000000000
 -0.00007312008624157  0.00065227271475520  0.00147772877287874  0.00271410604183795
  0.00421319747282884  0.00591526700393709  0.00803857916712360  0.01061058400696048
  0.01282534414250118  0.01560853618991563  0.01869084637585050  0.02179887143845130
  0.02505513789255079  0.02867875567063703  0.03315164597926330  0.03787410592424038
  0.04266794255946115  0.04686746892284822  0.05101900259920070  0.05484859310437324
  0.05938471590923026  0.06474477003218647  0.07105861749602203  0.07689827148228789
  0.08242651944323354  0.08805455711680808  0.09423553459415822  0.10100167997757656
  0.10775695756974452  0.11428102600086644  0.12035178482831174  0.12706416836291942
  0.13361170740060824  0.14053104396359653  0.14837458485103361  0.15607132498896248
  0.16340664193384055  0.17066691367834566  0.17811475835236523  0.18554128156319691
  0.19320493500903715  0.20186166410606446  0.21242200710462131  0.22308870753210830
  0.23340433924982029  0.24377923183356812  0.25449818239591199  0.26572180118307559
  0.27598385056649410  0.28681589474561853  0.29766323933724381  0.30797324476554133
  0.31811648118786334  0.32858912127091944  0.33945854804500319  0.35235589185313232
  0.36613494295127230  0.37998976488908032  0.39377424370693037  0.40837973785086434
  0.42125609397324776  0.43356113989011652  0.44555229943334507  0.45778678267730333
  0.47066813159777532  0.48403566996387531  0.49696693759390970  0.50997742475136087
  0.52284617053792359  0.53569634303230385  0.54890657374225593  0.56266553232895056
  0.57698760384818393  0.59188650176991864  0.60890939949551692  0.62521575238391491
  0.64142669639055561  0.65768243785433034  0.67297873515070827  0.68684683082975961
  0.70292290494481402  0.72084720413868231  0.73982018395784277  0.75929224261664452
  0.77925069710622075  0.79866517137779980  0.81716103967648146  0.83706892384683385
  0.85653011331203799  0.87732193971940475  0.89779560454323781  0.91842579547605796
  0.93922932037229823  0.95968807164136849  0.97960273483162652  1.00000000000000000
 -0.00206860149421276  0.00674168101791607  0.01632964316520953  0.02707772739249988
  0.03872919746070063  0.04984009071501738  0.06079580664551436  0.07295891962615557
  0.08572137117495304  0.09841737884922838  0.11144802016927852  0.12445142631394461
  0.13757503904032747  0.15097839916396633  0.16448402851788727  0.17667633285372344
  0.18780826502839296  0.19875685890095934  0.20994617285855321  0.22097155685393841
  0.23144022734712150  0.24161528543755148  0.25147137301365113  0.26163379163597011
  0.27234168369253603  0.28484327820665317  0.29560089782268162  0.30495732689457972
  0.31373707396313644  0.32289448215104155  0.33185503574315217  0.34114640772704735
  0.34990407649660443  0.35957046481651911  0.37145832988081501  0.38394594540023513
  0.39730087387291196  0.40949476056858863  0.42017965586327838  0.42954690880805846
  0.43845923244551266  0.44768355931101511  0.45725489480197296  0.46643501050525454
  0.47464216668966475  0.48414020916989609  0.49478219326450795  0.50732093817586421
  0.51928323714465985  0.53097500312509749  0.54119260536569047  0.55090846317443765
  0.56068308971091607  0.57036264458410824  0.57963796249828614  0.58804188552353742
  0.59582355369730411  0.60379919123695358  0.61249249200681444  0.62184585420377969
  0.63092994749267328  0.63974070868372357  0.64839680437073777  0.65889836353084619
  0.66932194611975360  0.67899967622620538  0.68885990611544590  0.69863056028165316
  0.70936671966588261  0.71949917981763045  0.72998881102396052  0.74098423512476441
  0.75340193136229472  0.76745459713015252  0.78169321134453329  0.79415949908693129
  0.80534935335294888  0.81534876154459512  0.82536982829659800  0.83497153604455498
  0.84379823708937951  0.85276977063811954  0.86152563384048308  0.86989781935099952
  0.87807609270591402  0.88727388541559560  0.89744427994635989  0.91034676751523946
  0.92354362234230447  0.93575362208470780  0.94782880993929952  0.95874003624506288
  0.96886877036949937  0.97861824406154596  0.98878948596669913  1.00000000000000000
 -0.00230886012459314  0.01221105624985826  0.02424594489541676  0.03662139254956807
  0.04865791962992942  0.06049701408424916  0.07308776888388557  0.08663780323169840
  0.10078436196149068  0.11341781268805132  0.12509963983753758  0.13724537244698698
  0.14927586996688755  0.16009472094540167  0.17025732683397307  0.18067338940545297
  0.19121600690296284  0.20142074927284845  0.21146287480240458  0.22201318479110868
  0.23337584459400595  0.24389149300122531  0.25388904947069130  0.26365254143952654
  0.27428765046799797  0.28556018609708966  0.29619811577840716  0.30638705525040610
  0.31525838449156218  0.32320063317683839  0.33129267392197992  0.34067980682238580
  0.35094318125586665  0.36305324574874970  0.37656234977840652  0.38986668936223090
  0.40338364022521100  0.41683181146849618  0.43027710892553711  0.44331254258198760
  0.45524086095735444  0.46680794889129368  0.47784539283477157  0.48808994804878147
  0.49751056239057473  0.50684288958657642  0.51701402231949634  0.52872752701152892
  0.54084689671565611  0.55230766495458872  0.56335823349550007  0.57465724271586727
  0.58650797931664045  0.59894297700619825  0.61106590350515533  0.62257119989150578
  0.63376922993301787  0.64464502170035265  0.65397419320888306  0.66349709348120800
  0.67533336910892106  0.68872768849360311  0.70088494288480319  0.71201732361152692
  0.72287658153120349  0.73366123905268721  0.74336217464634424  0.75283416177065055
  0.76182440070386603  0.77060801609530916  0.77825483154422070  0.78536445994670190
  0.79279090379124795  0.80104163504228409  0.81062738204585283  0.82306769451651318
  0.83318521624213604  0.84596126817580997  0.85598944563855384  0.86355314025858598
  0.87071988162231839  0.87814784166206461  0.88712199727735597  0.89649289963543710
  0.90543216500800172  0.91270154437073137  0.92109646636372922  0.93008736493885025
  0.93883526384930138  0.94722979211309821  0.95504641232108634  0.96360440542463888
  0.97286897611548695  0.98288505112416757  0.99157507371747022  1.00000000000000000
 -0.00204584346241280  0.00951976878455094  0.01887880150800647  0.02809180287083047
  0.03711426187765389  0.04662248661995537  0.05593714696321261  0.06652527554592003
  0.07767378819866107  0.08950958107185658  0.10085586704183312  0.11178471521522471
  0.12247787690706237  0.13329021660107421  0.14485741832997667  0.15613470367883889
  0.16760486142327721  0.17963365977972137  0.19064458796391787  0.19927980809278814
  0.20795294005514636  0.21535214855396964  0.22260931885597041  0.23019694099989552
  0.23959290969256830  0.25076307424415284  0.26466773888722361  0.27849458149584516
  0.28993769070709347  0.30038083144170508  0.31010743603826951  0.31944763399700288
  0.32947616452570477  0.34051582323531787  0.35173607075836022  0.36177627185801259
  0.37226592224876404  0.38340124355039945  0.39441907022982220  0.40503483098423876
  0.41544138234259431  0.42612539277307737  0.43709122430113140  0.44846593524251460
  0.45884628235590741  0.46841274578095954  0.47770076742330364  0.48761923926834438
  0.49853716025968192  0.51017288810637829  0.52279485598552666  0.53572893827934887
  0.54743812183946094  0.55777476555063710  0.56800671813752468  0.57814128462800507
  0.58819985829764332  0.59896863383556398  0.61092296908255883  0.62366337366250113
  0.63687447694695498  0.64868479307150140  0.65965936642818479  0.67004808296892671
  0.68191259403351590  0.69158013998690693  0.69995800506279648  0.70810987147422910
  0.71646281193746553  0.72516427252176574  0.73355411339506615  0.74188251439660136
  0.75062052003313406  0.76018920972098558  0.77068206134146788  0.78179797671765983
  0.79309854480310371  0.80493144972920505  0.81699575195742280  0.82863028935192518
  0.84056195855551619  0.85319012800027616  0.86528575895929116  0.87738521025192229
  0.88846310428527075  0.89897910141337156  0.90887274317962463  0.91937818733371346
  0.93086878431653464  0.94153369720968705  0.95078729417689589  0.96007431272421562
  0.97048733832734424  0.98067578607846229  0.99054740799717922  1.00000000000000000
 -0.00302999650573033  0.01549009253335365  0.03173648656833923  0.04666007349186335
  0.06110483635274520  0.07567475367781241  0.09080789272993123  0.10422053803750975
  0.11642863844217613  0.12986685412034804  0.14473744013394196  0.15849640943088622
  0.17335032723504751  0.18796381354555994  0.20289529994124555  0.21530910241402654
  0.22817481317605037  0.24211947934085287  0.25724922516717486  0.27379812463040365
  0.29047598572099537  0.30533024652420049  0.31917462722110945  0.33310759001107881
  0.34723692697362957  0.36193127387236901  0.37559631276333155  0.38788788779338157
  0.39937378543432278  0.40996928626588464  0.42070626224460400  0.43102422731675982
  0.44170448333823931  0.45280427489560415  0.46368203035439404  0.47351407150937153
  0.48387461967595602  0.49433299406005360  0.50531282405968025  0.51662979324717750
  0.52783223980391192  0.53987806331584409  0.55199851658578558  0.56384341546737315
  0.57393456654844055  0.58394768555602217  0.59377812959742715  0.60337213833042391
  0.61313923123536052  0.62318522187011682  0.63370048961303982  0.64447210082606754
  0.65577939969346366  0.66560811135133990  0.67478158387893294  0.68365902387806610
  0.69485424233070359  0.70466291774809986  0.71401794269246632  0.72296396948162500
  0.73328098209643000  0.74311293359118757  0.75339127257940097  0.76303034661887204
  0.77206142965834734  0.78044817760677110  0.78906645188625446  0.79844005126972029
  0.80914300429602148  0.81956729872676803  0.82858246928517787  0.83607072942638982
  0.84297610465448969  0.84984590070260335  0.85679360680507322  0.86472401692982159
  0.87297035485075258  0.88052411229642580  0.88768941467147178  0.89508188171861580
  0.90286752790279801  0.91029435240155210  0.91775005227338013  0.92443088749784685
  0.93136308931241252  0.93860908701508794  0.94589753858437675  0.95334397340416266
  0.96019468147321718  0.96608444287969963  0.97204042878830144  0.97749957434654600
  0.98273998929837802  0.98837630117315511  0.99418435112045433  1.00000000000000000
 -0.00279257470848466  0.01244506926964912  0.02459856365374041  0.03737664083757840
  0.04862478134631575  0.05964469779319270  0.07042115416341356  0.08033586618580024
  0.09015269188504746  0.09991209583044011  0.11053362941288400  0.12201579059809006
  0.13390169650248029  0.14681885768892586  0.15960433552704636  0.17162025530680702
  0.18200960218738130  0.19139961432380398  0.20008275602817965  0.20868971208821011
  0.21781311250816676  0.22638072071879692  0.23603608532337830  0.24616487854419353
  0.25627494934803891  0.26627359313516591  0.27602784879636344  0.28616594074339735
  0.29666575938873696  0.30741031649082651  0.31892686867820780  0.33119150249103080
  0.34377120164687347  0.35640892077847935  0.37010413219827493  0.38204826127104430
  0.39334119419210495  0.40163907733183801  0.41006149640250683  0.41913083752320351
  0.42872302302343118  0.43802353104624892  0.44694977383603030  0.45604870569642625
  0.46652007564032028  0.47757121099361372  0.48870008864466147  0.50032761223101918
  0.51203942154092730  0.52398059752758330  0.53590201991419140  0.55027930843870043
  0.56523910927986820  0.57906740482384766  0.59060630541390069  0.60011138789060769
  0.60860187669813237  0.61700072455276478  0.62595568556017345  0.63695023675410867
  0.64863296203167908  0.66125776890262722  0.67409980794743962  0.68690381757937269
  0.69866694686434616  0.70906625210206953  0.71858759330535671  0.72795856755158872
  0.73747164099352813  0.74710535496042385  0.75712457610985706  0.76779249033250796
  0.77897900267652675  0.78927357169127954  0.79961623334539600  0.81018470865238190
  0.82082292909478749  0.83136104169516201  0.84129631101730729  0.85004696617567843
  0.85795790717574338  0.86612480746384801  0.87497869133359119  0.88463021524618668
  0.89396541689008480  0.90288373692399404  0.91154682964904254  0.92031027620072292
  0.92818380618508922  0.93778726678553759  0.94741978248693648  0.95670831009169532
  0.96582405795140425  0.97495456822966109  0.98585926615547959  1.00000000000000000
 -0.00224393903554061  0.00798165546872960  0.01750433258581389  0.02707821786193445
  0.03707911534031635  0.04771525723805876  0.05923262781688341  0.07192907854820996
  0.08404419227304501  0.09431050004888597  0.10419578736773687  0.11328148361404479
  0.12169962064968813  0.12985341123140123  0.13845634617968200  0.14812049898046911
  0.15888682969370335  0.16849271681235004  0.17751911700473991  0.18720169548046753
  0.19692868796335317  0.20570034524256417  0.21384003972980695  0.22128456944974195
  0.22913958213188140  0.23857419929250265  0.24881052524412295  0.25791343707999520
  0.26625579549997358  0.27541466213304172  0.28562531943747105  0.29675991283830150
  0.30662632145983648  0.31709268570551952  0.32736385119974015  0.33753763359287958
  0.34798473663899060  0.35751682459422196  0.36571203475458092  0.37433057967650779
  0.38291043299791355  0.39141836969652161  0.39982177668216062  0.40798394199691856
  0.41728534630890152  0.42724125270405666  0.43691402624066700  0.44693190621845458
  0.45723088787445243  0.46743081875076903  0.47754490679816325  0.48822117758758865
  0.50049402484437744  0.51350058017999289  0.52560141684518102  0.53656549464995607
  0.54720410694432620  0.55743870735536916  0.56736608239964792  0.57678178896220111
  0.58690469531096989  0.59663713208031555  0.60661185237807869  0.61688033717537172
  0.62907557998287977  0.64189256588477084  0.65490936904132213  0.66702522529648034
  0.67824870087953304  0.69071538710062397  0.70463483073997069  0.71784473438944985
  0.72920590060499935  0.74055257883411507  0.75127023414332839  0.76111639962007638
  0.77121908120409299  0.78258045375148522  0.79501621197590633  0.80764056659381589
  0.82030542325251510  0.83284147630269822  0.84416981776010136  0.85541839054947388
  0.86608718581853439  0.87705587107877259  0.88833627840256102  0.90022754765610735
  0.91203588202301145  0.92478484296734231  0.93780336777315110  0.95096216069206263
  0.96449220030560312  0.97801536562813352  0.98987163281840218  1.00000000000000000
 -0.00224518531194580  0.00989313564160285  0.02159073754072825  0.03423463636367840
  0.04490875051113820  0.05468410400192215  0.06458357825976441  0.07486897855459865
  0.08550902845869321  0.09566946091965457  0.10506020553925773  0.11476904548898076
  0.12562874840693114  0.13936366481843371  0.15373427231188089  0.16634748300767238
  0.17711621912532199  0.18754786287156222  0.19684583591108254  0.20555400069793803
  0.21440153249741667  0.22345998757934263  0.23337383657780092  0.24378704782752689
  0.25514738447325885  0.26748144002369861  0.27912203997386176  0.28999555255741821
  0.30110046522412970  0.31188424159169298  0.32204590963237406  0.33195994300542636
  0.34180235801648334  0.35166069389764582  0.36142592496798787  0.37135342678678129
  0.38165635882661664  0.39197777400845490  0.40254337645930560  0.41338805197126266
  0.42445447184468871  0.43595827164687689  0.44825565415346508  0.45985911009845765
  0.47118745175252252  0.48151269347754089  0.49123592341952188  0.50076546142749168
  0.51102771255628399  0.52225384225886373  0.53419922972727829  0.54635720445198499
  0.55826436782151734  0.56940503294325928  0.57937662838282167  0.58862251481986494
  0.59803095955549557  0.60794373438224047  0.61851203682594336  0.62766883241077787
  0.63654533033797078  0.64552106427983491  0.65609259693594557  0.66741482230284677
  0.67743423163277716  0.68722965966762461  0.69701012976777166  0.70761533513037589
  0.71867051351193179  0.72918689480417731  0.73764939730160695  0.74568471342649600
  0.75370889479167080  0.76349072912046345  0.77399764903942703  0.78486996816143817
  0.79624116394491251  0.80792760421139376  0.81905924147050768  0.82990409102865792
  0.84132741450573889  0.85318258423911397  0.86522554538919616  0.87652240649245028
  0.88651827751671475  0.89534930804065049  0.90366631144107734  0.91252479682609866
  0.92265781635979938  0.93294871100756660  0.94373835286680063  0.95489032177304034
  0.96608224348869198  0.97764066247340531  0.98891126284578390  1.00000000000000000
 -0.00085265679694546  0.00169507357799138  0.00459963220537824  0.00780343730366098
  0.01084577000520925  0.01397787779521898  0.01722479264605480  0.02062738665924597
  0.02312857222507088  0.02578537820438540  0.02853354670734330  0.03126239197514005
  0.03397446834118870  0.03672918693032848  0.03961641684221368  0.04271889874349882
  0.04597615706731436  0.04940776884929818  0.05310420423126250  0.05716528896561776
  0.06137252848247492  0.06492423524534432  0.06873787434550326  0.07267532748701723
  0.07655832272022621  0.08060488390095819  0.08514895270353486  0.08997156729196745
  0.09466876888042490  0.09924450711391579  0.10355897640440748  0.10760555142440557
  0.11163489574733435  0.11606104219348913  0.12076689454738505  0.12563742519366189
  0.13172557347757632  0.13768595777491227  0.14370071001962009  0.14956861693292531
  0.15525940113964698  0.16074710764141245  0.16646563150674534  0.17261307532796871
  0.17955417810473939  0.18678218257378570  0.19465653869961044  0.20315552607087148
  0.21174780545061603  0.22036116547792992  0.22953440829644320  0.23922852493690855
  0.24851878476070349  0.25746150761699882  0.26577129760057772  0.27504257228377804
  0.28418723513952321  0.29391312195555025  0.30360738420354094  0.31417770313073801
  0.32520730779219698  0.33645745308609559  0.34852997582083428  0.36148396064608412
  0.37450591476563788  0.38808372213079878  0.40227119419398305  0.41682999287306227
  0.43174275302918769  0.44599421823946489  0.46030770648327507  0.47582122606760513
  0.49187224775422311  0.50588997017421400  0.51914755107584898  0.53438425248470922
  0.55013888878748984  0.56710132093422716  0.58775035674872467  0.61100109546019510
  0.63411055352779644  0.65476116770607151  0.67686352587677201  0.69809401960777873
  0.71586668186696090  0.73323711379079237  0.75186988683541656  0.77021268184539082
  0.78996736371715282  0.81226855709354540  0.83929770501295564  0.87115160512466516
  0.90527684014904741  0.93951951884532936  0.97073205268694507  1.00000000000000000
 -0.00202199415572351  0.01038513865677810  0.02125509522306653  0.03198024509691337
  0.04203749389008269  0.05238896961956511  0.06268495833787668  0.07274048415494733
  0.08265088163211522  0.09253393108750940  0.10308395904042360  0.11401524277347687
  0.12524031831007110  0.13722618105256837  0.14833736964058192  0.15838636102975809
  0.16853152665601087  0.17923648414111232  0.18988858799229763  0.20078830913747631
  0.21081864966942720  0.21808936169254589  0.22558007778941175  0.23368118864681880
  0.24262830425511486  0.25172260298064869  0.26107371888238889  0.27060478103911462
  0.28266343432171975  0.29329006860758811  0.30413157053455919  0.31494789303375831
  0.32668323346990341  0.33878152629831826  0.35133191359380339  0.36207121664447905
  0.37250428941484570  0.38304143394090862  0.39359919095290541  0.40402952504557454
  0.41389829619011154  0.42488304117088377  0.43589947152898767  0.44614628698065667
  0.45587954612358705  0.46623256891090836  0.47777287245694861  0.48931094358621918
  0.50038330232935135  0.51098368852226850  0.52120983837523838  0.53183432900934258
  0.54314655517313315  0.55354086366784105  0.56556234304083364  0.57740389196132602
  0.58957856905133932  0.60152083386630262  0.61284333937895297  0.62316324530715406
  0.63244384225991979  0.64154987563464727  0.65169745877465379  0.66233361759839338
  0.67285355998021912  0.68283452492349261  0.69328727593910688  0.70476259897663185
  0.71726531431610008  0.72913622742532747  0.74039297355184941  0.75143250163383335
  0.76219673492756979  0.77270778444626298  0.78245889473162245  0.79287377471828069
  0.80368335548711900  0.81502756868935111  0.82645402285368030  0.83884364444243031
  0.85065839891416906  0.86104135632951917  0.87006658490876609  0.87950097186379450
  0.88907699814757801  0.89895930722336015  0.90854616741327332  0.91736460247559337
  0.92727588122785620  0.93562093964315529  0.94473809477793402  0.95419928119590602
  0.96565802795501854  0.97788227022993468  0.98928970072653277  1.00000000000000000
  0.13033841447246738  0.24456794410353561  0.27381963941231718  0.29019586677751841
  0.30471884045777853  0.31770897836518514  0.32924797542207712  0.34035390452465730
  0.35131276108610371  0.36250084427312529  0.37309600084732886  0.38285391567730931
  0.39143375812346454  0.39900609970210626  0.40617448390804334  0.41272089460237221
  0.41950659379817878  0.42620148065277008  0.43335630018298693  0.44016654337254790
  0.44695147443807265  0.45373441555580668  0.46081531950668797  0.46815195725609271
  0.47516423142067543  0.48186580281698332  0.48851651751902092  0.49561927799599409
  0.50231583630707211  0.50897957544088279  0.51530329970166699  0.52114501606182462
  0.52652539738287341  0.53198066630446583  0.53750587446844489  0.54310382923256073
  0.54854622351788418  0.55401193383620806  0.55962101363057593  0.56534243272392459
  0.57123330837930597  0.57720177691011776  0.58299072731560109  0.58888557004244013
  0.59502588141283586  0.60119140451823816  0.60720179325559553  0.61312967652214223
  0.61857921760770607  0.62365668030814869  0.62869829378097553  0.63408479451222444
  0.64030803405168690  0.64679210490566053  0.65278705980519747  0.65837090295517597
  0.66341865273267997  0.66824462796246376  0.67336761181767357  0.67865102962065815
  0.68458277121010869  0.69152562007902729  0.69871261831821074  0.70588810870349972
  0.71217458714593052  0.71800936613176214  0.72390823149452088  0.73014695028071153
  0.73647645841324416  0.74277737685696632  0.74897708755964187  0.75460253941468614
  0.76051628445455788  0.76670946548607333  0.77344054529230821  0.78016576137347338
  0.78655569435817374  0.79339922067500734  0.79994854534764437  0.80618542586115582
  0.81255558473702505  0.81914869306644278  0.82620112930984213  0.83248943292639399
  0.84018349184390861  0.84772408265508703  0.85757317030432501  0.86981916018586469
  0.88134617731509268  0.89134229947030064  0.90082763697092272  0.91158306750600071
  0.92424915115257333  0.94092192107534933  0.96469789071178658  1.00000000000000000
 -0.02099049880530109  0.11991511351303616  0.15501023295911295  0.17653954397370328
  0.19454065569901499  0.20907771403243200  0.22037611807034030  0.23064208804665129
  0.24052902307643817  0.24962791725598962  0.25831202424851868  0.26672917365656817
  0.27559889478551036  0.28470636463423171  0.29288454662213298  0.29978759466183380
  0.30631982839549049  0.31306370908427283  0.31961631236231169  0.32569973310582834
  0.33158190727450243  0.33798532237597451  0.34545045632346116  0.35236175087501942
  0.35882684796650127  0.36516694208095690  0.37185774083329531  0.37890813017361225
  0.38533843364736015  0.39122389070754016  0.39655464410357999  0.40283082203465465
  0.40925358469030004  0.41617468076923969  0.42300701212686825  0.42938398612836393
  0.43543671918953253  0.44130425367488602  0.44701551218418428  0.45262933181952192
  0.45812511192760103  0.46401079097405795  0.47035768694300384  0.47674365819718034
  0.48266198146259259  0.48786902781904101  0.49295752433696399  0.49783950942397132
  0.50289163335106657  0.50806373732038146  0.51315728118629333  0.51802487882719761
  0.52313087935386238  0.52819611599208027  0.53312306953684296  0.53848205822618023
  0.54463774569119983  0.55117543088726217  0.55763541387714666  0.56352827784104120
  0.56898009902128344  0.57444939209359935  0.58024052742573051  0.58632698507970438
  0.59259169329494465  0.59811740953577441  0.60339539938108400  0.60851477816145283
  0.61360778712030861  0.61866145290501218  0.62383049317294603  0.62996154878060961
  0.63755471728636659  0.64592271517662747  0.65446404255736002  0.66253213676919120
  0.67105537965004036  0.67971348146042643  0.68770261879177419  0.69439418894250471
  0.70049520328205128  0.70671295373833332  0.71319322631648363  0.71989794762727255
  0.72729513531464618  0.73546029754965447  0.74370273240984242  0.75227351316802815
  0.76286282960622809  0.77390521844037141  0.78616953694929359  0.79914434095722042
  0.81430082318645891  0.83412580789418556  0.87222540908386281  1.00000000000000000
   3.7575148455312422E-010  -1.0000000000000000     
 F F F F F F F F F F F F F F F F F F F F F F F F F F F F F F F F F F F F F F F F F F F F F F F F F F F F F F F F F F F F F F F F F F F F F F F F F F F F F F F F F F F F F F F F F F F F F F F F F F F F F F F F F F F F F F F F F F F F F F F F F F F F F F F F F F F F F F F F F F F F F F F F F F F F F F F F F F F F F F F F F F F F F F F F F F F F F F F F F F F F F F F F F F F F F F F F F F F F F F F F F F F F F F F F F F F F F F F F F F F F F F F F F F F F F F F F F F F F F F F F F F F F F F F F F F F F F F F F F F F F F F F F F F F F F F F F F F F F F F F F F F F F F F F F F F F F F F F F F F F F F F F F F F F F F F F F F F F F F F F F F F F F F F F F F F F F F F F F F F F F F F F F F F F F F F F F F F F F F F F F F F F F F F F F F F F F F F F F F F F F F F F F F F F F F F F F F F F F F F F F F F F F F F F F F F F F F F F F F F F F F F F F F F F F F F F F F F F F F F F F F F F F F F F F F F F F F F F F F F F F F F F F F F F F F F F F F F F F F F F F F F F F F F F F F F F F F F F F F F F F F F F F F F F F F F F F
  <DiscreteSampler_grid>
  grouped_processes
  1 # 1 for a reference and 2 for a running grid.
  10 # Attribute 'min_bin_probing_points' of the grid.
  1 # Attribute 'grid_mode' of the grid. 1=='default',2=='initialization'
  0.0000000000000000 # Attribute 'small_contrib_threshold' of the grid.
  0.5000000000000000 # Attribute 'damping_power' of the grid.
 # binID   n_entries weight   weight_sqr   abs_weight
    10   10   1.314020435560838E-001   5.071504235664519E-002   1.314020435560838E-001
    11   10   1.314020435560814E-001   5.071504235664390E-002   1.314020435560814E-001
  </DiscreteSampler_grid>
