  0.00180511733138683  0.01712539548849413  0.02860858455750255  0.04111910548977735
  0.05305687540610020  0.06568888879782533  0.07813466313514590  0.09009549420742934
  0.10075466028066528  0.11042445878157660  0.11894925146215785  0.12692293731844956
  0.13493060000194473  0.14358811208315028  0.15129967748797599  0.15922364258028923
  0.16704388263446523  0.17577017137756631  0.18542518012831979  0.19474085030897523
  0.20347591253822722  0.21251116998595521  0.22231138352329738  0.23259473348388993
  0.24266712890093259  0.25184389681041031  0.26100853744242047  0.27016090632591699
  0.27976675399811463  0.29056285615310196  0.30199949801657788  0.31313891240921732
  0.32390589998153080  0.33462554604274852  0.34527864089691285  0.35582054471527774
  0.36700146846651166  0.37952302371036273  0.39053472678720985  0.40037881638438910
  0.40973474592832815  0.41983861644327786  0.43051916580940069  0.44208164533435174
  0.45301526571882811  0.46368765252917071  0.47426351152681306  0.48591471990612217
  0.49722310398428982  0.50799449494148308  0.51917176159529299  0.53154287866848848
  0.54522225626012311  0.55920351460460116  0.57278693815235737  0.58483433487123981
  0.59548785127539250  0.60521535677003846  0.61446289851258717  0.62392932236878085
  0.63382020469187972  0.64361187404360576  0.65236826059418862  0.66049660963201506
  0.66853677355917340  0.67688979030029761  0.68557765074926214  0.69403588756674495
  0.70234100303284919  0.71138576002980969  0.72154916479326692  0.73258872673332986
  0.74410917643989583  0.75448171353038251  0.76400975729680731  0.77424428819470081
  0.78554001123720874  0.79662790866909150  0.80594292471880169  0.81553444680061893
  0.82636457100015870  0.83800131457906402  0.84884015107208943  0.85920613222363351
  0.86982103276423284  0.87963253117525453  0.88931063061458437  0.89949006564118361
  0.91223774194331275  0.92437244162412047  0.93645453523290545  0.94842573067498848
  0.96022083218991849  0.97246901432634558  0.98487754649402570  1.00000000000000000
  0.00736691396676359  0.01508328008518563  0.02624809634516740  0.03857807378088315
  0.05150400059456882  0.06348724378086423  0.08069581145600679  0.09437997201810208
  0.10716142988050244  0.11861392777807502  0.12866918654037537  0.13844773307398456
  0.14898134490793605  0.15959112063112468  0.16920980112114878  0.17788355497569477
  0.18659114779575126  0.19671004921826010  0.20755113943246264  0.21916830562432016
  0.22991619055117979  0.23997354554551267  0.25052916481659987  0.26200429827363519
  0.27388673809074254  0.28408710874147625  0.29344691211657953  0.30290148007407813
  0.31182672263255962  0.31993123259393197  0.32790166578628566  0.33700978065892478
  0.34731590636720860  0.35803054909839582  0.36809405463673817  0.37893457652327217
  0.39047439688157826  0.40131066950378080  0.41234694712039144  0.42179994988784325
  0.42972711206162567  0.43697922504723025  0.44450926471420388  0.45332800078073321
  0.46399919939628947  0.47458080314365186  0.48624083840047327  0.49805309177865553
  0.50956328290233055  0.52129084201560782  0.53214670103747630  0.54366890427921444
  0.55490879554050698  0.56596464283551551  0.57709627206906955  0.58837648024766587
  0.59895567441697217  0.60905384974226240  0.61908300441462194  0.62901891691246248
  0.63931515918154558  0.65020798980638272  0.66029295031062929  0.67047923849354174
  0.68046575033813383  0.69188445421803768  0.70360620431741805  0.71475754124848445
  0.72590345819731550  0.73716069430731701  0.74718487003257095  0.75682665807537974
  0.76628319721985061  0.77742685407457879  0.78791974282552679  0.79774037501930384
  0.80722873476527002  0.81787908249032282  0.83086600821855439  0.84439719479442055
  0.85584795048437301  0.86609110506815512  0.87593817408326935  0.88651482059083775
  0.89891621454406667  0.90819067779990359  0.91822276724427776  0.92876886025353755
  0.93930707616363662  0.94906223276140400  0.95937068195241137  0.96852175086618952
  0.97713890437444539  0.98548604619023994  0.99114132669664856  1.00000000000000000
  0.00301536840135360  0.01220412664759410  0.02260963775387273  0.03390281591705947
  0.04542409822328126  0.05638542195422185  0.06629820651063865  0.07514936887030585
  0.08395046988298116  0.09258131412962782  0.10193055360493800  0.11258446542854936
  0.12338722661140591  0.13237022278093577  0.14100479566346066  0.15032168158685910
  0.16123543825606693  0.17222500690792558  0.17973865138211856  0.18661326164267367
  0.19371078358707902  0.20168206932339741  0.21218206867301992  0.22292890040531585
  0.23424915536296864  0.24530345692782682  0.25545877891823332  0.26526700956232857
  0.27525609711387961  0.28661473241145391  0.29931330209911189  0.31163437012590939
  0.32298089270439645  0.33500444532953244  0.34698277896694463  0.35921781139810366
  0.37212883433217592  0.38504063991918230  0.39606991865310992  0.40594471168080132
  0.41656010090525430  0.42795383848809959  0.43832530177115220  0.44740375576769842
  0.45666029390526525  0.46672064805795133  0.47562594093984312  0.48394390246034774
  0.49266628604659446  0.50367765169449641  0.51500139779166809  0.52544313532906006
  0.53537934468057424  0.54556956802774537  0.55569407135296534  0.56595535871709879
  0.57661985035566299  0.58773727487907190  0.59873022301343737  0.60906269238000799
  0.61927819598628675  0.62992586886754087  0.64179007635577101  0.65579519773243922
  0.67067249482837610  0.68438770827704964  0.69726019678102780  0.70887275659338533
  0.72021663764371957  0.73133921156095572  0.74225583276175133  0.75351471599696673
  0.76552388547853267  0.77800082256723346  0.79064921546730482  0.80136303977531453
  0.81114372718982086  0.82073494206728481  0.83035288858092449  0.84025486363593049
  0.85036116103711068  0.86044806166394705  0.87076742480655511  0.88075807718638843
  0.89030956743066303  0.89942222207693612  0.90763868818061921  0.91582516946030035
  0.92447974291148316  0.93303526938802206  0.94184812161643006  0.95126994307630774
  0.96112412368985567  0.97209190877672813  0.98523282966088799  1.00000000000000000
  0.00584221437169811  0.01943646882356033  0.03574207806153716  0.04968950552281935
  0.06389200694702142  0.07587064451998660  0.08700841090436953  0.09787788516860908
  0.10930332875898838  0.12056450869400466  0.13114066905570740  0.14171734549100048
  0.15272955798730825  0.16306174003906265  0.17333410699882096  0.18389299144327817
  0.19552179190396632  0.20737308785923531  0.21855507276413605  0.22914714769061287
  0.23965047107752718  0.25053111566045233  0.26206102936376857  0.27370169349762608
  0.28686739028730684  0.29821712247794940  0.30886820493799172  0.31867758366615756
  0.32901151285021818  0.33875345066757701  0.34822572251330586  0.35664640670912684
  0.36635061934937718  0.37529175374851947  0.38490132344665579  0.39463382790563517
  0.40511679832953301  0.41567368014257239  0.42505163123694750  0.43402179652364214
  0.44248133903179987  0.45010852214491326  0.45845039632830659  0.46701644961905464
  0.47628990947099231  0.48580904911790440  0.49572599428918757  0.50602294449581331
  0.51642332256043133  0.52667635077213515  0.53724561927019732  0.54846905743443419
  0.55998385638332449  0.57060975498490996  0.58101903671425770  0.59081016949990361
  0.60076194475346600  0.61151816248998991  0.62343268887969483  0.63602257802957751
  0.64816139039637266  0.65888280686111733  0.66889815419762311  0.67822462135978068
  0.68849577279815533  0.69960456981880736  0.71153915168810178  0.72160346016633992
  0.73152248710020895  0.74084246901385065  0.75061780973114689  0.76075472619541973
  0.77103438424419235  0.78192720670999449  0.79348969505684819  0.80545007274508906
  0.81733716781499555  0.82859599555946173  0.83873303041312808  0.84846318804795240
  0.85688253877737386  0.86600391091799567  0.87565581296379502  0.88611981152774966
  0.89669051606250605  0.90626961551584684  0.91554955542411776  0.92599119113335449
  0.93650097395339560  0.94595881880829080  0.95470277791051306  0.96330124255230498
  0.97150412996370961  0.98006233866682269  0.99094060501664127  1.00000000000000000
 -0.00006903563782841  0.00060732160814221  0.00133342187616466  0.00238769753521169
  0.00376185843359159  0.00558932326035422  0.00767040273653431  0.01016653148591786
  0.01250513922761971  0.01497902914193922  0.01835289734185786  0.02209104460641668
  0.02570810605275977  0.02920322783019252  0.03305008958529756  0.03743703434920025
  0.04196176334258783  0.04582502946524499  0.04971360485694286  0.05405834709849439
  0.05907479970612820  0.06435098511736893  0.07008944924485128  0.07660952391345227
  0.08247680071710971  0.08821920756669281  0.09428605784743345  0.10100663845565117
  0.10828570119498092  0.11565640593596596  0.12290031072554387  0.13028098433301971
  0.13704032456434836  0.14416622302658025  0.15200917531908828  0.16086548197666356
  0.16972655767985032  0.17790430889952280  0.18562194543045701  0.19367172544774100
  0.20202342704381590  0.21095536377415935  0.22065037312642283  0.23019231608010912
  0.24038163199634680  0.25053495109323515  0.26093134843103633  0.27205847492366564
  0.28384211216129340  0.29534234944384269  0.30701115525960648  0.31843835497264134
  0.32917808626010819  0.33926345272470892  0.34963890033217404  0.36058211894571607
  0.37181606781651089  0.38333676121102678  0.39649041901283938  0.40951053689116435
  0.42121202714249112  0.43261877593342735  0.44441067510102628  0.45640378252826008
  0.46897976929480789  0.48273512738534213  0.49499162054228102  0.50747369450263924
  0.51979921694034670  0.53188465597046497  0.54416457616618807  0.56027448885258191
  0.57516059705120592  0.59043777595485092  0.60615724334777821  0.62195566283085180
  0.63704370639985375  0.65340154882228396  0.67033444925714158  0.68767896182395982
  0.70570726712055465  0.72507225000231079  0.74585366241019779  0.76558926573368025
  0.78405941328418782  0.80141955222883676  0.81824556232595491  0.83614677399880499
  0.85448433696952997  0.87404341778075134  0.89474586689253244  0.91552392137387184
  0.93623485242516513  0.95712199921799734  0.97830770670061473  1.00000000000000000
 -0.00282390588484683  0.00878896154640445  0.01960680775475089  0.03004610909178671
  0.04053358312121769  0.05114190291523023  0.06173464536449882  0.07252387663290442
  0.08336716585472861  0.09462698774231512  0.10713501292876096  0.12055655815045258
  0.13440035264507885  0.14823911027339692  0.16103500420472547  0.17210349034369044
  0.18242394954060900  0.19270130514939016  0.20337656185581796  0.21356061742849919
  0.22223791406125201  0.23104446691625613  0.24082730336745428  0.25209944614897162
  0.26359823110494690  0.27499100970396406  0.28647789525047712  0.29724359981805870
  0.30703276561001380  0.31661886151618707  0.32670832347899370  0.33669129233471429
  0.34595427256785866  0.35549679480336943  0.36642294021291905  0.37870905968544755
  0.39099406239920398  0.40221057802377919  0.41224130647235835  0.42097325473272906
  0.42914796778930209  0.43713599082519622  0.44500843071732527  0.45308774777599792
  0.46170514057818918  0.47033362130055850  0.47847033706045705  0.48788528548512239
  0.49770054367089950  0.50761030429212739  0.51760529874172345  0.52819053301028962
  0.53964805243357972  0.55070750848214589  0.56200234815787886  0.57468387975864932
  0.58576222141774181  0.59586589912258692  0.60424042819330603  0.61428425023981281
  0.62461673581914512  0.63627013914684738  0.64694098238401387  0.65973195265186813
  0.67260881329191480  0.68484580212821733  0.69592109923225809  0.70676351425565798
  0.71793262142509351  0.73061408151896945  0.74400704115729999  0.75914814466259506
  0.77100310426952201  0.78228688336929353  0.79380850435486561  0.80302553687853473
  0.81319301448908043  0.82332954880769094  0.83374463977586677  0.84336736796477907
  0.85265465319864775  0.86152905672268676  0.87011144234198823  0.87904392688007293
  0.88819987657801769  0.89742535549311042  0.90743360647148641  0.91858141055994136
  0.93079504867474094  0.94343203726913072  0.95471647114073610  0.96392518560031792
  0.97204868246772125  0.98150932102922295  0.98981022656274564  1.00000000000000000
 -0.00262215805349005  0.01189283811345583  0.02525244062008487  0.03933005882012901
  0.05332036076888341  0.06771651952136512  0.08272739479605844  0.09585060174430519
  0.10900666310818416  0.12037431066050495  0.13377333855224841  0.14545599079294383
  0.15619883426694189  0.16700518199716774  0.17757936214497796  0.18809996537202692
  0.19822825392387225  0.20862573178916752  0.21958203561775119  0.23059582866928216
  0.24059473073119181  0.24959771525830168  0.25875143505589809  0.26751856088365461
  0.27760190839028842  0.28782500041225717  0.29753668665064636  0.30717403729962917
  0.31793441236432157  0.32913525827916001  0.33962616820611635  0.34859290193828452
  0.35791924817916154  0.36788645476445853  0.37851396679919508  0.38915720936348136
  0.40034113606023797  0.41083072858163155  0.42154229404289634  0.43295689263486065
  0.44504145155006497  0.45732227842364714  0.46966284801301328  0.48205696218182231
  0.49434765342954984  0.50679157543088427  0.51995616215091922  0.53366732913298398
  0.54663451355360504  0.55938315098915636  0.57334484104342398  0.58668361343002273
  0.59852627340178743  0.60872142944384922  0.61779819684982373  0.62763964617442392
  0.63919083893852635  0.65025497542047694  0.65953876793120236  0.66878961691587691
  0.67878926084638180  0.68795700516156177  0.69676505449232451  0.70588681709404932
  0.71580659894776488  0.72889576931756206  0.74070953558131014  0.75092655046855239
  0.76063624790989126  0.77005231842947430  0.77887520899312368  0.78755220650470181
  0.79617501700289606  0.80423261363347620  0.81269198346603433  0.82134381265208123
  0.83141756341663220  0.84396933452504352  0.85546188227896336  0.86524978107816308
  0.87467199016032882  0.88331673929708610  0.89020824496898943  0.89618401709783679
  0.90230785413293468  0.90859012633367542  0.91722991291987821  0.92862087821594796
  0.93968046649239934  0.94966864150349906  0.95929108099645921  0.96853372957589867
  0.97691465261847010  0.98501637514212292  0.99255912401269797  1.00000000000000000
 -0.00214589722612267  0.00951812630137193  0.01914357988666252  0.02938698954917330
  0.03940898240734572  0.04897849524749659  0.05904379214576130  0.07088202070952027
  0.08395661589377840  0.09686814170391191  0.10887294011073688  0.11950024334312631
  0.13027919247447919  0.14033588853572421  0.15061561429057410  0.16146687939641671
  0.17468103516322522  0.18743759153741507  0.19670354741746984  0.20597742416067044
  0.21557943591513007  0.22545596685990987  0.23534086879625166  0.24523724095320884
  0.25633555355776838  0.26968794709710292  0.28164008434097249  0.29321408675765842
  0.30323116686678475  0.31265076871973957  0.32134533379005031  0.33074322342965684
  0.34243028961376110  0.35593666248315597  0.36780508863874750  0.37929682687311045
  0.39126408504086668  0.40432169043293276  0.41671750396878471  0.42820401225029198
  0.43974541020153241  0.45128354344403887  0.46257221028009810  0.47367616391008316
  0.48554692684814738  0.49779100914031882  0.50797418172109310  0.51734694191907749
  0.52633589450293927  0.53528516881576382  0.54463690423999389  0.55397656839172937
  0.56452842261213954  0.57642707684404371  0.58782351660550058  0.59822443903829869
  0.60869235682289757  0.61903652453397284  0.62937230691535018  0.63953548293384754
  0.65063710288162302  0.66201135373660036  0.67245786663828433  0.68201897780538501
  0.69130435007627067  0.70081013753194077  0.71026157547570956  0.71901642626855211
  0.72819158527745964  0.73774487610993456  0.74846702750888960  0.75794734147551057
  0.76699754238867179  0.77652737646542080  0.78719236706325113  0.79777769413502808
  0.80880116229553323  0.81906565530955910  0.83119981756021655  0.84368453099816410
  0.85429226987062767  0.86387972788595702  0.87356269415537235  0.88464610494242846
  0.89556214883807816  0.90511574897132885  0.91394895208661509  0.92331335791319347
  0.93360255889497790  0.94376895318042120  0.95341278026974341  0.96313454766614726
  0.97309249371589102  0.98325968784324491  0.99182624142516207  1.00000000000000000
 -0.00353983251777650  0.01535402059287457  0.03126355854221613  0.04882859272733837
  0.06702631748847143  0.08384438443906962  0.09963995383441746  0.11465676721691155
  0.12771641074255222  0.14030801481712757  0.15258835072945678  0.16507464326854096
  0.17833310741640748  0.19360670677286215  0.20962680244723919  0.22503299630028853
  0.23771014891418563  0.24812215992869119  0.25835527626106747  0.26877729039889087
  0.28105878121570244  0.29388961947299658  0.30643505912847624  0.31927010778146359
  0.33233497477206481  0.34463975646737804  0.35602376107054995  0.36879002848093023
  0.38133588613125419  0.39330607849585802  0.40501701028965181  0.41607268523333957
  0.42667530299479428  0.43754236799345980  0.44879181251989708  0.46018371060219682
  0.47200299490846365  0.48475635233440478  0.49838663522863347  0.51118154481384870
  0.52272890956463003  0.53399401467724994  0.54554661084975165  0.55765021342130505
  0.56932585613056697  0.57886981175084473  0.58820536289089498  0.59745970964947503
  0.60728997840635379  0.61734377757160530  0.62736854809686116  0.63749319083675582
  0.64799583103496905  0.65915173466256982  0.66968157999108247  0.67925448312350145
  0.68801206737528398  0.69682169646433212  0.70557629905515062  0.71462396531761452
  0.72430182657387554  0.73356040285783386  0.74185047464043041  0.74946154186282943
  0.75753887529724795  0.76606466267637974  0.77353846474463173  0.78088247445055536
  0.78800921134510005  0.79630607750812044  0.80569003871783618  0.81482072157863095
  0.82388959197463363  0.83276496695278845  0.84154140186708037  0.85022439378673986
  0.85862861886458752  0.86682824634655697  0.87529166416646986  0.88423400302359578
  0.89351406287783741  0.90296934880189572  0.91158331312948426  0.91893437749679918
  0.92525168863955443  0.93229144993512236  0.94061839295890359  0.94974509068848911
  0.95746101101792414  0.96349935317144664  0.96920471628314864  0.97560960810485087
  0.98218135483041480  0.98856010782947523  0.99459219940720411  1.00000000000000000
 -0.00250925571982413  0.01049912609128694  0.02169822160971984  0.03314050148393230
  0.04407748895696290  0.05398039266281465  0.06408794939511658  0.07406879885206996
  0.08525795639855038  0.09599611476252000  0.10658505532826829  0.11668574428018362
  0.12741186838551968  0.13840688076199523  0.14907529693600413  0.15897663822793642
  0.16939794354457582  0.18013917475859625  0.19232123429788733  0.20503672637934139
  0.21637690111410438  0.22659526889931617  0.23502983851331272  0.24395048348180023
  0.25291131932923616  0.26215598759827791  0.27175378234463499  0.27936334754333331
  0.28714552233091228  0.29484277869235620  0.30374464610229346  0.31500176158021087
  0.32657348146009657  0.33820664492432922  0.35076206009197436  0.36423934802837121
  0.37707729243987659  0.38935202401614982  0.39880883169163728  0.40690018550497409
  0.41525318085419449  0.42415895193128555  0.43356651430296722  0.44358921468968404
  0.45407956722657949  0.46609961958775309  0.47946177208701973  0.49189539549259459
  0.50286870257307048  0.51339445660929772  0.52373736782168356  0.53488034625152503
  0.54585778766097537  0.55737925473512451  0.56909413597491676  0.58180627883547975
  0.59324807074426533  0.60449961840944721  0.61505985993347534  0.62611747522667727
  0.63644102754912846  0.64655497206863410  0.65840538899393253  0.67110633290007782
  0.68457997357998446  0.69720476857550839  0.70977534567361023  0.72157932887312082
  0.73220351865829247  0.74180917569662497  0.75136041513051788  0.76165009972286335
  0.77335604950359826  0.78534969357051665  0.79741925781237377  0.80958748537432679
  0.81902041501681710  0.82730646088299042  0.83557550348177656  0.84422771114540551
  0.85286212474862777  0.86098086605359281  0.86902534771647244  0.87734275264189854
  0.88646206007267825  0.89602056184017853  0.90564190483775331  0.91588884129391257
  0.92536938088146792  0.93488638986353034  0.94453217055233207  0.95431676227406137
  0.96530677821017130  0.97621012208750801  0.98663434367682101  1.00000000000000000
 -0.00289237218728126  0.01134960367531609  0.02019111192273695  0.02988264603721581
  0.03970928914451676  0.05030569128957858  0.06282052433325711  0.07524912468328848
  0.08518188354852060  0.09385800460078228  0.10251657339742287  0.11144754732861205
  0.12192016812461079  0.13271583224449299  0.14344985968142049  0.15386923641454575
  0.16353996575084823  0.17169052672342025  0.17881219687389527  0.18649849445975256
  0.19501689222211996  0.20390701557489443  0.21275812104130074  0.22111882635984625
  0.23077256631156934  0.24140580443643436  0.25096523986582003  0.25902414723277023
  0.26698462972651660  0.27659182034900509  0.28944909555770654  0.30189581486049311
  0.31343757173729875  0.32663420320282932  0.33865056138730698  0.34995036360994347
  0.35922621139709637  0.36761418471056628  0.37601919432310882  0.38311874928278655
  0.39221432323975147  0.40105142423369189  0.40947431289670050  0.41876996106288505
  0.42916477958261551  0.44025241878982552  0.45159948045220377  0.46272513349544664
  0.47374697728130616  0.48436007879229293  0.49519696419216763  0.50551976684619426
  0.51540045268133805  0.52559181050245896  0.53570929497270992  0.54641791889439462
  0.55769577643460333  0.56883070766017652  0.57883584276943678  0.58798080777672079
  0.59759873203533298  0.60793261233310358  0.61820001380586298  0.62791675558743798
  0.63830742133738927  0.65070598079330433  0.66439830639349806  0.67678987776920607
  0.68917365364034289  0.70263123628968005  0.71576235661678134  0.72749924885577300
  0.73920244568893534  0.75021771896859002  0.76063336074473897  0.77076727721823990
  0.78329747044537434  0.79681176272758258  0.80971954014600611  0.82245234885357643
  0.83390119894612702  0.84454565722323682  0.85510706116441659  0.86570311578066750
  0.87613038754617034  0.88608494163383300  0.89583576264073717  0.90632506277736402
  0.91726115509172412  0.92920159261658186  0.94176996404710045  0.95437070365588539
  0.96682985674632671  0.97828856597853453  0.98904560100505745  1.00000000000000000
 -0.00217965073508098  0.00978428935941572  0.02003604994241885  0.03174779942026766
  0.04297529799329324  0.05520164035186089  0.06724272359320058  0.08013052577370873
  0.09248629873372961  0.10303946468892505  0.11282513358829364  0.12265670736267906
  0.13438345032975496  0.14703479660095353  0.15994300665837699  0.17183476775595632
  0.18273968405254626  0.19223991623947517  0.19980262832142953  0.20686730391175429
  0.21464276658583809  0.22351464843791460  0.23268506600558661  0.24188955481487265
  0.25172984948873450  0.26416037197165460  0.27649866668287043  0.28854767624243816
  0.30086220925864970  0.31212409872276820  0.32081981520939706  0.32920729798518178
  0.33857072319617992  0.34835332967742877  0.35865541786132210  0.36865703255374616
  0.37870241402688309  0.39007381291261101  0.40002645587188640  0.41094275641391237
  0.42079157428495745  0.42979476177931919  0.43881077809070451  0.44878802306212467
  0.45911538737307578  0.47073969611093630  0.48085368404736567  0.49046145953649539
  0.49983282080586300  0.50934736482162857  0.51974241494510209  0.53123136654842151
  0.54341640770785049  0.55424065295847258  0.56493611322301218  0.57420345507752613
  0.58370518347017586  0.59275995268034642  0.60270766483603255  0.61402391259604205
  0.62555503358111053  0.63778150327690730  0.64932513088989341  0.66104508102759074
  0.67269738891784447  0.68527837445158413  0.69657542756534307  0.70576944561122124
  0.71452067315873358  0.72320973933148902  0.73188585037569820  0.74057749937333051
  0.75006568273109919  0.76095463660495077  0.77195359406647324  0.78236855523120008
  0.79329755730972873  0.80455602638153045  0.81593921474089681  0.82623647865611050
  0.83628658082550855  0.84636572754017947  0.85651734718506201  0.86647170568198795
  0.87598156529207327  0.88502544221557800  0.89380760455277009  0.90282477626171875
  0.91286214474317140  0.92454460197718535  0.93774822852598727  0.95183413580959808
  0.96518920071354364  0.97768444278112721  0.98872780395568394  1.00000000000000000
 -0.00106235961808672  0.00205293860660395  0.00522539811902384  0.00846217911882080
  0.01128664384801128  0.01420342052254854  0.01722126103672852  0.02033754212816700
  0.02294490569586781  0.02572454894274522  0.02872495970685023  0.03188041832943157
  0.03490442682698138  0.03797734810634551  0.04107544562897008  0.04395439693568925
  0.04694676223679424  0.04990231786250868  0.05298137015231679  0.05622083191360587
  0.05952074299146152  0.06302758342007975  0.06663411145491653  0.07029732221064749
  0.07421513942985679  0.07831565649714216  0.08232395292383381  0.08663785312071148
  0.09114871533641077  0.09574061011831476  0.10048272357326499  0.10508874730357395
  0.11004560775337442  0.11512762823123028  0.12065719223890248  0.12636192034725180
  0.13191057590965805  0.13757697672145155  0.14365778219106373  0.14929118574971778
  0.15496992033260332  0.16060538866505786  0.16671330244894089  0.17344056947040748
  0.18021298198024677  0.18716065111499697  0.19470609165788930  0.20280749416256258
  0.21115245024713408  0.21921676018659964  0.22776478692988147  0.23643346913528795
  0.24501431330901749  0.25360758113473930  0.26230336661898607  0.27104883752956943
  0.28045702142051798  0.29080774271052651  0.30149369410202193  0.31335284267256225
  0.32549278727026709  0.33734062339397797  0.34895368165058449  0.36049365344883644
  0.37291037628927831  0.38573042388468098  0.39902033983139040  0.41290556862104477
  0.42912748323281069  0.44698478985011958  0.46471123709472661  0.47881104638381994
  0.49219903274767485  0.50570893296109554  0.51896487570873850  0.53390635927728136
  0.55194637412444225  0.57220819611822882  0.59222113615245109  0.61279120700616951
  0.63493278753391891  0.65531623882334800  0.67427925804831690  0.69282172963556532
  0.71291650137398499  0.73314106733089879  0.75223327004141871  0.77214045321290370
  0.79321294357368854  0.81531800292617673  0.83974210239785330  0.87011535730021994
  0.90239180893413196  0.93616516716881171  0.96899668265353600  1.00000000000000000
 -0.00242748767117506  0.01021959490680590  0.02088718228047867  0.03076664240066446
  0.04024691808495036  0.05004462536669801  0.06044548489224584  0.07184044694079701
  0.08363635839937211  0.09514339765992394  0.10643663953916065  0.11814390560525716
  0.13059346022746451  0.14267226199128732  0.15323627455318647  0.16228083860199935
  0.17153283210426221  0.18118542099110746  0.19175431385492206  0.20231775852581166
  0.21208171910885149  0.22101618232614706  0.22970080028163428  0.23822772535844514
  0.24695451342757782  0.25549119692332645  0.26359616382646589  0.27187987552905568
  0.28177563494956220  0.29259845733185014  0.30334103907672005  0.31366161165099171
  0.32329961644691485  0.33308744882104180  0.34439517209521242  0.35580891223460864
  0.36717043156483736  0.37786033749407894  0.38745795178758463  0.39643450773678057
  0.40569760991360726  0.41638611247039875  0.42952268283731621  0.44245952314162373
  0.45444216210377941  0.46563119974098854  0.47498530264026845  0.48357075997681054
  0.49201286443096148  0.50139714696104887  0.51255422225582159  0.52403486592887416
  0.53487636779987457  0.54539924569257003  0.55547418044142816  0.56582995976650985
  0.57729753118489491  0.58929374514200561  0.60177289072412199  0.61483138555288852
  0.62713856233430987  0.63795820058486663  0.64808895311404180  0.65774937131392031
  0.66685405449405621  0.67587474158064009  0.68553706976795403  0.69654259109918792
  0.70904923091196348  0.72130928973511999  0.73344604035063110  0.74392560083828707
  0.75405561609974558  0.76453149735061543  0.77486450487378644  0.78589585147190177
  0.79818204452748232  0.81149037326600537  0.82537675125041188  0.83901270402818962
  0.85098521894148049  0.86086505586321904  0.87023119699876383  0.88021477583024832
  0.89028069583530256  0.89982230353052162  0.90881950118619725  0.91746515351962776
  0.92632975321821998  0.93603970500391087  0.94600225763549084  0.95538870658224162
  0.96507204747570963  0.97577281745477629  0.98785241148865688  1.00000000000000000
  0.10282096522888087  0.23800646347355017  0.27055736196292152  0.28929092677082624
  0.30303025871050548  0.31542973632220545  0.32622400557539760  0.33514682863082274
  0.34293439217270111  0.35070919395674677  0.35957784792907849  0.37023031652522570
  0.38046340146386098  0.38982614070359856  0.39805060919106694  0.40586945662312546
  0.41375673252984058  0.42199154458334281  0.43026868288722764  0.43788001441211749
  0.44494296963370872  0.45136399858524934  0.45808329071710280  0.46546032597569142
  0.47362004319866868  0.48218237348079501  0.49025990574811712  0.49852558110101070
  0.50490029769106248  0.51095099316156356  0.51688837935030651  0.52280339062072334
  0.52864167343068402  0.53433190473886716  0.54017526701486285  0.54633324193976651
  0.55233254883448657  0.55764214551169322  0.56283366383987032  0.56860817308212286
  0.57469185060868688  0.58072709872931183  0.58664048571426031  0.59245372119370454
  0.59877205291280988  0.60500198720576170  0.61105511514372490  0.61657885002120139
  0.62178027351454557  0.62671804667962661  0.63129440843367202  0.63607763560883046
  0.64118827428409231  0.64665460592163848  0.65258992062282029  0.65813556682836294
  0.66352983331805271  0.66939830038157500  0.67618852651376216  0.68294709487260352
  0.68929950747106161  0.69543232450888093  0.70180487863577434  0.70865950451093462
  0.71620571245286357  0.72373725686674228  0.73043095947181480  0.73648363400740802
  0.74239155950611335  0.74846589907066996  0.75464573717809047  0.76109873558793895
  0.76737637528632807  0.77323184331762196  0.77863109455014434  0.78359692743736464
  0.78915590676568348  0.79528235340840259  0.80164736993530628  0.80823472823127551
  0.81470415380952177  0.82169475558768201  0.82871123780867162  0.83691163876258301
  0.84636650800448987  0.85580189222471181  0.86532022568573697  0.87521118200987869
  0.88423344937225257  0.89427696252153943  0.90376096188153343  0.91325819237945471
  0.92311304193419375  0.93691824001782853  0.96047103442825832  1.00000000000000000
 -0.02167275362483386  0.12498148421710846  0.15936036099002562  0.18206668072170301
  0.19908931918003467  0.21203737273131962  0.22219245162863796  0.23301992656219228
  0.24468706136147522  0.25584838035355900  0.26485621268586307  0.27351550714728606
  0.28273689207711356  0.29180291669641828  0.30025990996820434  0.30813688876208867
  0.31618392310602955  0.32384157326754953  0.33084919700090015  0.33690803642606681
  0.34289002298647070  0.34912447089064358  0.35560003468197288  0.36184725303525395
  0.36767378258904893  0.37335673596388280  0.37890788382705065  0.38436713206558643
  0.39045866834101051  0.39684484957810168  0.40392010950379958  0.41084717059877879
  0.41754543658428095  0.42389083220532675  0.42987906891538058  0.43551515075582331
  0.44089575634793488  0.44668298781267607  0.45273868868100320  0.45952384129583301
  0.46585045655718510  0.47178722933394129  0.47767189210826283  0.48326559017713661
  0.48907334503943900  0.49512900880975247  0.50074196591744213  0.50633481021735904
  0.51173816430008534  0.51706723386398734  0.52165602666885413  0.52639064938865121
  0.53099159962544451  0.53557766607372215  0.54073424056495700  0.54581539188851824
  0.55047120183989107  0.55547724308077495  0.56012426176711871  0.56458283077047910
  0.56965353665759733  0.57525400586605724  0.58071675499283137  0.58572268073071165
  0.59043445780006476  0.59517965604187961  0.59999026504498199  0.60489653081133599
  0.61011953769906202  0.61549061003838790  0.62152019911703804  0.62923387906064310
  0.63718073936554631  0.64476532926349339  0.65160566445520474  0.65811023916853395
  0.66527730329499080  0.67317207691089187  0.68156569842492531  0.68979630836969752
  0.69708760614031617  0.70477333364517858  0.71236890483440207  0.71937593701229430
  0.72638655524628093  0.73336656124950539  0.74121313728590166  0.75079986486539130
  0.76375723017270936  0.77763426296227256  0.79072988646717113  0.80460410127367832
  0.81868516601415198  0.83689673514685792  0.87446394281318240  1.00000000000000000
   3.8254295864656600E-010  -1.0000000000000000     
 T F F F T F F F F F F F F F F F F F F F F F F F F F F F F F F F T F F F T F F F F F F F F F F F F F F F F F F F F F F F F F F F T F F F T F F F F F F F F F F F F F F F F F F F F F F F F F F F T F F F T F F F F F F F F F F F F F F F F F F F F F F F F F F F T F F F T F F F F F F F F F F F F F F F F F F F F F F F F F F F T F F F T F F F F F F F F F F F F F F F F F F F F F F F F F F F T F F F T F F F F F F F F F F F F F F F F F F F F F F F F F F F T F F F T F F F F F F F F F F F F F F F F F F F F F F F F F F F T F F F T F F F F F F F F F F F F F F F F F F F F F F F F F F F T F F F T F F F F F F F F F F F F F F F F F F F F F F F F F F F T F F F T F F F F F F F F F F F F F F F F F F F F F F F F F F F T F F F T F F F F F F F F F F F F F F F F F F F F F F F F F F F T F F F T F F F F F F F F F F F F F F F F F F F F F F F F F F F T F F F T F F F F F F F F F F F F F F F F F F F F F F F F F F F T F F F T F F F F F F F F F F F F F F F F F F F F F F F F F F F T F F F T F F F F F F F F F F F F F F F F F F F F F F F F F F F
  <DiscreteSampler_grid>
  grouped_processes
  1 # 1 for a reference and 2 for a running grid.
  10 # Attribute 'min_bin_probing_points' of the grid.
  1 # Attribute 'grid_mode' of the grid. 1=='default',2=='initialization'
  0.0000000000000000 # Attribute 'small_contrib_threshold' of the grid.
  0.5000000000000000 # Attribute 'damping_power' of the grid.
 # binID   n_entries weight   weight_sqr   abs_weight
    10   10   1.314020435560838E-001   5.071504235664518E-002   1.314020435560838E-001
    11   10   1.314020435560814E-001   5.071504235664392E-002   1.314020435560814E-001
  </DiscreteSampler_grid>
