  0.00348355712706102  0.01140456948963406  0.02140088507636089  0.03141302107077699
  0.04166123547393311  0.05204125647735500  0.06235392652242103  0.07248073368142757
  0.08259767211200905  0.09310126433915747  0.10356352921658180  0.11403661448713411
  0.12428170248108589  0.13453693732401534  0.14475534921551253  0.15516667658636088
  0.16559155254207289  0.17620760927480555  0.18642802137122275  0.19684383097267438
  0.20704095814732446  0.21739461145565608  0.22764859089026121  0.23785324843273820
  0.24841388145975332  0.25855998130193775  0.26865949879157230  0.27852171499206174
  0.28865081187513986  0.29900301988296085  0.30948493846415182  0.31994669634368261
  0.33033349949182567  0.34079339554523619  0.35140069919065547  0.36199937559296641
  0.37249620820893137  0.38282843462989297  0.39318632179049923  0.40366936002140857
  0.41439013882058029  0.42508898412925350  0.43562821466487001  0.44566656330150778
  0.45592457393861335  0.46631461978276040  0.47701649843384814  0.48721611937357068
  0.49748262140085192  0.50818523326372977  0.51877656587697363  0.52891270846130101
  0.53896879234329798  0.54949456938719066  0.56006629246375317  0.57046922793689847
  0.58090402280330566  0.59147460704511512  0.60207497340614879  0.61255717272321553
  0.62296303930465680  0.63321231731605832  0.64333515131162844  0.65382687813843432
  0.66427071776646507  0.67499304339305455  0.68552475500639443  0.69627459011113024
  0.70687367183489125  0.71745400005354953  0.72785042505092512  0.73832893737241445
  0.74906240723755713  0.75967052535695800  0.77031122258477080  0.78113732545916437
  0.79186328033819675  0.80231330479287633  0.81254994623961940  0.82322254887531743
  0.83361464961881737  0.84401376562290631  0.85449081239529290  0.86551214944626664
  0.87650038806056652  0.88706060516001028  0.89781910678420696  0.90857915819955604
  0.91979526473531370  0.93077186147824853  0.94175147528457070  0.95253767072472795
  0.96370961356994556  0.97498489552666545  0.98729638208947623  1.00000000000000000
  0.00689161535674585  0.01653067909698667  0.02864275458467990  0.04021787099435187
  0.05127687108690042  0.06198375764213177  0.07252962165332591  0.08294544546112559
  0.09356256338890233  0.10443019345172792  0.11535719313189546  0.12637278334566937
  0.13747811636890223  0.14862649341087689  0.15960351522023888  0.17043951675562466
  0.18118968248165707  0.19188338114484324  0.20247060612930387  0.21299470560112904
  0.22354590440986713  0.23407946055942955  0.24446547639874117  0.25465561954999333
  0.26471648760936600  0.27483337547627140  0.28512450791636923  0.29565689294004482
  0.30610997946007867  0.31648645336558767  0.32687482534424916  0.33752792933687198
  0.34822206425127544  0.35891557382014494  0.36971883412459594  0.38068394638963426
  0.39171485125953914  0.40266627736495092  0.41347309148635519  0.42374225972955787
  0.43368143960052580  0.44373094942549418  0.45400379607784364  0.46444583778639076
  0.47479556772084441  0.48504940594976348  0.49518941250555870  0.50520165176706155
  0.51549358644603527  0.52583599724141539  0.53607745078268276  0.54617580404904575
  0.55628582237805135  0.56659863708034996  0.57714152134728780  0.58802309953253373
  0.59911338612754395  0.61002706215510616  0.62079154353480370  0.63123981834471599
  0.64180413121393998  0.65236954961463878  0.66292897912137128  0.67313094184488209
  0.68331489974428961  0.69394194475939519  0.70487669869374647  0.71552241562749430
  0.72581752105369390  0.73623110784510892  0.74678398400642609  0.75721274965671825
  0.76764584373774658  0.77808511031136673  0.78855297154828941  0.79881889635441439
  0.80883368438792747  0.81877152160253608  0.82883201621149538  0.83912784562278597
  0.84952846058514697  0.85995209809610040  0.87048344014369616  0.88127106197057525
  0.89208781037252549  0.90291109459884467  0.91367332298616910  0.92419117586819399
  0.93442527675275910  0.94459329608935894  0.95474081565113744  0.96500789967759992
  0.97453027788815560  0.98323778723515309  0.99194695343483874  1.00000000000000000
  0.00353876406703715  0.01074752913498126  0.02021357085510963  0.02974429714647583
  0.03937759680912852  0.04873141453717144  0.05812074364173647  0.06783297301111692
  0.07803786923885375  0.08840445949483555  0.09905198370170051  0.10991764572070808
  0.12081930231217117  0.13132704314733709  0.14170674619195445  0.15209102133537700
  0.16266431326893840  0.17309857527586250  0.18320759695682720  0.19348740649468982
  0.20371291182477280  0.21400760453419498  0.22413237883994572  0.23442433599778156
  0.24519547205206418  0.25608335321259029  0.26692829237164795  0.27757808140640672
  0.28820244642017995  0.29876963491289876  0.30930839354621603  0.31984498496944919
  0.33012226904997044  0.34048125825132547  0.35101548209674760  0.36185435098486268
  0.37232940438232198  0.38280764822480368  0.39329288436274329  0.40413055466966757
  0.41485604309197099  0.42552179368290610  0.43629288754882761  0.44707867972572984
  0.45755793089493663  0.46752973477224408  0.47744947197177195  0.48767770658551884
  0.49821035964810262  0.50875785952067509  0.51910060382660728  0.52939244978542088
  0.53962100799824375  0.54987205385653537  0.56025254509249200  0.57057387461809905
  0.58090379137615034  0.59110374196099857  0.60137362802206895  0.61190105116511317
  0.62255798745056856  0.63334448317966752  0.64393125225730052  0.65452320987684054
  0.66510911861019184  0.67577386285176522  0.68664332599566136  0.69747917198912668
  0.70815725249079697  0.71864276339851019  0.72919528286877722  0.73964100046138093
  0.75010925138591633  0.76067589444881645  0.77134165080626305  0.78216297840493054
  0.79300181000102310  0.80394871543034607  0.81479363813744665  0.82550311347106453
  0.83588199257931661  0.84633149277902930  0.85658946007559855  0.86744973164971784
  0.87810321497114197  0.88890988517484970  0.89975454815559730  0.91076645531551181
  0.92145061775612502  0.93194717180607578  0.94284550061536399  0.95384033286359526
  0.96502975100146360  0.97621839165487845  0.98807596688629218  1.00000000000000000
  0.00562313998157184  0.02131797255532757  0.03715745093105807  0.05050767250614879
  0.06246510620261592  0.07417744649859040  0.08560743653719516  0.09647033489347995
  0.10760980539960802  0.11848830713907073  0.12938316137221545  0.13971001793294585
  0.15012164889297641  0.16057109985124346  0.17158361156139715  0.18285273401865335
  0.19382314605089213  0.20430636738294095  0.21458261432425785  0.22485216251100665
  0.23514522165857329  0.24548700518273114  0.25584675040621285  0.26643517541926187
  0.27705578236394557  0.28759137869580975  0.29776886405348757  0.30774396689490885
  0.31779157942946945  0.32815373241219664  0.33859732810014104  0.34893352653341059
  0.35920901717767956  0.36947100550360495  0.37968793195210643  0.38981390548017758
  0.39991352594686264  0.41006479953481273  0.42029993080909367  0.43054130765695880
  0.44089727257485706  0.45133884639149169  0.46200935680267630  0.47270466286290291
  0.48316330738959762  0.49338149089822020  0.50350577081757275  0.51376065455976483
  0.52412543491368058  0.53465510935435245  0.54529845445750602  0.55597546358393046
  0.56654179162074225  0.57708226558088738  0.58770399834788933  0.59834923956061870
  0.60892461790224373  0.61936745982198216  0.62979603277429519  0.64012938273419639
  0.65039010038312028  0.66059577367214639  0.67071783284140940  0.68095588066964463
  0.69139199092035597  0.70210052512242083  0.71279741133192820  0.72328854053467817
  0.73370168698233262  0.74409808247451636  0.75446039103099560  0.76462350319644268
  0.77469895814110223  0.78489664197746845  0.79522775032497095  0.80552408427589661
  0.81562496806593032  0.82560004879979432  0.83557481952985091  0.84574399977417192
  0.85602474968932307  0.86612766908634065  0.87608346667110704  0.88591156629088297
  0.89573379177836576  0.90563830597129147  0.91581349241480781  0.92635285485764429
  0.93678039502230626  0.94677344915187545  0.95635507954889498  0.96588621349533976
  0.97505889590986949  0.98354483890800082  0.99177138373314122  1.00000000000000000
  0.00000121923470583  0.00000651914096771  0.00001173275994421  0.00001619660878420
  0.00002044034392844  0.00002468157849228  0.00002893069344403  0.00003318657508697
  0.00003743503347999  0.00004163760886427  0.00004577165452174  0.00004987243676735
  0.00005398142130534  0.00005817943093045  0.00006240334861832  0.00006668423512455
  0.00007108954346607  0.00007557988430464  0.00008012039219974  0.00008472116110739
  0.00008945913445786  0.00009434215950994  0.00009937393857536  0.00010461273521866
  0.00011004432800073  0.00011563034750452  0.00012135383728578  0.00012716995658395
  0.00013315807873056  0.00013949479512056  0.00014627563834505  0.00015363923122193
  0.00016160192544300  0.00016995058338474  0.00017870221256946  0.00018794033782257
  0.00019734298335982  0.00020696115146790  0.00021678969887909  0.00022671045890357
  0.00023679328980971  0.00024709465561760  0.00025789493128708  0.00026918890564837
  0.00028095799373054  0.00029317983337392  0.00030597454031268  0.00031939497913600
  0.00033329710003072  0.00034756209908583  0.00036229501219674  0.00037777218897460
  0.00039421305185477  0.00041140914511967  0.00042942955064342  0.00044861058529213
  0.00046924339233425  0.00049155105252479  0.00051522266640052  0.00054024796724204
  0.00056591948422924  0.00059312976476054  0.00062208875597284  0.00065294059097843
  0.00068505493900112  0.00071883046852437  0.00075468612929832  0.00079314112348500
  0.00083474395565336  0.00087911410191821  0.00092829548043164  0.00098091139713867
  0.00103852145575989  0.00110275454996731  0.00117178230226412  0.00124792547923503
  0.00132872747657179  0.00141609785569538  0.00151508358426246  0.00163022038358429
  0.00176347226281539  0.00191407749856902  0.00208181959837091  0.00226816970591475
  0.00248099563770574  0.00273658794343489  0.00305894554123616  0.00346789328983314
  0.00399811779778614  0.00465308186537565  0.00543854343818373  0.00640151082184597
  0.00790507589593809  0.01120506310806723  0.10917816576652040  1.00000000000000000
 -0.00253653217214777  0.00986044101744142  0.02011259122767296  0.03079438524975047
  0.04151571364770747  0.05233600773249166  0.06340826353949240  0.07426842818894494
  0.08535645460922298  0.09644908489626786  0.10763611084501906  0.11908777820242243
  0.13066573465347406  0.14246622150737684  0.15364127309414677  0.16469850257397509
  0.17556626333720685  0.18629301035930979  0.19686880132593867  0.20784165776891944
  0.21891986634759589  0.22997522622902936  0.24044822822361289  0.25084829780234036
  0.26119480044463012  0.27160366660565810  0.28228098886333808  0.29291969115256283
  0.30396359535478784  0.31481087025027515  0.32558669130230183  0.33647727262147853
  0.34719501343988562  0.35807549800821609  0.36846594535173671  0.37906446606660682
  0.38944856321874649  0.40005363686053647  0.41051718228969497  0.42084332093138532
  0.43156195495230049  0.44240750860307315  0.45330874622778133  0.46391333878465474
  0.47444457149289287  0.48473986415362391  0.49500870199081937  0.50506000519644345
  0.51545842918643558  0.52584446740028035  0.53642509151193041  0.54686520419582174
  0.55705121320773965  0.56768973068724304  0.57833214895974583  0.58870939864691063
  0.59868287980180568  0.60871905883717081  0.61922309126174813  0.62962263125421869
  0.64023182181967730  0.65067731505251913  0.66125309964682355  0.67150853732125626
  0.68178723217237291  0.69227261182649513  0.70273693473263410  0.71271564218671812
  0.72250145408087385  0.73214152840026947  0.74245131323604485  0.75272955491666904
  0.76314553663104967  0.77334218342152450  0.78328362589804224  0.79354246024624819
  0.80400962328440106  0.81449800541667572  0.82515125504508968  0.83572038175887398
  0.84617641838889412  0.85636726348449121  0.86644438240479149  0.87696414670194334
  0.88696243908238293  0.89737530929065845  0.90768860446353028  0.91806751983493085
  0.92807553137160315  0.93793933679636010  0.94813282100321072  0.95807736335277160
  0.96799644215168390  0.97827220979683716  0.98907576089608951  1.00000000000000000
 -0.00220653278923218  0.00879740344726206  0.01843374928562877  0.02883660132198812
  0.03907037217425863  0.04947986755432082  0.06011133374973088  0.07128564197952784
  0.08240375067206725  0.09270196151296187  0.10280830090142101  0.11254566254487022
  0.12256107150171296  0.13291764121097654  0.14340123282337275  0.15393653040691666
  0.16423149953577745  0.17489980287831872  0.18559704352753556  0.19678986709373641
  0.20785665416764521  0.21882541108571024  0.22978962653152513  0.24057862794114060
  0.25135108779510379  0.26187274212609624  0.27233913715724750  0.28258259459958651
  0.29273700396176205  0.30302935660709124  0.31331188940049443  0.32406765285110084
  0.33468074451255053  0.34558931164986617  0.35660138322420976  0.36787019867354037
  0.37898187018910501  0.38978152290199763  0.40023494818066685  0.41073457488195936
  0.42103839219860695  0.43113219846252770  0.44106536559222737  0.45094501871101922
  0.46107487525417173  0.47151729183146984  0.48180833727782690  0.49203030247060386
  0.50216883716329386  0.51236633434819745  0.52321798395347530  0.53391380001696687
  0.54460850458767551  0.55545351148834887  0.56646402978144572  0.57758725125483246
  0.58847571325171599  0.59917289270142138  0.60985722176865320  0.62056714810365676
  0.63144264525131233  0.64235114764357615  0.65308091232669296  0.66366860291254681
  0.67411432270960581  0.68445661145193182  0.69487830801742800  0.70523500932482686
  0.71593246058347437  0.72664323476051496  0.73730799694761817  0.74793974813804531
  0.75814078661346784  0.76872783039708248  0.77943419909198086  0.79016752492364550
  0.80077283175105674  0.81114748709130113  0.82165857612469240  0.83203463056795535
  0.84258860390197965  0.85265052450536427  0.86295789739851403  0.87312649259080632
  0.88409148175795549  0.89504073600346146  0.90549104546220049  0.91631050509176459
  0.92705617272751595  0.93787504874069050  0.94810381756178541  0.95801090222650453
  0.96870820494501120  0.97913075106462066  0.98983281950443436  1.00000000000000000
 -0.00249346951663797  0.00938451288085225  0.01940821572842934  0.03006110131139647
  0.04074059499076736  0.05133897291736787  0.06179337133730148  0.07209468364907262
  0.08254887761372151  0.09325944636043215  0.10392840769718917  0.11433089557413072
  0.12484430821689237  0.13545553297925325  0.14601204373143173  0.15611054361616061
  0.16613128455717227  0.17629620294526871  0.18671116133184926  0.19710239560565340
  0.20769027448078684  0.21828427643847942  0.22907709823512765  0.23965343348359772
  0.25031621644168134  0.26089566755236832  0.27155062927952145  0.28228290058421079
  0.29309874723357593  0.30394808232627402  0.31476281447118876  0.32577436532532034
  0.33715989137152952  0.34843800176930689  0.35927644999733510  0.36976217046495852
  0.38051249686387928  0.39138682944858377  0.40195586664956323  0.41242645331492639
  0.42274971478819595  0.43316424725620611  0.44340150083880231  0.45373093612217436
  0.46391803177606439  0.47406778728849630  0.48427185230735603  0.49465897414168897
  0.50505961054513637  0.51548322719652884  0.52580197914412286  0.53638747387080477
  0.54693348835067579  0.55758371271824825  0.56805068513782897  0.57849484904405013
  0.58927849350615957  0.60017061207435174  0.61083092415133500  0.62127102700055981
  0.63188919323196102  0.64286567428877484  0.65371193108792092  0.66400994190668683
  0.67413044734376926  0.68444697552095468  0.69514503388856852  0.70561811117433404
  0.71583929035340477  0.72609408758573124  0.73650152131012925  0.74697091029826246
  0.75734160445758314  0.76757772824197523  0.77786947774661208  0.78810649914195186
  0.79841033365489511  0.80892239604564176  0.81965857694994171  0.83059874880493456
  0.84137094407074198  0.85175130288470802  0.86181681874783000  0.87176288392292134
  0.88183695403362539  0.89191352964013937  0.90212225432812043  0.91235449017037429
  0.92276080780434389  0.93349732342527858  0.94448517061525061  0.95580439891130364
  0.96689232072044851  0.97810260476832311  0.98901195705006828  1.00000000000000000
 -0.00218629202940286  0.00898457542915069  0.01873789764071247  0.02894897597054581
  0.03904226125801458  0.04936485885139782  0.06015040962771880  0.07086561695473173
  0.08150950536092261  0.09197665894263031  0.10265953045090831  0.11321408019543940
  0.12360734450816560  0.13359355001706091  0.14358598595990865  0.15369665217946876
  0.16384896813911906  0.17397515892801801  0.18401248300207707  0.19427300257778729
  0.20481271827780992  0.21555038302710886  0.22627393416459426  0.23669572511789147
  0.24727703394849068  0.25802216952485807  0.26886872255370575  0.27966692427316381
  0.29053851837755601  0.30126027474977307  0.31171667628495675  0.32222505167072685
  0.33301203829810699  0.34383789308847218  0.35453891630736079  0.36513269007699600
  0.37562735654990126  0.38594908133304273  0.39606596183752601  0.40613917716316456
  0.41641783066191818  0.42709800329417485  0.43794502503490712  0.44873985383711584
  0.45940196248553505  0.47006170865361857  0.48058943203304744  0.49106590200872297
  0.50146078884492717  0.51192280348131713  0.52243937867267387  0.53310058383009129
  0.54377213761656229  0.55440360497089503  0.56492664511983981  0.57538269525370611
  0.58603435147528127  0.59688101594307263  0.60786430295815752  0.61866674841360536
  0.62940053734256574  0.64017813634562815  0.65109913594273527  0.66204760578116562
  0.67265414595535611  0.68302711699161356  0.69361103029819793  0.70434584248483234
  0.71506991905671735  0.72541890083806670  0.73586795111169412  0.74646376697131134
  0.75696485909355327  0.76759115570902603  0.77840286578441631  0.78943628055124171
  0.80025581379451127  0.81083081504064713  0.82104343348138487  0.83129852163950002
  0.84156632196047720  0.85227610136345422  0.86305555475748741  0.87386382998591094
  0.88452314705014512  0.89504390613169882  0.90558778481907665  0.91610312636233571
  0.92667030966512587  0.93739184186758517  0.94782426950119214  0.95828519164316828
  0.96867394976547849  0.97917588029199809  0.98963080136639137  1.00000000000000000
 -0.00240115901409921  0.00939795804379402  0.01955471822725363  0.03000326229391270
  0.04043077023014777  0.05066904203881897  0.06113328031194073  0.07158268575038955
  0.08219145759237388  0.09277143896795116  0.10328726714085705  0.11367099421695349
  0.12385138772217472  0.13405310624740394  0.14443394010551763  0.15478568206351190
  0.16517692666087558  0.17543979462639409  0.18567408864044588  0.19589415559409404
  0.20603889406420425  0.21617432010537899  0.22658504968897059  0.23706581292611884
  0.24772672759565825  0.25812976239047020  0.26833189825444143  0.27856273742143012
  0.28846530123887759  0.29907934013713577  0.30966195368980537  0.32045192265761091
  0.33107027364680097  0.34165443012869545  0.35210809232525958  0.36251839689179322
  0.37301875483186825  0.38343054858729952  0.39352727889843386  0.40341314308447196
  0.41341248646245654  0.42386771579841431  0.43457367108471257  0.44533047979542839
  0.45592510954719601  0.46638687337739460  0.47683199843466084  0.48741065136192691
  0.49798559137920351  0.50852653338471165  0.51903648439015859  0.52955182669579914
  0.54018344953664965  0.55089351245237450  0.56158070368380686  0.57188361798406451
  0.58204916617495606  0.59221760943083868  0.60232002414160757  0.61247912137832128
  0.62257146297950783  0.63324099693200753  0.64386494254994497  0.65439418020523810
  0.66480698516861980  0.67541382406416428  0.68603164220611290  0.69651476327798700
  0.70724485061264619  0.71820201458086497  0.72919307645790477  0.73990899204167893
  0.75068492486508243  0.76171387446792194  0.77280611875770622  0.78403844294875780
  0.79519805406313371  0.80608892498145468  0.81643586855999306  0.82677077553768485
  0.83720235656473208  0.84775743961266858  0.85822636404322561  0.86890882362791910
  0.87969578627882294  0.89063903102470543  0.90163675642106855  0.91245760004422194
  0.92311764037368249  0.93373117235575775  0.94474463248806895  0.95566903758166299
  0.96699525946912046  0.97825270970465750  0.98932587266117800  1.00000000000000000
 -0.00264498817548050  0.00978983140423214  0.02019253811247830  0.03053182640875521
  0.04078361544580054  0.05108106750593306  0.06126330777063361  0.07139352578294522
  0.08170916390588662  0.09242155906951627  0.10304623503087205  0.11355788116591059
  0.12397871773717009  0.13434686955313827  0.14476179927999550  0.15526123277686271
  0.16577668640938670  0.17646584058100817  0.18729704465016833  0.19832532609293685
  0.20924580495752770  0.22006770644218857  0.23082791636173630  0.24151230882774116
  0.25233285721952831  0.26281815839346157  0.27314831592727867  0.28348655743606549
  0.29398458683895468  0.30462015591919195  0.31521828012969771  0.32589137141824898
  0.33668092251012216  0.34764133900706723  0.35862437280937870  0.36947114031755329
  0.37984114387534024  0.39003423700942724  0.40044268231500507  0.41074574630622890
  0.42100799133999350  0.43108578378915580  0.44148820750352463  0.45224126136630560
  0.46304168476102997  0.47379674205416356  0.48462766888866537  0.49523058361910133
  0.50583914811425046  0.51597519258243318  0.52663945982002347  0.53738999544992350
  0.54817841943535150  0.55867470329377389  0.56918972525845035  0.57982972786499698
  0.59030934662304901  0.60073652633592167  0.61104990323805142  0.62160889906171846
  0.63210668029073602  0.64241593321292734  0.65270175176763312  0.66304786425052675
  0.67346126250364946  0.68406562837168372  0.69480176108012215  0.70543205992338642
  0.71574426236356359  0.72601495572216745  0.73624021519197025  0.74657759623375608
  0.75702775378949194  0.76777813689147845  0.77838142790852283  0.78850338326781799
  0.79854308231752025  0.80880440355491778  0.81965312039620786  0.83072186016414962
  0.84136379226434510  0.85167076357228633  0.86196241302815324  0.87241941273007184
  0.88291565802683791  0.89360443845432191  0.90460501839797725  0.91563557246749505
  0.92613445827946883  0.93672543714987744  0.94699666624744117  0.95751194303384823
  0.96785886765717211  0.97840275753702233  0.98917710000963210  1.00000000000000000
 -0.00227196310856184  0.00953827464553736  0.01972570939509025  0.03048593384504442
  0.04143476260659175  0.05211537116438934  0.06272532829152448  0.07353834208885172
  0.08442282442060295  0.09501156216891492  0.10563154308752132  0.11616434648237411
  0.12672402446127135  0.13695277339404388  0.14732951393537913  0.15749478716784687
  0.16784266244518561  0.17808982480068053  0.18852058864551266  0.19893141142342302
  0.20950993750751581  0.22009442055800241  0.23055314596226223  0.24108088881854012
  0.25184379209744295  0.26261618796600794  0.27339617214060047  0.28385760227160683
  0.29427154848021514  0.30462023312739750  0.31499834351380701  0.32507313976890390
  0.33510274887413277  0.34552185337983599  0.35612580896035306  0.36677577631743757
  0.37743747826849300  0.38846132821060531  0.39904168400615270  0.40969225175018747
  0.42053143216782946  0.43096059481295784  0.44119590456721930  0.45115010613513779
  0.46133623857303130  0.47149354391423814  0.48218985298313866  0.49317888699521051
  0.50437143794723849  0.51489398887698223  0.52550931560856817  0.53596489148543747
  0.54676677278621721  0.55766623503524704  0.56858483326904530  0.57938083470421720
  0.59030785995743196  0.60093163638244196  0.61152124311096911  0.62199710246271966
  0.63276620732722311  0.64335714451325310  0.65375615748708249  0.66395236708433214
  0.67439781639462881  0.68479177166528682  0.69503669233086185  0.70557384886721242
  0.71610053031882870  0.72714040868283436  0.73776980613180154  0.74860129078926763
  0.75915918602840593  0.76980337184979719  0.78019373818803550  0.79066212202685870
  0.80107317326903904  0.81158089771715203  0.82229874031475259  0.83296516084555783
  0.84338856648926552  0.85372815709878891  0.86418676813108353  0.87446534327440473
  0.88464750141922033  0.89496425388482448  0.90542329827570101  0.91583751425440052
  0.92643827124728872  0.93700486890061374  0.94722068053721586  0.95735759635488871
  0.96790817693425391  0.97863852837921605  0.98934567775051285  1.00000000000000000
 -0.00236862591911672  0.00935721736049134  0.01959506099327356  0.02994022559392851
  0.04019919571102528  0.05060873876349024  0.06130532864180511  0.07198375126740186
  0.08256413346068232  0.09319733202978144  0.10376057617670950  0.11408117304251818
  0.12409317176198756  0.13431877254759922  0.14485311214697047  0.15549041712645334
  0.16593771007134014  0.17645988353393346  0.18721285134556706  0.19776022322837264
  0.20836671442258861  0.21877030060714697  0.22919128782387480  0.23912663110772125
  0.24893033261703248  0.25904062800484984  0.26907726513166513  0.27918020106757613
  0.28930818109508194  0.29999494147020583  0.31096464586321582  0.32187543542996522
  0.33290415495769771  0.34389579531371145  0.35470742087550106  0.36532819043948411
  0.37586348730987446  0.38653036713802053  0.39720828862130875  0.40796139714130969
  0.41872583341054015  0.42943609021983487  0.43992047181288213  0.45051122353378475
  0.46104656056444754  0.47173003481405029  0.48243318645380467  0.49321147151986089
  0.50417367920472644  0.51505253830080733  0.52565152056452791  0.53599775148021767
  0.54634199680147733  0.55700081696455406  0.56767755541303810  0.57848557593660521
  0.58925411094456825  0.59989329420855075  0.61045952538056814  0.62084998745394759
  0.63123970172742083  0.64198703892699316  0.65290936675023659  0.66387486289597519
  0.67471544363463709  0.68540693281332410  0.69619000731453062  0.70688411345457203
  0.71772081146889477  0.72864369126708406  0.73941503203887327  0.75030209761045208
  0.76060958455446614  0.77088388830855203  0.78125772658290926  0.79171161845331917
  0.80230905204146774  0.81320120092876658  0.82403812133340737  0.83470477061766224
  0.84501114985182790  0.85525323019770594  0.86589933932283236  0.87615806308889810
  0.88673927511010409  0.89693909911066627  0.90744120926122684  0.91777104076723537
  0.92795179508333203  0.93820770137032472  0.94857318995279472  0.95899375941873444
  0.96945922125161166  0.97961444780820128  0.98991030426101201  1.00000000000000000
 -0.00238556583245030  0.00935240556866731  0.01925319886625795  0.02963047760956446
  0.04002306529544484  0.05026059853861103  0.06039149485691525  0.07071236618786472
  0.08127135010453425  0.09148700888627191  0.10134676423828290  0.11122120279559554
  0.12129580499537046  0.13174111339034789  0.14206214556998575  0.15227139596193051
  0.16256272908812394  0.17302761959075300  0.18386729298457208  0.19474402021728307
  0.20559098859562472  0.21632156550846743  0.22686342524006070  0.23727517971195611
  0.24782892573426168  0.25860230508053211  0.26930518848157481  0.27987297583354304
  0.29045912036005561  0.30111282064057554  0.31188093980276921  0.32268827573697856
  0.33378179148715137  0.34487037375554247  0.35596092481903274  0.36684157259140265
  0.37797573178411548  0.38884829335243731  0.39964581666189070  0.40985123951350305
  0.42013923945928289  0.43024994104171144  0.44066265072988176  0.45100308085411361
  0.46113059242163590  0.47117684361011608  0.48157118436532620  0.49226654546457815
  0.50272168124828331  0.51285614851156947  0.52319081818509294  0.53419328232252239
  0.54524286014304535  0.55634652545116636  0.56722748288023295  0.57789258957695022
  0.58849491004520671  0.59917604797722390  0.60979009557903541  0.62043903306996873
  0.63084102409563636  0.64131900784770290  0.65157071189451532  0.66203661648286927
  0.67256100223204829  0.68308796585273923  0.69366045007389499  0.70436709682858933
  0.71535527241544483  0.72638059033650448  0.73719731218000584  0.74777831589221933
  0.75837602287745653  0.76910090180499335  0.77948617422689270  0.78964681616183541
  0.79990199951178609  0.81021534237790271  0.82073543700905494  0.83109622457287147
  0.84179343641528603  0.85246873642464038  0.86314165658334341  0.87379907500031839
  0.88404468440303841  0.89418739810694403  0.90429009612477462  0.91486018028628424
  0.92540909377623393  0.93604095903821438  0.94664406585017880  0.95745617367546765
  0.96794014330873102  0.97851390989605413  0.98922147071927224  1.00000000000000000
  0.06272377484921837  0.24445267021778594  0.27207854056447123  0.28877580449987261
  0.30225582395231781  0.31467132104235473  0.32633313919724982  0.33703452190992306
  0.34681460631853228  0.35624743654232444  0.36537121531041766  0.37443898836460754
  0.38306720149959517  0.39156253882085190  0.39967612695878002  0.40752872213148783
  0.41507130311843332  0.42237318186356360  0.42956424203425442  0.43686103646128116
  0.44404339743446625  0.45102860009918117  0.45775114153893637  0.46422380678785186
  0.47072343339525508  0.47722915476909933  0.48371133531831728  0.49008219672149089
  0.49647067784731791  0.50284717683999725  0.50924271631169438  0.51559709637100615
  0.52181291959866061  0.52787626053717718  0.53380439648666811  0.53971079867327432
  0.54552895416350677  0.55131547510244427  0.55704724725686039  0.56274910738420092
  0.56846703032933876  0.57416988732881291  0.57985948642132212  0.58559694741447710
  0.59136308195983611  0.59709980955525654  0.60278978869532307  0.60851285361039154
  0.61434426355945393  0.62017178561688724  0.62602436547442819  0.63181817272202112
  0.63753008225562924  0.64316361244344700  0.64872132338804966  0.65418335584678544
  0.65976145630365168  0.66546142451395240  0.67130704538737540  0.67714656815505503
  0.68292962918186317  0.68870401004452619  0.69449937391978511  0.70033105610583013
  0.70614627884173975  0.71196210910571400  0.71789419276600541  0.72396589711759818
  0.73013875938265071  0.73636026551330835  0.74261999265377621  0.74891281863113512
  0.75527456865467590  0.76171804077299521  0.76826363459695002  0.77496942805236291
  0.78174692493970466  0.78860212318227574  0.79556991185327575  0.80261405962963772
  0.80971389859608167  0.81696283979085904  0.82449132882923704  0.83221551025571439
  0.84008542152146992  0.84805601696682431  0.85643936858056124  0.86547474322641016
  0.87505357295922803  0.88516390996318195  0.89605711530159815  0.90808460334926733
  0.92152967563714572  0.93722841638224552  0.95948588465112661  1.00000000000000000
 -0.02517976181594730  0.12217081650262725  0.15862525792856150  0.18007744796463315
  0.19692400189672099  0.21136856727780165  0.22407375150548792  0.23568105485260471
  0.24650616780785342  0.25675059527175820  0.26629617637007663  0.27533298806892614
  0.28394500793764976  0.29227396500874947  0.30030349875668322  0.30808420325167124
  0.31563722823036267  0.32290291429161000  0.33004162030104850  0.33697284213572043
  0.34366767266650267  0.35028577847238440  0.35672502341075862  0.36304763258135975
  0.36930063762867643  0.37548031659345299  0.38155031656045524  0.38759189135769573
  0.39357004057338107  0.39944243307357075  0.40523726889171036  0.41098987723884145
  0.41670255601493983  0.42249914467374344  0.42815642783982433  0.43374337266205243
  0.43926076691848115  0.44470272070285033  0.45003967923555505  0.45527775512739477
  0.46048397458675605  0.46575266049796565  0.47117175045911663  0.47673730574673140
  0.48232178447496610  0.48776609619071337  0.49308230328942826  0.49829191971871661
  0.50360365075894453  0.50890443868054025  0.51420946080843055  0.51943438072992321
  0.52464748889233337  0.52987146189649326  0.53513877330896120  0.54050098604980612
  0.54587814027603987  0.55126928829645117  0.55668850048680329  0.56211872132686191
  0.56761065080132234  0.57320758265476557  0.57891438077932011  0.58468181341478309
  0.59042439351099885  0.59615895048072742  0.60190997673104396  0.60778436926599366
  0.61368226588055541  0.61968389569798932  0.62564136930951386  0.63162271965623917
  0.63769766296868424  0.64396616763326942  0.65051931856220835  0.65710756855195140
  0.66379917419462153  0.67077013844246991  0.67799874617865996  0.68537901274187019
  0.69291385129176153  0.70052101735032779  0.70834146206117166  0.71635676749944655
  0.72472852075398209  0.73344833583000846  0.74271501106389015  0.75251225979125613
  0.76334730541955553  0.77499792387933675  0.78778374922507621  0.80223595973379891
  0.81948521292890308  0.84148712399049685  0.87756610687643721  1.00000000000000000
   4.8457312182760105E-005  -1.0000000000000000     
 T F F F T F F F F F F F F F F F F F F F F F F F F F F F F F F F T F F F T F F F F F F F F F F F F F F F F F F F F F F F F F F F T F F F T F F F F F F F F F F F F F F F F F F F F F F F F F F F T F F F T F F F F F F F F F F F F F F F F F F F F F F F F F F F T F F F T F F F F F F F F F F F F F F F F F F F F F F F F F F F T F F F T F F F F F F F F F F F F F F F F F F F F F F F F F F F T F F F T F F F F F F F F F F F F F F F F F F F F F F F F F F F T F F F T F F F F F F F F F F F F F F F F F F F F F F F F F F F F F F F F F F F F F F F F F F F F F F F F F F F F F F F F F F F F F F F F F F F F F F F F F F F F F F F F F F F F F F F F F F F F F F F F F F F F F F F F F F F F F F F F F F F F F F F F F F F F F F F F F F F F F F F F F F F F F F F F F F F F F F F F F F F F F F F F F F F F F F F F F F F F F F F F F F F F F F F F F F F F F F F F F F F F F F F F F F F F F F F F F F F F F F F F F F F F F F F F F F F F F F F F F F F F F F F F F F F F F F F F F F F F F F F F F F F F F F F F F F F F F F F F F F F F F F F F F F F
  <DiscreteSampler_grid>
  grouped_processes
  1 # 1 for a reference and 2 for a running grid.
  10 # Attribute 'min_bin_probing_points' of the grid.
  1 # Attribute 'grid_mode' of the grid. 1=='default',2=='initialization'
  0.0000000000000000 # Attribute 'small_contrib_threshold' of the grid.
  0.5000000000000000 # Attribute 'damping_power' of the grid.
 # binID   n_entries weight   weight_sqr   abs_weight
    10   10   2.255454054683694E+002   3.187493796771007E+005   2.255454054683694E+002
    16   10   2.255454054683692E+002   3.187493796770999E+005   2.255454054683692E+002
  </DiscreteSampler_grid>
