  0.00323185889552263  0.01258542470474704  0.02160181487304830  0.03176537416712215
  0.04209776745246104  0.05279903303821898  0.06372537322315887  0.07453133471979893
  0.08509642838154625  0.09487076344548598  0.10398645260443652  0.11330076161260370
  0.12272696092941202  0.13228288705937821  0.14194512778434287  0.15186189185717774
  0.16226365328101369  0.17251027667230623  0.18260485514225525  0.19323832802709603
  0.20373996696881755  0.21430035565393121  0.22470057703426255  0.23484168793977486
  0.24464746042491267  0.25453333124983252  0.26483020060884177  0.27593275105570086
  0.28745810264544897  0.29811951100439432  0.30863913015289079  0.31920452879942629
  0.33010233092659275  0.34054133462808750  0.35072617730040473  0.36062974285601812
  0.37049995461453716  0.38042352735843166  0.39050673300591726  0.40071113095528615
  0.41101024089213301  0.42143097388677031  0.43253130667695283  0.44385155165332391
  0.45524435087249360  0.46612763901734788  0.47656568836293273  0.48698846767655168
  0.49742000928697877  0.50810072792211691  0.51817786821409595  0.52830459476560654
  0.53839057860896455  0.54867290049384698  0.55932380396334125  0.57033508478394557
  0.58183640489250310  0.59294780706360373  0.60366383484050046  0.61427816903638488
  0.62513931557238944  0.63604070907097932  0.64705682555689947  0.65779754246834576
  0.66839010097399953  0.67867758366081898  0.68927397129192092  0.70004648741637487
  0.71089028582533054  0.72175363023089700  0.73255035799087076  0.74333436424722532
  0.75380720733135398  0.76401770647797762  0.77397075708610574  0.78383825580240629
  0.79400521604163854  0.80505288432000266  0.81637011760488887  0.82803963923663859
  0.83979129534232988  0.85088598469309351  0.86175212201682172  0.87215094239738156
  0.88241743758843705  0.89263973803387608  0.90304927185712458  0.91367467579120498
  0.92424481392174340  0.93488483835389846  0.94537632640107339  0.95554112040857320
  0.96563237727336593  0.97624384303358658  0.98772677226919026  1.00000000000000000
  0.00705268400079137  0.01584956705691555  0.02678317285307059  0.03821719793033947
  0.04938356689094682  0.06056629310175190  0.07186803266398092  0.08285167053931299
  0.09388903600194749  0.10503023999809480  0.11605783873236693  0.12681370083286697
  0.13731737072214006  0.14756699327110701  0.15748909236529604  0.16748779054307408
  0.17776465578334708  0.18814644278373843  0.19861152846423083  0.20932939480688137
  0.22101542174925576  0.23355200100750856  0.24552798292044808  0.25731371730962493
  0.26863090898988429  0.28005954513246922  0.29079791822286449  0.30145872998793560
  0.31196520071365219  0.32273623152911435  0.33355096278550045  0.34453929736964706
  0.35547672807231029  0.36610709611563275  0.37652323250574238  0.38688006747117970
  0.39730333561051068  0.40762025126948814  0.41761550580862888  0.42738772184427837
  0.43715788460025962  0.44711075370525144  0.45721955640582401  0.46735573016976178
  0.47725183627267065  0.48706638487117326  0.49683744931680229  0.50675505958995104
  0.51686076963688365  0.52683836365924142  0.53686328927597027  0.54671134818877021
  0.55655092177029386  0.56642497665988079  0.57651591080477915  0.58688170761654979
  0.59728137169277307  0.60732492198544163  0.61730334964779643  0.62733839409651093
  0.63759032963487194  0.64766779049889289  0.65761320844810811  0.66781403465450651
  0.67856367341834600  0.68917711551502836  0.69955922704738882  0.70966948776967786
  0.71986020849280796  0.73016770629893868  0.74038702918816468  0.75086469783113396
  0.76147616061224521  0.77188993425150521  0.78218287098205652  0.79265796697094137
  0.80343821336810650  0.81391996104404307  0.82404702975833466  0.83409492416422981
  0.84427242415939685  0.85454073007587206  0.86471272714077363  0.87450603972477814
  0.88385716438094475  0.89317973397200379  0.90295360198604391  0.91329368637713726
  0.92353904563852185  0.93380916449376905  0.94387544264960344  0.95350947598441638
  0.96300111183836357  0.97253118040870590  0.98189628443877974  1.00000000000000000
  0.00353997634802244  0.01131558242611705  0.02119686726500356  0.03160498408109520
  0.04216302799428692  0.05362029498371618  0.06516831222431947  0.07627935364635037
  0.08690278385574916  0.09695851331618667  0.10730976970804547  0.11765953985426111
  0.12769826983282659  0.13780054990147142  0.14781559041041528  0.15737739621961166
  0.16705126678133328  0.17694611115803641  0.18739745335337959  0.19729423475615204
  0.20795941806205590  0.21856169263277406  0.22915647659552188  0.23953736019496580
  0.25075630286442718  0.26214998821439867  0.27395213427844650  0.28542708192474542
  0.29676559088989241  0.30733531827153121  0.31778014069537280  0.32802990911304297
  0.33811944212559120  0.34850664249164726  0.35901813131012628  0.36957311667670328
  0.37977593029433027  0.38941103637091568  0.39918896467878506  0.40954048399337323
  0.42015307224200682  0.43020896080553445  0.44035647765144498  0.45054203106079016
  0.46092571217717926  0.47074402110193375  0.48128067429583898  0.49195649603459946
  0.50219399869934778  0.51223054473313590  0.52274497712255985  0.53384305341712446
  0.54460853306028434  0.55479679015058569  0.56502197408932431  0.57561632679669905
  0.58602455628086714  0.59601088678813208  0.60568263069990258  0.61578877602071436
  0.62605923951564957  0.63647316850026792  0.64698317456881582  0.65772313189732179
  0.66857987663484264  0.67959482616727585  0.69053621669346188  0.70113765457934496
  0.71125000576996833  0.72122420960546985  0.73148840003081184  0.74194499068502007
  0.75237716011153954  0.76291960109268497  0.77335372295765914  0.78388603824982650
  0.79428601541141974  0.80524375440782403  0.81640872532881148  0.82818899083734565
  0.83997786405592190  0.85087641356316013  0.86103909467498296  0.87071427905163290
  0.88087336896385460  0.89116780292803965  0.90158537185718723  0.91168371068413545
  0.92186515721068951  0.93182439326359556  0.94216490654750717  0.95264260978941373
  0.96356585073420076  0.97521156185182722  0.98736238374553364  1.00000000000000000
  0.00616069301283943  0.01927298237787072  0.03422988699104933  0.04783718106901984
  0.06001507850306486  0.07150330441746515  0.08244320263443818  0.09376479322915618
  0.10474851266148166  0.11567532965411159  0.12650064610045544  0.13748231564053645
  0.14844723559654369  0.15894553271143635  0.16914785062214119  0.17887476113226763
  0.18850750950108519  0.19832752141386664  0.20901095910520431  0.22008355818473604
  0.23117950078698413  0.24188467032472422  0.25267322118130303  0.26361423462978689
  0.27444174603816862  0.28551714941624368  0.29611976979708515  0.30699532141388014
  0.31728656199261102  0.32742353755290765  0.33728974527229033  0.34750108534162533
  0.35801716806693756  0.36836875136571073  0.37849954284343884  0.38836045163864535
  0.39818247052098299  0.40780338414588974  0.41747206531735370  0.42718865765677122
  0.43717279284527277  0.44744604762443291  0.45717904048102320  0.46704451216365450
  0.47676489205134437  0.48683465108806084  0.49651106911490622  0.50629583937416223
  0.51624102797246019  0.52644067045477760  0.53646247050179763  0.54675533636446028
  0.55718632009021773  0.56800383155271661  0.57895307661145834  0.59007755135233597
  0.60116086907697208  0.61199124679250705  0.62306948075406743  0.63377816470248338
  0.64437437406165865  0.65471871292721706  0.66535692238838429  0.67615049526465043
  0.68678353010423632  0.69754730469044579  0.70858701104327837  0.71967363231570780
  0.73030845408380196  0.74035537868218226  0.75010535931268074  0.76003468007602171
  0.77040274720091384  0.78081370003337258  0.79089570588135139  0.80096296645783227
  0.81109105525253222  0.82130923894535568  0.83161659329022652  0.84178479427927377
  0.85155043680800180  0.86117522353893572  0.87106623995254839  0.88169983948796982
  0.89193313413129260  0.90204927539250612  0.91243238728888498  0.92266850429082181
  0.93309348913111956  0.94323790521826001  0.95330700676070856  0.96317751106063521
  0.97278386935767081  0.98231141059100147  0.99160952759840637  1.00000000000000000
  0.00000830864145527  0.00001225016591780  0.00001551270991316  0.00001860356391477
  0.00002322577762538  0.00002749056828259  0.00003166503284355  0.00003592746619023
  0.00004031791672377  0.00004481707988781  0.00004958650289906  0.00005444865648211
  0.00005948650565032  0.00006451667958259  0.00006943025996805  0.00007432142402883
  0.00007935787047181  0.00008445846324718  0.00008967141273878  0.00009482266028309
  0.00010010233131766  0.00010537436271902  0.00011075349743012  0.00011627704174495
  0.00012199402337392  0.00012801855402244  0.00013442402368226  0.00014123476306273
  0.00014820398245211  0.00015573787902449  0.00016360422935381  0.00017171013897380
  0.00018027690245895  0.00018925606244482  0.00019864201730711  0.00020794556960724
  0.00021713797850733  0.00022661930171494  0.00023656376290519  0.00024688697105789
  0.00025758649077372  0.00026877623817240  0.00028058397418026  0.00029273696386675
  0.00030499284308043  0.00031761865712953  0.00033090743289818  0.00034505356352917
  0.00035966112796859  0.00037430423621502  0.00038957703562298  0.00040622875583045
  0.00042375637942441  0.00044292893494403  0.00046205406106706  0.00048268135211590
  0.00050441007104703  0.00052706349216347  0.00055094916274753  0.00057536747201696
  0.00060133081227846  0.00062651692378162  0.00065374392063968  0.00068242696361597
  0.00071357636020553  0.00074813457010765  0.00078568467607543  0.00082638988099078
  0.00087055469273228  0.00091736558469013  0.00096721925321865  0.00101895121398172
  0.00107672484011344  0.00114614202599702  0.00122579905707663  0.00131585996611639
  0.00141228376690070  0.00151589105987853  0.00162144899011756  0.00173075335269989
  0.00185289324839731  0.00199865504846297  0.00214940597884230  0.00234328257257543
  0.00255796689263126  0.00279998794639879  0.00310526111383641  0.00351468252982515
  0.00402130093689387  0.00470784791657716  0.00552919010697154  0.00665057456712301
  0.00819258056368061  0.01013709063534063  0.21387365984179441  1.00000000000000000
 -0.00212957833520362  0.01036281200552505  0.02094590841852631  0.03179694091634631
  0.04211800973938637  0.05264175805603959  0.06306485816418003  0.07366522570816986
  0.08405754092156775  0.09476341772091300  0.10554045135649152  0.11631606024310145
  0.12717776655455826  0.13783031760247635  0.14840719464905025  0.15918600685794421
  0.17053460914358573  0.18226556734017016  0.19358903192436949  0.20429112694178989
  0.21499616067259597  0.22572509718764872  0.23664138225016484  0.24757260536760400
  0.25856461783305507  0.26920287143396171  0.27894836520387278  0.28812151488739274
  0.29808776316061270  0.30843646141311032  0.31961199493287334  0.33086449244213095
  0.34233805793693906  0.35366679490184427  0.36454778759567258  0.37531867380635270
  0.38602189806720444  0.39646155125343652  0.40687259496959904  0.41707212885631839
  0.42748330240035148  0.43815625381705736  0.44890629474456217  0.45919170092072065
  0.46944631272512605  0.47966519582448003  0.48946624832888302  0.49931988986919695
  0.50925498386208801  0.51975432447747927  0.53013434765594358  0.54052497807236122
  0.55118393163935264  0.56200866082042500  0.57274020444713514  0.58365969691877762
  0.59466738999979230  0.60504653475154324  0.61500402422243805  0.62477813394782333
  0.63503401052663988  0.64532366521532813  0.65573474861527736  0.66600920247495021
  0.67607056020307188  0.68634942517975051  0.69700595842692037  0.70754684743929219
  0.71789237341136347  0.72813693292007498  0.73863630055909946  0.74906909895991081
  0.75958229671705457  0.77039224400569106  0.78111300937913308  0.79159921571384406
  0.80212064984057785  0.81277173655532564  0.82358327991999936  0.83425331613746956
  0.84464512554796845  0.85490553833210514  0.86490834296489860  0.87533849026770350
  0.88574534989237375  0.89640691529844907  0.90702286602778737  0.91760778796785447
  0.92788172845965122  0.93798824918710066  0.94828036940728122  0.95841962980100814
  0.96824994882931070  0.97832797746383693  0.98897847305661946  1.00000000000000000
 -0.00253543065023272  0.01069307361504803  0.02206428680349743  0.03263462626093278
  0.04313513222730732  0.05346004364479603  0.06417716577347533  0.07500912930510699
  0.08628837664919432  0.09780099126566050  0.10924895126051995  0.11970236091710312
  0.13003822799798936  0.14002344393591401  0.15033471793889186  0.16038343474476641
  0.17065365754542838  0.18148155267357358  0.19252899002369436  0.20371501423181193
  0.21450061287341154  0.22536133662142452  0.23563333802576464  0.24553267424686145
  0.25510765423755521  0.26466901254803427  0.27433874709586481  0.28424011296773355
  0.29435338575374920  0.30439590253885618  0.31494354679181719  0.32592390265559618
  0.33695718112630973  0.34729620655431931  0.35732706179921669  0.36727545605654527
  0.37738564032941535  0.38764147395712012  0.39828606299497626  0.40923642075983246
  0.42056573216338866  0.43203685648829288  0.44284252831052046  0.45287855480357986
  0.46251809103502306  0.47192689598218768  0.48192554870723348  0.49222820901674275
  0.50297314078447120  0.51352068295905973  0.52366169172011623  0.53403831726589168
  0.54459304682470289  0.55568466365655056  0.56691359864064828  0.57839111044213576
  0.58922486589101808  0.59979146743142786  0.61015293246388191  0.62046107377755522
  0.63095627536628385  0.64150331514841696  0.65254946137489656  0.66411100248330945
  0.67618860649255463  0.68811298392758979  0.70000678795884652  0.71099742540526534
  0.72078682355586476  0.73076297818754299  0.74034977937555191  0.75057462456487012
  0.76058979925391312  0.77037776441528605  0.78090001415060206  0.79110278644653531
  0.80141248959673939  0.81191349447865557  0.82302864482377780  0.83407059857065213
  0.84486536440325644  0.85498356930400488  0.86500655627282730  0.87527978906618598
  0.88574092116605319  0.89654978518897832  0.90745813047072221  0.91878868001140346
  0.93038168303551450  0.94105075752595080  0.95093727377010984  0.96074683606631317
  0.97083620325304232  0.98085970882068985  0.99048456262078410  1.00000000000000000
 -0.00227466145078612  0.00969312772661913  0.01958310310985939  0.03023617930351030
  0.04108587351272350  0.05156867219686480  0.06201781195394647  0.07355999973471104
  0.08546077510414732  0.09692313253285856  0.10767062613155115  0.11905075510768119
  0.13044613054484835  0.14217092660435152  0.15355239692552727  0.16467669234900445
  0.17486405023289492  0.18466307040769978  0.19444123792965570  0.20490949921402954
  0.21570702515774259  0.22593603431634626  0.23613684864705192  0.24652505624806101
  0.25707501612983152  0.26760045033287294  0.27854419031250588  0.28883779738458648
  0.29917583934459868  0.30905145615371177  0.31939322219107613  0.32980516872732291
  0.34020454820467172  0.35062720476574794  0.36036162816314249  0.37002396146169053
  0.38004525367234876  0.39025970543757837  0.40053639411373870  0.41088514361926803
  0.42151383550474331  0.43327771385622849  0.44463620314599772  0.45599041440058469
  0.46731676728976840  0.47813241689265967  0.48861068782560185  0.49879199907201849
  0.50976179665644761  0.52088408652978913  0.53194543087338308  0.54304389843750323
  0.55410613927742103  0.56507092410239190  0.57620538604309346  0.58738788305935363
  0.59807269850830580  0.60783929610227994  0.61671062251844966  0.62548653399355547
  0.63476407305829274  0.64423717088214771  0.65385174612691199  0.66333511605004492
  0.67307910799086412  0.68303004104971443  0.69369024145000424  0.70416396309814588
  0.71508404308421658  0.72556223758681571  0.73684743486538817  0.74852058934885846
  0.75999735463858442  0.77137174662908981  0.78223558126428760  0.79325921239168729
  0.80420511468518041  0.81498724565879621  0.82605774695030521  0.83740453424669570
  0.84920851986167012  0.86041990582705219  0.87124492004817167  0.88194325077919977
  0.89284092122535530  0.90284088975441790  0.91294596418079410  0.92290194928163649
  0.93257834180377819  0.94183528577364262  0.95124657478786900  0.96059222857860505
  0.97034380404362919  0.97980147212375734  0.98988121110747840  1.00000000000000000
 -0.00252116981586168  0.00989167755368162  0.02022602149815016  0.03075377507459222
  0.04156343039995076  0.05282297139981871  0.06424054908557700  0.07486433454561851
  0.08537324172408373  0.09620261256120764  0.10680595571350665  0.11716421481692968
  0.12746925384691726  0.13836884723837919  0.14959669163079448  0.16067786320959285
  0.17148042997986490  0.18172102080446273  0.19257947318137586  0.20354026534666034
  0.21391527972998897  0.22373964035705146  0.23362697704145974  0.24438586908897705
  0.25562188611142600  0.26700375832318518  0.27794022228313919  0.28875006581457197
  0.29923481943513747  0.30932198433491292  0.31924281558505802  0.32944415335282690
  0.33956075999021734  0.34957259134554031  0.35947531256474485  0.37006444957597723
  0.38052122699683044  0.39106568090083693  0.40168375395805611  0.41251535202895318
  0.42247301596216369  0.43213408158328770  0.44221325271523998  0.45298908434548651
  0.46373296097062927  0.47445063635569346  0.48561970200369864  0.49708636262196160
  0.50808290313238291  0.51872203773120928  0.53000826910456766  0.54103001059038369
  0.55150486880777949  0.56189677463898402  0.57292374396961565  0.58378451022975220
  0.59441293943565776  0.60469736818634301  0.61513128271509709  0.62551373474565797
  0.63578241994759499  0.64607826083089348  0.65699316502158089  0.66804457949751317
  0.67924363916861819  0.69005048017634052  0.70015890886157639  0.71004502440235628
  0.71975287345861927  0.73035439924194034  0.74175042400052771  0.75336863391706432
  0.76427375581220269  0.77461488735905393  0.78459062164081672  0.79453142854972669
  0.80428627136887532  0.81418284121216933  0.82417840931004482  0.83412018518744413
  0.84420271801140012  0.85434125812392536  0.86450019364921693  0.87476668696299098
  0.88527645285264345  0.89592535762498782  0.90638705097781314  0.91681118876910606
  0.92701054318303699  0.93712141303365704  0.94698862084125801  0.95701504896071687
  0.96703779921523902  0.97764259864735914  0.98866155706800607  1.00000000000000000
 -0.00223986159147049  0.00915788328182179  0.01891195244836905  0.02970122112764552
  0.03974676072085829  0.04956737775449126  0.05920489642116086  0.06911638244673753
  0.07936153356989646  0.08973993750249380  0.10070349186138028  0.11180555639718655
  0.12336387576618628  0.13382444248549000  0.14436426279014433  0.15398206776415349
  0.16358141632513817  0.17299612092770422  0.18231073800395078  0.19175034021414550
  0.20079235583600608  0.21023914534812427  0.22002119953023960  0.23008042608955839
  0.24048043195244548  0.25086908033221411  0.26162246568171188  0.27216865500317367
  0.28254538472282970  0.29291658869970483  0.30377713115784144  0.31484022294448444
  0.32558344983738824  0.33591259311208155  0.34614731602528354  0.35669546924358358
  0.36735330946454220  0.37751773535484867  0.38724694761005279  0.39683895727795521
  0.40662972718986329  0.41647446623498913  0.42655370412256621  0.43700582078299272
  0.44784599748202764  0.45865715597611950  0.46939388615777361  0.48008403471522593
  0.49076042095396799  0.50146523182759706  0.51219370401528741  0.52306272728265246
  0.53383147583652213  0.54445217350388420  0.55483198643413345  0.56521404930764241
  0.57582018083680631  0.58612031965682621  0.59576852636842170  0.60535539664908744
  0.61520320634289138  0.62571212663965670  0.63655095752393298  0.64784712012970547
  0.65905677096313919  0.66956980121991827  0.67968353189571562  0.68964440865170884
  0.69947220940407617  0.70893454883161333  0.71874941494194577  0.72925347141331798
  0.74102631904931970  0.75299477544490467  0.76509555528887685  0.77656930491140963
  0.78761643090281419  0.79849813355574062  0.80940816473034183  0.82025432355312311
  0.83119481335703815  0.84229820906344832  0.85341780424950509  0.86431281942714577
  0.87565091934348482  0.88787715708606230  0.89965415995470666  0.91069544310945894
  0.92161800799773663  0.93282337393358239  0.94438518165557472  0.95575883606594136
  0.96699929946708718  0.97834354687544867  0.98923947830767234  1.00000000000000000
 -0.00266039585115903  0.01010950733205303  0.02140578100526862  0.03240161639871075
  0.04370598912410439  0.05491887907828940  0.06646494097606820  0.07831426676185377
  0.08957866473380702  0.10037161597545669  0.11076241129629041  0.12090116746029167
  0.13056834185093386  0.13990904237329030  0.14901340616040223  0.15828353472132101
  0.16764686351607755  0.17719752266590805  0.18687493759502588  0.19696862116152580
  0.20695380008604400  0.21712642050672637  0.22836377026218230  0.24012833522013441
  0.25111193751777983  0.26126418476502861  0.27129332050693883  0.28166763948303170
  0.29178090597472334  0.30164590565722987  0.31114671227485158  0.32054889222852412
  0.33012265998731183  0.34024569204297600  0.35056179749128979  0.36127393668687496
  0.37205705191288180  0.38445336636147165  0.39654773532202198  0.40787316508327193
  0.41874135614604296  0.42910826242828676  0.43891710642723708  0.44846989260479159
  0.45833406241642638  0.46869581269446037  0.47942255928574085  0.48986503042335655
  0.50053388776242891  0.51075102163479946  0.52111036320410131  0.53142144971068783
  0.54166956602565597  0.55212263838449260  0.56283694769767534  0.57403127357294936
  0.58514345659121481  0.59559144537595177  0.60576293587043506  0.61603053763491800
  0.62649271581193977  0.63692851981822451  0.64739686735610269  0.65802087821454491
  0.66845995055341789  0.67861097718015062  0.68884030303351973  0.69944228081437121
  0.71024348171749530  0.72086989981620730  0.73160854416990251  0.74238235573097533
  0.75349475564152302  0.76450416082780004  0.77569149946433247  0.78702308683447453
  0.79776209965446521  0.80808262585859625  0.81871755549509073  0.82965201091650065
  0.84039999696388512  0.85073026301738741  0.86151200495812907  0.87290586432070572
  0.88440074311786210  0.89561696963465798  0.90655726575558515  0.91727965470302475
  0.92768712281189969  0.93773935785658380  0.94776567159620462  0.95795911937621692
  0.96808557354447611  0.97819806798546660  0.98877138302580314  1.00000000000000000
 -0.00235837240824014  0.00917428742649670  0.01875936329608250  0.02839210471454595
  0.03815985953535821  0.04814912463632172  0.05834182095278898  0.06838357517306425
  0.07832586984446087  0.08875163568711927  0.09980306056618743  0.11083054901870516
  0.12134557162416991  0.13146197175268379  0.14152064539572948  0.15132775938678616
  0.16120576281574492  0.17148285792747020  0.18205153351678144  0.19254977804370429
  0.20309585227836863  0.21373404255325398  0.22437130168831479  0.23468334301413243
  0.24499391481132204  0.25519163163538433  0.26515117566191299  0.27478124944704169
  0.28434562917778161  0.29412291938384638  0.30422822871305755  0.31438809421468505
  0.32511817574194540  0.33632138556787822  0.34803193754881462  0.35952679355016953
  0.37094607881767683  0.38211973547048023  0.39319534445587762  0.40424088713802431
  0.41512789220712093  0.42607255933537214  0.43723097884588069  0.44874153167253633
  0.46019410789795645  0.47108392401914495  0.48172047320517208  0.49230566144866056
  0.50282332889173942  0.51317984141440676  0.52357990775269470  0.53430974215727589
  0.54547984790179593  0.55704128715512113  0.56873494848115880  0.58014789705183134
  0.59075329017638367  0.60096082063761502  0.61094315275345057  0.62101800480102531
  0.63117283634806109  0.64128960614490615  0.65141715284927082  0.66163092074871355
  0.67195846869648579  0.68203278914292542  0.69169581933019952  0.70133926346239905
  0.71131099987125179  0.72183231941381709  0.73273900875027209  0.74388932421713438
  0.75477224411304156  0.76556009167690031  0.77661801691435817  0.78795729093035383
  0.79906127344415667  0.80998922261582740  0.82090346091544775  0.83180749472583915
  0.84223171614828152  0.85241322160721711  0.86245348664699106  0.87243026755258157
  0.88228432850120331  0.89181516121662374  0.90155434503947773  0.91159714722068774
  0.92225065535287698  0.93329529656000132  0.94429702239654456  0.95535129764029147
  0.96674127954178068  0.97793056966677927  0.98906165958494840  1.00000000000000000
 -0.00196363303897505  0.00899101773250228  0.01861921925394285  0.02866826211107294
  0.03889564834137127  0.04926627506176163  0.05974157306524125  0.07028689414827988
  0.08122700879711084  0.09239651680257548  0.10370544986382307  0.11477309322871784
  0.12553572831484491  0.13561460179204080  0.14560313523005528  0.15524282491481800
  0.16463371586658912  0.17408842919055326  0.18388330479159840  0.19477328981367270
  0.20616053052022665  0.21742599580050043  0.22876573212945966  0.24032462528153506
  0.25171907332845583  0.26261671780482393  0.27357074526007380  0.28449298726895506
  0.29519064500209963  0.30616208461398553  0.31746047804656397  0.32922946308718171
  0.34112643955504657  0.35256613323185826  0.36343433126238844  0.37403888667658192
  0.38473986053592646  0.39532380301733627  0.40613940764031459  0.41691921718549013
  0.42735330168539087  0.43761423586463011  0.44785780054116425  0.45805740011287827
  0.46793180594121075  0.47770428520655589  0.48792559646147959  0.49826634315967844
  0.50843771825000628  0.51855205600436360  0.52901273450979358  0.53960271292820250
  0.55003366993584490  0.56024118246644516  0.57001368326414348  0.57960883720772460
  0.58935329034027895  0.59957499051148366  0.61053224891423263  0.62144092251773164
  0.63240218336542209  0.64317557199056619  0.65396496428236428  0.66461246290706000
  0.67471630430650131  0.68446223816782981  0.69455570999026117  0.70503575634510141
  0.71560649812803756  0.72633102599600907  0.73740756239516125  0.74924049070099297
  0.76072812348450169  0.77226985650391011  0.78373998704324876  0.79507374914755569
  0.80533292143009572  0.81538068921403295  0.82517553742631655  0.83534736564821088
  0.84559216508492596  0.85587668829088104  0.86607548150679714  0.87602358481032383
  0.88611593862127802  0.89667160933348644  0.90755195938634980  0.91837771069577889
  0.92864183817253065  0.93867811254953226  0.94831436442282624  0.95826686512593873
  0.96844301924522525  0.97890746867645406  0.98927133520750399  1.00000000000000000
 -0.00276600399482048  0.01055130481383972  0.02150591413422104  0.03211072170654426
  0.04271862626123149  0.05310341368245550  0.06390820828126655  0.07451789609394645
  0.08500747272595303  0.09490140548778978  0.10507329457796059  0.11582223292568328
  0.12640889486185000  0.13722513536201095  0.14767550150939171  0.15766092433022891
  0.16762861053714040  0.17788359010318772  0.18863642420648205  0.19928204722793402
  0.21000054653480529  0.22070686492931604  0.23143552342647283  0.24173711287093799
  0.25189972382931353  0.26216670350378440  0.27316768291534349  0.28457413892756234
  0.29613412267513461  0.30717443834494812  0.31784028429234945  0.32824471293744722
  0.33871428929901337  0.34922040014841488  0.35959975764957586  0.37017781584763298
  0.38097724754528833  0.39177287772728564  0.40221614264034811  0.41223366407850198
  0.42278859933990720  0.43410492086953217  0.44536732597061718  0.45594626330413662
  0.46597891478614367  0.47592526283871478  0.48588840668595112  0.49580929798712414
  0.50611130684781491  0.51631988972607878  0.52678384338432094  0.53732840104769708
  0.54818996918732699  0.55928045064670895  0.56989938595513545  0.58045058605073718
  0.59073403751168652  0.60068727180242754  0.61039162645607259  0.61969066257081518
  0.62924263070426778  0.63924259847413833  0.64958943219837773  0.65991321687574367
  0.66996135419559943  0.68005482156943398  0.69060569986250708  0.70188431370537752
  0.71338693804287490  0.72437520336920058  0.73581369391992024  0.74755092411329316
  0.75871783694916362  0.76962047746755824  0.78101847352509524  0.79216649078553358
  0.80223712955906090  0.81227480712397293  0.82281167146965672  0.83353981180588466
  0.84447720790319158  0.85561684077549616  0.86674712002561372  0.87791013075254076
  0.88857867381875344  0.89933907253667367  0.90986870673338938  0.92042964514312653
  0.93108511846552577  0.94200145275483205  0.95243770973997421  0.96248030255907391
  0.97187138988952404  0.98122011728080338  0.99066017515368854  1.00000000000000000
  0.05791169779071826  0.23441561037128456  0.26446884108245905  0.28202253076734668
  0.29634061703927289  0.30899505328870602  0.32059368614642808  0.33143638228974426
  0.34192844680526457  0.35187162134929845  0.36115311491941482  0.36976571570624694
  0.37784077649345132  0.38561841598268953  0.39324377219008094  0.40072782105657045
  0.40814359426619651  0.41549135070461801  0.42299724375580949  0.43052566803848275
  0.43784883136144442  0.44509790188651271  0.45199437419346611  0.45881443698915830
  0.46544711706341646  0.47228602186485746  0.47914824762395597  0.48592688635625830
  0.49253374323809418  0.49887866724748881  0.50526232090730250  0.51162546573279799
  0.51811109820333501  0.52460679325529469  0.53107847098755678  0.53744847443979316
  0.54346134691806880  0.54923912519333218  0.55500167453042737  0.56079121474980109
  0.56664732245469163  0.57254462428545971  0.57843053625851582  0.58428194473319561
  0.59009103610556468  0.59598975167965662  0.60197646820357276  0.60833125588751735
  0.61438778641290392  0.62039092825120989  0.62617220599175138  0.63191581279841780
  0.63763195019447139  0.64350440262685193  0.64962457046933098  0.65601918078737176
  0.66235327560955148  0.66878782629896383  0.67532880397511796  0.68169859522250942
  0.68783643188157872  0.69393661964311315  0.70015043382686348  0.70641905508701242
  0.71268006687422614  0.71894165566568558  0.72512204543335923  0.73147187155388260
  0.73753696628155985  0.74375629035467516  0.75005867039305274  0.75650484479409785
  0.76296672393358111  0.76929622763849648  0.77585337909915164  0.78257687410957777
  0.78958623911400094  0.79651087003073684  0.80332846581638251  0.81015524593470212
  0.81717328447693971  0.82419007752466933  0.83119050303748088  0.83856207692092433
  0.84647251087926734  0.85511783865979663  0.86452416068077109  0.87426105927320685
  0.88408575891258112  0.89416219385607709  0.90479795053606704  0.91637321860860810
  0.92917518224989937  0.94462103112455809  0.96559781510854437  1.00000000000000000
 -0.01867344800384443  0.10887572229971501  0.14419399631075555  0.16758897983302473
  0.18539500450862320  0.20052887797903163  0.21366929997037762  0.22524895767761949
  0.23563050617987991  0.24559300492751046  0.25476552818909481  0.26367589032277067
  0.27223717842060235  0.28055792854193701  0.28842743970609769  0.29620577192857789
  0.30401527766613490  0.31159249311839970  0.31876734735656659  0.32562337378078982
  0.33252698936260411  0.33942526887989377  0.34650596431377512  0.35348181203776557
  0.36026098518107624  0.36693042439990431  0.37343606966051890  0.37975343897901720
  0.38584140205329215  0.39178273068129937  0.39772078817607326  0.40359299869428872
  0.40928417703997805  0.41495485743787663  0.42082684940838888  0.42693142285829677
  0.43292006756676149  0.43865628736855611  0.44437459849706057  0.45009977651542254
  0.45567560506114524  0.46129521219111735  0.46711309552812830  0.47317380815646032
  0.47939764912468880  0.48555986827778674  0.49145312392776558  0.49736295788099577
  0.50321487915218199  0.50864211257671466  0.51405361149343043  0.51943277751795680
  0.52488828956612532  0.53048402359157476  0.53614493136069663  0.54178850021091485
  0.54741342241197222  0.55306690248818846  0.55877963508985085  0.56465973501842759
  0.57043576296654330  0.57616248507089918  0.58181947392307620  0.58769517773532443
  0.59355243698247140  0.59938327030516814  0.60528025625526161  0.61141515483434572
  0.61767617093046645  0.62395092067557134  0.63035589576586681  0.63688435173692004
  0.64363152500055743  0.65047677437237661  0.65738310317192261  0.66440213011516891
  0.67165633012525972  0.67943185097988712  0.68716041277868878  0.69482721187816987
  0.70289746436199363  0.71138883662969565  0.71980424602864468  0.72821889790674832
  0.73700275238730306  0.74600799566129061  0.75594421774839438  0.76677360299086161
  0.77807901068091800  0.79024307804080363  0.80291351239160547  0.81676894867265770
  0.83278485141014913  0.85361310794772272  0.88902804347217224  1.00000000000000000
   3.9137217488626548E-004  -1.0000000000000000     
 F F F F F F F F F F F F F F F F F F F F F F F F F F F F F F F F F F F F F F F F F F F F F F F F F F F F F F F F F F F F F F F F F F F F F F F F F F F F F F F F F F F F F F F F F F F F F F F F F F F F F F F F F F F F F F F F F F F F F F F F F F F F F F F F F F F F F F F F F F F F F F F F F F F F F F F F F F F F F F F F F F F F F F F F F F F F F F F F F F F F F F F F F F F F F F F F F F F F F F F F F F F F F F F F F F F F F F F F F F F F F F F F F F F F F F F F F F F F F F F F F F F F F F F F F F F F F F F F F F F F F F F F F F F F F F F F F F F F F F F F F F F F F F F F F F F F F F F F F F F F F F F F F F F F F F F F F F F F F F F F F F F F F F F F F F F F F F F F F F F F F F F F F F F F F F F F F F F F F F F F F F F F F F F F F F F F F F F F F F F F F F F F F F F F F F F F F F F F F F F F F F F F F F F F F F F F F F F F F F F F F F F F F F F F F F F F F F F F F F F F F F F F F F F F F F F F F F F F F F F F F F F F F F F F F F F F F F F F F F F F F F F F F F F F F F F F F F F F F F F F F F F F F F F F F F F F
  <DiscreteSampler_grid>
  grouped_processes
  1 # 1 for a reference and 2 for a running grid.
  10 # Attribute 'min_bin_probing_points' of the grid.
  1 # Attribute 'grid_mode' of the grid. 1=='default',2=='initialization'
  0.0000000000000000 # Attribute 'small_contrib_threshold' of the grid.
  0.5000000000000000 # Attribute 'damping_power' of the grid.
 # binID   n_entries weight   weight_sqr   abs_weight
    10   10   2.800175551311992E+003   6.517954433480033E+007   2.800175551311992E+003
    16   10   2.800175551311991E+003   6.517954433480029E+007   2.800175551311991E+003
  </DiscreteSampler_grid>
