  0.00339376691817414  0.01081281012836172  0.01971196291508320  0.02823466253502863
  0.03702364405764817  0.04672865225949326  0.05721042381522960  0.06795422390097669
  0.07868638180662439  0.08972906262418406  0.10060862823319371  0.11184109953685840
  0.12290326680592341  0.13310504309910329  0.14270538012087128  0.15233371361548437
  0.16239971227928601  0.17207151674849780  0.18155118056947747  0.19145841253128573
  0.20255536931551135  0.21341517823053754  0.22433125394040523  0.23595743792868679
  0.24800502714441108  0.25881123680664475  0.26884683558891193  0.27907079127228845
  0.28933722000834527  0.29967798508649995  0.31009811557982137  0.32064013612192094
  0.33107397138521721  0.34115159148821483  0.35111262227012774  0.36146611856264665
  0.37142291390405091  0.38189662542305486  0.39190072984249003  0.40214408976494886
  0.41248995637788510  0.42389771912104734  0.43550692445155725  0.44685409459656905
  0.45802916728661858  0.46887637354502010  0.47934982391340319  0.48947212886627817
  0.49979530620692569  0.51055847215770878  0.52103633969379259  0.53090873693623064
  0.54066536199014592  0.55101305243222809  0.56208493803347503  0.57314315572754748
  0.58405870941361060  0.59545479047635108  0.60717445483216237  0.61910524092045094
  0.62989662620078124  0.63997730350274229  0.65000394706304798  0.66018462801990285
  0.67023661249013577  0.67989327700993341  0.68991014940884610  0.70074916687122779
  0.71130789439367437  0.72086312393578400  0.73012918795978299  0.73967761426314937
  0.74912447710136043  0.75829332391700000  0.76715406798740071  0.77726522917490237
  0.78730484898703390  0.79733773289059806  0.80744029761978331  0.81783108659029069
  0.82893903341866870  0.84048929868667399  0.85274432575795089  0.86490532570069378
  0.87688626122177504  0.88855440940219044  0.89961082023997652  0.91013413675245280
  0.92080970853011623  0.93181275008888154  0.94289914431051314  0.95362457504360620
  0.96442849426080968  0.97595958293886309  0.98768537073282658  1.00000000000000000
  0.00734714503452556  0.01424736322284997  0.02417907541763376  0.03560667075209257
  0.04692300158002027  0.05840676549086066  0.06947965199311092  0.07968821985017331
  0.08976569508608274  0.09987458400919672  0.11011482095105302  0.12005779700614161
  0.12999083756340249  0.14021401351943694  0.15072720373246348  0.16113760620453993
  0.17164681598850023  0.18261647606712408  0.19314928124011857  0.20338800157890533
  0.21335214909420963  0.22371029905064471  0.23447372225395319  0.24523677356313689
  0.25627908566665025  0.26638122754892479  0.27637919569632186  0.28610365785293818
  0.29583454936806119  0.30567518213326594  0.31589384381211427  0.32687420490850683
  0.33818876954917332  0.35046516572692898  0.36227570543519078  0.37375340144153768
  0.38433679234939938  0.39506295492335475  0.40501260175318898  0.41511044313597911
  0.42553917050434675  0.43630734516507980  0.44670448726888418  0.45653933801607921
  0.46613820666663019  0.47627654637781625  0.48687415225891884  0.49786420508202262
  0.50921958057930228  0.52108438654371181  0.53225052096194159  0.54379009316128513
  0.55538016290912295  0.56647048904350561  0.57669597629542269  0.58673834740324693
  0.59671326967315419  0.60669729024966246  0.61636396030616336  0.62622505114030802
  0.63619056571722710  0.64645888171910748  0.65721026689955542  0.66831756414302734
  0.67956150752037159  0.69059833250725278  0.70051363841542513  0.71086751371051615
  0.72149113123276709  0.73212124320380989  0.74231613521884099  0.75250219076415259
  0.76329295417950427  0.77423534852244813  0.78508815713950919  0.79549416623483260
  0.80567447443671558  0.81574436071992484  0.82569359732542413  0.83564889095314987
  0.84552871189933276  0.85524779727569089  0.86501309287146166  0.87481561069457126
  0.88483465832327868  0.89499428875655118  0.90542645684493084  0.91582653242684575
  0.92622737116617671  0.93610153387466655  0.94646076632942888  0.95661224286991575
  0.96745601937831416  0.97822267943446906  0.98891377456678498  1.00000000000000000
  0.00366229573174790  0.01005153934080799  0.01928390358527516  0.02889965397216828
  0.03878070943303927  0.04868886484931714  0.05875009548903493  0.06924579487142797
  0.07996611486942558  0.09059019273297168  0.10108761296177438  0.11163734268248053
  0.12240271383607104  0.13355399370795587  0.14482683282230679  0.15666633802688903
  0.16815800167115788  0.17950538516757736  0.19034646760894947  0.20095544274277433
  0.21127471796380590  0.22119091698482218  0.23123204390689356  0.24124896008995747
  0.25135729901417553  0.26200427471020815  0.27318696591181652  0.28433210397274783
  0.29492140321485766  0.30501811710159410  0.31501183178584102  0.32476699152302457
  0.33408049959576869  0.34352432052239334  0.35325936042654749  0.36332213897648280
  0.37369688308818427  0.38452867984413164  0.39568810510682456  0.40652663937841571
  0.41725642109247746  0.42835789697581178  0.44003384538421880  0.45197203500157301
  0.46363030528656868  0.47489062262816645  0.48524320742578592  0.49555949477986511
  0.50573311417951128  0.51593240864083156  0.52632508068229000  0.53652545259193352
  0.54662234533203613  0.55653344283938910  0.56641602334802854  0.57639157695820287
  0.58609142669592729  0.59568349133246312  0.60547801215415042  0.61537422622885785
  0.62543602121333930  0.63576857393191943  0.64626115717342636  0.65677033550303943
  0.66756261570754849  0.67866631551749590  0.68950327984734439  0.70003803532642916
  0.71049021658056122  0.72097022978217140  0.73154297757366105  0.74230296649282468
  0.75313771325751933  0.76378968092382027  0.77492900974077539  0.78704318635736448
  0.79862514994302924  0.81016931335449316  0.82142314245753578  0.83272368986380263
  0.84400956585877762  0.85481529983703686  0.86514247789828314  0.87534048743986226
  0.88570633722681369  0.89618054913441914  0.90667420907401253  0.91698458303673491
  0.92753553515455478  0.93760296610983473  0.94807007323024539  0.95853918672623994
  0.96885227227060000  0.97936919982910409  0.98984382956361605  1.00000000000000000
  0.00576691057571001  0.02220724912417044  0.03842294108623051  0.05088858399101837
  0.06144847077747879  0.07188368399950609  0.08219649396237375  0.09220583609910389
  0.10226793129472517  0.11271012504025313  0.12325420940334160  0.13392171481239384
  0.14484729313714909  0.15607880108793901  0.16730172666523960  0.17828387412338717
  0.18931039768405605  0.20012169086847589  0.21100166016097549  0.22208086877603817
  0.23368544498420704  0.24579137331389680  0.25726667718893598  0.26820066956344391
  0.27910680953202172  0.29011222635050682  0.30138790093783374  0.31229229943158821
  0.32319048655571508  0.33421848178925012  0.34525343468064851  0.35663090755945792
  0.36773619132721830  0.37920582087353882  0.39036378492348167  0.40081135048650596
  0.41064369206058471  0.42024752358370238  0.42964778623992617  0.43903270472233352
  0.44869080394237709  0.45841326930244669  0.46818312333506390  0.47806446397303465
  0.48840513803915425  0.49927740066781157  0.50994283040240318  0.52077559655274730
  0.53134707778231893  0.54199880864143957  0.55286282969174216  0.56381885447103552
  0.57445543830278356  0.58476256801636928  0.59530141363393985  0.60587148101808941
  0.61637640025645868  0.62695428599529135  0.63751459840848712  0.64785974135293822
  0.65772037048993748  0.66774591974022912  0.67764819142573107  0.68775784001864015
  0.69785085545832015  0.70763476410097959  0.71714938442660703  0.72681434022141977
  0.73680932187680603  0.74700257317195207  0.75687174587155193  0.76653604086493077
  0.77613528043039504  0.78605085996826241  0.79626655554970505  0.80628700445769463
  0.81606313178632839  0.82592989981289489  0.83629223529642904  0.84679048740632690
  0.85719226906500623  0.86764602669398350  0.87789291908255929  0.88767068824462247
  0.89765339628047935  0.90796312215581043  0.91817864280786710  0.92783010316850367
  0.93726905104612257  0.94721364292104182  0.95748316441207548  0.96687289032381907
  0.97547280070770614  0.98400354384247579  0.99165772891893189  1.00000000000000000
 -0.00008188689719981  0.00073789491799055  0.00171960977741149  0.00312392110161442
  0.00500420828170070  0.00733086379008022  0.01016729116274810  0.01354668450694150
  0.01741498726516983  0.02155065036634289  0.02601470432860514  0.03086445326627476
  0.03591730939716041  0.04129860613174442  0.04716245021059651  0.05356934483769405
  0.06021905306237434  0.06694083122052125  0.07398662410420029  0.08130895660152263
  0.08882304628813016  0.09631898371063977  0.10373806995471847  0.11148450428166634
  0.11970996945749272  0.12843461648005927  0.13730007120148624  0.14616555823368049
  0.15548636745245048  0.16509865540099339  0.17506700161332719  0.18518947423431809
  0.19528215167340615  0.20532840993530729  0.21533703766879830  0.22530921852412941
  0.23554415979833557  0.24549925936002007  0.25566095414834805  0.26579908263928409
  0.27606099772509768  0.28683880299646791  0.29787697910880795  0.30935723795919834
  0.32120884512204501  0.33318214924413797  0.34513897634400292  0.35657866570325636
  0.36760384483954728  0.37863386185655329  0.38964384763561360  0.40106608550763612
  0.41270809142650489  0.42459750203945812  0.43604233725816655  0.44746222001327851
  0.45894100016016087  0.47062425152954124  0.48231860932085030  0.49414679000421868
  0.50668331305727932  0.51974206237152365  0.53282412914928390  0.54631720816015150
  0.55979265048435434  0.57330054334212144  0.58694141865862404  0.60074777016010206
  0.61491144345364501  0.62895025036023677  0.64307651748316930  0.65720592094356123
  0.67131949101037725  0.68547472758606043  0.69940688006002627  0.71375356105314158
  0.72834321091540122  0.74281222699943328  0.75690435947756796  0.77099060976856337
  0.78521577941714282  0.79969145942956665  0.81436756573344671  0.82914075796224307
  0.84376633625657382  0.85798987823929274  0.87220764548738972  0.88651403225534031
  0.90087823237738629  0.91515578573826051  0.92913697533848905  0.94301059649072627
  0.95705145417454296  0.97133757002112597  0.98570251129561759  1.00000000000000000
 -0.00252923155311750  0.00962835604774685  0.01968684208884364  0.02953203813451693
  0.03948147036985755  0.04981202720761529  0.06004257126220566  0.07084080979324964
  0.08153391195153231  0.09263220801300984  0.10317288010584424  0.11379608213132429
  0.12436518336629265  0.13459160119404476  0.14526664941573172  0.15602762627843700
  0.16673559275884697  0.17695467864327658  0.18716227160606058  0.19746981391473339
  0.20789484512363024  0.21834749810242715  0.22865620258496050  0.23925862463013231
  0.24977149213430591  0.26054734527839751  0.27099613163068237  0.28094166346398997
  0.29077436886256564  0.30070640399435505  0.31066519895285388  0.32049830931525558
  0.32989686849166300  0.34011109809397677  0.35045925204347128  0.36112575322968316
  0.37143620391433929  0.38177363107215617  0.39197729773023238  0.40189537420489074
  0.41186547796515882  0.42252257151882727  0.43396924211944055  0.44570793120378965
  0.45740019831554457  0.46831872268274982  0.47953962655683730  0.49015475692099109
  0.50056086161936231  0.51119318314913020  0.52179514506309710  0.53281767445913741
  0.54427065538162833  0.55535280587259206  0.56629981138814978  0.57677106909156406
  0.58808347185188137  0.59911658334404194  0.60983335496531277  0.62014906767212286
  0.63039699634675261  0.64033146450219369  0.65082903433400130  0.66134193855346057
  0.67188165197416294  0.68192822785469454  0.69226800159159729  0.70257691012479906
  0.71320553898867767  0.72373667080523107  0.73567864923708859  0.74785287191477690
  0.75898802403975030  0.76978649362440021  0.78030519468741577  0.79070203338637335
  0.80107111745830406  0.81143689632434002  0.82227855946415629  0.83300048201888621
  0.84374907040747182  0.85431786665472942  0.86516573957630050  0.87629931326157084
  0.88740158105475841  0.89798005964440908  0.90803279874415044  0.91800601819623806
  0.92776144539080629  0.93748582820595794  0.94691618850147830  0.95648687863763016
  0.96675074808814665  0.97729920181470220  0.98858295927968010  1.00000000000000000
 -0.00223995115225144  0.00881316729232964  0.01865307187596342  0.02930304553634397
  0.03994412560498711  0.05070190136471571  0.06107343092453470  0.07057571192424328
  0.08028459511336591  0.08978367868839619  0.09913405695144453  0.10847834346749470
  0.11774895125936341  0.12676229666309544  0.13606311407086510  0.14538709896180818
  0.15499972052045399  0.16445015431705101  0.17482441952893613  0.18532469809871419
  0.19580660443653775  0.20585898859099436  0.21624746558747865  0.22690356419478774
  0.23732235497980333  0.24766043212159047  0.25772059856499452  0.26750258394438425
  0.27720793904041197  0.28711519704983851  0.29700669700701166  0.30675576538113303
  0.31645796475040933  0.32669562149949039  0.33766052721841361  0.34911846722688678
  0.36041640412698611  0.37179367793364743  0.38312344778726309  0.39455832846317007
  0.40577585764780688  0.41648998040227858  0.42705570705123141  0.43807907711690930
  0.44967869754749878  0.46108999903902609  0.47177139814490915  0.48260477193032242
  0.49334118803810467  0.50378340992542803  0.51367994880655710  0.52394459705954055
  0.53470809154473464  0.54526494919017099  0.55568824759342639  0.56595143513564083
  0.57645219981573947  0.58705571351586161  0.59773400478032712  0.60800529138059634
  0.61841767211571841  0.62950221814918661  0.64171091258855728  0.65336680958566418
  0.66458972871486810  0.67554901427758296  0.68662139431480884  0.69719581152274368
  0.70753635854685504  0.71821375925814424  0.72856772369368095  0.73841162463840182
  0.74840178138006452  0.75866961046958648  0.76895063634888638  0.77883677667387208
  0.78873176902572617  0.79907150584157349  0.81022343534400776  0.82207034264377243
  0.83388967068633590  0.84420523927476343  0.85456394748524345  0.86566379260800952
  0.87716813052657550  0.88788492609362368  0.89860652506018213  0.91012564867149837
  0.92159033322927997  0.93241477402447637  0.94300033220325274  0.95358667945882170
  0.96431711471806925  0.97560378349947752  0.98739207138981744  1.00000000000000000
 -0.00257511362522065  0.01012167311630461  0.02107739774412183  0.03074547696414367
  0.03997495762317703  0.04907307477176510  0.05847265267783949  0.06839774274693251
  0.07823985535650478  0.08834695184510424  0.09868837725379208  0.10882820840241891
  0.11883624867761787  0.12964822867076650  0.14084140219786423  0.15192411201421990
  0.16242434430138847  0.17256373618140869  0.18273101345521656  0.19320623840227244
  0.20410049761483295  0.21489206764696867  0.22506766389668634  0.23487734244411873
  0.24505667266363412  0.25574303461496789  0.26697183231400096  0.27796703728819211
  0.28901238467015500  0.30003228748844712  0.31116124334959305  0.32187629692491609
  0.33259979669848977  0.34377434416171598  0.35502508288574397  0.36635819451518953
  0.37785878909007548  0.38917823415611202  0.40005756476214155  0.41083787985912090
  0.42155280872738493  0.43206235137612264  0.44228960795757893  0.45220689367057010
  0.46202146450472348  0.47197656069615768  0.48216935245221099  0.49280574492824325
  0.50301815772013436  0.51324075865863850  0.52347648118562384  0.53396209899656022
  0.54437734497086154  0.55394680209122571  0.56342034208250891  0.57323843163507526
  0.58300547723448326  0.59292078908888490  0.60344905622766676  0.61452468750244160
  0.62560417733642049  0.63649239390813928  0.64750624908490906  0.65878680501821663
  0.67017203443259465  0.68127805000998021  0.69193765211851432  0.70213294883954802
  0.71255473968321170  0.72328386614233475  0.73429284196420164  0.74492142562781249
  0.75563245677610658  0.76644533538861426  0.77729159115484603  0.78815331965496793
  0.79930372271886196  0.81088368645738107  0.82099198650673488  0.83106059982192881
  0.84129378557704171  0.85186169048401961  0.86194015125189050  0.87129925787271978
  0.88233048624463539  0.89387781276389666  0.90516152756220314  0.91616278346035118
  0.92651826577056917  0.93702127848629990  0.94684351307163295  0.95659035315081886
  0.96678331461949829  0.97692314649033729  0.98841309419596879  1.00000000000000000
 -0.00212067255518442  0.00913573770239458  0.01939087228165978  0.03040693650073291
  0.04098233244445599  0.05239175952679911  0.06352554459539254  0.07441551604994856
  0.08496343559096046  0.09538146987695457  0.10605233704538414  0.11692319986763952
  0.12787967623819996  0.13904082750535798  0.15007671458749081  0.16088154320399820
  0.17184606499631833  0.18280779139602416  0.19412137841215038  0.20544535218482043
  0.21672135453672753  0.22770320613704531  0.23783796125092091  0.24767738671379580
  0.25767806775014357  0.26904307788133935  0.28027633610811931  0.29113460653917711
  0.30113110110677421  0.31088540468181208  0.32042606619936326  0.32994810490798587
  0.33948642580397859  0.34940967165695352  0.35968244439787989  0.37006143281746740
  0.38029560014108671  0.39023433696385307  0.40045811077376453  0.41108708494468094
  0.42226570439629235  0.43417814588021025  0.44599169228741037  0.45758324520363830
  0.46816792346262265  0.47902673818880948  0.49041927592364970  0.50148152024450976
  0.51164773528189733  0.52175186078603886  0.53186523482478820  0.54140712454620910
  0.55100896346097583  0.56073135012763486  0.57145455390243183  0.58189077634697217
  0.59227939692804332  0.60265116969903809  0.61290511969623540  0.62325325204650150
  0.63425026477576318  0.64542974168599154  0.65659563026387902  0.66748741129005151
  0.67807727163034426  0.68828708071917732  0.69908667520748180  0.70963986776649668
  0.72006165049107140  0.73064917486978820  0.74154897137142428  0.75183306175634845
  0.76138059070690833  0.77088634852258253  0.78089102731007354  0.79088055526264489
  0.80102943755041989  0.81145669319585090  0.82247531420760256  0.83352570404249759
  0.84485930053295000  0.85545408410290580  0.86600538601331678  0.87662993285590141
  0.88782937757360270  0.89849705881192610  0.90896561223390737  0.91943975883716245
  0.92997814467260420  0.94023505656689399  0.95010782212143674  0.95990839993457855
  0.96982836095755864  0.97996070522816625  0.98986844797235651  1.00000000000000000
 -0.00223728923299881  0.00864335751734584  0.01842811608686681  0.02851007443269087
  0.03881265820383725  0.04978863294685393  0.06110608778293709  0.07153678828443054
  0.08149346757183486  0.09142258983812916  0.10114387753074242  0.11041474727613029
  0.11940179897811368  0.12868169253112272  0.13831470465585274  0.14789291469616334
  0.15751788683138518  0.16730385784451945  0.17717568663824351  0.18699350626324165
  0.19691309940441587  0.20679864906767909  0.21686404178908850  0.22703039591759541
  0.23742242629031468  0.24762094509190480  0.25800320073772520  0.26834497887553121
  0.27912009552116568  0.29018806281585741  0.30136108211013685  0.31272842754410374
  0.32407854082011683  0.33573188490356204  0.34740863109626985  0.35902593437658936
  0.37030710505009889  0.38104644329577542  0.39158457600743390  0.40197295134285960
  0.41188058381867332  0.42198578978906082  0.43266970704287933  0.44364381381688284
  0.45477666381443710  0.46580562597956371  0.47695125852471643  0.48810132680468660
  0.49930928173127809  0.51100151374308334  0.52243538275383827  0.53303234996102711
  0.54337143495879803  0.55374815031321045  0.56440366765779570  0.57549870802564118
  0.58679542023715092  0.59784229083259111  0.60845363061221891  0.61847600382384638
  0.62862235124821797  0.63858652229183221  0.64944441272163367  0.66080287999464227
  0.67220958131368858  0.68323140621637335  0.69432699754555194  0.70526647399137099
  0.71628964238269954  0.72762131209853642  0.73935705157731635  0.75067555408347475
  0.76124524922804937  0.77132161203569483  0.78130781845541519  0.79132835676803326
  0.80164782282641567  0.81205061354528740  0.82222156209971842  0.83234385185204018
  0.84255652518750379  0.85274791230021263  0.86298661377943742  0.87333279855439694
  0.88417476870907097  0.89427555178354012  0.90440339854221941  0.91424325616383462
  0.92481024098396036  0.93553947801091064  0.94670208605496509  0.95770740960813849
  0.96794397873987637  0.97857138279383693  0.98920913545524758  1.00000000000000000
 -0.00251327184921081  0.00902500304557900  0.01965137075208749  0.03100734912896893
  0.04238133496132908  0.05313141595233567  0.06348586584496183  0.07422621204444398
  0.08481978276286743  0.09512139694943726  0.10563199912170894  0.11669658562222603
  0.12758642100456363  0.13843496451445536  0.14973838207369786  0.16144205645590815
  0.17260467862601200  0.18333089833493665  0.19354815407527212  0.20408277660624000
  0.21437935887865733  0.22452347517946028  0.23513316223847347  0.24595220970391396
  0.25678760632684811  0.26777961001978939  0.27916586923020631  0.29091249813995085
  0.30195932117123425  0.31260266692422944  0.32314908253238511  0.33410423063709627
  0.34508913743538344  0.35580334579561940  0.36638872117481136  0.37718364202818994
  0.38816332412745830  0.39874942890942822  0.40905466166651205  0.41954306697689642
  0.43029463602404938  0.44085587339900489  0.45124078142800206  0.46210047320491854
  0.47336893754123277  0.48394701192992234  0.49362497720318849  0.50311248617686921
  0.51301347245912921  0.52284661275604538  0.53237624134915162  0.54199076240373167
  0.55255112938343998  0.56352437065678840  0.57434680332015675  0.58556077511553384
  0.59642698748785006  0.60719084336157814  0.61728331634413691  0.62758864310945173
  0.63761230922926793  0.64830375745180369  0.66008778015824798  0.67115310698179276
  0.68162592637500030  0.69198925646298293  0.70228313687403443  0.71203868691206351
  0.72178791613026316  0.73204207722641279  0.74299581055842889  0.75379340823192109
  0.76440499030962650  0.77528054761019605  0.78578918625940686  0.79561198546941247
  0.80500408575152094  0.81475614608111468  0.82428226804232152  0.83353060524954625
  0.84301962711943434  0.85319925991939882  0.86406057805806114  0.87501536872686814
  0.88580098342361890  0.89640366345807854  0.90709728678721879  0.91720637836893815
  0.92791117500651477  0.93837672400564043  0.94859252757099266  0.95868917053796920
  0.96860793397560063  0.97899146515924895  0.98935404085120626  1.00000000000000000
 -0.00217184732388118  0.00866820123640725  0.01850764610127201  0.02865969245337674
  0.03910096550108165  0.04974495005858501  0.06009274350760969  0.07052830156902556
  0.08110405401963622  0.09240264753675889  0.10365692051102730  0.11409868886082607
  0.12440274895507773  0.13449704392346232  0.14500206358413359  0.15526489507772775
  0.16529863249759119  0.17570355082132555  0.18634375055691360  0.19682725052314354
  0.20760813656266111  0.21823348955529723  0.22884510944768505  0.23867085644142794
  0.24854245689114871  0.25862121036282648  0.26857389701533396  0.27858657532253911
  0.28869288299131118  0.29938006583680954  0.31022981573678760  0.32075980962322070
  0.33122439730927611  0.34154125263415103  0.35172737552920258  0.36123839145164777
  0.37063586398104137  0.38003256669523705  0.38972506965835052  0.39975347513128823
  0.40960267908276565  0.41966740541996977  0.43029240337691288  0.44065861426147879
  0.45121982705245484  0.46153075000191812  0.47215567875139153  0.48276950245757333
  0.49307338071677642  0.50325524523658072  0.51308486338691472  0.52332123539436848
  0.53382312828267597  0.54454504179853969  0.55529915558380394  0.56581458688697772
  0.57619183935459239  0.58642581171870523  0.59651597786191468  0.60684985309040351
  0.61727609440436038  0.62816532071473874  0.63940128166809118  0.65061550396971912
  0.66179454237272950  0.67302417390986713  0.68410072947846912  0.69468428768075507
  0.70491573644959082  0.71534251870960719  0.72624133968885907  0.73777661539375561
  0.74915799450877663  0.75969986322129723  0.76942252866803884  0.77913675445879138
  0.78893451393861336  0.79885337803555256  0.80871868647047118  0.81938418029210325
  0.83141495574460811  0.84279594734057461  0.85428485466081827  0.86569519733929468
  0.87666350730196196  0.88749360538785693  0.89816896011708014  0.91037552019451029
  0.92230887570979037  0.93408058824757323  0.94524696931951446  0.95618681397490057
  0.96720061605121266  0.97814673763503912  0.98948588675397187  1.00000000000000000
 -0.00217272945483476  0.00847950176194639  0.01790680988236212  0.02717938159567877
  0.03617045223943809  0.04523072104481934  0.05430547094616509  0.06331430586262465
  0.07241399549424059  0.08136158226772489  0.09094601505032134  0.10074278448104422
  0.11071555063786417  0.12065861862874186  0.13037683022044863  0.14060480153911281
  0.15097320079156715  0.16162916269975286  0.17193951087817644  0.18240221869263940
  0.19306988321537039  0.20416510105252722  0.21503459404436603  0.22589153985990984
  0.23607368231858930  0.24585633216105207  0.25567866591649496  0.26544600071949637
  0.27553514840103810  0.28541662055807504  0.29532267404568946  0.30521505939059562
  0.31573165060635849  0.32673239139689375  0.33814623331631927  0.34950521204527707
  0.36161460302664444  0.37391916374050732  0.38622159498273889  0.39840937223006684
  0.41053076914641784  0.42278213573554901  0.43528629688623649  0.44633802294353297
  0.45649082762326681  0.46659305875454393  0.47715709496422498  0.48750861802716544
  0.49781639248968307  0.50861979290227566  0.51997416294375820  0.53094516499520783
  0.54176062556961435  0.55262022755914098  0.56397209754173006  0.57496565187461990
  0.58646280399040851  0.59731482554486603  0.60854179809892006  0.62059784317971745
  0.63265040244477133  0.64466309626197582  0.65714206039117173  0.67037487770293624
  0.68358775751700007  0.69651451658947805  0.70897240130495098  0.72105244747280872
  0.73275558105996252  0.74417013676244326  0.75622020591801686  0.76810454779492299
  0.77902801156411006  0.78937150921670185  0.79964107581701593  0.80964707467959884
  0.81880674176796142  0.82769225932261492  0.83682932570532176  0.84612337888022993
  0.85499674334384734  0.86363173817915273  0.87228653521722377  0.88186562488463671
  0.89217304448549761  0.90249753615035100  0.91235845229708301  0.92198114886899862
  0.93154182979196631  0.94112291001907056  0.95087551127478753  0.96085786630505576
  0.97092041628465731  0.98067844341408150  0.99043267442790528  1.00000000000000000
 -0.00208948008603630  0.00860699206548200  0.01846213802235937  0.02919630821691273
  0.04028846775269787  0.05212525513012883  0.06369579094922913  0.07460252677125236
  0.08496905278305014  0.09500788614069264  0.10475163262715080  0.11412931792194192
  0.12366583895384750  0.13395309705149636  0.14497718107612431  0.15658331399751130
  0.16791115056934980  0.17925692978044261  0.19027514215852842  0.20168546634572901
  0.21315659633364803  0.22465578872878395  0.23616781015523675  0.24740233734265635
  0.25835219655084357  0.26920913590951451  0.28011856262326040  0.29104376300651685
  0.30180590868249729  0.31212157540509405  0.32212836893288710  0.33209935606427593
  0.34191329961702988  0.35111507412725906  0.36043968916489305  0.37032865576181351
  0.38091886569367733  0.39216864334072249  0.40338951560929109  0.41507622088671597
  0.42573565602825869  0.43679438602598786  0.44748765413794639  0.45859273473781903
  0.46952976006075653  0.48041670380498352  0.49158728645971161  0.50229741204807055
  0.51249932605962389  0.52287642153182945  0.53354973358468250  0.54446116609748152
  0.55519762122065563  0.56570799547852690  0.57634619583611024  0.58671869048852232
  0.59678318909303885  0.60667123524253597  0.61621325797955762  0.62563045375332316
  0.63510672617348940  0.64491884490839213  0.65547102043159455  0.66675020599850687
  0.67835526424646075  0.68989619740838592  0.70112558085727061  0.71170387562924020
  0.72171189723672924  0.73158416699948059  0.74129649495590855  0.75113337336498587
  0.76133067975052049  0.77181611379559223  0.78229911491224913  0.79243635998183148
  0.80229788025472570  0.81203138065268732  0.82175598638442615  0.83182272120271450
  0.84211639346174805  0.85246142625471033  0.86292128806916613  0.87354141428455823
  0.88411541211195910  0.89450986267568500  0.90437653198539003  0.91469181302830582
  0.92510215880583713  0.93470886140975318  0.94457417294098556  0.95423866698028037
  0.96466575777294239  0.97587519885097496  0.98747655945612622  1.00000000000000000
  0.12583947926876141  0.22195227840906986  0.25156031577580762  0.26453665988138880
  0.27432074241959653  0.28297500514736751  0.29133292069929617  0.29932947524154657
  0.30698585589673755  0.31436884308183949  0.32164568446333647  0.32878548011675407
  0.33561228419420763  0.34211167988530949  0.34847073704845705  0.35499116416920407
  0.36154776296960761  0.36809607097027003  0.37462153613060833  0.38103914444896858
  0.38734863669954595  0.39340231412865118  0.39936716419533774  0.40536742988219715
  0.41121498444250359  0.41704461924970593  0.42318170470475081  0.42946581736809147
  0.43593292009065132  0.44233182939216953  0.44873792724098616  0.45501917988980850
  0.46128004927577027  0.46769905224898839  0.47409366224323024  0.48048621101749417
  0.48693050070574651  0.49341438995588560  0.49983048135478281  0.50622733509019946
  0.51250653645911881  0.51896428260591787  0.52510412427398800  0.53113052777923864
  0.53734928819232308  0.54350285744387505  0.54956119945236603  0.55547360521497102
  0.56133159499879681  0.56739566289944821  0.57354132030212057  0.57961852564654148
  0.58569027132313822  0.59180932821710319  0.59810729473941115  0.60401073170774600
  0.60984318354564693  0.61569710617504148  0.62182810652596265  0.62828202869199956
  0.63470290917446326  0.64117685154619031  0.64757002106477457  0.65423104591989512
  0.66093387383229485  0.66763173611220239  0.67486754511727387  0.68200035657068236
  0.68913725399003811  0.69631454483230892  0.70378509134995637  0.71162742502215270
  0.71999685410028502  0.72830087972029578  0.73625365286886346  0.74387369567927442
  0.75154585158620490  0.75974427952060386  0.76848268125755825  0.77776428116129503
  0.78725571924727600  0.79657809835831350  0.80592577848170732  0.81560394872478803
  0.82572610810752090  0.83590933571388981  0.84613987027923454  0.85689558029055113
  0.86817053471418060  0.87950663106842408  0.89104387732487345  0.90401379859424214
  0.91839912675587509  0.93577115736118288  0.96012794197436457  1.00000000000000000
 -0.02011137759588834  0.12834110818982628  0.17497966190484177  0.20598805286703245
  0.23241092977174024  0.25444230314299759  0.27351116191689934  0.29105842981223817
  0.30713599161527255  0.32198806069628061  0.33588940565456216  0.34898024939898420
  0.36154282247160086  0.37348191485220983  0.38526354993796547  0.39673284602572439
  0.40822056935174006  0.41867211648106711  0.42818486852846244  0.43723200520205535
  0.44633590204819007  0.45561059198400444  0.46439250792490716  0.47239313212895029
  0.48052075611211004  0.48880064117034000  0.49668554505403989  0.50426106595508746
  0.51156098020502128  0.51902133514525117  0.52676913233558131  0.53412570006506555
  0.54137825748362256  0.54790031085797075  0.55441381492740172  0.56080615526856181
  0.56696582419288155  0.57296847704525189  0.57887392625344558  0.58470137218733387
  0.59036742671445297  0.59582750461072609  0.60118701723126855  0.60643712449774168
  0.61171654425241517  0.61716503619404839  0.62266995691853588  0.62811959319867761
  0.63334757774654593  0.63850391465551537  0.64362989438883489  0.64888004835597612
  0.65413224926048408  0.65933678123216433  0.66455324752211631  0.66977185465409683
  0.67504955792915078  0.68041188603006941  0.68565044547873810  0.69082857091052685
  0.69595322386884595  0.70105991752460917  0.70626486389847798  0.71162021727327562
  0.71705589745730569  0.72256352137680502  0.72817613684108518  0.73371592900888261
  0.73912999248525391  0.74450530339498167  0.74969596527252091  0.75460540679743027
  0.75961616488158568  0.76483005929478320  0.77021893042502398  0.77558381599815129
  0.78080040484827906  0.78596127073600786  0.79119091614394332  0.79659809578969143
  0.80230748381630179  0.80820381019450971  0.81440007195568553  0.82091212400336511
  0.82729774849460891  0.83363248702191539  0.84112784751048697  0.84871416421874524
  0.85697003796735860  0.86580422875827001  0.87533156534456247  0.88647523192536914
  0.90002974643564371  0.91749625610540964  0.94297076335963648  1.00000000000000000
   1.5202369786624466E-005  -1.0000000000000000     
 T F F F T F F F F F F F F F F F F F F F F F F F F F F F F F F F T F F F T F F F F F F F F F F F F F F F F F F F F F F F F F F F F F F F F F F F F F F F F F F F F F F F F F F F F F F F F F F F F F F F F F F F F F F F F F F F F F F F F F F F F F F F F F F F F F F F F F F F F F F F F F F F F F F F F F F F F F F F F F F F F F F F F F F F F F F F F F F F F F F F F F F F F F F F F F F F T F F F T F F F F F F F F F F F F F F F F F F F F F F F F F F F T F F F T F F F F F F F F F F F F F F F F F F F F F F F F F F F T F F F T F F F F F F F F F F F F F F F F F F F F F F F F F F F T F F F T F F F F F F F F F F F F F F F F F F F F F F F F F F F F F F F F F F F F F F F F F F F F F F F F F F F F F F F F F F F F F F F F F F F F F F F F F F F F F F F F F F F F F F F F F F F F F F F F F F F F F F F F F F F F F F F F F F F F F F F F F F F F F F F F F F F F F F F F F F F F F F F F F F F F F F F F F F F T F F F T F F F F F F F F F F F F F F F F F F F F F F F F F F F T F F F T F F F F F F F F F F F F F F F F F F F F F F F F F F F
  <DiscreteSampler_grid>
  grouped_processes
  1 # 1 for a reference and 2 for a running grid.
  10 # Attribute 'min_bin_probing_points' of the grid.
  1 # Attribute 'grid_mode' of the grid. 1=='default',2=='initialization'
  0.0000000000000000 # Attribute 'small_contrib_threshold' of the grid.
  0.5000000000000000 # Attribute 'damping_power' of the grid.
 # binID   n_entries weight   weight_sqr   abs_weight
    16   10   3.288448606873932E+002   2.833214246241827E+005   3.288448606873932E+002
    17   10   3.288448606873925E+002   2.833214246241816E+005   3.288448606873925E+002
    19   10   3.288448606873932E+002   2.833214246241827E+005   3.288448606873932E+002
    20   10   3.288448606873925E+002   2.833214246241816E+005   3.288448606873925E+002
    22   10   3.277043520259881E+002   2.812708245892854E+005   3.277043520259881E+002
    23   10   3.277043520259875E+002   2.812708245892845E+005   3.277043520259875E+002
  </DiscreteSampler_grid>
