  0.00170879760262996  0.01461011655320927  0.02652542050023394  0.03823417579747523
  0.05003742783500265  0.06160416295521982  0.07269941076235278  0.08317416117632086
  0.09327029901912516  0.10314725175424859  0.11291420648409689  0.12262999834252326
  0.13280240844488372  0.14278471248067723  0.15171697305479634  0.16112134854339941
  0.17111413183758520  0.18266194729734536  0.19467572099294467  0.20599067726365364
  0.21851066344167705  0.23029630599983780  0.24091931369699826  0.25098213243574607
  0.26044640576419670  0.27064424763446004  0.28104136702208449  0.29067972082670618
  0.29986746765799543  0.30946580052460632  0.32072822827590930  0.33368997855015337
  0.34643946911227558  0.35937687785875705  0.37146496987946054  0.38234969046212303
  0.39296860908017822  0.40287448949591781  0.41339092774478436  0.42358518603037126
  0.43554834452596752  0.44842367415938439  0.46123814278296221  0.47311264038330614
  0.48341768304406807  0.49208220923723733  0.50079203633753000  0.50989272361110860
  0.51989109640044706  0.53014484882978752  0.54011978157756735  0.55060492832052521
  0.56201596197525838  0.57427294105632232  0.58671521381851188  0.59810075931477735
  0.60826084750873666  0.61790157145513303  0.62767412695828506  0.63786352496095555
  0.64834908904387578  0.65856196947766910  0.66971376742242905  0.68165507564818795
  0.69320097782380752  0.70406853879231734  0.71302363238418032  0.72110502371029850
  0.72903905906041200  0.73742519358133274  0.74694120114497597  0.75771790606683953
  0.76796342053900668  0.77846301888457947  0.78858500797231901  0.79848006121615112
  0.80817717444144355  0.81774174848542180  0.82754370762289553  0.83818699847716505
  0.84856038358762198  0.85814445451707488  0.86678837059962333  0.87501846649553705
  0.88341597240727110  0.89231754348888825  0.90195936277019095  0.91105493612353783
  0.92061397115598798  0.93108212624271713  0.94191632244519174  0.95402133569173631
  0.96555666639616389  0.97610789849729163  0.98731367429528361  1.00000000000000000
  0.00739134317030470  0.01563824694967209  0.02663432685018952  0.03736484817740039
  0.04792570997217997  0.05916737186999346  0.07073224516677264  0.08225157141870795
  0.09391445012000557  0.10534191436108363  0.11744336323592587  0.12962054772023471
  0.14255483138866268  0.15435551375554241  0.16554004503404696  0.17629216031931930
  0.18747385168996630  0.19982286774749583  0.21439135220616484  0.22912469464113674
  0.24039109006513865  0.25071545745749557  0.25975227983741711  0.26833547633662691
  0.27690480014582808  0.28656225418159403  0.29779263757966340  0.31058312462620730
  0.32286378766584967  0.33361227716392983  0.34380274343556710  0.35395410171259961
  0.36426540369876048  0.37492403120053375  0.38550191086683205  0.39532665578409215
  0.40557724082903268  0.41648358616870895  0.42719446664283989  0.43724135692155147
  0.44753212954510402  0.45922251334677477  0.47315856547953905  0.48844313360281344
  0.50283813981772518  0.51529712996072019  0.52647675300436081  0.53816284618879839
  0.55022693526970035  0.56149891138983166  0.57187277939338266  0.58239417315118891
  0.59368229656352245  0.60500934921847616  0.61544713655410654  0.62622210191107019
  0.63627527372368442  0.64588792122822525  0.65518068701810428  0.66404871836054413
  0.67406362281926213  0.68440232543174229  0.69479723819382277  0.70546865939763548
  0.71575359553583895  0.72655885237062734  0.73634703533645229  0.74640898130858324
  0.75663446345983132  0.76684394876743345  0.77579376591757465  0.78395177417494721
  0.79217921418138237  0.80066681750604440  0.80945260342567427  0.81904813200843163
  0.82952435607156438  0.84068609056716259  0.85249365546108713  0.86463040325177476
  0.87658537850703466  0.88805817102880302  0.89895674220859756  0.90861460945436112
  0.91739021290243161  0.92525686474806901  0.93254936723400983  0.94000666173180658
  0.94756723460947212  0.95544415941733674  0.96332955188541314  0.97086342245334756
  0.97906202511294549  0.98611018951573715  0.99096099502777069  1.00000000000000000
  0.00249485755375877  0.01346285751426645  0.02270520262607142  0.03169150933592321
  0.04062965490899829  0.04971527236924011  0.05939825283264802  0.06848380551160606
  0.07668551203378289  0.08462600701062831  0.09307744398685384  0.10241546508343050
  0.11355449797799926  0.12397674909056523  0.13600147418426517  0.14790004471052051
  0.15981820098528479  0.17157867757240031  0.18276909240484696  0.19282755641173666
  0.20148247935602870  0.20952413303320658  0.21740436451506492  0.22648069653525485
  0.23539801223343451  0.24424294744855379  0.25318028035973938  0.26184649345687733
  0.27009923259106228  0.27877445528377659  0.28823476169737838  0.29901468943129877
  0.31010292773289522  0.32046156197734749  0.33036860798878109  0.34012812876881893
  0.35021414155640967  0.35996069860352908  0.37025347883367676  0.38005444767211416
  0.38881132396046070  0.39718408683691808  0.40628405213758034  0.41633297087434601
  0.42674155340912417  0.43727530512544138  0.44802705820095606  0.45829741898615645
  0.46798403802062222  0.47756168865155529  0.48761039181127280  0.49938000613250666
  0.51236652688895434  0.52585581763275291  0.54002767767884086  0.55361354117286021
  0.56597407935690525  0.57749481331650543  0.58854198674112601  0.59936903296327892
  0.61040110849900675  0.62156316583446169  0.63301618898856771  0.64419566624844815
  0.65370534973271921  0.66228401356718480  0.67141424349762080  0.68132445419586929
  0.69154526897675883  0.70170086978373569  0.71168951106781353  0.72255353361534458
  0.73285666670110228  0.74371787022447811  0.75533413608418742  0.76673068530702648
  0.77719124295361564  0.78760883739868781  0.79883713511272358  0.81068967073385712
  0.82339251084275467  0.83555149822784391  0.84838572033814930  0.85999255707491185
  0.87105132264927043  0.88214617115460814  0.89347387895365682  0.90443352516907027
  0.91569366533020158  0.92700358407995032  0.93818011117415256  0.94933837733250992
  0.96066460583886859  0.97263256947636578  0.98594156875898609  1.00000000000000000
  0.00495418791585631  0.02573546357231345  0.04605108671559269  0.05644780529551290
  0.06663068325113576  0.07710143751814100  0.08808463889336510  0.09878401498094368
  0.11078875568162964  0.12264595088508849  0.13250248523980826  0.14168289347076263
  0.15179462543707908  0.16322037524764654  0.17375669100598515  0.18311383084325683
  0.19260254091660919  0.20184156569372830  0.21109176468890001  0.22042607204863479
  0.23086434380863005  0.24208524331495435  0.25348648321432943  0.26452803243942030
  0.27542787181131512  0.28617423087096994  0.29675338815442986  0.30792606450271026
  0.31947180653360652  0.33022283079701531  0.34052567075871615  0.35050588268220806
  0.36045404983917895  0.37079191506858022  0.38150152829553086  0.39270695267275180
  0.40388215426009927  0.41447713776839068  0.42521592636116046  0.43656275127874294
  0.44730132481899293  0.45724870761804948  0.46651548815044097  0.47429386417561192
  0.48221880602593115  0.48997210564444837  0.49957454844101495  0.51032333040765276
  0.51981731059501668  0.52929917521431258  0.53891088556257660  0.54948131544859091
  0.56112515029628329  0.57364329364797573  0.58650793179977245  0.59848105786389583
  0.60995375616205505  0.62085077898872698  0.63224817428078484  0.64470630163638443
  0.65742127215475910  0.67015338869476793  0.68144778744282675  0.69150517998123862
  0.70131200289174933  0.71050897510516942  0.71984022438026163  0.72939534752094592
  0.73880129084574842  0.74815339545376414  0.75749584746606424  0.76701776341442729
  0.77531391801712102  0.78318195956434811  0.79212824404824245  0.80064795091780183
  0.80917452362254405  0.81789655164886443  0.82626679914305179  0.83545220702298151
  0.84702014633985578  0.85869924781125850  0.86997464978641981  0.88120750199864273
  0.89341930258244795  0.90522682514077235  0.91604642829835015  0.92541883068562747
  0.93502921467139899  0.94577478445452590  0.95656540193422190  0.96632722752914946
  0.97568899223103189  0.98336689730850213  0.99169477017434882  1.00000000000000000
 -0.00006957389828249  0.00064729776121710  0.00143925173956036  0.00252894308675817
  0.00402903274304742  0.00573534194791970  0.00770694610044353  0.00999999392374761
  0.01247902531147202  0.01558853138907326  0.01871027513931726  0.02291146699197085
  0.02756362681175066  0.03240651699312365  0.03758259722299389  0.04246133113013321
  0.04716432717136444  0.05184088248240937  0.05663049216993700  0.06137269836009644
  0.06626858649943479  0.07158734897888001  0.07713421648863815  0.08224735356087455
  0.08716207566293956  0.09206741585788485  0.09726865021515413  0.10283454979418706
  0.10960735796177443  0.11576032740133986  0.12091500342371625  0.12653363436278489
  0.13197100204478024  0.13798176169635426  0.14467494151829283  0.15193883210383571
  0.16045375310605919  0.16954220692133568  0.17662175388623658  0.18351918861018443
  0.19055732796227087  0.19822198377117203  0.20621286038512504  0.21416306300062835
  0.22205797209532957  0.23080986112798982  0.24053126787400381  0.25056017434310562
  0.26097200118724073  0.27103084983252990  0.28087029708825767  0.29101669965768662
  0.30146945096588335  0.31254995917699824  0.32416210643645432  0.33597898394672515
  0.34667463990211628  0.35805098353383830  0.36985416924521725  0.38220100922583189
  0.39440953943169949  0.40625688150213990  0.41904739526180229  0.43201439632821559
  0.44596123532224069  0.45963499245473877  0.47333573579420191  0.48705698877142495
  0.50056942183244713  0.51379148268569930  0.52714891675765452  0.54165914452925135
  0.55718154587841640  0.57287846399611353  0.58917299309006366  0.60612822095932084
  0.62324664436691524  0.64010015279562338  0.65831168886671543  0.67643434595901430
  0.69442447666318252  0.71237894132925628  0.73023038367296622  0.74872289351840238
  0.76731343459578549  0.78590138171564716  0.80449385242557581  0.82313505336025483
  0.84317928138089582  0.86391108212091572  0.88446215312078369  0.90511995581383864
  0.92659338179616424  0.94952219020267414  0.97423401025982526  1.00000000000000000
 -0.00393983654387161  0.01177547101959831  0.02455547035351145  0.03584730228565728
  0.04659577078811829  0.05710631785527809  0.06750987659033836  0.07820275496856370
  0.08747290826584282  0.09597420899566109  0.10501033793413055  0.11374195827058818
  0.12287824339817384  0.13261203733134447  0.14349188450853298  0.15477566664041306
  0.16561739492919436  0.17533435410008252  0.18464986781289811  0.19456659909323701
  0.20444841170685993  0.21423446589855474  0.22342926920057507  0.23346697773244801
  0.24442257181643690  0.25493721891257504  0.26507767919495856  0.27502549297955514
  0.28497161984609315  0.29467553203478308  0.30429161887086437  0.31452552536005896
  0.32657735695354861  0.33965466396727717  0.35157016731873914  0.36166003530629209
  0.37079979881943265  0.37955023352914491  0.38853275904227957  0.39870951449985953
  0.41083063864783298  0.42076937804410874  0.42878251819459900  0.43756608274219949
  0.44742628050818428  0.45614363942894576  0.46376145682131414  0.47123469437363963
  0.48102737148566432  0.49392826748229485  0.50580903632750551  0.51545195858193671
  0.52521961846915410  0.53634367484685430  0.54724659457957581  0.55779360339846262
  0.56905400780534099  0.58067678374177023  0.59188360439118304  0.60306763901360216
  0.61525812814607983  0.62824190248018386  0.64109723391643625  0.65354132721448543
  0.66501670860101314  0.67504602951587622  0.68460426368971583  0.69466919217267442
  0.70454210868496592  0.71461099205761647  0.72583440676366440  0.73898462414902477
  0.75343796549820896  0.76714199154028895  0.77940477951139875  0.79214995526484488
  0.80540074513782900  0.81790416671572996  0.82876433506512548  0.83788549531444911
  0.84618540922691043  0.85531221078340824  0.86556973559735517  0.87710946031707215
  0.88774259591462823  0.89889951138206237  0.91017054764987493  0.92147407504394707
  0.93254692281663909  0.94305573771983997  0.95296599487401246  0.96295159894526483
  0.97289916588231651  0.98252366028925275  0.99157285926308125  1.00000000000000000
 -0.00184775265638155  0.01140046222859264  0.02175674572713679  0.03077322670592434
  0.03966755730434064  0.04942525281402901  0.06082899753103731  0.07250146622684002
  0.08456160939435602  0.09826011906094954  0.11206702618082440  0.12391687381927413
  0.13423139482092938  0.14432827806278525  0.15494582167562501  0.16567190726682782
  0.17671115534626286  0.18730696703890201  0.19872026111475244  0.20894090324781214
  0.21913246232865322  0.22944496192002403  0.24138734206890267  0.25345148909427756
  0.26454394756629346  0.27585810858410942  0.28762975573647315  0.29970699585397681
  0.31108650637759871  0.32360838939063691  0.33613042338411581  0.34618576081620966
  0.35601864486953760  0.36605565746874563  0.37733069654380363  0.38826918427103718
  0.40010045311975911  0.41271108418977098  0.42398602781300831  0.43500389979927762
  0.44699900809920479  0.45719362275738029  0.46646725536693268  0.47548671862447267
  0.48649640805666972  0.49870009495288281  0.50966365564441807  0.51908844137975063
  0.52745658863251477  0.53569693287853171  0.54442703037610807  0.55271176722208160
  0.56061498675787691  0.56856349250528704  0.57701855662678336  0.58612252405605447
  0.59596135698710184  0.60563434117119919  0.61539150611225690  0.62619408570726132
  0.63655469345717564  0.64751018462492327  0.65933886597146629  0.67131342124010362
  0.68325920035217580  0.69509456340170339  0.70682790746227564  0.71872720092463771
  0.73010517027100108  0.74025459126653670  0.74991920436069803  0.75895752775545722
  0.76776740702344926  0.77708950665403709  0.78783029946486716  0.79905503621911989
  0.80911936810185758  0.81801379826418741  0.82637227352266307  0.83478026848389075
  0.84341319831945916  0.85310979407286780  0.86372086306347351  0.87420343003686252
  0.88361583131235544  0.89250705770202698  0.90157628622746366  0.91051806925078960
  0.92039430186072546  0.92991978830953947  0.93980394307641746  0.95120329708720508
  0.96298225805397364  0.97552457146940441  0.98822806918515238  1.00000000000000000
 -0.00278416536528822  0.01146705467286136  0.02189958837394854  0.03303396210679942
  0.04392308171287934  0.05542829845372757  0.06844329351007826  0.08140231277949470
  0.09320429297678973  0.10383071061464694  0.11307392823332738  0.12180279962898374
  0.13093833115562434  0.13942699869562061  0.14793938331362008  0.15602273724318100
  0.16489245849615067  0.17461527672145491  0.18414351349433428  0.19362684300410987
  0.20402605298564908  0.21577494931741453  0.22755761820092443  0.23798090638401323
  0.24829145873577416  0.25965156731356914  0.27102400913577346  0.28132681822201078
  0.29060291812381878  0.30054306515657453  0.31058269779648628  0.32184568145110570
  0.33367334806106486  0.34639441065932453  0.35809142309952524  0.36875862353065403
  0.37844691384245310  0.38720754060428519  0.39641193269005665  0.40589317804392899
  0.41541631038482890  0.42443485924039898  0.43275690445507337  0.44084038076936904
  0.44938221300153913  0.45795466850421218  0.46700969863605513  0.47725547629274456
  0.48983185322082823  0.50153120911063187  0.51272216785002689  0.52400524262900194
  0.53516154816180550  0.54607558360813613  0.55709102264044086  0.56886073763691036
  0.58092773883396942  0.59306359164784916  0.60547411238410942  0.61783541915971718
  0.62969930582920675  0.64072192881978907  0.65209936354695075  0.66317752740570157
  0.67500916612267825  0.68643660071244050  0.69803543346132269  0.70902466178212520
  0.71821112903991313  0.72748024655207255  0.73739914455344069  0.74808404730869937
  0.75734844152056124  0.76610028794015939  0.77587364865269814  0.78616494338390264
  0.79498571645606653  0.80270299454539829  0.81007939924070582  0.81911871831166461
  0.82982100348508736  0.84086522832843380  0.85170330313052234  0.86416277311466705
  0.87742537640311102  0.88925793999752523  0.90018545443642595  0.91056655090753025
  0.92138960219280353  0.93289029128633572  0.94563134963429518  0.95932938839114090
  0.97083316203651548  0.98101695824131774  0.99072406491757758  1.00000000000000000
 -0.00278162502426873  0.01338476530625282  0.02750409472593064  0.04394201786543149
  0.06069753956612091  0.07665571465135840  0.09163653712356050  0.10678750880966049
  0.12164790168778195  0.13705555847543183  0.15161154290477605  0.16516344875177130
  0.17632356025511817  0.18803912648346949  0.19943524435585153  0.21167336618503890
  0.22403227563816275  0.23665942751794550  0.24987050547037720  0.26470682957519776
  0.28248162910927577  0.30179167989162703  0.32053832094161616  0.33654191625404023
  0.34987627481507422  0.36288320213014491  0.37475694510113372  0.38613411536452419
  0.39756653519980983  0.40903141796563136  0.42001732247747392  0.43109372123698914
  0.44323706870214946  0.45566897474143825  0.46678131913420456  0.47739605318089173
  0.48745006156429005  0.49736131996651956  0.50765465047246150  0.51839591230852955
  0.52927948059645591  0.54040750972086316  0.55181952131072920  0.56315219073497358
  0.57425870791079747  0.58398552800312609  0.59268376758487418  0.60192704652861462
  0.61112574653927043  0.61921353941374668  0.62623913564665923  0.63219063502784367
  0.63788123695447152  0.64465992595465482  0.65249068539702704  0.66075637804061582
  0.66810048789935073  0.67652963507997077  0.68603137224505228  0.69622608683470155
  0.70589671101498874  0.71474382071402565  0.72331004890962491  0.73222306001142135
  0.74154166619501816  0.75027523411947450  0.75897477729139395  0.76699490858135966
  0.77560961699541608  0.78453889303738122  0.79302849964088773  0.80108153072313160
  0.80919892370026392  0.81786772702742117  0.82703004481357212  0.83575755489404113
  0.84337200051020145  0.85116336743720244  0.85954303090037043  0.86834104386834210
  0.87679771557776853  0.88461151635442825  0.89248970625669777  0.90141369327591847
  0.91078198794249876  0.91981971964576170  0.92810469055092748  0.93624159522275852
  0.94402057227472136  0.95143684500234604  0.95861665824184583  0.96548183954882261
  0.97308494588365746  0.98139994562722099  0.99054784669965368  1.00000000000000000
 -0.00159529171949547  0.00545950098444838  0.01308933805731678  0.02178750408834437
  0.03169093499123900  0.04156624945195791  0.05236270234758570  0.06383028672649288
  0.07549891012618447  0.08764833353256563  0.09972548497434734  0.11148066475232682
  0.12385475275367494  0.13681866881804153  0.14904930582844900  0.16000584186341082
  0.17010976169528744  0.18013132579238725  0.18947228741467803  0.19901583267170161
  0.20995847025046377  0.22233236993025784  0.23499091715073891  0.24700577619801051
  0.25877285127093591  0.26988935654510920  0.28050608398983223  0.29235768298351644
  0.30550430266445966  0.31878712988072277  0.33094345303052525  0.34029634216164406
  0.34952754447431711  0.35870025221767826  0.36732115774006774  0.37636459460221466
  0.38536408315734094  0.39586799391007160  0.40829843742952149  0.42058084009817748
  0.43242351686109481  0.44505405140484955  0.45715226297572842  0.46794236764228175
  0.47807523546831476  0.48771634729337915  0.49722283430344666  0.50707872231104212
  0.51652434142539905  0.52664687799362975  0.53735956452516742  0.54852885001828888
  0.55863801937523405  0.56781849552389074  0.57711242079361369  0.58737637409564647
  0.59845822287723638  0.60944693697878694  0.61931087539263519  0.62796790427076254
  0.63555067655029174  0.64409670501922145  0.65330311407063202  0.66136840752483017
  0.66826798801196463  0.67535821007317942  0.68257904828750415  0.69079219991877849
  0.70011883320740498  0.71012435024373921  0.72004415483527551  0.72938504572017526
  0.73855743651628092  0.74794203197565157  0.75887172861425067  0.77068581331955632
  0.78236400878500811  0.79373337508838770  0.80471627475246621  0.81521628645862165
  0.82533281683899773  0.83522962260594247  0.84617857035328103  0.85821325394208192
  0.87023515624314485  0.88335946604825866  0.89588359080873903  0.90701539113840302
  0.91768611028564573  0.92886069708254237  0.93999253174771624  0.95097413878001980
  0.96231602472436595  0.97462981856973774  0.98749666375530853  1.00000000000000000
 -0.00269440149043618  0.00694656198113432  0.01584469053027341  0.02480574033358577
  0.03492296899363775  0.04510383857133891  0.05462048897329416  0.06356168588256067
  0.07279581556084982  0.08164018230101670  0.08979913122216958  0.09755187342879365
  0.10553082268455152  0.11327188459254144  0.12189926221050408  0.12909276605606884
  0.13677854376606888  0.14435547480879521  0.15185969439462071  0.15913003827579755
  0.16696918928663140  0.17512354953797957  0.18244243297515902  0.19074146754758101
  0.20243687602665100  0.21339347937779787  0.22337430316839249  0.23388770230140873
  0.24479363118962963  0.25458235971133725  0.26314090167923904  0.27171884440664779
  0.28068463588788745  0.29038899288365810  0.30108029631696109  0.31271983149654720
  0.32439018349282700  0.33505797801008025  0.34670417214552712  0.35886961104549597
  0.37140108793650739  0.38383148353618940  0.39583265748528762  0.40809571230102193
  0.42053939904695747  0.43238331802684077  0.44344350642220831  0.45392536564136288
  0.46441754210432640  0.47485623296077695  0.48552259715276658  0.49649927328817278
  0.50850586780509432  0.51997097078066612  0.53092106685393348  0.54229463026106939
  0.55526184202406159  0.56872785793676084  0.58105188249111506  0.59178408675132910
  0.60077286588806911  0.60876774496072983  0.61661642563986541  0.62521750670254328
  0.63549502086846255  0.64533130330608013  0.65464530440663293  0.66418916468293665
  0.67417926331766553  0.68394425387306668  0.69569680058913541  0.70859734152086806
  0.72121032666140927  0.73279862245253913  0.74451864681273028  0.75598660443065058
  0.76767930033461662  0.77886362469486825  0.78987921448808018  0.79985274699014575
  0.80981635118753048  0.82015545260140210  0.83225255926328190  0.84391078066128589
  0.85597390307578547  0.86850836702950363  0.88039578213285141  0.89087806633888877
  0.90218794374220346  0.91489445973560701  0.92740336236213528  0.94057200356734361
  0.95536381018787619  0.97050631248411745  0.98532975720856697  1.00000000000000000
 -0.00205823795033425  0.00844785645511085  0.01900027237320974  0.02877897697452043
  0.03875373092275319  0.04835079383388069  0.05825836205756302  0.06989779054644030
  0.08235444386515467  0.09458745079838307  0.10580269791115407  0.11720536982920769
  0.12878663415185973  0.13943101542780567  0.14836997512160699  0.15854939400078819
  0.16894206298671616  0.18012362960559863  0.19143287636632270  0.20234411179515444
  0.21209450466387422  0.22066917830129992  0.22907635905120094  0.23755556902484223
  0.24643904369115904  0.25531186580840864  0.26362964755390461  0.27143209656194367
  0.28033158945675390  0.28962660669384838  0.30095293736425260  0.31302290504176211
  0.32621212733359489  0.33786610143229912  0.34959212177656773  0.35991000447323246
  0.37002086571740583  0.37985378778106926  0.38977117212630735  0.40106277305820726
  0.41314228162263478  0.42503712726162579  0.43583142492327848  0.44673708115192889
  0.45611813235116833  0.46442816396780701  0.47234931945084679  0.48116501913960091
  0.49350254393535825  0.50456904725999008  0.51569951940796521  0.52595015374731291
  0.53694010592239860  0.54805732724388234  0.55899148348129801  0.56966190679474293
  0.58037399060219697  0.59153311731723623  0.60395940860518138  0.61656518503375923
  0.62837741471929431  0.63921556769807875  0.64939435016962510  0.66038517993219048
  0.67273172110651136  0.68340126802493206  0.69373450108702572  0.70371392327043436
  0.71482619398047254  0.72680567916745842  0.74125572398953310  0.75510289048165269
  0.76500267665512900  0.77480142585831335  0.78415877867568451  0.79344716849797370
  0.80181831381824065  0.80977296605497329  0.81885678271146045  0.82831323840754822
  0.83809431758447306  0.84760582222610792  0.85692584812025330  0.86666625116093354
  0.87742444491936677  0.88918378956915423  0.90094806585438114  0.91181316446317973
  0.92267614395339781  0.93427234565850903  0.94592035587769374  0.95748159298626634
  0.96898134364893318  0.97975573071755218  0.99022650585674099  1.00000000000000000
 -0.00055306922960687  0.00131700434141716  0.00389637795191016  0.00620906061720592
  0.00864241348268815  0.01136900954193433  0.01412981468537329  0.01695344179650436
  0.02001370735205380  0.02289309553581595  0.02577843225500978  0.02865812840325670
  0.03147136387783347  0.03432554385363017  0.03730344988343497  0.04038805677899131
  0.04331410272958064  0.04662752907371644  0.04987986868074244  0.05301539411495753
  0.05635350325452031  0.05987488563950121  0.06369762430668402  0.06808964706500231
  0.07250863711238474  0.07674907859168263  0.08092461593353238  0.08522720801129238
  0.08976298720670182  0.09437927727718226  0.09881843818070414  0.10300340261331770
  0.10696201401639882  0.11104834195396189  0.11533023716161359  0.12001254644430080
  0.12520238351940652  0.13088519851965019  0.13705399111507882  0.14373194215069590
  0.15118930898439589  0.15851675625172310  0.16579342023711335  0.17219263312238370
  0.17902645076072590  0.18628873007011745  0.19375048046887478  0.20101734417793549
  0.20801456364463181  0.21574106839871826  0.22431752587745485  0.23391964401463120
  0.24531966713003281  0.25591463019048183  0.26602793818535880  0.27600822224690763
  0.28570822118215816  0.29543938635235534  0.30500700722233093  0.31503721402664742
  0.32539978415505733  0.33648689754527777  0.34790067639276373  0.35949445634318039
  0.37177209180686405  0.38604874921740495  0.40173798998579680  0.41724246505697948
  0.43028809128901863  0.44270762526614432  0.45523015431200353  0.46929266527518942
  0.48379086482343109  0.49876053034281986  0.51307655136708585  0.52839625621634323
  0.54485928597062272  0.56153089500483455  0.58015390250998489  0.59799319052625277
  0.61623838416664067  0.63392465012739274  0.65272626420317026  0.67457741393383530
  0.69869677943631103  0.72142453681435514  0.74373144950318992  0.76718264499789091
  0.79074417236767214  0.81757696525018608  0.84687679957416362  0.87585720794349808
  0.90301851517723064  0.93405514304760362  0.96618749719381047  1.00000000000000000
 -0.00219032656496817  0.01076624060365327  0.02199301901977708  0.03266684569897747
  0.04327788574258600  0.05311781992687944  0.06278021353713542  0.07209311287638000
  0.08163079035945629  0.09171540867047605  0.10192970200591039  0.11346444225506915
  0.12594866040147823  0.13676454639979199  0.14752885611279368  0.15685145467692632
  0.16651358842702826  0.17520863056259378  0.18429899494158636  0.19368927323785895
  0.20363977128523394  0.21350903534272342  0.22535269514572170  0.23842877673946458
  0.25144315953530416  0.26366376707080785  0.27512033169011674  0.28741510624672834
  0.29862432967117447  0.30911644948569278  0.32008003371171828  0.33158150558361360
  0.34299202476647223  0.35370354802876819  0.36348366384972797  0.37326397850187049
  0.38386570763255373  0.39472643145293895  0.40454606079298405  0.41391410711658977
  0.42355042762877954  0.43350696734641392  0.44319348528284491  0.45297860039930149
  0.46378144823174966  0.47493786389457426  0.48531186348260058  0.49645403178138520
  0.50698703230744202  0.51812863888627081  0.52933218093019552  0.53989453993628367
  0.55035420760016096  0.56004685066637072  0.56984317239785187  0.57999039201084124
  0.59095595021262493  0.60291306514321341  0.61439409883428009  0.62608884246266183
  0.63833476187994609  0.64790462748322841  0.65802104322528476  0.66800100304380150
  0.67736843032299088  0.68815955004577289  0.69807026735146283  0.70717524710237090
  0.71593944551314348  0.72466983337661484  0.73412450182075295  0.74559729103006700
  0.75900241611151853  0.77314349879562483  0.78667628703427306  0.79806913198299645
  0.80803845374321759  0.81818883596061043  0.82797991506178126  0.83734211263017977
  0.84625522853165203  0.85547167062539564  0.86589312373989302  0.87709871899188774
  0.88884880315366643  0.90058525333060624  0.91154449081213273  0.92192110674880368
  0.93205032473784122  0.94194049108480282  0.95166427037720824  0.96084144406777605
  0.96956982204732700  0.97869144787499929  0.98893776794517974  1.00000000000000000
  0.03178384192844479  0.24635039744437451  0.27615030271210467  0.29507910446013569
  0.30866722278916725  0.32050277631992885  0.33236438413443326  0.34417119705098548
  0.35536449469194825  0.36619806316233694  0.37647375942691180  0.38630432530849640
  0.39545413984017058  0.40363772216056615  0.41102359593626919  0.41822328827428984
  0.42452177592830642  0.43150723135181451  0.43820767191913318  0.44439830300979655
  0.45024969537387638  0.45593218575534278  0.46164067343137316  0.46758685237988434
  0.47347800892499786  0.47973378767211605  0.48674288004456751  0.49336723101187968
  0.49992476927114754  0.50715623890111117  0.51471969749171609  0.52226504625681414
  0.53018397764043290  0.53801983282032739  0.54553839627857370  0.55249192777734035
  0.55902925166842343  0.56561886841387476  0.57225841638149655  0.57965635906503254
  0.58595512980100273  0.59119431877568140  0.59596913498561654  0.60071524564676715
  0.60555811752046540  0.61090124149099900  0.61651439618091342  0.62238669079927866
  0.62802328679091246  0.63318422224579618  0.63817561034192816  0.64304795796864078
  0.64817817059906968  0.65344199010527304  0.65880926479345880  0.66421115516162943
  0.66938935552453449  0.67443915803232490  0.67939259048493406  0.68406262401588358
  0.68878581160387453  0.69379476356159331  0.69909543033334909  0.70485813100638783
  0.71108205098163502  0.71771639017841937  0.72401115416102746  0.73015075588287959
  0.73625840887167604  0.74254648812376600  0.74892732823974850  0.75493267019012245
  0.76045737441156758  0.76565107267713850  0.77084714936179621  0.77627140568256037
  0.78187950896075387  0.78775297649345088  0.79357361917819480  0.79955221747914484
  0.80501570390717192  0.81031500665641554  0.81631457905730165  0.82318535390981706
  0.83085165329073474  0.83956203132829998  0.84863509906727985  0.85859658020472818
  0.86926552800564860  0.87990809055872587  0.89134202753458414  0.90408172557075372
  0.91816030315365749  0.93403251922652186  0.95873327913298745  1.00000000000000000
 -0.01941063606991951  0.11888847989137644  0.15341025132946262  0.17475023308491783
  0.19158330357153763  0.20555591590815431  0.21914609691954587  0.23206264287549447
  0.24299501485077407  0.25240602473151952  0.26155134516488165  0.27085372776197114
  0.28001482529342336  0.28930971568812053  0.29814398446448365  0.30641487214360402
  0.31485588947745280  0.32285614651513983  0.33041607900923292  0.33788087155722246
  0.34491273826414109  0.35292100143556226  0.35979890428786465  0.36664123517009795
  0.37295881669399017  0.37842349741144904  0.38327883130970281  0.38768839451060960
  0.39235105410014237  0.39718348657146368  0.40265458687569500  0.40831292638956690
  0.41413450296538007  0.41970300365804797  0.42502802209555263  0.42987662201235638
  0.43444077124478492  0.43959490275716007  0.44512514026925021  0.45054785943306386
  0.45595310818988621  0.46081794124017245  0.46529932119394163  0.46968459611313634
  0.47434203783463824  0.47899839619175705  0.48355088443054134  0.48794296617273075
  0.49216671471180645  0.49663531866305310  0.50144034560130335  0.50630241419774902
  0.51112300835379565  0.51621196579804540  0.52188796292166995  0.52793397410693010
  0.53357776228299669  0.53928636636937566  0.54508918394702055  0.55190857942088722
  0.55952039688846689  0.56650278329136527  0.57353315896628276  0.58054826135090576
  0.58697872999447609  0.59280327640089447  0.59852348337091388  0.60418204127374042
  0.61007713123076046  0.61628022063538890  0.62223219825668163  0.62786161047211253
  0.63330366559205431  0.63899894740245355  0.64478940496790793  0.65084922767759779
  0.65697163294391514  0.66293810253643637  0.66915812851381906  0.67599993108200307
  0.68297481609135657  0.69035162703718878  0.69829156141804416  0.70651530717029953
  0.71516933475478817  0.72373168307126923  0.73231134086424299  0.74179003932258480
  0.75358334431692364  0.76737254720009207  0.78176894118827722  0.79786587909006246
  0.81733217236486300  0.84189489510424032  0.87687593345465187  1.00000000000000000
   3.7376482874729986E-010  -1.0000000000000000     
 T F F F T F F F F F F F F F F F F F F F F F F F F F F F F F F F T F F F T F F F F F F F F F F F F F F F F F F F F F F F F F F F T F F F T F F F F F F F F F F F F F F F F F F F F F F F F F F F T F F F T F F F F F F F F F F F F F F F F F F F F F F F F F F F T F F F T F F F F F F F F F F F F F F F F F F F F F F F F F F F T F F F T F F F F F F F F F F F F F F F F F F F F F F F F F F F T F F F T F F F F F F F F F F F F F F F F F F F F F F F F F F F T F F F T F F F F F F F F F F F F F F F F F F F F F F F F F F F T F F F T F F F F F F F F F F F F F F F F F F F F F F F F F F F T F F F T F F F F F F F F F F F F F F F F F F F F F F F F F F F T F F F T F F F F F F F F F F F F F F F F F F F F F F F F F F F T F F F T F F F F F F F F F F F F F F F F F F F F F F F F F F F T F F F T F F F F F F F F F F F F F F F F F F F F F F F F F F F T F F F T F F F F F F F F F F F F F F F F F F F F F F F F F F F T F F F T F F F F F F F F F F F F F F F F F F F F F F F F F F F T F F F T F F F F F F F F F F F F F F F F F F F F F F F F F F F
  <DiscreteSampler_grid>
  grouped_processes
  1 # 1 for a reference and 2 for a running grid.
  10 # Attribute 'min_bin_probing_points' of the grid.
  1 # Attribute 'grid_mode' of the grid. 1=='default',2=='initialization'
  0.0000000000000000 # Attribute 'small_contrib_threshold' of the grid.
  0.5000000000000000 # Attribute 'damping_power' of the grid.
 # binID   n_entries weight   weight_sqr   abs_weight
    10   10   7.248157032784013E-001   1.585752997744213E+000   7.248157032784013E-001
    11   10   7.248157032783975E-001   1.585752997744212E+000   7.248157032783975E-001
  </DiscreteSampler_grid>
