  0.00328962640262008  0.01150955689090648  0.02171205293891480  0.03182356218582559
  0.04219395106693378  0.05257523746823024  0.06301150437219298  0.07340612251382246
  0.08375090597403455  0.09404791161356514  0.10454747732100331  0.11486815234905165
  0.12517332042089477  0.13552112332827829  0.14596286034613840  0.15638821353543728
  0.16665102354522957  0.17687968896497561  0.18711973709919297  0.19719126299230405
  0.20732489745251198  0.21771554093360670  0.22816759060831085  0.23854599879789354
  0.24882211879332486  0.25939977274203158  0.26987198198664647  0.28019803054456593
  0.29022557630252560  0.30035427337602005  0.31052191224270304  0.32084013423865787
  0.33125548274541788  0.34178431361534017  0.35224984002737147  0.36262450992238937
  0.37294599274099410  0.38347549247435092  0.39423156672160448  0.40489146694350103
  0.41532399541807885  0.42553715489321037  0.43562499981944131  0.44568912303709340
  0.45584009693838140  0.46628186725052867  0.47689375106560600  0.48755335362768137
  0.49809680320996774  0.50861371230065744  0.51928409436749001  0.53020590544416557
  0.54122468059023687  0.55219778556658272  0.56303342791857969  0.57353033484082139
  0.58366851231845318  0.59371040704458033  0.60388837000755247  0.61431876307413191
  0.62478955209647846  0.63523389860334833  0.64561677762362091  0.65603530191391668
  0.66647482512076450  0.67669704312383616  0.68690047090205819  0.69726415327306424
  0.70788104097773852  0.71863521790089790  0.72940663664143490  0.74031118989185729
  0.75134424994616533  0.76242153682346414  0.77328930343827185  0.78412352437144195
  0.79492751984322985  0.80583631053986138  0.81674751370987952  0.82747397017487712
  0.83784131394714556  0.84782717578744726  0.85788284874343723  0.86820721335011186
  0.87876419610667589  0.88934957614015631  0.89995060459230281  0.91073688303617029
  0.92132457244562149  0.93195630015070952  0.94275004521098527  0.95354984324045522
  0.96445250947375571  0.97559307674055495  0.98750233810404064  1.00000000000000000
  0.00700287749476621  0.01639201990565858  0.02742899531572612  0.03852264417619931
  0.04922242744563340  0.06003329663846017  0.07090087774374484  0.08169184187477897
  0.09244501956101191  0.10315969850673609  0.11373772255831098  0.12422893156502517
  0.13469872388384257  0.14520699701187803  0.15586168711039719  0.16660250779890298
  0.17740105098305312  0.18802109218669949  0.19844152223587830  0.20882253209525453
  0.21925085209727865  0.22951034040853222  0.23976399666753115  0.25014957914453945
  0.26116102654070678  0.27225923581728834  0.28306752579836419  0.29385584481394661
  0.30435716947127289  0.31480582762130738  0.32504508364503448  0.33526524513860290
  0.34563484268874678  0.35631871385286495  0.36681382677615398  0.37718951824357799
  0.38727354848069984  0.39751777691911322  0.40799756182571961  0.41839072087461565
  0.42875651388099240  0.43902509676164486  0.44959744904912247  0.46040908563133404
  0.47074981852650666  0.48135722533983538  0.49214081377043645  0.50270557808786687
  0.51313697572798245  0.52358103318025517  0.53458928920998561  0.54563328131748434
  0.55669769045724793  0.56736676801396169  0.57804519799323173  0.58897144225217191
  0.59992441432749299  0.61046431509159738  0.62094457731984720  0.63117034934248883
  0.64134474948752529  0.65132273516352002  0.66152992715806924  0.67191103814842912
  0.68246410872326202  0.69296958339001768  0.70333345652499168  0.71346601689506250
  0.72371098093969388  0.73434925567732745  0.74514933244761639  0.75558607079034223
  0.76589360959874941  0.77641955000926388  0.78691025428819794  0.79725069515945757
  0.80744951179204305  0.81797243331574732  0.82868841482055355  0.83933607656101128
  0.84996423313747971  0.86049297508321754  0.87100732656724811  0.88126495914101644
  0.89128207715564012  0.90146674124679693  0.91198395878066152  0.92289233820357008
  0.93374987648717311  0.94441059670905836  0.95471972386257586  0.96480578240365922
  0.97437525269254466  0.98329573582379126  0.99193531073210395  1.00000000000000000
  0.00328560824775175  0.01150890066513073  0.02159250434416574  0.03174415340140799
  0.04211593178654074  0.05278612963011005  0.06348632520137631  0.07377011610051037
  0.08408289864465172  0.09444482045186894  0.10479748344622571  0.11477314852513504
  0.12480801798834512  0.13485637694798894  0.14507411620992056  0.15529203092284410
  0.16539690427086412  0.17575043735627516  0.18616495403367708  0.19675719201427103
  0.20695612192238266  0.21727073510942690  0.22742681076455018  0.23784677939634805
  0.24828208099333840  0.25885388850181684  0.26951816815025870  0.28015955672078224
  0.29067860563750580  0.30116345897745372  0.31150590232871117  0.32196193341247614
  0.33236077014267207  0.34265645508094450  0.35284897569176399  0.36330331963668183
  0.37370653522070280  0.38411149102352754  0.39472354028240592  0.40510153452395742
  0.41571412379280259  0.42632018344116118  0.43688503223728992  0.44742755594123401
  0.45765564772256850  0.46814056983673424  0.47869494915910787  0.48920496052638740
  0.49985017413892996  0.51038324388969791  0.52107683292280549  0.53170345434047683
  0.54219030060972484  0.55274239928088109  0.56318263119522949  0.57360932697162803
  0.58401247832360847  0.59466230240881013  0.60543023615529734  0.61623464564312136
  0.62721519526922509  0.63843104087619928  0.64934663661023828  0.65980518596337068
  0.67029628970135158  0.68085349701377795  0.69148386392892214  0.70197591354997024
  0.71265706982662502  0.72349550721067812  0.73430355503280864  0.74486856329363571
  0.75542052441482044  0.76598494354549840  0.77658904098331527  0.78712900433343158
  0.79760496240999579  0.80801304331335544  0.81838864056567251  0.82869016208604618
  0.83891735325262662  0.84928148950312388  0.85970597495704804  0.87019350461355816
  0.88062223724868893  0.89079675777981060  0.90089917500695915  0.91108225010925226
  0.92154883355609163  0.93190440802893137  0.94232941311667529  0.95283049477282511
  0.96373701495853137  0.97502457364870410  0.98718418406448027  1.00000000000000000
  0.00565784334102028  0.02070217849938683  0.03564778595093818  0.04836095287158896
  0.05982273458335660  0.07124410319180620  0.08249596602417529  0.09376995388500178
  0.10515281993141114  0.11645105884141561  0.12738309666005926  0.13796340159255369
  0.14852325719700976  0.15902522443430689  0.16944452361534759  0.17966666503099821
  0.18973341906263952  0.19991840580201722  0.21010581969498354  0.22040416129805002
  0.23057299947043086  0.24064916724587443  0.25069109922991056  0.26066188889863384
  0.27062669830369818  0.28091173229929656  0.29135982049642040  0.30204160926215129
  0.31263203277734547  0.32301855825780873  0.33332226184183317  0.34368511487970366
  0.35410249944941330  0.36435697565938385  0.37443300446041011  0.38452443743253845
  0.39489870404398425  0.40553152948370175  0.41604358251879819  0.42612172375728979
  0.43604146294586432  0.44609576440814364  0.45639746030366207  0.46641681552581293
  0.47630566457600909  0.48644034874064568  0.49698554487073943  0.50773231916482564
  0.51862965944486983  0.52952718561802381  0.54002357954789981  0.55008254889586028
  0.55995423824660839  0.56995690424167400  0.58003451128222039  0.59011300109683740
  0.60036273242040317  0.61060081294057589  0.62085837745525596  0.63123869194421356
  0.64166124975133809  0.65195703157821072  0.66211488132860097  0.67224747566842014
  0.68229239865627345  0.69229611538200286  0.70240296114001077  0.71287416963612282
  0.72330535646443084  0.73369068785873048  0.74416214554073301  0.75471545833049358
  0.76534121319701498  0.77565385767156647  0.78578581017294202  0.79587057609430956
  0.80590701102922890  0.81595570131033790  0.82602369586177904  0.83606907870597491
  0.84622311149081519  0.85621596590453986  0.86617357901942837  0.87611805387163044
  0.88608246765890930  0.89612680456123806  0.90625465990018328  0.91634739435741475
  0.92614643437029698  0.93568304158370397  0.94533285595897476  0.95495380276263753
  0.96450289698575675  0.97378249530357974  0.98247801664869838  1.00000000000000000
  0.00000295785409022  0.00000817094976677  0.00001225165512982  0.00001588807158321
  0.00001970147961530  0.00002374279746381  0.00002772219738475  0.00003167377051075
  0.00003558775181801  0.00003948658002518  0.00004340555092312  0.00004743370628391
  0.00005158871766756  0.00005581588412341  0.00006007474330523  0.00006437644841811
  0.00006875130859925  0.00007322550015404  0.00007778795013700  0.00008240513275597
  0.00008709507821649  0.00009191271095099  0.00009692459216191  0.00010198926474244
  0.00010710327445411  0.00011233874105712  0.00011770554919279  0.00012324336047878
  0.00012904959576125  0.00013511692404620  0.00014157010162672  0.00014850570253684
  0.00015597047873559  0.00016393289546784  0.00017222719544275  0.00018060921782774
  0.00018924347380711  0.00019797642891293  0.00020690900289272  0.00021622328331709
  0.00022580408392022  0.00023571220331305  0.00024596099469047  0.00025658016184306
  0.00026752546740019  0.00027890423214412  0.00029069770105854  0.00030306614854114
  0.00031611764524045  0.00032975686714266  0.00034400687589918  0.00035900733677744
  0.00037442199520114  0.00039087781899862  0.00040788393493036  0.00042590990724884
  0.00044465268225799  0.00046412818612826  0.00048519319673932  0.00050590185369081
  0.00052875050040215  0.00055181677947940  0.00057759791046370  0.00060582980701986
  0.00063566818867778  0.00066857278564918  0.00070228572613097  0.00073837533716014
  0.00077682578684187  0.00081819764364755  0.00086307182723190  0.00091098829288839
  0.00096216528386334  0.00101765449946082  0.00107712105815460  0.00114480267271622
  0.00121654060864002  0.00129539624522607  0.00138125779327085  0.00147625581682377
  0.00158596166162826  0.00171205566975619  0.00185664810298386  0.00202310505237104
  0.00221710309723841  0.00244231620263453  0.00270137156707252  0.00300174972272002
  0.00335752777982492  0.00383198332165656  0.00450549264712359  0.00551192939725058
  0.00708759391708330  0.00971791354744423  0.18462852044295058  1.00000000000000000
 -0.00249874389117486  0.00973354572713642  0.01995343828732457  0.03098331972958055
  0.04200402790798511  0.05290852742953801  0.06359139709223183  0.07476711954538652
  0.08599062412915620  0.09689451787977779  0.10780894904857258  0.11831297550851176
  0.12884150992487439  0.13938778722844097  0.14993301934400491  0.16092148999964062
  0.17201874645037560  0.18335094501683710  0.19450515634760157  0.20518858248381869
  0.21600729632225196  0.22681032801091575  0.23780231583524239  0.24850750131109312
  0.25912831164461575  0.26995947902244299  0.28060370959336994  0.29151745596509321
  0.30227355813716028  0.31281986508539472  0.32311239707896050  0.33352946136756417
  0.34421033961318442  0.35495012232686879  0.36566473630431195  0.37621202624089567
  0.38653744515710625  0.39666251135590114  0.40672500679173523  0.41681064351121461
  0.42693786087964947  0.43707499243615183  0.44714904357427454  0.45723706455649860
  0.46758743085025622  0.47826657481334794  0.48911200720786241  0.49995981047238180
  0.51086461378028269  0.52174560344983512  0.53251416866906032  0.54308789105145061
  0.55346207572474615  0.56373243827929331  0.57412739401072299  0.58457365664895433
  0.59491152357142019  0.60519587025272292  0.61551748836841746  0.62590272632834065
  0.63626081073966934  0.64668519757220588  0.65708789027110903  0.66728786565603115
  0.67743092421048812  0.68767998502518490  0.69809283762434082  0.70853536432706121
  0.71898104676019703  0.72947350709360059  0.73990851905748367  0.75030084886258830
  0.76081387860761407  0.77162011108775252  0.78264847307861873  0.79359569656237139
  0.80422155099872839  0.81461964830303923  0.82472784620106920  0.83493329379555881
  0.84541859434054001  0.85588837201075041  0.86636988874781773  0.87670385674879037
  0.88718415002323026  0.89744353936026211  0.90768132823458225  0.91778085164229828
  0.92797876614654384  0.93829194619443457  0.94854914989902939  0.95886671966303738
  0.96902033138028687  0.97910934795430060  0.98943828645466814  1.00000000000000000
 -0.00249112669027793  0.00981131123986238  0.02014265058202850  0.03119492640548246
  0.04215393446892408  0.05322291183840235  0.06423577814652988  0.07499761609940252
  0.08533247079540654  0.09557676571816448  0.10569391649386001  0.11601831534446880
  0.12611421332780803  0.13630467503109239  0.14636710602238154  0.15675456758747194
  0.16736732037184215  0.17828391207661887  0.18880965311632944  0.19950207265883341
  0.21022998162726936  0.22116113882179014  0.23210307145164238  0.24315282130117152
  0.25408718265941971  0.26467707162967286  0.27511981439284094  0.28578588700590862
  0.29650548605451732  0.30702851871789200  0.31728722033134499  0.32766715639259131
  0.33841177311047921  0.34899782849950101  0.35938236839387439  0.36960844644679969
  0.38010655656602288  0.39066870212066601  0.40110705146349435  0.41148332035496044
  0.42181989440830481  0.43216965728276791  0.44253585397813894  0.45298521113340134
  0.46357370830534639  0.47416796359933744  0.48473848107776535  0.49542189415017729
  0.50619267032756421  0.51697608912344140  0.52759386508085093  0.53805918902055261
  0.54850747409149891  0.55902025626688667  0.56975092264501948  0.58069027624809777
  0.59191531923738094  0.60307076330702958  0.61398753875936685  0.62474149936129797
  0.63541861928771715  0.64607709584501749  0.65661792089779691  0.66726190644481709
  0.67786265569316384  0.68836594971943510  0.69856194628617541  0.70856518377472300
  0.71864937823475927  0.72894402255286184  0.73937670351444040  0.74968367147710713
  0.75986649852962673  0.77024556717614012  0.78084081923463189  0.79151050530152833
  0.80209838760326091  0.81243348201682486  0.82281488964427996  0.83308089682691400
  0.84366035807987649  0.85408970795740080  0.86490220644771854  0.87606804088878198
  0.88710894876363655  0.89782010613486685  0.90792553264191700  0.91796579424080427
  0.92768119779996894  0.93751557292160603  0.94777362509651319  0.95823871737160593
  0.96890397370137538  0.97918689938477399  0.98960042690735317  1.00000000000000000
 -0.00244226102170542  0.00951057220956260  0.01935738156614357  0.02969237463312519
  0.04006892705544968  0.05045569805185839  0.06115452646171726  0.07177001677488300
  0.08220023076170624  0.09254260188698647  0.10313674878059970  0.11434078539979838
  0.12532272045189879  0.13619102866531066  0.14700997430603990  0.15758594836069362
  0.16824388639446808  0.17858041063218794  0.18892243919745325  0.19936477375828709
  0.20972258943401872  0.21970671700589570  0.22975454983018839  0.23982956590346868
  0.25014472345886091  0.26046784703705456  0.27069712957845321  0.28102995551028342
  0.29122197990243653  0.30183228930880518  0.31250008319188588  0.32320111289125303
  0.33387015050348628  0.34458997139956704  0.35540480900871679  0.36606019634376952
  0.37666412450862424  0.38718759142445736  0.39761294030148392  0.40797590512699899
  0.41840650189752659  0.42881501128983579  0.43910255629730877  0.44958419786459619
  0.46007458078522412  0.47074601387561849  0.48102345717376394  0.49117774442185824
  0.50143038526091643  0.51187214989324914  0.52236333138752311  0.53288073623213683
  0.54337242577027844  0.55412084553347718  0.56492257556442538  0.57557414144667063
  0.58597070120897221  0.59631124255099810  0.60678130885035741  0.61738695006713384
  0.62810480279465242  0.63882532505054213  0.64965733641025347  0.66055774775256648
  0.67119008153465276  0.68173612171628239  0.69233211372245207  0.70314983259013297
  0.71393227933473224  0.72452492918078726  0.73503717496632848  0.74550551808464827
  0.75603383743026309  0.76655022311723986  0.77719629976717131  0.78799481397646365
  0.79864745672250548  0.80926617972582193  0.81978888325215082  0.83046735585123288
  0.84108757875657369  0.85162370737041515  0.86214141152335488  0.87266914782659954
  0.88313671892265688  0.89368800299413542  0.90431794505984264  0.91510584668343153
  0.92561835095969547  0.93609744231557124  0.94662325154233884  0.95755247401799826
  0.96808803442211999  0.97869029709958832  0.98926840995676080  1.00000000000000000
 -0.00239106912601854  0.00979055157555501  0.01978274958017170  0.03054571820147666
  0.04123654387639510  0.05189779382937677  0.06252526348698118  0.07339060649411523
  0.08406971249568067  0.09465727440362393  0.10506644754472877  0.11562455253990653
  0.12598492300612577  0.13649538112054940  0.14716801984067568  0.15792574976137760
  0.16837177462682915  0.17897000025025936  0.18978115942098664  0.20023679757521751
  0.21068088259960246  0.22056343100359449  0.23071651200895754  0.24061016239833452
  0.25083018913476474  0.26126387495260234  0.27187950327259713  0.28226755659330027
  0.29250898933520364  0.30265575808007733  0.31285028128310910  0.32362685856574797
  0.33443877255316418  0.34498003099986163  0.35546583458064590  0.36568093173169774
  0.37622209865347633  0.38689397939819359  0.39793655319776217  0.40898336631135279
  0.41983046438510951  0.43066703659636724  0.44135779719135249  0.45206819672368548
  0.46269367404962863  0.47329815763513733  0.48392492747035010  0.49461873667115958
  0.50553990317459319  0.51620981638156460  0.52671379541433982  0.53695373165270233
  0.54718814200294585  0.55748303531025989  0.56779553366774216  0.57793704313532546
  0.58812721491073283  0.59823473967280738  0.60838038093718527  0.61875803633442894
  0.62916926608773927  0.63983727956235203  0.65046643916213720  0.66120189108112049
  0.67194532335954582  0.68257117953949420  0.69329446951128981  0.70401439643614805
  0.71483101244293235  0.72541566866319473  0.73597783082700385  0.74661922228489208
  0.75737103723316779  0.76856113794089154  0.77932235950141737  0.79011472732176691
  0.80040157983396487  0.81103778239543967  0.82173516487696763  0.83259433263498706
  0.84341188383892007  0.85416478514337724  0.86475734697719797  0.87505183276320608
  0.88529905425769884  0.89552322949182306  0.90589732000033241  0.91590832904355046
  0.92593305038749463  0.93608551145241370  0.94687268671757630  0.95767388318487978
  0.96846811239965025  0.97883791469698767  0.98937578490041878  1.00000000000000000
 -0.00230822112311792  0.00940217290260058  0.01962961173716540  0.02970665287370905
  0.04006651946795995  0.05033578498423129  0.06076172623270066  0.07067935914935519
  0.08052381864185267  0.09063362924639390  0.10134805377256037  0.11135868867790355
  0.12154127997810978  0.13163800610572279  0.14187631082178562  0.15223293696008186
  0.16245161927185930  0.17289035531417923  0.18308923702252544  0.19325563650968916
  0.20342637856968182  0.21365603864369509  0.22392575830974265  0.23412050883504129
  0.24427544278976362  0.25461439662628593  0.26509765179267125  0.27557355500844172
  0.28594180440357747  0.29618386121057350  0.30661654335986988  0.31692606411628838
  0.32737120916464779  0.33772459199249033  0.34784160516040707  0.35787580004453112
  0.36793622640423085  0.37824765641485641  0.38892603997565278  0.39981075700839153
  0.41061829714460457  0.42120854802654450  0.43160150324983126  0.44203851231513797
  0.45270374235177441  0.46368668363825172  0.47486729033258479  0.48585455106012804
  0.49681814388285883  0.50780258422568592  0.51851833959078597  0.52916159643499094
  0.53970863886287213  0.55017645334204912  0.56045458415670735  0.57067519757424690
  0.58100302907318124  0.59155007082092315  0.60211957280009598  0.61268145729838108
  0.62330764838055264  0.63397953409771379  0.64484663280013554  0.65559567640235905
  0.66610739441361577  0.67646992665642625  0.68694484366655550  0.69763042025707267
  0.70824984369442157  0.71872882820480810  0.72935373181822083  0.74010381433416317
  0.75102178791273844  0.76181801365784740  0.77249704114786832  0.78298042535604140
  0.79357444986485881  0.80425205404763367  0.81497800728059466  0.82564003220630344
  0.83629134294581575  0.84685653186274124  0.85731391533441992  0.86788487459055808
  0.87869243579272660  0.88947971816019888  0.90036070572898785  0.91131060195138169
  0.92231917174325828  0.93359413535971669  0.94468818389339027  0.95570403556435057
  0.96667383961472164  0.97774978457078709  0.98893957415384737  1.00000000000000000
 -0.00242881010583528  0.00936016234280559  0.01965479933973500  0.03003655071079488
  0.04064113199344338  0.05128338547443412  0.06180914604159666  0.07229331078574892
  0.08286214370262417  0.09348722447710207  0.10392794192633731  0.11420400520157514
  0.12460558957258988  0.13513450408081928  0.14569941679336867  0.15582646293251470
  0.16600448490079708  0.17624355746685058  0.18692843723529304  0.19759483722908242
  0.20841201669394807  0.21926076258946983  0.23025083302670429  0.24123690495001307
  0.25239871923616297  0.26329328958338849  0.27389052122542995  0.28408098132877213
  0.29427747506580515  0.30481692353110135  0.31558246050342303  0.32633226271195176
  0.33683009348985482  0.34737525345019615  0.35799961286669080  0.36876593532146507
  0.37941337524244245  0.39006998463976222  0.40067810365052914  0.41124812433677527
  0.42179366572038662  0.43237878661255746  0.44294709448822772  0.45353005142483416
  0.46386648567283201  0.47387897144224278  0.48388810456600451  0.49413800759856402
  0.50466671591849410  0.51505375140909238  0.52551775044384696  0.53630421288605823
  0.54720472207578019  0.55811559132427913  0.56879726228697947  0.57909934047512934
  0.58930755466801510  0.59955825404227492  0.61022342797300999  0.62102156473229631
  0.63179509960884694  0.64224585825259772  0.65255794703320669  0.66277753911484827
  0.67305782797732872  0.68331801489077515  0.69357080556547868  0.70383005962533995
  0.71418600498983675  0.72480760022146806  0.73584623158478535  0.74683795048519364
  0.75755367211736668  0.76797462974621034  0.77852837156799215  0.78924462718367006
  0.79996604051970821  0.81079305970582194  0.82137925386057520  0.83216784108670094
  0.84253862210909658  0.85322643450061619  0.86334500422035276  0.87341317771611404
  0.88349165045123734  0.89394463127572810  0.90455074115290912  0.91511435206999592
  0.92541953530334820  0.93602141074710909  0.94662179725466333  0.95733244611598078
  0.96772765349817491  0.97840100973342914  0.98921299558147602  1.00000000000000000
 -0.00248186643703175  0.01008349650414964  0.02043094553755202  0.03086130479739498
  0.04108577568342162  0.05161436330108737  0.06208220938158562  0.07252268855221462
  0.08283413932895628  0.09333052688698749  0.10363863145909344  0.11446632460306459
  0.12507734003337909  0.13550127112120008  0.14537646357314910  0.15572486421600776
  0.16633317745491036  0.17698465264023960  0.18745890087736888  0.19789153649283214
  0.20823879411448629  0.21859800835049240  0.22918319358706907  0.23949646188261658
  0.24984419461471385  0.25996071584419045  0.27024168555414241  0.28086832913624338
  0.29136439294447375  0.30203189649871132  0.31252622610575270  0.32365710797524100
  0.33492928843718350  0.34585837578401374  0.35681963058154714  0.36743378652212705
  0.37824048123772502  0.38876105505213943  0.39927729682031315  0.40997103883174485
  0.42060494250984209  0.43112902389245128  0.44157696902344956  0.45193497034521535
  0.46258673591717780  0.47336401946240608  0.48443641123790426  0.49534570356903695
  0.50597176676122579  0.51628428736626031  0.52671648154088246  0.53700707066718534
  0.54748171290819492  0.55771560441446877  0.56807380668866359  0.57862898898517567
  0.58926615953970596  0.59999344683668965  0.61066761867613939  0.62147092325626752
  0.63214613257150032  0.64267679424438551  0.65272520894056008  0.66295635104682216
  0.67337946814997873  0.68380972020786412  0.69404015130281271  0.70403708148032329
  0.71461094402411529  0.72532921982787080  0.73597950293142145  0.74667241683398566
  0.75739691190559499  0.76847324744220857  0.77909950388087990  0.78963561119042625
  0.80009562844565618  0.81044904387737970  0.82104982046529418  0.83150899242018772
  0.84232349458952449  0.85304881187220505  0.86361891322347772  0.87430717281982073
  0.88490297485664382  0.89574517356701822  0.90605783998042200  0.91627959858417218
  0.92676311923953048  0.93753629491237378  0.94816174693525346  0.95849997087598682
  0.96874088895222399  0.97908210404755436  0.98931780702630490  1.00000000000000000
 -0.00232534565597463  0.00950183866313460  0.01887669686723849  0.02890869155113453
  0.03912056506121210  0.05011547638926701  0.06105060439959224  0.07156906270354552
  0.08216518576426127  0.09281550278740590  0.10319741042293072  0.11366001572592928
  0.12377146780437442  0.13422875187376615  0.14469089734753543  0.15560392587046365
  0.16662019732690708  0.17728163459067822  0.18802493283503760  0.19870134348411317
  0.20938593725329868  0.21995958019957398  0.23058968229373988  0.24110904016187309
  0.25179348115694683  0.26254269057553342  0.27345657890151526  0.28421540943795248
  0.29488292974464997  0.30548339767074728  0.31641716603930092  0.32752331283908737
  0.33832621628800547  0.34897245509764957  0.35993386288045559  0.37118066172767794
  0.38212686724251144  0.39261523000559884  0.40327757262667702  0.41405165588847082
  0.42506349451339620  0.43605055813645882  0.44674919416779985  0.45740516238420970
  0.46755582906591170  0.47793148181036599  0.48822003277930931  0.49858455616234948
  0.50891122537499722  0.51927921814566480  0.52975077627560829  0.54015451184110019
  0.55049987074335038  0.56088627264982516  0.57141625947785002  0.58188733577333285
  0.59227293593679287  0.60258943575408852  0.61304312527236005  0.62354269644346116
  0.63400834048891574  0.64433167749844555  0.65463460334038026  0.66496184561834770
  0.67535763319226882  0.68573528462319799  0.69597313912391789  0.70615892186342888
  0.71645926203577337  0.72686499291924955  0.73736805641587844  0.74771395102565308
  0.75813126139484832  0.76843762123966608  0.77915924279418636  0.78972020267723220
  0.79987248193123395  0.80987290802441003  0.82006379177015176  0.83024644601156650
  0.84010840959739630  0.85006217578270993  0.86036375659211217  0.87139782538394539
  0.88236679358896275  0.89327896608953816  0.90385854010560618  0.91466165406079336
  0.92539636111572265  0.93597284194747155  0.94642912257454548  0.95708266484692295
  0.96798340034831232  0.97869572829424456  0.98934604054639141  1.00000000000000000
 -0.00247955065918809  0.01004432024125131  0.02026133911842563  0.03137218860954193
  0.04230917743704353  0.05337617902113752  0.06401719264445448  0.07479517373047492
  0.08548428007029717  0.09602599888808915  0.10660438078662300  0.11710994324208582
  0.12780943203994247  0.13816514407873454  0.14845880456069427  0.15868416350481132
  0.16907880511011941  0.17929837216644165  0.18978821238618535  0.20024883786310310
  0.21087188120843794  0.22107864978170133  0.23114311592885120  0.24135203540658201
  0.25172818927861623  0.26234003292173480  0.27286980190242216  0.28346638984035877
  0.29388975193809758  0.30431168032606309  0.31458992647261580  0.32509572511037982
  0.33564182020664213  0.34613318043447455  0.35619477585728937  0.36664950864046647
  0.37708742775705556  0.38767458807201560  0.39844099961218910  0.40924804373244378
  0.42008681367012823  0.43058208389448549  0.44111532110222074  0.45169391972182615
  0.46237596846381523  0.47316145068517484  0.48402543339993198  0.49478887730412641
  0.50561318213714868  0.51651335880693672  0.52726494204313190  0.53806174988387501
  0.54887730059449213  0.55969487404434193  0.57010987683859804  0.58029363807612644
  0.59064744440608907  0.60118984774379558  0.61203750907763965  0.62268293495349125
  0.63331914984220983  0.64374050023251173  0.65397054608365557  0.66413239474460051
  0.67466735008898104  0.68533783159230077  0.69593065937291176  0.70624917240314455
  0.71668979341553241  0.72721889445754728  0.73803985960402585  0.74861223642891539
  0.75923344087606681  0.76973356638958679  0.78035209488808277  0.79098818720287556
  0.80134014242987917  0.81181062485241606  0.82195290593329473  0.83217262068335529
  0.84216994795751110  0.85232991954448167  0.86269358091402326  0.87315418781793497
  0.88360669622610022  0.89417066684141022  0.90489047585606242  0.91584828798026818
  0.92635328987583232  0.93665048361520986  0.94708626723142464  0.95795647661763506
  0.96853438411152126  0.97913967213393371  0.98925088676866446  1.00000000000000000
  0.10703907378733499  0.24359276299219307  0.27287517253923266  0.28965055213626945
  0.30347002202959567  0.31587393024268712  0.32729915931372938  0.33797462763307057
  0.34778972219139836  0.35718997444775674  0.36635855695665759  0.37527263060157656
  0.38360083046406729  0.39170933441324646  0.39977070316064406  0.40793150674521700
  0.41579904294350495  0.42318850278425296  0.43056963982018825  0.43796297131852968
  0.44509947885001194  0.45193477236137247  0.45849312131742742  0.46489036852256715
  0.47133941177811450  0.47784116884116323  0.48433243325191816  0.49067445132054710
  0.49686144672859311  0.50295212278610379  0.50904939556045015  0.51508587390211991
  0.52114776815140318  0.52726189714926075  0.53340827335501995  0.53951960671091270
  0.54551949127067323  0.55138906611032579  0.55715916796261178  0.56280416831340374
  0.56829351731948008  0.57377583784665687  0.57935749902082112  0.58498734063141378
  0.59066511365816465  0.59635554533983171  0.60215302926990100  0.60787029471766185
  0.61364583743984646  0.61943406087563457  0.62534318883670692  0.63129360576484328
  0.63712436009120910  0.64292084102644764  0.64880028096539499  0.65479102191030314
  0.66066257462104483  0.66644435590597506  0.67229235405317178  0.67817288010193477
  0.68414499605099832  0.68997658054259836  0.69579472191136282  0.70164887471070747
  0.70760460762343824  0.71360750852982280  0.71962319600926972  0.72565070448976254
  0.73173051292401514  0.73783805852873274  0.74395555503735777  0.75008625280229901
  0.75629304651804063  0.76262980981190132  0.76910588296422144  0.77567600250849789
  0.78236670890250914  0.78918027887406816  0.79611929677575732  0.80319203498486136
  0.81030254405851432  0.81758695353225763  0.82500681446455870  0.83255933663583559
  0.84047350761579454  0.84878067512550182  0.85745672230032577  0.86647683125784414
  0.87580735817420685  0.88567997411457378  0.89632166562614390  0.90819617626796090
  0.92155138309097362  0.93701484266354962  0.95888142634512596  1.00000000000000000
 -0.02538184592022911  0.12120085256212262  0.15827487580804342  0.18084213428402929
  0.19819994308794972  0.21256569344839582  0.22527980048938945  0.23683288110690448
  0.24763128113660315  0.25764136072637367  0.26715500251714763  0.27618200678704641
  0.28493768243697720  0.29338659047297488  0.30161539638561818  0.30941724202970133
  0.31697461107001929  0.32422925868372393  0.33139596694018503  0.33845490644657217
  0.34545206979611398  0.35231420687904896  0.35884561328322373  0.36510503520544590
  0.37118308933763167  0.37722424031108953  0.38321366469203522  0.38910786085496507
  0.39491227105196713  0.40064721213969190  0.40634937300680340  0.41202731244639806
  0.41765751263187828  0.42325246807689881  0.42883409155173657  0.43443089366077486
  0.44000511595942426  0.44546149685581016  0.45083564771874041  0.45619124373083147
  0.46169374690932652  0.46729985135298663  0.47286831794061790  0.47829215087183391
  0.48361649089896297  0.48896454568620618  0.49425324585286445  0.49953788148686273
  0.50485564261986771  0.51015382686592248  0.51549846514080344  0.52089044012969743
  0.52631744199095931  0.53181492575942846  0.53733941424450693  0.54279000502080255
  0.54813159881175788  0.55339108209097965  0.55869271290892764  0.56401621255862788
  0.56936090300889775  0.57474559137680725  0.58024445199130981  0.58573448690314689
  0.59127647006923056  0.59672121558965319  0.60242621743852909  0.60833246442302813
  0.61444395593715695  0.62050542783350815  0.62659306261161329  0.63265503598564443
  0.63868600641103346  0.64474464869276815  0.65099087237338638  0.65751256748346254
  0.66419578813018765  0.67108579478932207  0.67816810632570756  0.68533386187872036
  0.69276729069907783  0.70040574153749413  0.70834938578420770  0.71657141871849361
  0.72494983001491864  0.73360401172294554  0.74278286531549476  0.75270648439070897
  0.76333455540381789  0.77467981255322038  0.78704509869256101  0.80123293299735909
  0.81795981411797125  0.83951587112364279  0.87502387911030632  1.00000000000000000
   4.8896131106041592E-005  -1.0000000000000000     
 T F F F T F F F F F F F F F F F F F F F F F F F F F F F F F F F T F F F T F F F F F F F F F F F F F F F F F F F F F F F F F F F T F F F T F F F F F F F F F F F F F F F F F F F F F F F F F F F T F F F T F F F F F F F F F F F F F F F F F F F F F F F F F F F T F F F T F F F F F F F F F F F F F F F F F F F F F F F F F F F T F F F T F F F F F F F F F F F F F F F F F F F F F F F F F F F T F F F T F F F F F F F F F F F F F F F F F F F F F F F F F F F T F F F T F F F F F F F F F F F F F F F F F F F F F F F F F F F F F F F F F F F F F F F F F F F F F F F F F F F F F F F F F F F F F F F F F F F F F F F F F F F F F F F F F F F F F F F F F F F F F F F F F F F F F F F F F F F F F F F F F F F F F F F F F F F F F F F F F F F F F F F F F F F F F F F F F F F F F F F F F F F F F F F F F F F F F F F F F F F F F F F F F F F F F F F F F F F F F F F F F F F F F F F F F F F F F F F F F F F F F F F F F F F F F F F F F F F F F F F F F F F F F F F F F F F F F F F F F F F F F F F F F F F F F F F F F F F F F F F F F F F F F F F F F F F
  <DiscreteSampler_grid>
  grouped_processes
  1 # 1 for a reference and 2 for a running grid.
  10 # Attribute 'min_bin_probing_points' of the grid.
  1 # Attribute 'grid_mode' of the grid. 1=='default',2=='initialization'
  0.0000000000000000 # Attribute 'small_contrib_threshold' of the grid.
  0.5000000000000000 # Attribute 'damping_power' of the grid.
 # binID   n_entries weight   weight_sqr   abs_weight
    10   10   2.813956348590137E+002   2.431245403715931E+005   2.813956348590137E+002
    16   10   2.813956348590137E+002   2.431245403715931E+005   2.813956348590137E+002
  </DiscreteSampler_grid>
