  0.00346938933437772  0.01111339862080138  0.02118307271832001  0.03128745126233184
  0.04167892971043767  0.05200075482133160  0.06211780376902325  0.07207604681110145
  0.08197590300586259  0.09175711126839739  0.10156168439348631  0.11142419330853111
  0.12200227700155246  0.13221483681959853  0.14245134535473702  0.15240580204596191
  0.16268044552752498  0.17285474198794173  0.18309517283559779  0.19340340477957524
  0.20383617163000722  0.21427926703937492  0.22452682128019527  0.23497534300563747
  0.24566676727282671  0.25646192019205738  0.26733594479788503  0.27810606747052175
  0.28890797582734468  0.29967366994333006  0.31023798561341642  0.32055175275613645
  0.33048938108984244  0.34055232525361095  0.35087464973304766  0.36145970520986820
  0.37197410873134112  0.38217191099500541  0.39219467700843896  0.40204137133056950
  0.41182649643020453  0.42160155370378843  0.43159138951105003  0.44206740509220854
  0.45281505084816231  0.46369963940759490  0.47461050390456061  0.48563329134898392
  0.49711511668331515  0.50836992392365499  0.51967023965965597  0.53084159647832196
  0.54169862125002088  0.55197780799391605  0.56223628728639830  0.57224480289727053
  0.58220552423942662  0.59198025493766160  0.60193655956154213  0.61203297420205061
  0.62236045165080911  0.63264442132243237  0.64308955117960165  0.65381353093706285
  0.66503062874833441  0.67650187569057807  0.68788758298041897  0.69903093094944191
  0.71004658971347845  0.72076389979784650  0.73130766852658191  0.74150327791384441
  0.75179975087689588  0.76219138015423515  0.77282836634516183  0.78371499458408722
  0.79460924115879406  0.80524416354922079  0.81564678390898016  0.82599546186383588
  0.83629936846789077  0.84656241766640195  0.85690067865544428  0.86750759688888512
  0.87838942902785466  0.88936830021326618  0.90044597691636885  0.91138835905075610
  0.92239708675955767  0.93330636450781423  0.94417238900028178  0.95497272111872000
  0.96572683896941103  0.97673356187025784  0.98825285540753516  1.00000000000000000
  0.00713032683199302  0.01536620720524193  0.02661230456438665  0.03842645138588517
  0.04977587197216461  0.06084061490570455  0.07150003237078778  0.08188060834400523
  0.09230842697661885  0.10287034389378162  0.11369243200672238  0.12459759737429811
  0.13566287078406644  0.14699127511480720  0.15825812937193878  0.16954727835984310
  0.18075599279503671  0.19197806485688840  0.20283298089796253  0.21359219443555785
  0.22396550834114867  0.23441336153611722  0.24458789930872027  0.25469591860244117
  0.26443705359848774  0.27438596097068441  0.28463044120207814  0.29518632770952036
  0.30578207359951282  0.31664908007606740  0.32753841756087188  0.33864147533567968
  0.34942523295286304  0.36004402496364479  0.37058481603606308  0.38119473386361913
  0.39193289820010013  0.40258148090897161  0.41292391170949433  0.42314664447684947
  0.43344450601915419  0.44395333636159495  0.45468899074824959  0.46544230941107745
  0.47632068609605227  0.48723353505594941  0.49794056390619784  0.50851343581378516
  0.51884795236560977  0.52934189191396896  0.53991058496943278  0.55058594837287078
  0.56154441467063887  0.57263569312380858  0.58377839406008736  0.59397084020346413
  0.60406082157383156  0.61371219417908984  0.62357445412826606  0.63351285627950837
  0.64359249648966055  0.65380742123651758  0.66401781297556817  0.67433908657486819
  0.68449339545721477  0.69460707047490899  0.70477464438743342  0.71540619515754711
  0.72637721370127650  0.73770198521908359  0.74869375721773224  0.75941003854590361
  0.76998155692048365  0.78039865736447844  0.79111775244316418  0.80179597361290311
  0.81224756904865580  0.82255180454909660  0.83235801009119037  0.84235644473423466
  0.85233647944978963  0.86259486763793958  0.87320050621197465  0.88330030369714652
  0.89356467066785383  0.90319352540811082  0.91283101628932684  0.92245919473167437
  0.93214232197288327  0.94206083894260162  0.95226941289338185  0.96260293087382875
  0.97272331653410582  0.98248577198828546  0.99196838204817384  1.00000000000000000
  0.00336727393086314  0.01079721389689048  0.02105527170956303  0.03125138114535048
  0.04154111105318202  0.05185422483038366  0.06227313224161560  0.07264584462032166
  0.08289856294499610  0.09346764242960075  0.10405603544773583  0.11415736656926707
  0.12406759345335136  0.13408749223284516  0.14432558365935422  0.15504274884313476
  0.16587099790358875  0.17668888071267227  0.18717854858676858  0.19753851465316577
  0.20781730042533073  0.21771156577422979  0.22747061305058253  0.23755356762255553
  0.24794789139651577  0.25842348055450626  0.26877261511639183  0.27945992363319666
  0.29012334437496595  0.30049718458839547  0.31069141539187312  0.32104598304238380
  0.33117141724852767  0.34130646057532943  0.35138140777970328  0.36178628469852958
  0.37197915321010672  0.38231720979908745  0.39241719877214709  0.40302086350623084
  0.41374124368884835  0.42394744681281149  0.43408752451415133  0.44416603508812658
  0.45459986265423336  0.46522774210217888  0.47541151482537725  0.48563473766763260
  0.49584165592535950  0.50630695005063986  0.51702439947535195  0.52799432953277070
  0.53875073115112304  0.54915770258230168  0.55935565003035115  0.56967310390314063
  0.58003023981248214  0.59026096661468719  0.60041468402855458  0.61111404919548806
  0.62195684112916905  0.63316708481614015  0.64416830242532308  0.65531503646352807
  0.66640039625828007  0.67754839521373200  0.68867795816908961  0.69970779625589929
  0.71075982481400124  0.72122297309121730  0.73163368690184738  0.74183731954689880
  0.75228276067707300  0.76229799967614575  0.77268561824627302  0.78304059449133523
  0.79362768236068570  0.80385809401480313  0.81420299808113983  0.82491734347172330
  0.83541187352789203  0.84634578525590820  0.85734402706541946  0.86830875977995114
  0.87915542502200250  0.88970752033928957  0.90020778742139873  0.91081748026015552
  0.92158879853437858  0.93226058951659851  0.94303495604755627  0.95379161811951518
  0.96454841568080507  0.97543436505794345  0.98723489323085856  1.00000000000000000
  0.00593396578781876  0.02058569102797418  0.03599716813600257  0.04915162813452019
  0.06052335775181829  0.07181583020628413  0.08290563925652111  0.09402517172386746
  0.10506579522838393  0.11662987811177317  0.12833087286652609  0.13947375399248158
  0.15048703266173236  0.16112614310364609  0.17160896417429214  0.18200868040487464
  0.19248530590075025  0.20295440227057090  0.21357825773308761  0.22432892542701907
  0.23522557711282788  0.24583233609000033  0.25624451547054927  0.26656252265118457
  0.27681832245727861  0.28701720689991833  0.29721819617957734  0.30748369320736474
  0.31793386341885627  0.32847780729840331  0.33891218036931425  0.34925242695039893
  0.35954793668113122  0.36996634827490854  0.38019580568217742  0.39029358662398494
  0.40024831629493440  0.41002447305714429  0.41963227341202280  0.42922542566716426
  0.43899011244052061  0.44914467545788239  0.45937791253768723  0.46963754018153275
  0.47970358383080586  0.48973408905065130  0.49985034766264386  0.51020270067687190
  0.52055418975130952  0.53079671389389482  0.54108854000076545  0.55142705191522245
  0.56164646276676267  0.57173831104183737  0.58188938945155366  0.59233885001985942
  0.60290766766077375  0.61344027159765979  0.62369351611465851  0.63369965785618310
  0.64341021248508312  0.65292215223599004  0.66238131657664401  0.67186381721483290
  0.68126237457205507  0.69054771425639461  0.69988232314924781  0.70947007633399273
  0.71925012993949722  0.72893410932795966  0.73866386342165102  0.74854881167670129
  0.75863958079410654  0.76883848215780293  0.77911717088410193  0.78960986154614743
  0.80022367352941004  0.81081759858713265  0.82144182738668303  0.83214907371527547
  0.84273626490722842  0.85308012223125307  0.86321574613187979  0.87332313030912323
  0.88350467186212422  0.89356642273793085  0.90353794818451094  0.91359243467823326
  0.92369829688292704  0.93390438735214187  0.94371257978046430  0.95334748971394423
  0.96285781727167596  0.97243618274780330  0.98187533826459550  1.00000000000000000
  0.00000210325035003  0.00000713900062797  0.00001196134869411  0.00001621585952357
  0.00002095239862253  0.00002568294534157  0.00003032874195895  0.00003490836309441
  0.00003945657697301  0.00004401163497465  0.00004858853939376  0.00005312277748804
  0.00005775612714262  0.00006242967241460  0.00006710495110309  0.00007183321394076
  0.00007664312154139  0.00008151453392159  0.00008655092491163  0.00009165830282288
  0.00009694721915923  0.00010243319701748  0.00010821740218809  0.00011417169851417
  0.00012034328785289  0.00012674866191948  0.00013338151495880  0.00014029768453722
  0.00014766482383916  0.00015556959131303  0.00016381362046480  0.00017240841244290
  0.00018128693511352  0.00019042661569017  0.00019967723640679  0.00020904951576596
  0.00021867579765514  0.00022844351056791  0.00023864783536072  0.00024908383184139
  0.00026002857955514  0.00027148239696301  0.00028331015596867  0.00029569180307191
  0.00030846552927450  0.00032184073949278  0.00033574474998636  0.00035021475958785
  0.00036527398845933  0.00038093481953717  0.00039739155224561  0.00041452070438079
  0.00043266401474024  0.00045143892412237  0.00047124461499825  0.00049224830983720
  0.00051454117778296  0.00053951412790766  0.00056577465250870  0.00059406253864157
  0.00062312015262293  0.00065444968134281  0.00068721806994022  0.00072188753125502
  0.00075922672813851  0.00079999410347798  0.00084414040113265  0.00088931226535884
  0.00093693962330687  0.00098924651159968  0.00104710319242317  0.00110804334442030
  0.00117531094051702  0.00124934387109843  0.00133378755686296  0.00143000637580042
  0.00153758709875978  0.00165321058468989  0.00176946280782059  0.00189781683684060
  0.00204807388779182  0.00222083177444515  0.00242397781902608  0.00265037768255019
  0.00290576148179906  0.00321903058585534  0.00361009681437793  0.00405615247278909
  0.00460734715748952  0.00544155408740012  0.00677140216721846  0.00890807149628685
  0.01266198644305671  0.02217504938956304  0.14925410605050490  1.00000000000000000
 -0.00248981462460021  0.01002059778771652  0.02072944457204153  0.03162096030866152
  0.04258780881462060  0.05359681068060256  0.06513445212211486  0.07636178053027465
  0.08768283710346707  0.09875210103806090  0.10979548099629520  0.12072834603526827
  0.13190265360604714  0.14278805706946163  0.15325021420027643  0.16358743222529629
  0.17436521887394241  0.18534940490162161  0.19614974975939056  0.20674308762234969
  0.21730618273285829  0.22793257235778280  0.23872961097844567  0.24973198265011937
  0.26071538617147766  0.27178075037865435  0.28286311894592114  0.29376562245784937
  0.30450699529068792  0.31533144187863466  0.32616015356300254  0.33687525531672607
  0.34715979590661616  0.35768745577358008  0.36828448194903807  0.37879389284198295
  0.38920142903649552  0.39933072082525822  0.40949017015972222  0.41977283270250110
  0.43017057166899342  0.44074264836449933  0.45106732186212639  0.46147890760024762
  0.47185490808049069  0.48238885556089639  0.49306885688866009  0.50377735154380499
  0.51454738972187797  0.52524085843949253  0.53580901195229136  0.54611880359689247
  0.55627544546891639  0.56651693002652947  0.57695544336893390  0.58762222297915034
  0.59825785502847084  0.60893955488405949  0.61965346237702579  0.63033398108379257
  0.64112099842927628  0.65171113878653597  0.66212950532356918  0.67227305437245577
  0.68237286081450255  0.69259488923633050  0.70299391191233684  0.71350372817169549
  0.72386660174840700  0.73399060485512857  0.74407302868981395  0.75426378041529585
  0.76455184934944898  0.77492012759945172  0.78515661937321668  0.79534611105071784
  0.80538445237012812  0.81583911578224633  0.82615164442689104  0.83621827771273272
  0.84607765990241768  0.85575223277679380  0.86565697972715960  0.87573600184998257
  0.88690238178254266  0.89847719429890449  0.90940188623027252  0.91994891525191169
  0.93002435286924845  0.93978892601506647  0.94974272196079357  0.95953886863758220
  0.96964311530682235  0.97960582239471095  0.98970884088814304  1.00000000000000000
 -0.00247787097559646  0.00948549833539771  0.01957581784944922  0.03032979062672219
  0.04121455683156992  0.05182763483349224  0.06258329913528841  0.07388430311460321
  0.08518483313150660  0.09595970156084543  0.10653749130568242  0.11694652868812663
  0.12731543364324843  0.13759932423946930  0.14789600053104440  0.15878847783944650
  0.16983661376034037  0.18086283187270963  0.19132152557075857  0.20176099756176930
  0.21245182112823766  0.22349002359561057  0.23465585444390305  0.24583001471215338
  0.25648422170582930  0.26693337863891498  0.27707910284199205  0.28747058594875119
  0.29772294131533716  0.30775752439881837  0.31790391726652933  0.32803632229891472
  0.33802425348512977  0.34819385207379716  0.35860424244328493  0.36947037295737717
  0.38022917424582153  0.39050882787438351  0.40074461807841927  0.41102320778895018
  0.42170656568650611  0.43259690720194988  0.44333579301183945  0.45401021209423026
  0.46457221289461886  0.47542223480896723  0.48587541783408755  0.49611394339599990
  0.50650774892440942  0.51668739133758745  0.52680844158001983  0.53692276048585674
  0.54727366685979939  0.55768641423249765  0.56780588477694371  0.57805663338538815
  0.58881817391754043  0.59986401653164378  0.61073132099211358  0.62171790148652128
  0.63262194697650287  0.64369544553046509  0.65434014372328109  0.66496897911342989
  0.67522476347666249  0.68552656638594622  0.69591477740113450  0.70636018931914057
  0.71665462450581341  0.72675624781552517  0.73698292426182999  0.74710392287566285
  0.75715065837205986  0.76722019521521145  0.77732123762864080  0.78754482611352039
  0.79810701386464045  0.80861808939859636  0.81941756617030959  0.83000071591068292
  0.84053248506175327  0.85092850311114099  0.86147811407169250  0.87238291682380809
  0.88355834388060173  0.89426600546356860  0.90533101230611635  0.91643740677528229
  0.92707662133364643  0.93788420453171928  0.94849993949745137  0.95932692015453724
  0.96959342629622713  0.97994374349907676  0.99010580616054178  1.00000000000000000
 -0.00255207053331915  0.00973168436671336  0.01995307092117701  0.03029397319995658
  0.04048470077256065  0.05090012969039946  0.06104403428540067  0.07103902003308615
  0.08090029034532487  0.09115978061236953  0.10158094894757057  0.11186685387922511
  0.12200955317672292  0.13238189938772923  0.14286176892753422  0.15351512033465367
  0.16411740370685868  0.17505728072647866  0.18596992471605125  0.19672474314604352
  0.20741673716839862  0.21802265532372400  0.22864382817192397  0.23928663643103815
  0.25005383957916200  0.26086124193630550  0.27123702608872341  0.28149600805035124
  0.29170880015007533  0.30210412751891003  0.31255079732052049  0.32311230655416107
  0.33374954780328764  0.34469465263052002  0.35567053380774172  0.36655973057965979
  0.37722836878849758  0.38812541611804663  0.39899712386130354  0.40976379629433196
  0.42051512868692081  0.43112867072384403  0.44189517677140772  0.45238585127241293
  0.46270879914681073  0.47305670158134999  0.48344123070416328  0.49380364097521556
  0.50402314555125005  0.51423429409337951  0.52441039719180904  0.53466180365857252
  0.54502214278572725  0.55542646515054350  0.56569614508660448  0.57578693564206551
  0.58591242935973298  0.59618870254963241  0.60650008220313578  0.61696639133092523
  0.62762304080287812  0.63832119752824834  0.64891058166489879  0.65936376829847587
  0.66983830868848437  0.68027802529639747  0.69103419050499959  0.70210589689010749
  0.71330644343510319  0.72424610551276269  0.73508890990855535  0.74588858070098552
  0.75633762066736598  0.76632175279690939  0.77613963716935941  0.78582956506463641
  0.79554588322723652  0.80541555166792822  0.81569132542256573  0.82635174102549069
  0.83702502408711854  0.84767371018277371  0.85850782006630377  0.86965530080706732
  0.88069762974068200  0.89141556135161615  0.90198538910143344  0.91276468402940114
  0.92364696188040429  0.93469925110355512  0.94582023805858551  0.95685158322561603
  0.96766637587700832  0.97832006619576162  0.98907894359798743  1.00000000000000000
 -0.00263505456718823  0.01057315325936135  0.02114249079790087  0.03223351998162045
  0.04315708888312952  0.05383144075064437  0.06465644526816910  0.07517492776392694
  0.08584377553258020  0.09639998682936152  0.10712614928263373  0.11779028784773685
  0.12846368199303573  0.13914796060917023  0.14958161880273496  0.16002983824394623
  0.17066108554576401  0.18182039016406457  0.19263124056931372  0.20352396442119491
  0.21416242406878178  0.22489109277911851  0.23557435948641783  0.24638636950293372
  0.25734415966933860  0.26802829549834212  0.27851558647492836  0.28880996808603615
  0.29925846253503230  0.30987583031361510  0.32017558498538001  0.33035200121159691
  0.34056000650746376  0.35076814907298448  0.36105291215644258  0.37145769361154912
  0.38217451784460155  0.39294220731146845  0.40394616546912504  0.41507741692741817
  0.42639516684467682  0.43728747337184726  0.44794600412199759  0.45843083893584807
  0.46879485705130980  0.47894067699223575  0.48891141661992227  0.49884199503387222
  0.50914886367386059  0.51936935812175822  0.52947311035858424  0.53928673248616577
  0.54919254165119036  0.55916108191207914  0.56939724690719129  0.57965286323880238
  0.58987549612417922  0.60012082716391613  0.61062147618802298  0.62122167749719226
  0.63161143716556456  0.64181044950390409  0.65214720535109483  0.66282534470092613
  0.67361816825545262  0.68461431047044818  0.69540189247131867  0.70608333578065097
  0.71654387520392193  0.72695481935112116  0.73722652811497491  0.74725345802949006
  0.75729335160868649  0.76758559979625818  0.77814444251276305  0.78864983267967537
  0.79871206936390748  0.80870993564363713  0.81891800382650815  0.82938941639555885
  0.83971975501197216  0.84975551583355102  0.86012212187042825  0.87071369527298903
  0.88158950921336865  0.89253652450653731  0.90371556428031830  0.91492035595945398
  0.92583608757152269  0.93673283139411512  0.94757584090486058  0.95821802058533312
  0.96853818771708877  0.97883552625304393  0.98927738464135684  1.00000000000000000
 -0.00250355730093944  0.01000590317751132  0.02066047989152894  0.03155725619917265
  0.04225178300918782  0.05255247437783180  0.06262128709966086  0.07282881354959661
  0.08339077252415289  0.09401379066068617  0.10453424785011955  0.11512754860376272
  0.12559312974066758  0.13607333524701157  0.14636135937534497  0.15672565143733483
  0.16707419740647067  0.17732341821073958  0.18766080002471033  0.19793009910208142
  0.20841564002468085  0.21882242202791585  0.22925437466980939  0.23968362232554918
  0.25027951812577409  0.26092571469428699  0.27121828022685551  0.28145724374534586
  0.29152647318847458  0.30192917964603783  0.31235058683032946  0.32294692711349354
  0.33352526220993323  0.34419932527443892  0.35463378140409624  0.36481310285009017
  0.37512265248049037  0.38565194781732881  0.39633509434326009  0.40698443153347857
  0.41743684126334180  0.42793169883260451  0.43839380559761498  0.44887268497679361
  0.45898590491111924  0.46888205190623089  0.47878237899118020  0.48902878989064674
  0.49941099171587883  0.50969798917423581  0.51978662325023384  0.52993192819731216
  0.54020736909628209  0.55077852738750188  0.56157662357502347  0.57236727786459363
  0.58313340149903792  0.59369443188345350  0.60470445837834941  0.61575684504863692
  0.62655724346622943  0.63708883669019845  0.64773633908734729  0.65868623840889928
  0.66939819806676759  0.68014064223678128  0.69057371076064678  0.70117131419544532
  0.71179359400311071  0.72233086592333184  0.73285801100432557  0.74344000114180153
  0.75429742720303017  0.76508398427366564  0.77567465233967370  0.78639486067048670
  0.79711395382183647  0.80785650909215334  0.81889616861819536  0.82981572976244189
  0.84048869846033192  0.85076669209960165  0.86103685742502856  0.87143326693637413
  0.88222603890680207  0.89294552779357028  0.90338030795330149  0.91375604970565483
  0.92437573867885769  0.93509456855619810  0.94539109235618801  0.95600971331649176
  0.96700708159655713  0.97819395431313705  0.98904182222386516  1.00000000000000000
 -0.00261537527709269  0.00947934290356897  0.01996445757589096  0.03082947449034419
  0.04164750886000148  0.05211793323135050  0.06256725492566968  0.07290789357288986
  0.08338435249086920  0.09382109777210493  0.10435805887623863  0.11488447648008603
  0.12539152411817764  0.13561387943793765  0.14578513795724149  0.15586665278239131
  0.16609188620863535  0.17601033056876095  0.18599514924310345  0.19621964262877928
  0.20649871953967117  0.21688960218014253  0.22750772923699317  0.23810996831619685
  0.24842736574934751  0.25866844481472873  0.26891921301203131  0.27919047080076492
  0.28940338923766151  0.29994424144558007  0.31077759079207146  0.32167643426203674
  0.33256005771576469  0.34347485554899276  0.35383735034490899  0.36420021335326958
  0.37433124969171594  0.38442661958031099  0.39445659197751920  0.40451572719168521
  0.41483382653528217  0.42543830827423668  0.43562289667691595  0.44576946744555312
  0.45590289852507687  0.46654190087284969  0.47773303745499190  0.48874461438179156
  0.50012439492345984  0.51097694950270001  0.52164215850175277  0.53205556267441301
  0.54287525104486323  0.55386593422642461  0.56470252586997705  0.57581686189458525
  0.58697968706367931  0.59792534809079378  0.60868759779943216  0.61933203335115161
  0.62985430409833076  0.64019600600647419  0.65083241123914437  0.66142331549461131
  0.67185825660108678  0.68199463606692923  0.69222458823364930  0.70247540011068355
  0.71280276362825135  0.72330246289832534  0.73379107668167320  0.74432383336412322
  0.75493442291570478  0.76578257839266339  0.77626370706730252  0.78649237602978406
  0.79680145908444000  0.80726782633256344  0.81761551884683081  0.82786096841100620
  0.83862229842120761  0.84982765394485138  0.86117868965235045  0.87256807256139057
  0.88312588391076063  0.89366484201114427  0.90395987785020382  0.91455127776744982
  0.92499405851219474  0.93523920634606894  0.94586111562887654  0.95677992840024051
  0.96808401635321906  0.97901029619067903  0.98960176719572923  1.00000000000000000
 -0.00206773380923734  0.00921285623604717  0.01854012701350489  0.02834499185826259
  0.03808580620810524  0.04823762612689463  0.05881618425741947  0.06913022759874288
  0.07960853327486009  0.09012269656529673  0.10109878659277283  0.11154590510307688
  0.12186900361476814  0.13227390256692526  0.14295052376153738  0.15385482306705375
  0.16442928922182160  0.17505404606616984  0.18552692027697928  0.19623861580330937
  0.20708512967243201  0.21799492494786821  0.22878622837630938  0.23975057275914061
  0.25064604037660737  0.26169766499840719  0.27278037465655880  0.28378576465529609
  0.29474420583530364  0.30550380845841996  0.31614050284785328  0.32689118021060587
  0.33775044213323896  0.34899802338174635  0.36035774166305662  0.37107368613110847
  0.38177543442187606  0.39246930742366992  0.40306368639852114  0.41350606050429362
  0.42360723377210285  0.43389706489092744  0.44399274985441101  0.45398718895438833
  0.46429984583361161  0.47520853185778056  0.48581774139735578  0.49600402140639926
  0.50592211547779120  0.51621741568037971  0.52666353499318552  0.53713180600662558
  0.54747966339674226  0.55796907047268696  0.56854369358394619  0.57941946382661003
  0.59013601352692169  0.60072944167805575  0.61128491363362258  0.62205963904139361
  0.63271003612752530  0.64307406484001561  0.65321785298125146  0.66350765938585543
  0.67364049375319701  0.68363267509302383  0.69372286237304970  0.70414502626847342
  0.71455120897226854  0.72494555795221360  0.73539242087544010  0.74592433610749120
  0.75632876406149008  0.76668628776639725  0.77720250470454222  0.78783375844155323
  0.79846147424935776  0.80868755781723312  0.81893973119266550  0.82941436553766545
  0.84023845531785046  0.85136873719495376  0.86248374785043769  0.87343430936697997
  0.88398939756793515  0.89459637916468970  0.90514413550518180  0.91573997310356181
  0.92652444337428830  0.93707441730290353  0.94740639163496032  0.95749564885784133
  0.96814940377353198  0.97886235977058633  0.98948393460341921  1.00000000000000000
 -0.00241888921049916  0.00935063629876186  0.01909195569894932  0.02953667754246547
  0.04011776680261516  0.05096247022698976  0.06187049062887084  0.07297272126947815
  0.08396357979422035  0.09477633115673328  0.10546007121028411  0.11623107174793684
  0.12683596693206795  0.13735020028076697  0.14771223160784325  0.15815832003123606
  0.16872660173639517  0.17916918082929637  0.18965697886460595  0.20045701943048472
  0.21145937189690400  0.22251520510670506  0.23375717083022265  0.24472536550348079
  0.25531196399482042  0.26549455406413131  0.27576474151511904  0.28653980110342470
  0.29748452905769845  0.30830279687115103  0.31857966626056849  0.32882896841324277
  0.33917232763941046  0.34998738417806519  0.36073291919086398  0.37118680969967616
  0.38146656117474448  0.39153112615330571  0.40160313304527745  0.41158818267344233
  0.42184842842011572  0.43227066487175475  0.44293060882531277  0.45350240492090715
  0.46431782775270547  0.47499119755574593  0.48542507269273005  0.49578003882089622
  0.50650264046512339  0.51767154578861363  0.52876741759109769  0.53959019371323369
  0.55020076560261200  0.56069313930697884  0.57096319177044308  0.58127836797258903
  0.59163690424204007  0.60193066081042235  0.61219355587134128  0.62260230332466804
  0.63337373940936692  0.64426490566990591  0.65512030434299973  0.66600157477995348
  0.67695336739883194  0.68771586302974619  0.69799170219745399  0.70815254334868005
  0.71851645662054953  0.72890591650281422  0.73916593529018637  0.74937677564197835
  0.76001743084984497  0.77091425245601986  0.78172480506094255  0.79251569975978997
  0.80301411401618283  0.81339573708921764  0.82360256783336327  0.83384861074144412
  0.84424072636201108  0.85485053229716246  0.86575191147087471  0.87633516113304788
  0.88656953939139771  0.89668187531095267  0.90661415742685436  0.91649747378128332
  0.92643094482612132  0.93669878588713951  0.94739972827004582  0.95845629902845453
  0.96941182334830656  0.97975451421639559  0.98998779084106636  1.00000000000000000
 -0.00257158448364268  0.00994797591464680  0.02085526826372401  0.03164696913450904
  0.04250072236778843  0.05297788760420764  0.06347472653556561  0.07363169764328963
  0.08375730632641780  0.09421206231611265  0.10461764760762766  0.11494994488402378
  0.12502997809685057  0.13528999207568512  0.14589998146390631  0.15584604907154734
  0.16574373158800965  0.17607252784915337  0.18633933428461802  0.19678514827610602
  0.20718811727721548  0.21759735219664617  0.22819518948941306  0.23832855155965971
  0.24873149823566243  0.25885082771749302  0.26871301357946586  0.27920137920395477
  0.28990844213999800  0.30075031921055828  0.31156486625332419  0.32187206643546479
  0.33229999959516054  0.34246331865815949  0.35258279552211524  0.36278470002836372
  0.37352570110132882  0.38420837129025232  0.39479706121323621  0.40505153613180667
  0.41576580432464655  0.42666450500127762  0.43762713980083651  0.44887856201553455
  0.45977217122859626  0.47041617225095866  0.48108473615538783  0.49205940580989094
  0.50280531992168365  0.51275667419373006  0.52271196686138455  0.53296665734482473
  0.54367491265570222  0.55410483251019960  0.56452089650497850  0.57471353109113676
  0.58533787380805424  0.59578556436031249  0.60623749857859344  0.61674004140392158
  0.62703796887525276  0.63758985859856721  0.64790556086726114  0.65813773777926243
  0.66834033697981243  0.67883538898695051  0.68940946136782866  0.69989352613807254
  0.71055511365461499  0.72138785869473876  0.73210348764279398  0.74222865526879078
  0.75257555993773850  0.76328196724645214  0.77430895284057955  0.78513739464651733
  0.79580911322676762  0.80651446540698446  0.81711397881623693  0.82777274307406390
  0.83854993100554898  0.84979606002202668  0.86098470986971498  0.87177896871144456
  0.88227412396098293  0.89261152156297607  0.90269082389005229  0.91301433038027036
  0.92355205657309658  0.93439494355857111  0.94529615392897337  0.95639025605151995
  0.96764250214895864  0.97858733817757138  0.98946593887140011  1.00000000000000000
  0.09375606500011587  0.23357009393020514  0.26379567540314525  0.28084052606194776
  0.29422015975118576  0.30620575464518357  0.31730940149524411  0.32771387847348998
  0.33770921797702363  0.34745256901161797  0.35678111471365920  0.36578500488853088
  0.37465105804447263  0.38363265953196385  0.39241352197009660  0.40067505612111182
  0.40857929327351583  0.41630140335909299  0.42391024787258241  0.43127950839641366
  0.43855964712538809  0.44562276268566775  0.45278217893399164  0.45986318975645890
  0.46680176601801493  0.47374510245507079  0.48070649518774750  0.48751972816538713
  0.49418389072777941  0.50065338909706136  0.50693480949605374  0.51319030348122963
  0.51948596066858987  0.52580360261083736  0.53218491363832732  0.53854633764420723
  0.54485737625263009  0.55100998137238200  0.55725147169581701  0.56358361317858763
  0.56986517428520111  0.57597786161773723  0.58186094562133450  0.58755376948474458
  0.59316345946632820  0.59877228881977040  0.60437896362555521  0.61007121889603733
  0.61589956463337914  0.62177946476793478  0.62768736491064792  0.63361362584158987
  0.63959637156779048  0.64554009027094816  0.65134788579517033  0.65715859570682766
  0.66289869502836185  0.66876915391336189  0.67477049792021826  0.68093568608850030
  0.68699364878314995  0.69296057173807069  0.69895616333393762  0.70507916984174168
  0.71143100968540685  0.71784221733734976  0.72413884652165339  0.73031649553874722
  0.73646206898421285  0.74258225337426920  0.74878654556581203  0.75530762282961683
  0.76196573663215172  0.76875333849957606  0.77559437808122156  0.78251500835817023
  0.78940602078955158  0.79614566867790348  0.80287516589201613  0.80966875319133191
  0.81662086785070453  0.82368861778426550  0.83097400405412203  0.83856872458642473
  0.84641995417520155  0.85452902838064160  0.86301192332311694  0.87181618081269385
  0.88119372695228304  0.89129011533341873  0.90188565092202289  0.91342387487819088
  0.92638318485885696  0.94205210725870403  0.96376721121646558  1.00000000000000000
 -0.01897624165308730  0.10858771258876247  0.14416577821380450  0.16691062978148119
  0.18529987452095556  0.20068789430464234  0.21397437657290394  0.22592629514396459
  0.23695545967837214  0.24718209806339617  0.25680075047290363  0.26594826022424706
  0.27470120478055349  0.28312609681312134  0.29138098229685616  0.29936852674939385
  0.30707343064625509  0.31438350716657809  0.32151213753599223  0.32849009176976335
  0.33553731835030304  0.34262934661817146  0.34969733462512376  0.35664275120024008
  0.36345189776886672  0.37023135105323329  0.37684926693075954  0.38326251773383468
  0.38945710352254026  0.39545979258057312  0.40134434891698101  0.40712184948066837
  0.41295308856704938  0.41876124312827318  0.42438761655845142  0.43000808751343245
  0.43552837777481423  0.44099908031596696  0.44633834273248957  0.45166958637638588
  0.45702151824944004  0.46238938747424624  0.46778566147634637  0.47321080589595205
  0.47870755919739028  0.48439266666973479  0.49017580617005235  0.49602987705600227
  0.50179816531575661  0.50749749151636048  0.51317438830341633  0.51878609735284686
  0.52439605361225794  0.52998732025719797  0.53557190828887780  0.54123939254554077
  0.54693998021430124  0.55259951229519788  0.55820488776261190  0.56383248005163289
  0.56957161561505787  0.57540271342483784  0.58116352705212238  0.58694191188091149
  0.59277019856233792  0.59875254482562068  0.60490453723887072  0.61108295873665908
  0.61727133304717763  0.62356766252844742  0.63001031287077480  0.63658917574469720
  0.64333170297622488  0.65017299917395244  0.65724543359253307  0.66408469496966882
  0.67142061625131766  0.67890688658012099  0.68666639509909777  0.69450079976562296
  0.70236739283578320  0.71028874677886511  0.71844799564982620  0.72700603962936394
  0.73593526845786872  0.74517870767039696  0.75476931102957345  0.76524496080893223
  0.77652036396424873  0.78867256825861343  0.80191859470812021  0.81678519770860103
  0.83407786895590974  0.85594647337226237  0.89153580253881126  1.00000000000000000
   9.6952263038693504E-005  -1.0000000000000000     
 T F F F T F F F F F F F F F F F F F F F F F F F F F F F F F F F T F F F T F F F F F F F F F F F F F F F F F F F F F F F F F F F T F F F T F F F F F F F F F F F F F F F F F F F F F F F F F F F T F F F T F F F F F F F F F F F F F F F F F F F F F F F F F F F T F F F T F F F F F F F F F F F F F F F F F F F F F F F F F F F T F F F T F F F F F F F F F F F F F F F F F F F F F F F F F F F T F F F T F F F F F F F F F F F F F F F F F F F F F F F F F F F T F F F T F F F F F F F F F F F F F F F F F F F F F F F F F F F F F F F F F F F F F F F F F F F F F F F F F F F F F F F F F F F F F F F F F F F F F F F F F F F F F F F F F F F F F F F F F F F F F F F F F F F F F F F F F F F F F F F F F F F F F F F F F F F F F F F F F F F F F F F F F F F F F F F F F F F F F F F F F F F F F F F F F F F F F F F F F F F F F F F F F F F F F F F F F F F F F F F F F F F F F F F F F F F F F F F F F F F F F F F F F F F F F F F F F F F F F F F F F F F F F F F F F F F F F F F F F F F F F F F F F F F F F F F F F F F F F F F F F F F F F F F F F F F
  <DiscreteSampler_grid>
  grouped_processes
  1 # 1 for a reference and 2 for a running grid.
  10 # Attribute 'min_bin_probing_points' of the grid.
  1 # Attribute 'grid_mode' of the grid. 1=='default',2=='initialization'
  0.0000000000000000 # Attribute 'small_contrib_threshold' of the grid.
  0.5000000000000000 # Attribute 'damping_power' of the grid.
 # binID   n_entries weight   weight_sqr   abs_weight
    10   10   1.912728804147790E+001   1.250629552715263E+003   1.912728804147790E+001
    16   10   1.912728804147791E+001   1.250629552715265E+003   1.912728804147791E+001
  </DiscreteSampler_grid>
