  0.00321888569423216  0.01035198208711675  0.01873413446423578  0.02873086356605202
  0.03967858529481724  0.05097410025866942  0.06243655277207320  0.07363791881627872
  0.08458641881341199  0.09410859044526904  0.10396382678781661  0.11410360408960767
  0.12391943482069376  0.13316776833913910  0.14176422081147827  0.15060859825685896
  0.16003986753093510  0.16896595376482582  0.17746522222710576  0.18594654136629513
  0.19473370774772325  0.20470158050257775  0.21480964019895429  0.22463638066011732
  0.23438421338057649  0.24424271747262230  0.25498228997574662  0.26539965096829748
  0.27681809586166722  0.28808075932494648  0.30022333940504514  0.31100205897395999
  0.32138486957422874  0.33131447058197155  0.34103479552012450  0.35092524685096416
  0.36185700375446117  0.37355348377366165  0.38451643603528396  0.39483568540604752
  0.40621220368130123  0.41841036187233244  0.43045948181296678  0.44113035269419726
  0.45072845366763681  0.46031273448437920  0.47075488714678904  0.48164073725188356
  0.49199270391656358  0.50578562632575264  0.52063490477727137  0.53431598088798060
  0.54498030860829771  0.55515199671676241  0.56496819179751767  0.57507316057415170
  0.58570457688834099  0.59589917003073378  0.60674334255211526  0.61822289304547706
  0.62941470849709502  0.63944976376840690  0.64923877064898783  0.65844382728391238
  0.66699670811208456  0.67524603395993010  0.68402964904450225  0.69418230470811282
  0.70409825291616623  0.71440392757288140  0.72525907625166908  0.73766653582676311
  0.75021821789278387  0.76192653632618934  0.77353997068294023  0.78505211822125043
  0.79573151683858045  0.80608845888030245  0.81552969431161160  0.82406556049800417
  0.83312603673249985  0.84295245735516777  0.85357852273951140  0.86373743220869637
  0.87361098053151531  0.88424961667196755  0.89648911581944912  0.90905497932933921
  0.92079278333513992  0.93165103534423854  0.94230607971300717  0.95290156067613485
  0.96217538278286319  0.97121079279030853  0.98077404928164236  1.00000000000000000
  0.00707517297087387  0.01615796944156863  0.02676764076559142  0.03860160103655434
  0.04913075420657115  0.05904087649556107  0.06802239851387726  0.07726104744449418
  0.08754427672845033  0.09929643767233637  0.11130459554054736  0.12287681688662055
  0.13420799983114870  0.14575278243714912  0.15689788186353235  0.16718337410792300
  0.17710154885407708  0.18676831217025094  0.19720434403853312  0.20816673363336016
  0.21970729638785719  0.23200444540388002  0.24450278096337338  0.25678484050704137
  0.26891139589743440  0.28070546429078652  0.29172028088897473  0.30154636226292475
  0.31050200265359040  0.31941001602290509  0.32900236027223634  0.33974273947547839
  0.35073973850836532  0.36344256407600262  0.37614130769769616  0.38849269699794703
  0.40118641317851367  0.41363345625699993  0.42538234596469238  0.43661158628952801
  0.44790240367374262  0.45922847431034042  0.47003048066891207  0.48137863324643160
  0.49276928167420492  0.50372512606550301  0.51446074211267945  0.52599184395555121
  0.53720100868628662  0.54755603945014120  0.55756275380911402  0.56810600662197741
  0.57953828895378401  0.59022252225244376  0.60071499582577126  0.61150867685703048
  0.62208089312468506  0.63211278698376705  0.64185594985906091  0.65295914040785497
  0.66483639692048258  0.67625013658731703  0.68720848524748190  0.69773261401596520
  0.70805939965436804  0.71901916217442496  0.72962915700322817  0.74018940811180944
  0.75062824332217148  0.76125143919778782  0.77219374379062466  0.78229787972481679
  0.79196419110241179  0.80160107279160331  0.81139580650085286  0.82125485286351219
  0.83087740328857729  0.84028736125234404  0.84882640435879209  0.85757009111774274
  0.86684508571105656  0.87638528825063478  0.88670473908660041  0.89667577350043870
  0.90626655488360019  0.91561492723778082  0.92505305739487953  0.93546626272634137
  0.94713983703255933  0.95750515298574412  0.96523732999192535  0.97218908350252142
  0.97894363614483959  0.98541462518337497  0.99081596258362270  1.00000000000000000
  0.00329033459902803  0.01091987536544990  0.02111153476846316  0.03235903843948398
  0.04379130832335049  0.05479298527907312  0.06549566576016237  0.07627112245900183
  0.08678073499929655  0.09589404294550152  0.10458064212427191  0.11350258253401251
  0.12303155286354918  0.13306450434598516  0.14288152298799672  0.15267842511855229
  0.16229531544134476  0.17316249353622465  0.18390635080609169  0.19413726569270720
  0.20339116001726615  0.21300791198052788  0.22400627601443168  0.23444649395847181
  0.24516236629030977  0.25635189484120924  0.26875957255723543  0.28039964602106171
  0.29138771469571129  0.30203149070224222  0.31252647397016964  0.32308027974047998
  0.33349972083335433  0.34380088192453634  0.35409198784275703  0.36452607223333688
  0.37474318297862275  0.38478707154828823  0.39568068388578492  0.40784143387922828
  0.42044187915197018  0.43291972652924332  0.44523232775011368  0.45738510128474419
  0.46922412677981301  0.48020406452699760  0.48984277198112319  0.49954018773491893
  0.50955489384231734  0.51930675963853656  0.52826636129750093  0.53688036153895990
  0.54617528781268898  0.55639323289831477  0.56751314680053966  0.57885125267118465
  0.58978582971359805  0.60040324586400151  0.61114101346902672  0.62217559794190702
  0.63298650510724563  0.64325284582537778  0.65379119122245877  0.66453977988339141
  0.67627662081533191  0.69067579183096983  0.70493945353983911  0.71667597861315080
  0.72739847966394477  0.73832725979249536  0.74927697820103745  0.75904153318304179
  0.76771351628449136  0.77638442972388144  0.78547311118341423  0.79530547863542278
  0.80529393462930643  0.81526836433579009  0.82566287996260201  0.83622924972385282
  0.84704898455754751  0.85800581217213356  0.86887909315976308  0.87955869048194413
  0.89022542825255457  0.90075183459242825  0.91109455530442984  0.92102400524016259
  0.93060322389148897  0.94036561952303033  0.94978948202870495  0.95942547340819817
  0.96828025377181148  0.97719620684767761  0.98753872415822019  1.00000000000000000
  0.00645517196903645  0.01972166737585790  0.03467011382888498  0.04943475132049809
  0.06327266776204581  0.07610888854917786  0.08805549228881904  0.10060416772604952
  0.11283687442081894  0.12435651518447098  0.13510491795465251  0.14512495629842112
  0.15721252977931816  0.16995898867812487  0.18298107970605118  0.19489480281321114
  0.20668618477850337  0.21857646257825650  0.22985914640485899  0.23940861022786511
  0.24806952398118232  0.25696894613364363  0.26651739140707598  0.27678505149196858
  0.28725061617012559  0.29751312929593532  0.30740990268188068  0.31694358833931480
  0.32615746984285132  0.33554833473626605  0.34551639169412085  0.35646743492933175
  0.37050704793781553  0.38170300883040065  0.39307299510413501  0.40365715139480302
  0.41438592061205609  0.42541876092191067  0.43601119197213839  0.44638083406022216
  0.45642175937346191  0.46589553415508289  0.47576649983698321  0.48672277263374036
  0.49840036421233708  0.50919150703360105  0.51873499707527815  0.52844091204911692
  0.53792990867317403  0.54741007079901849  0.55627964642081240  0.56510552205458253
  0.57378547880989561  0.58286658624103482  0.59249375455807674  0.60162870912504363
  0.61093176227333401  0.62032845352255672  0.63072351875484289  0.64188474478006330
  0.65310380950206004  0.66397470232052047  0.67447674398178858  0.68430229232723228
  0.69327080653500905  0.70148460033873083  0.71024258678681451  0.71895094553224914
  0.72768732168431871  0.73616031432006834  0.74451590511949328  0.75408954197621803
  0.76598812370270464  0.77865806537158766  0.79075600303691762  0.80186928814827307
  0.81230982889912173  0.82247283649011171  0.83188026016028838  0.84219701231874011
  0.85205669534059525  0.86197746451383983  0.87196823834543780  0.88219725564010432
  0.89145025022596225  0.90075426334856246  0.91045910181674850  0.92101516025944896
  0.93152542124762872  0.94231277931880209  0.95370556749978352  0.96439797489793821
  0.97413144422620412  0.98296221039760545  0.99164903686107497  1.00000000000000000
 -0.00007187362423382  0.00079711188974813  0.00196824601120032  0.00378528395059092
  0.00609689088329138  0.00926386679093966  0.01329405840559237  0.01734214358443427
  0.02175898913352013  0.02686857238222154  0.03292719218534167  0.03960251760995773
  0.04587898414742384  0.05238712754906965  0.05917297781804841  0.06578175875321710
  0.07353846707232267  0.08209219419228804  0.09069043287753507  0.09897345701791632
  0.10774301450747165  0.11763325058422829  0.12795467938001132  0.13836477592997745
  0.14903927916560300  0.15949316384639384  0.17127681058862448  0.18235038447862367
  0.19359239963307531  0.20546491021040572  0.21609243105882175  0.22644762963713899
  0.23767435807949916  0.24904661472791847  0.26063411246460833  0.27203676763730239
  0.28295435875640623  0.29367343696964093  0.30441436403278987  0.31516053962458151
  0.32595082880934484  0.33704126761350200  0.34839767022454621  0.36029783685420685
  0.37196364909632029  0.38339819619531257  0.39513177442979247  0.40657909536284353
  0.41720499870578687  0.42939110313036072  0.44207084985657841  0.45473221280642645
  0.46766315964992866  0.48172716619832362  0.49623793554731627  0.51039947142127817
  0.52412996936130640  0.53750899356475224  0.55040167791006023  0.56194360493122608
  0.57254103664373923  0.58289390707618682  0.59317639044824078  0.60358911500961476
  0.61426304277330235  0.62479846487151869  0.63656771130856560  0.64750481440895891
  0.65812346502060348  0.66892472543992243  0.67977772934719682  0.69072587548244435
  0.70182299641512802  0.71291254839458018  0.72440552056762164  0.73649248477202423
  0.74920390301846296  0.76244037998292358  0.77597313594143225  0.78941482133727026
  0.80284628295027749  0.81569276681635527  0.82800801566768645  0.84076073562017983
  0.85366582210680397  0.86689620401053291  0.88055458709865053  0.89466834918620186
  0.90867736192123982  0.92184140003845461  0.93489546718311767  0.94800660781812507
  0.96119692465801354  0.97403567537683966  0.98685459580883073  1.00000000000000000
 -0.00271204848602726  0.01087563861472677  0.02119206134407138  0.03142007143860646
  0.04122477574034026  0.05160629626076696  0.06267764012440100  0.07380209769083243
  0.08423148563014735  0.09285225090590135  0.10122020899076242  0.10978274730400946
  0.11869931611959493  0.12807934437262733  0.13746593590554509  0.14686963393739627
  0.15673812999956491  0.16672742108288158  0.17703810285702595  0.18739333445678977
  0.19709433302178289  0.20660005683706487  0.21705101795986811  0.22733604881760641
  0.23855050572301845  0.24987726540511693  0.26133606453087604  0.27222850669743637
  0.28273205019919168  0.29280263538408768  0.30222133791759132  0.31230008141375942
  0.32255578759553383  0.33278229558657907  0.34286821466322981  0.35336010806632778
  0.36311527700781582  0.37307611205971919  0.38234196442551222  0.39212707075621106
  0.40135405159716769  0.41093743821677120  0.42177463427278811  0.43301011858873373
  0.44369201538717840  0.45398176312955951  0.46445482460236515  0.47501666809511717
  0.48595193056806169  0.49689663064646478  0.50818601514576101  0.51955117387414351
  0.53126703340319370  0.54361705973991792  0.55572667911248752  0.56828029188998841
  0.58087155965319037  0.59271612713210886  0.60404632144554837  0.61502818592471631
  0.62594731507844525  0.63640990419397947  0.64725499677248655  0.65847685042558168
  0.67080262283334635  0.68390631244898670  0.69732885891295049  0.71038658722325165
  0.72256020170257695  0.73362948405359962  0.74411997631577764  0.75396277936296574
  0.76291711731505407  0.77237498308581409  0.78320203311036574  0.79530591002920281
  0.80716622527305482  0.81897114547109251  0.83055866714201454  0.84151930195976965
  0.85244608755564644  0.86385171294172181  0.87470889642747873  0.88481906624702655
  0.89470225966728611  0.90583087649459337  0.91608764838048484  0.92536165369159729
  0.93423235295588902  0.94390366336973708  0.95367933941349869  0.96299859594075232
  0.97214211263620220  0.98150274300133200  0.99093851424703971  1.00000000000000000
 -0.00270704589308821  0.00937629616437400  0.02005886906348928  0.03046161450378987
  0.04126346283635245  0.05182031933416990  0.06222154915757262  0.07295507630480136
  0.08363095174579228  0.09309871643052563  0.10182140582603424  0.11103705411069971
  0.12094780030008782  0.13031516268646395  0.13879686506381045  0.14761163112610859
  0.15668671290058242  0.16651704236071058  0.17541745882495646  0.18388028092557807
  0.19211611433789097  0.20049998347906772  0.20983902107490127  0.22094168279784077
  0.23263712606560330  0.24366419141320567  0.25344004356603245  0.26305314762960702
  0.27225940303136059  0.28226056416095097  0.29234307398360698  0.30345867381053238
  0.31541069831009788  0.32781915047021681  0.33957428329608147  0.35030834496851648
  0.35984507022627132  0.36901625801581067  0.37872737944470425  0.38828859968669560
  0.39816264802000256  0.40896974296091626  0.42034881846494859  0.43131251324923359
  0.44154676186809233  0.45168394434230785  0.46204144384956103  0.47219122332202501
  0.48246426639366385  0.49337456554940051  0.50443511593121870  0.51501623831323462
  0.52509824754548684  0.53518464994913362  0.54587514561821915  0.55698157260320014
  0.56808073100237866  0.57901977627008794  0.59021928331286189  0.60198201023028663
  0.61353201183438832  0.62413050944623638  0.63485217718708964  0.64562630344680250
  0.65565518954450552  0.66540282694584552  0.67533399136867023  0.68632215081267134
  0.69726541956689259  0.70897938350612699  0.72071022850199518  0.73206862077624413
  0.74248746087271156  0.75238821433863678  0.76230236207216651  0.77312194347941965
  0.78606740385011797  0.79785190104639703  0.80941140456679450  0.82244918589120153
  0.83617194190839239  0.84937553467796822  0.86304720333292462  0.87695981854487670
  0.88802697244937889  0.89893281980698947  0.91000332950743124  0.92103588049227769
  0.93172756017336722  0.94155653565527386  0.95106655342604207  0.96136465668143078
  0.97031560770595726  0.97975725830853855  0.98904984724233147  1.00000000000000000
 -0.00218234660238206  0.00895147522212273  0.01832631384644211  0.02917036789777617
  0.03822828307795204  0.04755119688319541  0.05678233959696995  0.06591374559658830
  0.07415797796433940  0.08203237946638622  0.09023689575122527  0.09966238870032042
  0.11050455249078579  0.12136667218721429  0.13201352326210114  0.14294392536472184
  0.15487028935110164  0.16738759333617878  0.17901946692669030  0.18968644589179309
  0.20029234689481157  0.21129108984891123  0.22269523451126058  0.23437636703993542
  0.24600485251241699  0.25712481409685545  0.26835277375079181  0.27838497461298461
  0.28822527921272678  0.29741034925116511  0.30649796083528952  0.31558667334625418
  0.32460406087801252  0.33344230283556175  0.34187590322727762  0.35077522593747279
  0.36022266117118068  0.36984732203248710  0.37957519336395013  0.38977608872110531
  0.40035306266975174  0.41123060879089107  0.42226063878749526  0.43273190636935988
  0.44374433677782821  0.45554215083460770  0.46793118286662055  0.48029850696042858
  0.49230092639725359  0.50291866668355933  0.51299273743824736  0.52310662587285817
  0.53363817234519872  0.54338722300940800  0.55334317327459015  0.56345120244537328
  0.57432039240053268  0.58542179364717473  0.59638439628702344  0.60698820609206872
  0.61733683649111737  0.62796759324064033  0.63940922572547521  0.65116190518078410
  0.66217083323526538  0.67283611291198808  0.68291147734499025  0.69239290603940651
  0.70233872306808465  0.71273526358852179  0.72411621034062135  0.73615153247870901
  0.74707632748768060  0.75789897510995929  0.76861634626610509  0.77913064578838220
  0.78960894107983493  0.79942123000338505  0.80903440878845956  0.81900072137148039
  0.82998400147490414  0.84078151746707230  0.85165124099915834  0.86359084129540098
  0.87655196906029575  0.88990585805498745  0.90239660813415534  0.91325211640031401
  0.92401048936985608  0.93445854582870669  0.94510463174549819  0.95546661380416054
  0.96640248705380893  0.97775151152810713  0.98882903392758914  1.00000000000000000
 -0.00287317478667848  0.00938147209250462  0.02088574947209590  0.03254620225640544
  0.04424070400095517  0.05552503811126755  0.06647045288672951  0.07719681209637186
  0.08649172330454499  0.09520356975592670  0.10390729231993209  0.11251026093755966
  0.12038975896759874  0.12828468632387149  0.13662490521821194  0.14597250464683725
  0.15615782931700714  0.16631338183099090  0.17549269467679776  0.18495337890598912
  0.19360931916000831  0.20150954697275544  0.20963464285989888  0.21825937369455276
  0.22731462927722518  0.23680203191952107  0.24675833129598279  0.25737548325273824
  0.26844877808465967  0.27939347536758957  0.29035937120731786  0.30162618169950900
  0.31296305369244531  0.32308796029172648  0.33219766639855391  0.34084126301271334
  0.34991455627190160  0.35969112752754334  0.36891330599140248  0.37764297227892191
  0.38670738910590224  0.39545330708370191  0.40443764274341193  0.41363374457430141
  0.42387005012247714  0.43433663379900184  0.44402765979411180  0.45359931309620893
  0.46454392072009493  0.47631333415061206  0.48831208242053631  0.50036710507894577
  0.51267460455103819  0.52552181287439514  0.53828502829372060  0.54936094369048094
  0.55881056683906605  0.56855846435483737  0.57851717100508626  0.58942274801680494
  0.60072674698290551  0.61265656721860684  0.62358146765150146  0.63291197136803312
  0.64180003028344779  0.65138874473646569  0.66173720895785881  0.67227606229474812
  0.68201823071182210  0.69239950069672240  0.70361154370285106  0.71448528947195689
  0.72536595974499551  0.73712636575148771  0.74939252983933735  0.76010964776126222
  0.77063835335651398  0.78197885955539481  0.79367688214467125  0.80536650938689491
  0.81688713765588850  0.82856672557658406  0.84066916323107732  0.85309087498184577
  0.86486572547180429  0.87605985090231553  0.88695973787653504  0.89754506375072651
  0.90786109470142551  0.91837186972892704  0.92983508642133328  0.94254862821457441
  0.95647469668229035  0.97045344489650964  0.98476683764313899  1.00000000000000000
 -0.00232471948340853  0.00859020148834251  0.01799478115353203  0.02864160186981292
  0.03952429528185462  0.04883983718178978  0.05756329953788565  0.06702578617688512
  0.07721862574196152  0.08837320161185244  0.09815863414320729  0.10875945051482738
  0.12031123311188070  0.13095269350494051  0.14176732710100032  0.15153676163413854
  0.16146949920016240  0.17119615517163916  0.18091570128463569  0.19142534978799725
  0.20203550223575717  0.21319276984242047  0.22432611086009174  0.23639506305314714
  0.24799965820022635  0.25855544089470434  0.26874658070570723  0.27988539661819067
  0.29096558294376829  0.30115434722449547  0.31085484377155054  0.32107332568161173
  0.33098050997016931  0.34131033276087275  0.35018502099804655  0.36154848513987076
  0.37340021959141351  0.38542935159831743  0.39702725492236512  0.40779686001892207
  0.41765512911237462  0.42733515481019080  0.43762511481370991  0.44917939016983666
  0.46018826733636742  0.47026127822853125  0.47975576329559405  0.48884805682335597
  0.49738744407125224  0.50522905825555320  0.51289501839934903  0.52091285984664382
  0.52925730590373021  0.53767667068495517  0.54717224062808312  0.55729277889270168
  0.56790011549261687  0.57890436903547338  0.59015186478820791  0.60135720478164523
  0.61223164615787540  0.62278033134473776  0.63321327169148012  0.64366236514967612
  0.65488518285359876  0.66637491906843938  0.67842484079951793  0.69094510983086843
  0.70336625688007182  0.71514623525098575  0.72663610012535196  0.73790374428633554
  0.74966424745589422  0.76104428597007456  0.77202229237517117  0.78357744666928231
  0.79436843756561037  0.80481819869251592  0.81495055994045928  0.82495913144261535
  0.83439169842619398  0.84361472845106511  0.85293383497755870  0.86309948809866632
  0.87356393694108103  0.88482151183923818  0.89633684687069581  0.90790967938759104
  0.91946608184880241  0.93096882222075983  0.94230089873057765  0.95338032714445109
  0.96441669011307063  0.97564466953670426  0.98749670067874951  1.00000000000000000
 -0.00267840519296118  0.01106566496865996  0.02167613278572526  0.03292512244053482
  0.04385100775567496  0.05506089202616027  0.06543499208491795  0.07501624769023063
  0.08514903421995022  0.09505166868493381  0.10469127657491278  0.11458289397800271
  0.12553937219851091  0.13799413352182083  0.15065616861404760  0.16309175303151535
  0.17434340564537698  0.18475107122891907  0.19468651508240695  0.20484952964673828
  0.21652698063070250  0.22782035504289991  0.23785197403328451  0.24740201238236689
  0.25735491619119305  0.26778003117800714  0.27764928139949452  0.28779807619587028
  0.29881765193522131  0.31018321621426287  0.32069465337420722  0.33054321239690859
  0.34005082333279324  0.34867874977425883  0.35746917701159908  0.36693978551007039
  0.37781817925276540  0.39012636680267254  0.40262692396184047  0.41463389411225565
  0.42587552910249515  0.43664740305873662  0.44711951712388626  0.45767806214070944
  0.46834186684897972  0.47890288102473449  0.49012206821201137  0.50165352831498089
  0.51336869214926961  0.52602262428676627  0.53822873334694865  0.55004108881144642
  0.56020284131393028  0.56987322559291409  0.57961666708100257  0.58970385365546685
  0.59990733290850395  0.61012194563717959  0.62112484824627623  0.63141089946648943
  0.64088656662185717  0.64975694189827649  0.65889496396535496  0.66827860425991059
  0.67724330566894309  0.68685624670364775  0.69776687020796246  0.70980180842307339
  0.72271986727689053  0.73604299213035917  0.74965473416570738  0.76058299570039867
  0.77115655510283965  0.78178224101292881  0.79178426284574788  0.80188122759075720
  0.81157314226375754  0.82102628009228318  0.83117345986381208  0.84092539492819096
  0.85361638861343436  0.86379367949007380  0.87478062146455238  0.88590724872374715
  0.89735057860699652  0.90687403492681662  0.91617063492748418  0.92658532699206875
  0.93702435661002748  0.94612018475730431  0.95525858071609615  0.96434108071178004
  0.97378171235570754  0.98301261611496449  0.99167413165462237  1.00000000000000000
 -0.00218277139007427  0.00680176145694069  0.01596617082944930  0.02568103001997249
  0.03636606270974025  0.04782508812219585  0.05932494757825946  0.06996358760308839
  0.08049477059180460  0.09035138427719078  0.10020058221132754  0.11078980577415845
  0.12139153746554518  0.13210798821432010  0.14300508917852872  0.15272979324429564
  0.16178677889792248  0.17104935962392356  0.18060852358565108  0.18969835362567006
  0.19832474322655833  0.20660202710406114  0.21718534567343564  0.22789088538712410
  0.23956776320626061  0.25101805249553411  0.26156216109324276  0.27175385708878858
  0.28142106754356211  0.29143109402307343  0.30169520838559227  0.31144751723204211
  0.32025101766768205  0.32899971428614944  0.33708427295086768  0.34529959424434353
  0.35392053942434704  0.36307420049471267  0.37153264693826565  0.38106107263368361
  0.39056240145794713  0.40123243262405761  0.41234207454578414  0.42304881135976935
  0.43395664091398517  0.44545393483592344  0.45757760647675916  0.46889921213869418
  0.48084853986216930  0.49445517127439353  0.50791118890165554  0.52106584843466597
  0.53277931198239170  0.54467031726663995  0.55712911777056051  0.57073470006821436
  0.58408545966926173  0.59701452455398774  0.60890493064778617  0.61987392672897568
  0.63093248018453851  0.64214455849967067  0.65313298124771224  0.66373385190999079
  0.67407196871324437  0.68441159625800574  0.69569980803376474  0.70890338887913606
  0.72362015113149736  0.73747587411390025  0.74921339659716479  0.75952873463344006
  0.76925768510033710  0.77868587304571613  0.78839927748596761  0.79827623415659688
  0.80880644819528136  0.81985683936759024  0.82997886351553019  0.84021476892244895
  0.85051008719000942  0.86082235769033189  0.87112628666198744  0.88160989954192603
  0.89271209443439192  0.90377963519273463  0.91446646529314135  0.92491553906328938
  0.93463499380537773  0.94439976731537112  0.95413400512149293  0.96402349849181823
  0.97300289781356730  0.98178290440789473  0.99072050566680359  1.00000000000000000
 -0.00134080560793670  0.00417378551145402  0.00976564950611663  0.01541564978530980
  0.02111444230419642  0.02694378445231868  0.03297882644795099  0.03902640661730188
  0.04478600040042656  0.05049776524991447  0.05600372194646666  0.06174585764275189
  0.06737177438036597  0.07347018470827620  0.07949787135464327  0.08630904280611001
  0.09376651372172205  0.10064265470224024  0.10692074446071097  0.11299954163312832
  0.11908696700353437  0.12549417375788724  0.13258717394503117  0.14034632163094149
  0.14824004052953452  0.15557104913547612  0.16294260594458776  0.17080120029758725
  0.17927937467729160  0.18842991044250790  0.19731427296446463  0.20592773311758164
  0.21390773335758134  0.22216719745781463  0.22951760206122393  0.23768230095272214
  0.24645561466522775  0.25618471923165570  0.26639189625617593  0.27569926465191935
  0.28483924983702685  0.29441380077636603  0.30456232069944944  0.31535391348598713
  0.32644827328666870  0.33818490002880713  0.34977590203352316  0.36346293811812136
  0.37596559350162645  0.39014428156829789  0.40467942027336362  0.41818468642470735
  0.43134766578357359  0.44375456788491158  0.45661145679257048  0.47030319549043825
  0.48347931560143176  0.49722780639185776  0.51151930524972922  0.52630175288725789
  0.54063236115532898  0.55369737906870287  0.56602762972220244  0.57824238587618482
  0.58996833626033351  0.60224621595191752  0.61416859403283541  0.62732013179354063
  0.64027764451616975  0.65249937042011197  0.66423989417646601  0.67647376014797744
  0.68973879791455239  0.70407431989062497  0.71823681567831543  0.73177868244807309
  0.74579644255018152  0.76110253677657325  0.77794304480803211  0.79191067595611297
  0.80425602748618985  0.81634097929002536  0.82831227924824635  0.84065171817569462
  0.85223684883914352  0.86410984064481944  0.87714706591376335  0.89217319377035742
  0.90835064227544715  0.92349681009936024  0.93690548444462285  0.94966620283859948
  0.96333192939172863  0.97647131505418194  0.98865524296932861  1.00000000000000000
 -0.00260965623280237  0.01217071088559408  0.02288080086937868  0.03250091518316321
  0.04234321365451406  0.05292380358778501  0.06342744443381124  0.07344649688319449
  0.08388259114807090  0.09479233916633308  0.10498613921854202  0.11445706648381090
  0.12412124041258223  0.13502032003954981  0.14697469357893159  0.15924602628109250
  0.17113421256951850  0.18282201605330498  0.19380148099302483  0.20459336531411798
  0.21486140440855392  0.22416927386077298  0.23311409293672486  0.24250328461948592
  0.25261501397237079  0.26307434185399303  0.27388702091047318  0.28423417963087477
  0.29512217267601565  0.30692036801753708  0.32009825885000520  0.33336215954316512
  0.34671875385376177  0.36021365241097925  0.37302543519831871  0.38439576611500281
  0.39500274508936578  0.40567182610763147  0.41600238414778912  0.42534610465762984
  0.43456522302712325  0.44464669063864803  0.45502979438153479  0.46570268465958892
  0.47616193924562900  0.48640112137022340  0.49662773642037744  0.50704107644945751
  0.51764439693740716  0.52819772269683085  0.53858833815967788  0.54873410164748448
  0.55883284553658752  0.57013653276163345  0.58124385589032890  0.59187905428105214
  0.60210405866148942  0.61209665441546679  0.62232492691078312  0.63120998569632847
  0.63964753498014071  0.64841488620828514  0.65837336438518912  0.66838733376072290
  0.67732722627573361  0.68634065374422748  0.69611568192837880  0.70595719793334266
  0.71446066739795733  0.72261224246085642  0.73204637988505394  0.74312440844701777
  0.75447376104132102  0.76501776727534365  0.77612339678828135  0.78814878959940693
  0.79927883177099790  0.80985225076798584  0.81982587980220889  0.83008941189618557
  0.84028631861059189  0.85091265337259192  0.86138159400522007  0.87117385015934401
  0.88177636021982031  0.89269415145980435  0.90329899543957604  0.91375575957467825
  0.92474227006570331  0.93566437636591604  0.94639315864205098  0.95703516923611587
  0.96806593342812408  0.97870825905482250  0.98950553180311884  1.00000000000000000
  0.06699109069026235  0.19945752476752937  0.24383230128893338  0.26084856900759185
  0.27143802571772752  0.28054151980610781  0.28916366836933455  0.29743212740413405
  0.30477725586340254  0.31154246590915691  0.31831828629189840  0.32568412783311418
  0.33353475077943795  0.34119948708723880  0.34775068076073151  0.35412679550399856
  0.36057796012387056  0.36703684955649818  0.37434122662540775  0.38135832803582725
  0.38867113991342184  0.39567098872420781  0.40204237755484157  0.40816052065829045
  0.41433513121238946  0.42021684707563484  0.42577967847827020  0.43115849621526248
  0.43656813718078286  0.44248108391563751  0.44837791078558475  0.45421931466750692
  0.46066449911918927  0.46783882162873425  0.47520520187644455  0.48197706790520151
  0.48826811249373175  0.49459847084758346  0.50075960749456239  0.50674904983222469
  0.51273705327027075  0.51884042451235413  0.52476651013754516  0.53022990336760711
  0.53563023166364532  0.54103876606573231  0.54713690660501657  0.55302689733489208
  0.55899949008966876  0.56436766185241782  0.56988965020281690  0.57528870435264046
  0.58101327962231786  0.58709321122593849  0.59342442300959231  0.59981680268089577
  0.60576641907404349  0.61156301878108721  0.61733775444516981  0.62311527923765364
  0.62926525625063379  0.63569293697710350  0.64255431012842690  0.64916764080862344
  0.65529461062961636  0.66154793812202362  0.66798105590661239  0.67513992964352010
  0.68179297937997208  0.68818208618255905  0.69446696607865599  0.70111194245356201
  0.70814315299935349  0.71497637427302840  0.72193594944705897  0.72888330111222510
  0.73587053013650527  0.74286490848488274  0.74964132082759127  0.75661164637325073
  0.76424842041863139  0.77262158152647342  0.78158491010848730  0.79098862575703377
  0.80076235210403779  0.81019535651428620  0.81909875825251577  0.82816247074606375
  0.83957199625499856  0.85295371088529082  0.86799282900281705  0.88407542196488453
  0.90200797585354386  0.92262760780409425  0.95027713071888664  1.00000000000000000
 -0.02095893786991842  0.12619063072777079  0.16001529928606675  0.18088702112905078
  0.19805692897637897  0.21409248110222812  0.22803113804809994  0.23967919621205167
  0.25033509222825628  0.25984108102198594  0.26870550754805927  0.27709251000293139
  0.28507039497017383  0.29293938210866344  0.30012039642328781  0.30780699429785968
  0.31554660465244649  0.32345908502254916  0.33066013462770405  0.33707847371590627
  0.34366205539971634  0.35033261509122565  0.35678230943150313  0.36320041557456106
  0.36977202241195800  0.37615544197841982  0.38205864344201285  0.38763447925818484
  0.39306240190323360  0.39865177584548767  0.40372748516210100  0.40914901951737298
  0.41370572519001053  0.41824180952570583  0.42274168954070390  0.42748974268532952
  0.43258289286262774  0.43784269720966207  0.44270762803609642  0.44792505301200936
  0.45264063984759700  0.45731650213848141  0.46190648704074738  0.46685099456402418
  0.47199968864547948  0.47730764722312335  0.48249307540895192  0.48752318630978031
  0.49262076699498680  0.49793556357761148  0.50375721272996654  0.50945096124184108
  0.51505138116224669  0.52038179264041984  0.52560898721295779  0.53089060688505008
  0.53630520929559045  0.54173215442774203  0.54698448116760545  0.55242602924053763
  0.55780535370813500  0.56312815930494298  0.56845283490858634  0.57348770172792085
  0.57902356412731881  0.58478463209902221  0.59097739254108672  0.59708159897309798
  0.60284280094678511  0.60866536403190741  0.61457586401211173  0.62052131441175573
  0.62665505963618873  0.63310678064945758  0.63975776469427903  0.64725164185596640
  0.65605806216243578  0.66505930131166580  0.67421028882878231  0.68308142916692760
  0.69158434760900289  0.69971330302011436  0.70751100010222823  0.71582323515167101
  0.72482182373476778  0.73406505388674181  0.74383745693988423  0.75425788289939288
  0.76614455204671050  0.77926763232505547  0.79217072037656111  0.80617624626433426
  0.82208791254802904  0.84080793150567346  0.87311638364140143  1.00000000000000000
   1.5834614598117431E-010  -1.0000000000000000     
 T F F F T F F F F F F F F F F F F F F F F F F F F F F F F F F F T F F F T F F F F F F F F F F F F F F F F F F F F F F F F F F F T F F F T F F F F F F F F F F F F F F F F F F F F F F F F F F F T F F F T F F F F F F F F F F F F F F F F F F F F F F F F F F F T F F F T F F F F F F F F F F F F F F F F F F F F F F F F F F F T F F F T F F F F F F F F F F F F F F F F F F F F F F F F F F F T F F F T F F F F F F F F F F F F F F F F F F F F F F F F F F F T F F F T F F F F F F F F F F F F F F F F F F F F F F F F F F F T F F F T F F F F F F F F F F F F F F F F F F F F F F F F F F F T F F F T F F F F F F F F F F F F F F F F F F F F F F F F F F F T F F F T F F F F F F F F F F F F F F F F F F F F F F F F F F F T F F F T F F F F F F F F F F F F F F F F F F F F F F F F F F F T F F F T F F F F F F F F F F F F F F F F F F F F F F F F F F F T F F F T F F F F F F F F F F F F F F F F F F F F F F F F F F F T F F F T F F F F F F F F F F F F F F F F F F F F F F F F F F F T F F F T F F F F F F F F F F F F F F F F F F F F F F F F F F F
  <DiscreteSampler_grid>
  grouped_processes
  1 # 1 for a reference and 2 for a running grid.
  10 # Attribute 'min_bin_probing_points' of the grid.
  1 # Attribute 'grid_mode' of the grid. 1=='default',2=='initialization'
  0.0000000000000000 # Attribute 'small_contrib_threshold' of the grid.
  0.5000000000000000 # Attribute 'damping_power' of the grid.
 # binID   n_entries weight   weight_sqr   abs_weight
    10   10   8.524228309039088E-001   7.119512593565299E+000   8.524228309039088E-001
    11   10   8.524228309039078E-001   7.119512593565281E+000   8.524228309039078E-001
  </DiscreteSampler_grid>
