  0.00329242405354363  0.01155490203443319  0.02186222178092053  0.03166764098736519
  0.04186950478723584  0.05186541804097302  0.06199166378360753  0.07184110797291399
  0.08190107453509132  0.09221657617225759  0.10292093119000659  0.11351682617241675
  0.12405100257687618  0.13480337533239686  0.14562564037398998  0.15625353608078690
  0.16673008034292017  0.17729919102846525  0.18807428565288056  0.19860044416304651
  0.20926903111143977  0.21966385766628246  0.22990997953783182  0.23984386105238825
  0.24982066031093664  0.25992064232953582  0.27005747224648924  0.27997177851582472
  0.29001568008421585  0.30015736856828334  0.31068068387468289  0.32114166316362203
  0.33189645729954437  0.34271477184383209  0.35366395190025174  0.36426272159790102
  0.37453741351999431  0.38482240976395143  0.39511643480877429  0.40545277740912328
  0.41571919130309387  0.42610638334457362  0.43659230302613000  0.44689288300430197
  0.45707224343497688  0.46734478551750763  0.47761520258835899  0.48786923357971540
  0.49808807408858863  0.50855461525433587  0.51929468120179989  0.53001157286776701
  0.54077181220466675  0.55136000682700581  0.56191743799676241  0.57244342699145079
  0.58293043937951683  0.59329050405535699  0.60361867341862863  0.61404493780098712
  0.62440599855176571  0.63463167571819079  0.64475660115191591  0.65523930445201217
  0.66604805943318390  0.67688357155936840  0.68771325369438263  0.69807513893258721
  0.70833481877723536  0.71866027009172240  0.72926529648202920  0.74002980999233337
  0.75050605523174985  0.76097875588309638  0.77166612899113030  0.78259791830193537
  0.79346234661527626  0.80394870160790821  0.81430110701485914  0.82484420500983469
  0.83544834836977055  0.84653741238903968  0.85758606026385820  0.86866281373964560
  0.87932098414544091  0.88993576880737213  0.90048856739425187  0.91118022161350509
  0.92201287416293942  0.93284004755552741  0.94378710331712579  0.95467685563891280
  0.96580741194929376  0.97670114395162855  0.98836103304489198  1.00000000000000000
  0.00683812538882541  0.01663265293408985  0.02878881969262222  0.04085183634130998
  0.05202341891650999  0.06277012206587904  0.07349044710309181  0.08426660526803778
  0.09501354543618377  0.10566499731526091  0.11639757882043088  0.12718996177404562
  0.13781101982707550  0.14831401028135260  0.15861649899830099  0.16904741594707198
  0.17959422407125353  0.19035320121845695  0.20123130589684726  0.21214014590422098
  0.22297909476433542  0.23364001995208578  0.24423959599370898  0.25473590927267936
  0.26522138554678304  0.27578085151525022  0.28630831348970048  0.29657713080587783
  0.30672776776049293  0.31717075753501295  0.32793628345716846  0.33858192600113574
  0.34909814958334617  0.35971408041580755  0.37042941953332142  0.38109739006345250
  0.39168390108854573  0.40230378530647692  0.41281567827020338  0.42323414701437090
  0.43385355493318006  0.44475824557925359  0.45574601198665432  0.46642347972918680
  0.47685093196452977  0.48717685569638036  0.49756616677850768  0.50817839352867278
  0.51890019697524803  0.52960885419888204  0.54010448169595071  0.55053296587159317
  0.56087875704640000  0.57122044437495900  0.58164824268748516  0.59235395883823061
  0.60336455266452582  0.61460178031765866  0.62566377691787400  0.63645428150844041
  0.64716603111035353  0.65811185692661545  0.66909952216754753  0.68003680500541142
  0.69062454986374744  0.70117854302327443  0.71168499180947153  0.72203349066806832
  0.73227588724174952  0.74221216021220948  0.75232826681171761  0.76252909003929181
  0.77275547903542485  0.78295927127863940  0.79322003271067609  0.80399200297501228
  0.81465324673858797  0.82513093925879122  0.83538620257418972  0.84596230060260913
  0.85665777017432498  0.86700980824651253  0.87739519496799900  0.88750304877683839
  0.89739045193186495  0.90691990992999083  0.91635359578495645  0.92653280014007233
  0.93652245778156629  0.94662493172863571  0.95689234347404173  0.96626198143729380
  0.97570804383764753  0.98473044482522143  0.99136293805591424  1.00000000000000000
  0.00346186037481831  0.01109593068146668  0.02097435294671238  0.03055989394181511
  0.04021940761745507  0.05044054227329648  0.06085864490790856  0.07103914474613963
  0.08090435886515805  0.09126834866100007  0.10201407778712357  0.11272129072063139
  0.12330513606526936  0.13386532372083190  0.14443374437808951  0.15474950128780238
  0.16500576092521621  0.17571751179547584  0.18673413089791646  0.19782606690400736
  0.20851742108289414  0.21888095012801068  0.22905684272220003  0.23919291894694036
  0.24941729491842513  0.25972149111873005  0.27008441928792060  0.28052829399237517
  0.29091001569019243  0.30146172286250056  0.31206213567363406  0.32273465746941876
  0.33329276057419516  0.34373190597841813  0.35416151766853493  0.36455117698084727
  0.37507150239949161  0.38571785692429111  0.39643237162651257  0.40713532185984097
  0.41784345859999072  0.42830258978455815  0.43868999465868447  0.44906696551915221
  0.45959155463249995  0.47037106935900697  0.48157564113759510  0.49297547959055887
  0.50409605479830555  0.51496246646524135  0.52582641707218825  0.53670494933540858
  0.54730611975930243  0.55759485496241401  0.56786018375830050  0.57826493436827908
  0.58894646152901120  0.59961133423330171  0.61012110989670632  0.62039086921475894
  0.63076594567537625  0.64144366694003807  0.65238614354603530  0.66330935379253819
  0.67393644137280162  0.68431373778215265  0.69451955691630629  0.70458643383489095
  0.71452887470349513  0.72439728630688693  0.73442259313559421  0.74467144960200216
  0.75493276905221607  0.76514251933136801  0.77520622409022100  0.78516858075068929
  0.79505663080300026  0.80505520910952810  0.81509978999578314  0.82570229101570602
  0.83632152004035210  0.84729488046340729  0.85812897113478692  0.86896943573608942
  0.87975339842724321  0.89026129372158025  0.90060194267281279  0.91103331589701919
  0.92160503018213946  0.93226746310056152  0.94277827347045862  0.95327504442012079
  0.96416071241033230  0.97535214334910258  0.98735643362203418  1.00000000000000000
  0.00568942300513058  0.02110407985080481  0.03597977617581433  0.04858410164838760
  0.06042089442826019  0.07198758656739775  0.08309542323157268  0.09399597124680645
  0.10501227958722059  0.11600784772697198  0.12681068356226879  0.13744673785365741
  0.14818023509220865  0.15915126988959652  0.17000792893470079  0.18089744865541280
  0.19190062218021131  0.20295431714241907  0.21342610846387680  0.22337527455524836
  0.23338444624376259  0.24346622515124758  0.25371357607841855  0.26398135113942089
  0.27418309692412157  0.28437244818213520  0.29464800133462049  0.30503346430285566
  0.31526455180547835  0.32530842683300260  0.33537237728642660  0.34558866794428267
  0.35594622373733142  0.36633346985554388  0.37675616747086255  0.38712896682045622
  0.39731423349969058  0.40736612229186231  0.41750130772742094  0.42774762174442016
  0.43801367191997392  0.44823833460130263  0.45839865849275102  0.46860411264258051
  0.47912366956885133  0.48994482505227438  0.50088458259020507  0.51166827643144153
  0.52233375816369121  0.53284458332271589  0.54315222994134538  0.55340490566667189
  0.56373186543188303  0.57407336803934905  0.58445327184350748  0.59481874275898350
  0.60517722754155345  0.61548460332227717  0.62585520838373554  0.63637873726080896
  0.64706155360095341  0.65773285530827919  0.66845300536303476  0.67902484360665949
  0.68931389754912153  0.69925058323530220  0.70923086530244417  0.71948360118719146
  0.72989211208904592  0.74022757135505757  0.75058120319453714  0.76125597507425136
  0.77194618216041189  0.78262143427628439  0.79328848650424966  0.80382231159438677
  0.81404428262483131  0.82401761805122165  0.83391132538280921  0.84394962351858116
  0.85384530210690490  0.86393793111353256  0.87402514913403784  0.88430066956127318
  0.89450443524672418  0.90461446135159351  0.91472208457289084  0.92490056532563625
  0.93511958752263546  0.94530634969081895  0.95537186266982521  0.96521568763167342
  0.97464044105065128  0.98328421967844803  0.99186806417052420  1.00000000000000000
  0.00000245320760504  0.00000849100665537  0.00001341525904466  0.00001781535623628
  0.00002201869569830  0.00002610938830938  0.00003011976325344  0.00003406851041484
  0.00003797438181011  0.00004198175913184  0.00004605832324533  0.00005014900292754
  0.00005429933509946  0.00005855653266922  0.00006282750440177  0.00006717654280809
  0.00007160517887310  0.00007611989933045  0.00008076497063843  0.00008556095817536
  0.00009052816415211  0.00009561221156447  0.00010080636563847  0.00010620947941254
  0.00011184235407014  0.00011763656319411  0.00012354918370155  0.00012960556325109
  0.00013591442461593  0.00014248206769015  0.00014930153297170  0.00015684682532686
  0.00016463652789663  0.00017287504420301  0.00018143510676844  0.00019021737592615
  0.00019929364598646  0.00020854144205110  0.00021813017458924  0.00022780405099252
  0.00023772015444891  0.00024801832971209  0.00025876014904186  0.00027000293774362
  0.00028153265510207  0.00029333172812815  0.00030567163764118  0.00031867113635452
  0.00033238248191901  0.00034681515635113  0.00036178780812182  0.00037739129191452
  0.00039364880644330  0.00041060565755555  0.00042844204123041  0.00044714731971478
  0.00046649963369649  0.00048730821919212  0.00050939839176205  0.00053328996361770
  0.00055860777617012  0.00058495187366751  0.00061264667020061  0.00064107296542424
  0.00067196873741027  0.00070426195457457  0.00073958857725154  0.00077676163750132
  0.00081802160919621  0.00086208850151211  0.00091016520422976  0.00096180448912849
  0.00101765864082319  0.00107818787131152  0.00114378672505457  0.00121680929341648
  0.00129888035123221  0.00138751997499359  0.00148441161704039  0.00158924029292130
  0.00170457975446245  0.00183620337927311  0.00198797795029867  0.00216158884912602
  0.00237433871629983  0.00262915504804423  0.00292928518009467  0.00328169110920258
  0.00370775170326332  0.00428388176272879  0.00505280842900008  0.00607087428957330
  0.00748243828447877  0.01057996376934286  0.10901427159197057  1.00000000000000000
 -0.00231503623769056  0.00928761987621889  0.01946130368748753  0.03015214707531763
  0.04095082567660686  0.05167298125456412  0.06229305851936467  0.07309211570489121
  0.08410573275097327  0.09517596894557737  0.10619201955276769  0.11696341799306464
  0.12794768714991572  0.13917799420762778  0.15051358962138930  0.16178894926560422
  0.17317904728026526  0.18470047548728230  0.19612372796833236  0.20723676517698036
  0.21833646060152870  0.22928665639377904  0.24019230437327330  0.25113047357647866
  0.26176229516467908  0.27276989498651011  0.28346855884197936  0.29437841964601308
  0.30498656589584033  0.31575682615908812  0.32606434022454944  0.33652931385565321
  0.34696514929018479  0.35752570500348230  0.36798179022865413  0.37841058837243918
  0.38900070284819305  0.39939271426560613  0.40975243824349189  0.42010407750406437
  0.43043484440583440  0.44068352135021899  0.45111240226960192  0.46166959027874704
  0.47236973785589786  0.48282756106120894  0.49319061648436813  0.50359187744905654
  0.51402489570887866  0.52447452013672868  0.53482287142683282  0.54523688646772905
  0.55561125493584607  0.56589169936569350  0.57615803077541461  0.58643964949115301
  0.59690449693265935  0.60744270195072170  0.61793739692498828  0.62836012999523061
  0.63896059857085885  0.64957143557493280  0.65980669843086337  0.67008087763638224
  0.68047771058054707  0.69094974508353635  0.70129470116161907  0.71171596219959821
  0.72256699190201013  0.73320047803474453  0.74373892162191779  0.75396209964578753
  0.76416935563079236  0.77423177701551193  0.78449083020251620  0.79472686369425516
  0.80489512494009186  0.81491990961849015  0.82486256431374450  0.83513375603628948
  0.84526753864588855  0.85538497071306929  0.86557938824231140  0.87582127185486591
  0.88604414990800107  0.89610793951236567  0.90623306526468772  0.91649955354100199
  0.92693378657792880  0.93717703432788058  0.94763729727490864  0.95815669927410174
  0.96894231987814505  0.97920521858973930  0.98964744011389560  1.00000000000000000
 -0.00242822528707560  0.00947588364249031  0.01957823947550989  0.02983116135772325
  0.04025728925160903  0.05109602488922943  0.06194011090718089  0.07271829681563620
  0.08338294724107859  0.09406349299164439  0.10455999768197263  0.11494393845718684
  0.12540114841473060  0.13598947444769635  0.14666644432615875  0.15733240548844837
  0.16798727211110986  0.17876306650604720  0.18945578609350072  0.20021384648448556
  0.21058945833290896  0.22098558628895479  0.23150612138396301  0.24219191112405791
  0.25297367115501918  0.26355481708754980  0.27415840158661614  0.28458093665025608
  0.29512465595060861  0.30564263321377366  0.31631557859426351  0.32689024649984938
  0.33735595491890041  0.34775970756474545  0.35814021104055244  0.36855652649050319
  0.37878291733557412  0.38878331438186453  0.39884660437190855  0.40890822362455170
  0.41912454556476703  0.42951690861311531  0.44018649526530890  0.45100927068383884
  0.46155001870604484  0.47205695411354420  0.48281818029052515  0.49395338445360654
  0.50513384261414296  0.51615669478466619  0.52680656721048569  0.53720077217050810
  0.54747082454549134  0.55768770156014846  0.56796763294845232  0.57810931796191822
  0.58832351394826388  0.59869704693360160  0.60953959685971992  0.62039624523217651
  0.63092539507326573  0.64101625959086728  0.65134137864986519  0.66166417686586221
  0.67212874358081331  0.68257762881331496  0.69358292279920708  0.70465617045390272
  0.71552845936546650  0.72622769724662839  0.73704456778447125  0.74776873377435660
  0.75826372456547597  0.76875299509672301  0.77949841877918624  0.79040886228258989
  0.80134776923897311  0.81229448683062022  0.82313829879754585  0.83385037877968460
  0.84439189724202968  0.85475450099420314  0.86480926368758571  0.87516310856588486
  0.88557314001570464  0.89601581543670772  0.90632383575922870  0.91681844781977972
  0.92733114301670438  0.93767840181107931  0.94825201709234219  0.95887296089954566
  0.96929542316213824  0.97943888889621922  0.98971696488274907  1.00000000000000000
 -0.00248317814659430  0.00941032248033260  0.01987225002348944  0.03043838629921338
  0.04123704916138993  0.05194646472092635  0.06281066613014943  0.07332422795449410
  0.08387816838642591  0.09457066342043699  0.10512138392734802  0.11543115087510809
  0.12570360764562102  0.13615346037950390  0.14668732993590375  0.15713561558605058
  0.16747536188151041  0.17794261047716814  0.18831614309207292  0.19895087975616091
  0.20958661928083386  0.22005355407564231  0.23046651933403989  0.24066151317048295
  0.25098626784660277  0.26137236041385242  0.27194057322990423  0.28272305141567794
  0.29345578188205756  0.30423193907196350  0.31500649453370955  0.32586803672315523
  0.33678317568508953  0.34764783786972492  0.35849265049445739  0.36916399573345110
  0.37970817642349763  0.39065918748367079  0.40114562845279644  0.41129002817666721
  0.42145463638736075  0.43168504766375237  0.44205054848504199  0.45179502550137812
  0.46147359684024059  0.47156413712545708  0.48135832173093879  0.49175516375154293
  0.50223369153997832  0.51325340663218821  0.52409456652040276  0.53464225365291762
  0.54529918288071344  0.55578288526810160  0.56651829468686099  0.57724355266335370
  0.58783243015051523  0.59845980553103872  0.60911526777201053  0.61988916990986487
  0.63034793599534067  0.64050124933024744  0.65091576757344061  0.66189383261510415
  0.67300041130130284  0.68388508290659666  0.69401390968586640  0.70395731719363230
  0.71399902819603123  0.72428216770291753  0.73476432245942658  0.74523528145353746
  0.75583470518313989  0.76664485357562839  0.77726013551072670  0.78767565868800327
  0.79795675043879211  0.80840575074476173  0.81905703750156278  0.82968176821638351
  0.84021178450299627  0.85063716179439697  0.86088629657800708  0.87131366353876627
  0.88178394605000954  0.89228118258103550  0.90265930298554986  0.91303000310171645
  0.92383138419364352  0.93502579953915199  0.94601275274270014  0.95670277509441792
  0.96752482905826254  0.97825621816141661  0.98916622487329975  1.00000000000000000
 -0.00252036341004753  0.00969612823776011  0.02032268088252162  0.03133410902204634
  0.04208263027629715  0.05292756416715530  0.06392568963337616  0.07423920163254738
  0.08461916921888171  0.09515451142793564  0.10573558644346405  0.11591670202414828
  0.12586633721763085  0.13641830424833820  0.14708795413679096  0.15766486757596432
  0.16799969752434388  0.17849644010334947  0.18879300797104892  0.19934955359067863
  0.20978580719658196  0.22061983524175752  0.23135287359954659  0.24202289243683639
  0.25266374363820715  0.26304036783463580  0.27359718742965128  0.28407341992510060
  0.29453703722318830  0.30478187628339598  0.31499871684473407  0.32515898732027365
  0.33542379703989167  0.34589336309795626  0.35649487066826807  0.36724223751661467
  0.37820814926816987  0.38906311159862211  0.39962020588974739  0.40996178382336596
  0.42037655934629936  0.43095658741582898  0.44153923277712642  0.45199725949389369
  0.46233986619323514  0.47260561063158224  0.48300011984506658  0.49327952794538554
  0.50345919831616825  0.51373546983800655  0.52423160062746810  0.53495803074718196
  0.54565189021063520  0.55625672787140978  0.56683817998876840  0.57755607873943826
  0.58845204816684060  0.59953396592048169  0.61028429651627725  0.62083940446403396
  0.63103563329381096  0.64108512526074091  0.65127506451345474  0.66157927518750748
  0.67184362656326702  0.68182614335678182  0.69192507826998284  0.70231637121676715
  0.71289674680494619  0.72337330394364940  0.73402986058780662  0.74452290298962864
  0.75503235903716071  0.76502878236104732  0.77530090327974432  0.78582603408109042
  0.79647535898191502  0.80727692566842701  0.81800542682982225  0.82866693448112305
  0.83952375761052156  0.85023632377445912  0.86094625249348800  0.87131713046432524
  0.88197860618507107  0.89275294306503594  0.90336940603205496  0.91374067845985329
  0.92413710025184448  0.93476904352354262  0.94538440690173509  0.95600578122776680
  0.96670357260873874  0.97778155180362258  0.98876598743209243  1.00000000000000000
 -0.00220958261679606  0.00876905668325119  0.01840527770693334  0.02860538203368208
  0.03874421715917645  0.04879894523934869  0.05844929067044940  0.06841452336602946
  0.07846860195183387  0.08892562370476070  0.09939850030830630  0.10969102919096334
  0.11979359467844442  0.12995786547956351  0.14014399323486004  0.15060887547057061
  0.16096937102596809  0.17123952079858570  0.18136174061724813  0.19168010788352413
  0.20227887560606608  0.21288076219055335  0.22343064336492602  0.23381857986047880
  0.24423674620057695  0.25454865182463754  0.26462133133815641  0.27492524667128709
  0.28539427068393031  0.29617296246933567  0.30689756000608720  0.31749243153343171
  0.32792531892977522  0.33840166497616608  0.34864889137681182  0.35899446641505628
  0.36932071312074416  0.37974872870087134  0.39009602681304617  0.40045634849400036
  0.41067589256086778  0.42100085914040886  0.43129272469377017  0.44184947747904874
  0.45245069792120463  0.46300990962151495  0.47345335207683925  0.48351954103270500
  0.49335931480283235  0.50331298510458966  0.51324156647336849  0.52314168500621783
  0.53284949618156441  0.54274011950359147  0.55287454795946400  0.56301331973660240
  0.57331787541835633  0.58361847976743841  0.59431939296384106  0.60479742628635447
  0.61534536931601880  0.62586333254927773  0.63623309445992515  0.64653092581353866
  0.65681085036672782  0.66720375676824484  0.67771441437479263  0.68828499177660363
  0.69918803981024691  0.71015626016497491  0.72117798866090121  0.73232915732381243
  0.74365738141052828  0.75497456866876345  0.76630579593056602  0.77780969849141546
  0.78915352240953673  0.80034050328760664  0.81137726100361662  0.82256268950261424
  0.83373969155051952  0.84465036418014006  0.85565254868972329  0.86702558395891538
  0.87821731065969766  0.88921512843001449  0.90023915365301599  0.91123835113830909
  0.92208768154789200  0.93262106861017424  0.94350672536709312  0.95466897628752423
  0.96598127162277769  0.97734613059891773  0.98869310802081067  1.00000000000000000
 -0.00244991558136553  0.00955534023215615  0.01942126352375293  0.02977966258086588
  0.04004943508686007  0.05118910088844801  0.06229653124084697  0.07296307029438812
  0.08351233671323627  0.09405158529944016  0.10457583955912306  0.11519050910647630
  0.12554388386949675  0.13625394301215227  0.14679759608391729  0.15725444501003633
  0.16791130715741859  0.17872163985041950  0.18961527641362924  0.20004939647172923
  0.21053877405368679  0.22111314140002336  0.23191501270468132  0.24265697949849449
  0.25325621653189001  0.26404989360270248  0.27472159160648379  0.28550287109586797
  0.29570480998134802  0.30583659817604358  0.31583698040279318  0.32605774337375698
  0.33651240098955748  0.34715457804372774  0.35778099444145017  0.36821572717963125
  0.37851862494276739  0.38890408315374769  0.39935127758191380  0.40982657383069504
  0.42034872666315487  0.43107994997198557  0.44201223085743319  0.45294723603560522
  0.46353758000666784  0.47401149210491028  0.48455592099461792  0.49507896054877043
  0.50559761206120479  0.51606736829730815  0.52655829064224291  0.53712615169933753
  0.54766560862983249  0.55824113930292463  0.56891344029677071  0.57924982958085480
  0.58996831802041350  0.60055626040529986  0.61168576201144587  0.62245368162395232
  0.63318836730887440  0.64368356494240830  0.65421786128766157  0.66467422125110320
  0.67528893619217345  0.68566929329859660  0.69586688399263430  0.70611481153679556
  0.71654055661083205  0.72715054586740990  0.73746000452473226  0.74770748993192593
  0.75790467072703505  0.76836755843920979  0.77895023670155261  0.78929200132232680
  0.79950301242451161  0.80989841855527822  0.82032140981410306  0.83100716510642569
  0.84142618336944919  0.85176836988017501  0.86205529064863851  0.87226669690485048
  0.88286343940071088  0.89346933806843420  0.90412858894567749  0.91494406114335058
  0.92539330167879519  0.93599926694324409  0.94656730707713033  0.95759207362282872
  0.96833259262794003  0.97876682173654206  0.98925947245717938  1.00000000000000000
 -0.00231852110022413  0.00947191304908850  0.01949682383398113  0.02973127950036404
  0.03996406351141479  0.05010438004333499  0.06034790839492123  0.07068734062355941
  0.08135000235733493  0.09228231439426586  0.10310982431083612  0.11375356350535046
  0.12421913098364692  0.13487988890841168  0.14567089749407602  0.15635226395070179
  0.16683719036866929  0.17730912479680691  0.18775982360903981  0.19840879357592020
  0.20883722235059909  0.21906177955729908  0.22935190025004706  0.23969891254884909
  0.25005648298567618  0.26024139054972950  0.27040125264793141  0.28074807050383715
  0.29115914640250001  0.30161941169782908  0.31193886040106572  0.32227388266846518
  0.33266129476262091  0.34303793064696936  0.35332651252644753  0.36362995399112730
  0.37390330540362765  0.38420424303777573  0.39459262356630548  0.40531301437282474
  0.41630487965499552  0.42725483487823718  0.43819972912145333  0.44905996567307493
  0.46007178297583479  0.47107642861639576  0.48156611121943277  0.49168502274015902
  0.50179684091949206  0.51185550377903088  0.52202476172037793  0.53198602117581928
  0.54195801655475384  0.55235319636852864  0.56257985754334716  0.57321040282178737
  0.58385531745333175  0.59466770049600692  0.60529552354888805  0.61572306636452490
  0.62600305834549219  0.63636463610734106  0.64662561078407599  0.65721051625917182
  0.66787379299621219  0.67896554488218930  0.68996909920833049  0.70055383090107404
  0.71115575999384861  0.72193609888603405  0.73263161159615631  0.74323595440751111
  0.75372892625365107  0.76455044461127164  0.77540755056047850  0.78665989488689603
  0.79799009886246297  0.80904702633044989  0.81951966331233661  0.83002594767524007
  0.84013087364241612  0.85065084217853892  0.86146499048861991  0.87199315303342551
  0.88264399168894558  0.89271502250614831  0.90385981044241903  0.91500753132224766
  0.92580798706212730  0.93646478604116945  0.94681402588096353  0.95754347751554358
  0.96834149839829153  0.97868268425247551  0.98940593649099173  1.00000000000000000
 -0.00252754298776443  0.00996316528473862  0.02042733724658596  0.03107667537833332
  0.04159286520761186  0.05210634626433552  0.06272565498411971  0.07311506408512700
  0.08337183183283253  0.09360458459949872  0.10423480534268820  0.11532842163172126
  0.12599719455373978  0.13666202508829403  0.14717436746910367  0.15798753206232849
  0.16888418754395240  0.17992246713656418  0.19074652700131176  0.20112255194793519
  0.21143137095468539  0.22186120475448678  0.23243769246890464  0.24277563521693399
  0.25297150104718580  0.26322775881847754  0.27378365416960654  0.28473075389642760
  0.29551166599185852  0.30635653934875351  0.31706893452157359  0.32769108454663265
  0.33805472188959707  0.34842771833095570  0.35887284424016969  0.36959925478269068
  0.38013964758316027  0.39095859887523993  0.40170151500375167  0.41261250601880867
  0.42312387002746782  0.43360547763512741  0.44399271976046667  0.45435890355751518
  0.46477096408313445  0.47510905570590212  0.48544879904405780  0.49583076893180755
  0.50621718443864661  0.51687645398919679  0.52746351978033079  0.53823477947528220
  0.54868878918243769  0.55912557000562924  0.56943473524404620  0.57962809507431956
  0.58960571981982646  0.59921480749897760  0.60926156747421745  0.61950745999788503
  0.63027314075737517  0.64074359594886154  0.65111608069443538  0.66133633637315892
  0.67151515456453970  0.68210820873013200  0.69301185968982626  0.70390340344787083
  0.71510230324674195  0.72617134734272815  0.73701816093717631  0.74745485774617981
  0.75820076356075483  0.76883517858648376  0.77926014600690152  0.78946281433251175
  0.80015947455051006  0.81085141622511236  0.82170689514288864  0.83228334011652805
  0.84285931634598643  0.85355080380049908  0.86417336863573946  0.87511717720736482
  0.88548162694549937  0.89602644811291776  0.90575795145954829  0.91580944626483884
  0.92603628136642635  0.93632562126519436  0.94671864600918254  0.95699626956412687
  0.96770036606474075  0.97855384214472974  0.98925262616702336  1.00000000000000000
 -0.00230133549629248  0.00942778417738273  0.01956999913734243  0.02989526878080806
  0.04030481594029873  0.05039074248230498  0.06077912499119033  0.07110158200951101
  0.08167190375436882  0.09236183170003218  0.10252700478446526  0.11277352411725325
  0.12318340344094793  0.13376458624013474  0.14440680967647523  0.15489103248281372
  0.16541206762265062  0.17561272122935540  0.18577921490000762  0.19585435558625006
  0.20591558436430529  0.21577308610661247  0.22568129754870275  0.23590902456846877
  0.24659187686508843  0.25749263213544749  0.26843405027878736  0.27928957525009362
  0.28994602372168438  0.30047635000364536  0.31110890183324419  0.32169179751170995
  0.33236763215450876  0.34287604676433403  0.35346169639032415  0.36385712914246826
  0.37448100078426561  0.38507824014352965  0.39565882671851454  0.40596184768090898
  0.41631065515610249  0.42685770329374051  0.43734864491588904  0.44791031908759649
  0.45834012045275130  0.46896945231304737  0.47966210251239233  0.49020417185549847
  0.50091148931111618  0.51125155418195711  0.52175184445254608  0.53218266792349422
  0.54251342154295812  0.55302752588544979  0.56320980770616780  0.57392578252844795
  0.58451133748459372  0.59543604750806067  0.60625306894027076  0.61716403960747712
  0.62788063742337230  0.63849818195287666  0.64912298783933986  0.65974376191448991
  0.67027496333900449  0.68082660367844117  0.69134971387853739  0.70244711022775963
  0.71325413133870830  0.72416639580236730  0.73475573521839699  0.74545111070555203
  0.75580824869557650  0.76617930929343936  0.77703613005069971  0.78804640956443983
  0.79860737454835884  0.80897127135269131  0.81922970549160246  0.82995359529831236
  0.84047628179947387  0.85129407586144834  0.86218151781785712  0.87282785308220989
  0.88354612886392692  0.89383519384503196  0.90473462616888456  0.91523883152264895
  0.92582176897206092  0.93634525544369895  0.94705189430258752  0.95783310548217770
  0.96833718605145180  0.97887636369977937  0.98936574006478883  1.00000000000000000
  0.06667883877863091  0.20507954014075425  0.26337940550575273  0.28246026188444268
  0.29694661114839765  0.30966370271253585  0.32140458974826536  0.33247879126244750
  0.34277960723091888  0.35251260425004499  0.36192321959319512  0.37103497965603965
  0.37961151958683931  0.38773997615169919  0.39559041382670629  0.40331833111030013
  0.41107017761533560  0.41879774240229917  0.42640376147578790  0.43381868054394973
  0.44102049829918966  0.44807728582336687  0.45515093195690581  0.46214286120029252
  0.46892488425191425  0.47547625982785918  0.48195873592307409  0.48856721640348239
  0.49526863379370001  0.50191163832691321  0.50839463705595611  0.51475287321981189
  0.52102394295652510  0.52713029483635432  0.53310048843687019  0.53909602280920144
  0.54515141405520728  0.55119125452926299  0.55710833629327960  0.56280943489170143
  0.56857438813479066  0.57453368580729891  0.58054172861794939  0.58641026230707982
  0.59209097446984627  0.59775046281291222  0.60339736734731730  0.60907698614501327
  0.61477637868448742  0.62057968380145634  0.62642144379948339  0.63217408558828647
  0.63783531050132214  0.64341077505448052  0.64900035378999721  0.65463188282649376
  0.66036085108745568  0.66618996248990370  0.67205679770942772  0.67781628804228222
  0.68353677873704788  0.68919648555676105  0.69481146147443595  0.70040715305138446
  0.70609907035885444  0.71203487323252201  0.71811761225978377  0.72424338712428116
  0.73040175305367117  0.73658233557177832  0.74277748698900903  0.74904473565629448
  0.75554623593180081  0.76224804908660704  0.76893312838920591  0.77561215877595979
  0.78234058231578496  0.78913516395457550  0.79600983265591785  0.80309705326579617
  0.81041077577252696  0.81767221408377777  0.82492041291501517  0.83230685279784433
  0.84004901803210530  0.84818770375047503  0.85673203444896784  0.86595111364178756
  0.87536028875110072  0.88524081537708132  0.89574935100750619  0.90739216616023521
  0.92046167723387340  0.93591426143238243  0.95789578421232346  1.00000000000000000
 -0.02556782765653458  0.12230980396902953  0.15783114580375268  0.17936867297983677
  0.19627645951143297  0.21068851287381005  0.22356778472294733  0.23527369023858463
  0.24599583884004866  0.25633229068857577  0.26604160722781328  0.27513109297701360
  0.28363021399169219  0.29195189972819668  0.30013979643857069  0.30814453653809454
  0.31590195098643742  0.32328040342542314  0.33042326565742852  0.33735731133008273
  0.34404122293240941  0.35064906704265897  0.35714470570218587  0.36353513770714591
  0.36981835704326177  0.37597859508559572  0.38203759962773870  0.38798938698263252
  0.39383348523759798  0.39958347233519481  0.40526888145730566  0.41092933803593540
  0.41659755073715515  0.42230634375049764  0.42798891540257994  0.43364057140183704
  0.43918634179738220  0.44462874008499631  0.45005554014589133  0.45544628744613136
  0.46079681827559377  0.46609510751836242  0.47139235809082314  0.47673848425933030
  0.48202051543794755  0.48728905019681029  0.49248612026174970  0.49774540996669764
  0.50295947275257935  0.50816842503485782  0.51331198431019465  0.51848723871811264
  0.52374489163782900  0.52899795406282291  0.53424659083296311  0.53959781512552563
  0.54514882086453598  0.55080586473561455  0.55650137099899522  0.56228341240007829
  0.56812768655023627  0.57392260731831557  0.57960743608948395  0.58517867815926805
  0.59069860567338384  0.59628515004601079  0.60203756845343459  0.60796591971552161
  0.61399418721878141  0.61993601492596251  0.62587130442806227  0.63182284879427342
  0.63801092064627540  0.64430352430020232  0.65090365215756663  0.65749414196639744
  0.66412804360905664  0.67082786169634179  0.67769825773649350  0.68483369272138672
  0.69219491285166723  0.69985934382160808  0.70781102003747565  0.71605229886408717
  0.72455292890496892  0.73334135611017959  0.74260159464447073  0.75254458297676508
  0.76345470371958213  0.77525405690247828  0.78815554368098462  0.80293053339097031
  0.82043634391640230  0.84239922987238014  0.87797924486370782  1.00000000000000000
   4.8240977976396005E-005  -1.0000000000000000     
 T F F F T F F F F F F F F F F F F F F F F F F F F F F F F F F F T F F F T F F F F F F F F F F F F F F F F F F F F F F F F F F F T F F F T F F F F F F F F F F F F F F F F F F F F F F F F F F F T F F F T F F F F F F F F F F F F F F F F F F F F F F F F F F F T F F F T F F F F F F F F F F F F F F F F F F F F F F F F F F F T F F F T F F F F F F F F F F F F F F F F F F F F F F F F F F F T F F F T F F F F F F F F F F F F F F F F F F F F F F F F F F F T F F F T F F F F F F F F F F F F F F F F F F F F F F F F F F F F F F F F F F F F F F F F F F F F F F F F F F F F F F F F F F F F F F F F F F F F F F F F F F F F F F F F F F F F F F F F F F F F F F F F F F F F F F F F F F F F F F F F F F F F F F F F F F F F F F F F F F F F F F F F F F F F F F F F F F F F F F F F F F F F F F F F F F F F F F F F F F F F F F F F F F F F F F F F F F F F F F F F F F F F F F F F F F F F F F F F F F F F F F F F F F F F F F F F F F F F F F F F F F F F F F F F F F F F F F F F F F F F F F F F F F F F F F F F F F F F F F F F F F F F F F F F F F F
  <DiscreteSampler_grid>
  grouped_processes
  1 # 1 for a reference and 2 for a running grid.
  10 # Attribute 'min_bin_probing_points' of the grid.
  1 # Attribute 'grid_mode' of the grid. 1=='default',2=='initialization'
  0.0000000000000000 # Attribute 'small_contrib_threshold' of the grid.
  0.5000000000000000 # Attribute 'damping_power' of the grid.
 # binID   n_entries weight   weight_sqr   abs_weight
    10   10   2.768658745940273E+002   1.766681143731821E+005   2.768658745940273E+002
    16   10   2.768658745940285E+002   1.766681143731837E+005   2.768658745940285E+002
  </DiscreteSampler_grid>
