  0.00360764403100407  0.01100982070469032  0.02059653493247598  0.02987333982652837
  0.03925772757606701  0.04880806100025086  0.05878388744496453  0.06893861662539397
  0.07977301478380136  0.09053043976238667  0.10156383862627139  0.11234246296428803
  0.12308786086182653  0.13392727798519355  0.14477407542795531  0.15595486894406455
  0.16672294259017817  0.17749098051080747  0.18824386325813744  0.19845099624205229
  0.20847459238939653  0.21856340810102998  0.22875223767581818  0.23879105888666718
  0.24841335181913274  0.25890294783443957  0.26945685010140819  0.28072255346678282
  0.29199902534693145  0.30367472523814426  0.31507891959583262  0.32531749763191203
  0.33582003476788252  0.34609760355290758  0.35658330546525269  0.36668186416671050
  0.37749868386070484  0.38839522080020411  0.39876559522388788  0.40868225740853620
  0.41861298567768424  0.42925475976352745  0.43964236693842623  0.45000322327063136
  0.46043377038638567  0.47083914073637673  0.48146957473303259  0.49185363123531917
  0.50217986497349987  0.51224099309054039  0.52239857433615000  0.53233884954064759
  0.54229672803007900  0.55203343457422260  0.56176930055941887  0.57167915265864644
  0.58164024115351531  0.59168545797808381  0.60174887119678200  0.61188319104747924
  0.62172403659923325  0.63161423493336477  0.64141010962233369  0.65126703987115098
  0.66120906521306599  0.67138649442693632  0.68171330932715413  0.69217989066855967
  0.70281684455927984  0.71366680874763000  0.72457045909001216  0.73547799827072347
  0.74622969630132374  0.75699577530002526  0.76764768086556567  0.77804330858787285
  0.78816377762890166  0.79856422079080924  0.80958937751961846  0.82098777434434889
  0.83235362669134083  0.84354142976121893  0.85452188285168085  0.86557323574209477
  0.87668106326639694  0.88754393405447007  0.89817893466127707  0.90857541401463093
  0.91914852607039943  0.92972189406584937  0.94037112159572089  0.95178921584760690
  0.96344727259549201  0.97498891355320205  0.98743616572317205  1.00000000000000000
  0.00669068451953315  0.01670461874960821  0.02831736394250780  0.03975848058829493
  0.05072372945251973  0.06175495652901213  0.07304140305609483  0.08430088614213596
  0.09511349388989399  0.10591369660389660  0.11654563583937844  0.12711038763226529
  0.13737572964433242  0.14757855863396829  0.15760358519553971  0.16743583669975026
  0.17763419555830717  0.18832139698224570  0.19941979057546746  0.21020685392271082
  0.22093480851273878  0.23163340824150244  0.24252301484429395  0.25309341707286803
  0.26357737827678701  0.27392129304241442  0.28422484928958669  0.29423434562707179
  0.30433056123486674  0.31450029283781872  0.32489599211372439  0.33504880598840109
  0.34547941219591344  0.35636748223932341  0.36755813724434205  0.37842129265691188
  0.38946990105047991  0.40053368105842363  0.41151245835404182  0.42283838128087925
  0.43456687793222681  0.44545949408044283  0.45582866251532672  0.46597861430939802
  0.47629926992700095  0.48678225000979497  0.49690244386225640  0.50714269398631573
  0.51732236142670029  0.52775283308530951  0.53799424116358763  0.54800575159095177
  0.55773458347441196  0.56746251375957246  0.57787584180666662  0.58806202430334720
  0.59814980472407142  0.60813261465062107  0.61814629633556972  0.62816142460994207
  0.63843492780394084  0.64904769537404650  0.66012270569954123  0.67138035514319061
  0.68263342512690095  0.69352192219247089  0.70403872177787341  0.71483953349657936
  0.72557231149794821  0.73611602152594580  0.74664760217993720  0.75750597748085324
  0.76872716419947207  0.77964806797626363  0.79071655743195268  0.80116002261776842
  0.81179908679183632  0.82224380910534711  0.83257706081260319  0.84266117339423152
  0.85220819470081710  0.86243457383788269  0.87288699959748761  0.88367547274518699
  0.89455121699774331  0.90508010110912829  0.91564581077921059  0.92595043061231730
  0.93647539858954276  0.94699515426135528  0.95743915604363727  0.96642631371339949
  0.97548287382588150  0.98438581468565789  0.99137629002843553  1.00000000000000000
  0.00319220327881987  0.01206227304108381  0.02209736150757559  0.03212638679037209
  0.04192674981199338  0.05204489986751976  0.06252502608085085  0.07345686641545260
  0.08392729144118918  0.09421269497249060  0.10473938780620010  0.11513672743609568
  0.12589034108036093  0.13645875081684278  0.14750775150395570  0.15822539598496707
  0.16870014580769985  0.17874020633741100  0.18900546270263938  0.19985836311641156
  0.21070908603003546  0.22121553702803087  0.23176704726819297  0.24235435743579362
  0.25280637442220844  0.26308539440305090  0.27341214702961913  0.28371658432423114
  0.29369226502867529  0.30347007432122097  0.31359963917532685  0.32387564333725727
  0.33395303888714689  0.34400750842508721  0.35429100115010681  0.36486732957917362
  0.37542411636834072  0.38598736060354372  0.39659717914983672  0.40703015358289474
  0.41734995115211959  0.42810663071925831  0.43911569005433571  0.45027522219428129
  0.46125874853569721  0.47217025988358596  0.48306166800334438  0.49360875019162426
  0.50397408101544472  0.51413196558782470  0.52443094322575856  0.53485831191857058
  0.54512404584902430  0.55526481399263727  0.56534480374994478  0.57538675559551389
  0.58547717744863648  0.59550120548034280  0.60541429980065797  0.61537610998146330
  0.62521995290250931  0.63486982724260743  0.64500317633396453  0.65531265969579022
  0.66518396094090226  0.67492331866010036  0.68520950462489094  0.69631942880134190
  0.70768716158087919  0.71884297564588207  0.72958549406967588  0.73966451394614718
  0.74946289321026682  0.76003698702782185  0.77059579336958084  0.78120666313559228
  0.79171654428904248  0.80255875189501547  0.81337755353128616  0.82409021447004860
  0.83495185924217241  0.84580913292646076  0.85655998775858333  0.86663304211084502
  0.87656657731758203  0.88672480260538888  0.89714707647885761  0.90796196999469103
  0.91888704446778191  0.93027940745708715  0.94140101503467866  0.95257708359902349
  0.96370193629390155  0.97501522734769519  0.98718597865853330  1.00000000000000000
  0.00555557756972555  0.02145841411614084  0.03628002158623483  0.04887582586335843
  0.06064931038019025  0.07182953428153670  0.08243359455960626  0.09281483810483497
  0.10323355628884989  0.11372947101244039  0.12424002591981295  0.13457278494273334
  0.14490760849656975  0.15540333233207462  0.16596050162816492  0.17647296162481965
  0.18674232497703083  0.19674574544142320  0.20658895860656284  0.21669360368901477
  0.22717067876669683  0.23773467378967844  0.24810919702716311  0.25855779219541958
  0.26944105669483215  0.28068918787988795  0.29170441206928610  0.30213510052249998
  0.31227081456170774  0.32249245407442534  0.33281167218616875  0.34316960938682506
  0.35361598542913691  0.36415865678023474  0.37456207165579081  0.38459687815473498
  0.39463935382578458  0.40499701096555790  0.41561790217527578  0.42627212821312366
  0.43678802328972050  0.44737355137000889  0.45798106547715611  0.46835988128150224
  0.47849749613554421  0.48865733833164682  0.49882010013057665  0.50895359255086736
  0.51917072521460217  0.52984583273937425  0.54079175671826896  0.55154429823943230
  0.56214218174198527  0.57290187557319960  0.58370580568414454  0.59451186276048007
  0.60523509415032339  0.61583357280189110  0.62634463855883904  0.63669284179480257
  0.64696681231806519  0.65734169500980055  0.66789146078107053  0.67821795296112219
  0.68852922819891438  0.69918416552171125  0.71011014585399335  0.72062034431166999
  0.73057621814398099  0.74049968646984698  0.75048710704116661  0.76058254534097747
  0.77069591263128734  0.78090035767787225  0.79076666431278686  0.80067976676583130
  0.81090424922636695  0.82181017786703903  0.83308296926346859  0.84404704795120944
  0.85448147144177500  0.86543667448727502  0.87650248405030251  0.88765519823798789
  0.89829825232369021  0.90822197072303856  0.91814295775804267  0.92764613948980712
  0.93771449985451638  0.94742752402127561  0.95712788131812532  0.96639714883589123
  0.97549076478330987  0.98386114809705449  0.99170521971791181  1.00000000000000000
 -0.00016704701274537  0.00159359306103867  0.00422222815261063  0.00770574036119996
  0.01192966390687103  0.01660629241509126  0.02150934982416231  0.02739322681528571
  0.03364167695490052  0.03999286714424945  0.04674759687985816  0.05397020220911548
  0.06156751787377075  0.06912888890517009  0.07660719865832226  0.08435468343652502
  0.09240662876311115  0.10086673468389229  0.10944530097360324  0.11801386924582005
  0.12646861399480511  0.13487315199846950  0.14348842196493369  0.15245941732640617
  0.16179758067244207  0.17117413652513105  0.18054919617993798  0.18997515834687523
  0.19945633742418825  0.20932045914852154  0.21949137728616691  0.22986704128857369
  0.24025679416234583  0.25072587755556863  0.26136389831398871  0.27211116725726620
  0.28278919363200400  0.29362253299585378  0.30477295095373275  0.31615506527938059
  0.32733357898044219  0.33866753016707751  0.35018107115298042  0.36170023835517157
  0.37312427656018110  0.38433868971479118  0.39550325109625839  0.40666940630397758
  0.41776837313933335  0.42876098206916197  0.43951870069827004  0.45026988158241876
  0.46136587227536308  0.47263974890403421  0.48394834188747282  0.49532768872857547
  0.50692566783411253  0.51854292485258757  0.52994459539445737  0.54153409327678514
  0.55330146276183434  0.56519530060118561  0.57728406490737350  0.58940152450005834
  0.60148219728198926  0.61357235745349992  0.62571402477793869  0.63794434920451371
  0.65015115264877144  0.66199581871349966  0.67364337826420795  0.68554563186132589
  0.69762367450819873  0.71001469842891585  0.72272476360994398  0.73557595177498103
  0.74833232812153583  0.76094424524402182  0.77374339559325800  0.78740442603686367
  0.80085927196371809  0.81417447027118606  0.82722082543204578  0.84022608320077385
  0.85331154276981691  0.86651039268156738  0.87991880877835615  0.89314747584942411
  0.90638394912195097  0.91971496168022115  0.93303601800403491  0.94644127731480521
  0.95994254247724387  0.97343272722306617  0.98682967671250488  1.00000000000000000
 -0.00196595763047006  0.00792892968230401  0.01713139690375193  0.02742622688864120
  0.03797253486053889  0.04863605225009381  0.05928123394193253  0.07046010841499871
  0.08218300733241586  0.09358273349196736  0.10502277796734964  0.11539583762651164
  0.12555343684954653  0.13569781106417164  0.14659850293163176  0.15721228355477798
  0.16793704708292595  0.17881107530372131  0.18980386255388865  0.20042438755098763
  0.21070579710562229  0.22108529753832981  0.23139823362619663  0.24135423471189166
  0.25124400276993730  0.26134942725158633  0.27153239505128801  0.28176601562767878
  0.29226714884218696  0.30308527098512633  0.31404651509997339  0.32475699221365928
  0.33565393810096394  0.34667486330261110  0.35727503274774741  0.36745506732848549
  0.37736759999925101  0.38770393385282759  0.39829228103985681  0.40883339222332693
  0.41908628845635515  0.42959036166985931  0.44024159251399381  0.45079804823481234
  0.46090530736169510  0.47104087425974178  0.48135710465877563  0.49181302748098177
  0.50246721279126660  0.51359696170089020  0.52469764051973022  0.53541794564339884
  0.54577326496656131  0.55613549240025351  0.56623807703616424  0.57646940971568905
  0.58720434026551183  0.59842483144277414  0.60948868373038378  0.62026783834973631
  0.63112101877876614  0.64186822541065391  0.65233332682096690  0.66293482381998670
  0.67333535057162008  0.68376386520104404  0.69447817649805976  0.70497214802826813
  0.71513634426231898  0.72505419521104819  0.73518004425924943  0.74526766222790197
  0.75543324012957713  0.76573096895300463  0.77643345864806934  0.78722069151193785
  0.79807304301244630  0.80881450254098541  0.81949363632686079  0.82998883388835720
  0.84051857543381492  0.85113566111551819  0.86208713281482319  0.87303417545282258
  0.88321674641459269  0.89332038199303665  0.90347374484304022  0.91376937353368093
  0.92423607300384591  0.93478368460130667  0.94534711869534349  0.95604020400293144
  0.96665130997009718  0.97748392607635459  0.98876910172751475  1.00000000000000000
 -0.00285904020128571  0.01092741961340014  0.02178628602261597  0.03277418193026136
  0.04346297147705376  0.05448652786936517  0.06493805974408831  0.07546732779301102
  0.08614837660493904  0.09714194353368359  0.10794467269012810  0.11852439033388804
  0.12943462098824471  0.14047999604448030  0.15132407499109052  0.16162588019757396
  0.17152307780647896  0.18128933037185693  0.19135296277602840  0.20180015042169494
  0.21284643763749320  0.22401960110890076  0.23492238624171777  0.24558972669490675
  0.25612863712709405  0.26674247125014466  0.27718950153071309  0.28760089504512382
  0.29812039979832416  0.30861265325065829  0.31893078396238073  0.32949216818891758
  0.34058887232472407  0.35210447896275426  0.36360393849005934  0.37456582465198135
  0.38506632535016211  0.39559762344995497  0.40633575935042893  0.41689552584700879
  0.42726556627148771  0.43798997642737608  0.44927244155660878  0.46065701859280933
  0.47175147867170275  0.48258353444729868  0.49343432615022453  0.50428760972664843
  0.51520365469432905  0.52600324879007920  0.53666458226206626  0.54726962020812209
  0.55785940173124127  0.56831562569431748  0.57856475599631940  0.58872899114534083
  0.59872919754979836  0.60878912832555976  0.61896262398219049  0.62940875624816539
  0.63998260469295809  0.65071719933282135  0.66175070894106758  0.67312469395872143
  0.68450397103021887  0.69568802581525235  0.70669511771317373  0.71757405020139164
  0.72822655890372057  0.73843622076725390  0.74846409952982451  0.75881497551956434
  0.76951617931634564  0.78056302339745753  0.79159245551129276  0.80225287251490240
  0.81250629419499865  0.82248102841259274  0.83235996846716820  0.84242130008310656
  0.85274738373098047  0.86322748849526199  0.87349568563093982  0.88367999278587961
  0.89385475826190208  0.90387509135838762  0.91354533500260715  0.92307231570520620
  0.93249826536131919  0.94200884905148763  0.95109827670652292  0.96030991595630644
  0.96948999239014710  0.97929646977603368  0.98931008332806658  1.00000000000000000
 -0.00249816461118864  0.00968313740699941  0.01954444323439719  0.03023488264184639
  0.04078894306158246  0.05199564892009777  0.06257440797649048  0.07255326244632444
  0.08234644225632221  0.09223616667616219  0.10245513115240390  0.11295234143657268
  0.12380232239304824  0.13497296857674435  0.14614674380757700  0.15680905490408226
  0.16724506314980220  0.17760286814836215  0.18776393363574465  0.19817350823118490
  0.20830431460652457  0.21892790669175052  0.23008410721661574  0.24162041007378174
  0.25284442324135925  0.26348403857431407  0.27429857567384103  0.28525727029408032
  0.29659261313307128  0.30805554014706815  0.31958384225305891  0.33074480451187460
  0.34131170279759976  0.35135607877620340  0.36121609306232272  0.37109576879417339
  0.38121586810484648  0.39141078218500008  0.40159834428966007  0.41190037624057030
  0.42210930223038562  0.43221921048321887  0.44224006130647414  0.45299830914259909
  0.46301477471800018  0.47263147473534800  0.48200310593063633  0.49165324586654735
  0.50179407589020486  0.51175213526299657  0.52157333420769336  0.53147612417439927
  0.54155658480071600  0.55188357173366764  0.56203827284199481  0.57189348962061837
  0.58181872067978901  0.59224878910943668  0.60295682237145365  0.61360227205867979
  0.62416197037925214  0.63456244310053178  0.64480674130086801  0.65491379441984787
  0.66492763273982214  0.67498639160833596  0.68525632424723437  0.69583984815337763
  0.70655369538350188  0.71730511028209176  0.72808863072837515  0.73901789449457911
  0.74995015674758103  0.76076211243825287  0.77163601171022356  0.78258242273329637
  0.79332522113322579  0.80391875639646204  0.81468979929685803  0.82580207028340902
  0.83710297656540067  0.84830921323154884  0.85932405871766360  0.87036858634523018
  0.88134033951042423  0.89259494005643858  0.90404031780749972  0.91558851769894645
  0.92686894518326501  0.93780121220836676  0.94777357100391912  0.95785227338367873
  0.96836872671399976  0.97880632310554716  0.98921039678409151  1.00000000000000000
 -0.00284776943601392  0.01022558327342258  0.02252894539089199  0.03429216219779083
  0.04591417946099901  0.05729786107534460  0.06868113536752507  0.08011811322533466
  0.09149054742866969  0.10269035375705426  0.11370122121859079  0.12441970576003682
  0.13490096810029026  0.14552399173862018  0.15650470411568401  0.16747168877792992
  0.17808052644660163  0.18845688568354590  0.19894477621727211  0.20946625318085313
  0.21969477484595529  0.22973945947566185  0.23995110951665466  0.25042656157861942
  0.26115391355956236  0.27203990146012363  0.28308051298387649  0.29437152025163438
  0.30561477990750785  0.31621177285641411  0.32606645645446375  0.33566116541597035
  0.34514699093087592  0.35456462447300185  0.36402428694175443  0.37387823545955873
  0.38441032752389648  0.39504201016214108  0.40553304727239614  0.41595592615692034
  0.42641444881895618  0.43701590527937711  0.44761249535854197  0.45812803767057642
  0.46855880491899826  0.47894178277670241  0.48927962065045061  0.49969141821454133
  0.50982490519916324  0.51965177400859086  0.52918172753762716  0.53877729850624489
  0.54899828655728178  0.55955780198821892  0.57071645970852058  0.58168879234106341
  0.59235934314342342  0.60272321656394590  0.61296139745245315  0.62345609039194905
  0.63401060396960496  0.64433969083610887  0.65477524087976136  0.66534762350956178
  0.67598102779757785  0.68676189913106156  0.69753130520153250  0.70836353668153262
  0.71899325317356066  0.72945275462358661  0.73969547614983644  0.75018916217873044
  0.76094252239158267  0.77178978026930545  0.78245302363908975  0.79301335342819479
  0.80357652376614419  0.81387896763680379  0.82374031128203185  0.83359947614980789
  0.84395265737066705  0.85442232924730688  0.86472187057281058  0.87494609856653371
  0.88557722053418830  0.89614651883266883  0.90653112860739893  0.91667643623554995
  0.92781920607803225  0.93874715443861190  0.94931094531154314  0.95925058683229747
  0.96958851464717133  0.97969903198183217  0.98980677306483689  1.00000000000000000
 -0.00244028453864010  0.00938307132660405  0.01907966494302632  0.02911533771168432
  0.03937122738906752  0.04952953279867661  0.05974846430821369  0.06960273839392618
  0.07979320571847966  0.08939332009053623  0.09921393788874464  0.10981836952554679
  0.12141222984879863  0.13304990627244262  0.14411221157318213  0.15467647546705893
  0.16511738550662611  0.17554127362143077  0.18589845418193113  0.19648636400268091
  0.20701188172526716  0.21811631537447596  0.22899726191952188  0.23945473765228864
  0.24943615057469273  0.25948190901666118  0.26957183702791482  0.27953279569342987
  0.28955940966779953  0.29972074168776769  0.30992577291006329  0.32040105378677253
  0.33095818045363296  0.34153378922118055  0.35193825025533415  0.36276508361075488
  0.37360250270871181  0.38403326956240214  0.39440632001695641  0.40487774175052199
  0.41527242202532944  0.42567296947229277  0.43599609138293005  0.44663719226644066
  0.45719256176942569  0.46768528422640765  0.47812139234737727  0.48856099925033919
  0.49920628633364594  0.50987354279620289  0.52065433130286631  0.53149335363566486
  0.54229126184941157  0.55311080700999904  0.56406350865320998  0.57493108991941688
  0.58553168375573628  0.59597014411708604  0.60673855628139683  0.61745601647507742
  0.62796167974252703  0.63817723092368406  0.64856350728842171  0.65919103937920787
  0.66965847044239402  0.68008761737685752  0.69048691372371318  0.70070157305000602
  0.71082381319894705  0.72105591572364935  0.73180551530276317  0.74294380557851702
  0.75413133092425344  0.76518210674127396  0.77608235459415564  0.78708403550515760
  0.79796707498963393  0.80872029621013641  0.81976673106320330  0.83105658751102507
  0.84183748947001547  0.85242273685060599  0.86305650372621034  0.87378161566460966
  0.88400786230352379  0.89424430606494087  0.90462898504478784  0.91516683431953949
  0.92554675897166316  0.93609667201847180  0.94632055733407305  0.95660493324799212
  0.96684058301393039  0.97746867111422553  0.98830571303690529  1.00000000000000000
 -0.00209684725239377  0.00879990131245813  0.01813518882308370  0.02814511854899601
  0.03814456001637538  0.04815704439373729  0.05797899032456921  0.06795489027342373
  0.07856523325139338  0.08936415583648341  0.10053788966425627  0.11145624667016504
  0.12177590657018998  0.13218911579769613  0.14253108915832735  0.15308269171785252
  0.16320992760867939  0.17350991786587641  0.18347309111565818  0.19356140997327195
  0.20357236101787554  0.21373903961831778  0.22411092612770503  0.23469462081836148
  0.24548468057428594  0.25628177917010647  0.26716519189919058  0.27830248343359626
  0.28962919799932718  0.30052218517844431  0.31086478621753683  0.32107395453310333
  0.33110427073873455  0.34150567021980793  0.35200601694448913  0.36290815786607650
  0.37387263362036588  0.38470175362867193  0.39558145950308193  0.40688639589198766
  0.41846760823967349  0.42968450203604608  0.44038209566134995  0.45108948005207516
  0.46157864501053675  0.47204094974614208  0.48292599720784091  0.49427059390310318
  0.50558536089213468  0.51621462988747480  0.52658068594943952  0.53705219058648102
  0.54763088652114256  0.55802067472696104  0.56837344953259394  0.57877721200638810
  0.58964104565452868  0.60056543869608137  0.61159074759960852  0.62236066900700515
  0.63267770046631566  0.64303018865058070  0.65363729080673860  0.66441889190631820
  0.67508852442655898  0.68535018084416910  0.69546709779305949  0.70561136411913372
  0.71559837113392810  0.72588378326754732  0.73609191615625347  0.74605780962854829
  0.75599954902251143  0.76607969215181104  0.77649353537436860  0.78651639610239699
  0.79667576359358139  0.80687363807424706  0.81725651891289397  0.82775039424212560
  0.83854692479361670  0.84981074061471507  0.86108285517224781  0.87218149242310350
  0.88304062441405562  0.89370557224374492  0.90481308649233472  0.91598733052196812
  0.92644299769503180  0.93693109794537188  0.94735178095185935  0.95795686570433625
  0.96840238853851857  0.97891152355715705  0.98941801294734388  1.00000000000000000
 -0.00222166083025724  0.00871482291371429  0.01849146194078928  0.02963026888602166
  0.04074238064116790  0.05183019797299983  0.06266031714293581  0.07374882804979911
  0.08466107086794886  0.09514810680008479  0.10554610164153447  0.11603861244723232
  0.12675407186366805  0.13721071166626592  0.14768575047634616  0.15794918342696670
  0.16851119134724804  0.17865981153969643  0.18897912707429612  0.19933798238755709
  0.20977598038859313  0.22013715568907222  0.23081580653767889  0.24153258157850535
  0.25230252540252718  0.26263130014078634  0.27288793489918917  0.28329577765199004
  0.29409949392566320  0.30522775836196891  0.31603623063516501  0.32643500555581789
  0.33686916539543488  0.34778060875982308  0.35872895904912572  0.36916617456608147
  0.37989229271306207  0.39060310859437586  0.40109687452612192  0.41129613150306943
  0.42123611197665045  0.43125087580413196  0.44132620281702961  0.45197545452275745
  0.46252356061874256  0.47322384070849133  0.48401361661354819  0.49493260475091433
  0.50551443674324104  0.51605022953832291  0.52668255042899004  0.53782747378074003
  0.54839172788587942  0.55854791190972863  0.56818480415060768  0.57769127055699032
  0.58743442246109157  0.59728718932383829  0.60774400668452977  0.61830669068708355
  0.62913396618977591  0.63986666228774713  0.65068169039499779  0.66160378777135675
  0.67264794913376180  0.68393779952561784  0.69520671753459085  0.70653744227935877
  0.71760209507140105  0.72877760393762225  0.73981844971800492  0.75094017298979832
  0.76225965686855079  0.77361108824775304  0.78465348714874650  0.79512378636008851
  0.80520701384091786  0.81541785391046007  0.82590431849876522  0.83641017850778820
  0.84677854914711004  0.85717932612718073  0.86778161927861819  0.87852669872066802
  0.88926842838433506  0.89969106863324022  0.90968880472854829  0.91987640671337423
  0.93044531136624942  0.94067996858817182  0.95026142510108713  0.95981798751712122
  0.96990042479417871  0.97995320842977029  0.99004116698778832  1.00000000000000000
 -0.00201026196030688  0.00756384538427861  0.01620947392547516  0.02505954111882222
  0.03421841301897873  0.04380350313830735  0.05342321374885767  0.06306320078524769
  0.07258251329875995  0.08226472838100685  0.09226182260636832  0.10222800716486066
  0.11210612432608667  0.12179369816592003  0.13149376160020795  0.14134122787523495
  0.15142655696257962  0.16191975386938418  0.17265319806946897  0.18363936318311336
  0.19407411428000984  0.20437984364474759  0.21422999043446561  0.22399878771355181
  0.23407908153935603  0.24470792076964676  0.25564761742528680  0.26660992850988324
  0.27750658986061766  0.28825622890393077  0.29968689754580846  0.31085010548166381
  0.32177614929654957  0.33260039296697969  0.34449274794940521  0.35603852492382038
  0.36713989905010291  0.37799287233387574  0.38856420916185386  0.39981315754845298
  0.41162488775440237  0.42415215147526408  0.43624922489540474  0.44811772605704775
  0.45996134669239264  0.47160852110878854  0.48337930442326815  0.49532352547793951
  0.50726500319003687  0.51935690704878545  0.53115523956030064  0.54247903840848366
  0.55351014327678960  0.56438528144130262  0.57559141437539862  0.58715138936817235
  0.59905019597667020  0.61106526702356467  0.62284752371811847  0.63425249859610622
  0.64554010786709415  0.65624555456534772  0.66688933864360544  0.67732966011592921
  0.68806739762268243  0.69873007934500997  0.70961994261908867  0.72036668453859609
  0.73076603989609767  0.74120481367376889  0.75189501442373052  0.76277164642693829
  0.77354595955996930  0.78402314985205168  0.79467271234444359  0.80541573316463466
  0.81572106591282412  0.82561925391576130  0.83575063748194200  0.84635876049928904
  0.85672610143021921  0.86653049365813162  0.87610044831416467  0.88572429243922857
  0.89549849544518678  0.90530824235937613  0.91485098931460695  0.92447417968194823
  0.93397828772918912  0.94358523909146264  0.95325584614187620  0.96278542901047048
  0.97220795622730416  0.98142194448783815  0.99068664376199445  1.00000000000000000
 -0.00248078208046107  0.00945537565458444  0.01939623051369592  0.02946507568086493
  0.03952864814474515  0.05018692930317609  0.06018850944194646  0.07136040819087663
  0.08233993335288227  0.09387179847738104  0.10562635645319267  0.11739725934951808
  0.12880231446427268  0.13979636694707945  0.15057145671236885  0.16113307961031967
  0.17151414990773672  0.18163788006904344  0.19141303620209330  0.20098257543015705
  0.21075189949345016  0.22083224358597336  0.23091979633538987  0.24078141390500052
  0.25063743294499347  0.26109179848089076  0.27162995895308251  0.28195377372191216
  0.29208978567480443  0.30209608165895829  0.31198433854731022  0.32212387857618707
  0.33219780694876355  0.34262203680796011  0.35272571389603141  0.36352774192673865
  0.37467132589587704  0.38526793700273271  0.39617819157273887  0.40677223313028665
  0.41708356730563284  0.42739909372788759  0.43759428173695047  0.44816061416537556
  0.45871544302185074  0.46953826159855511  0.48054413397065848  0.49099996095815518
  0.50110910828222843  0.51109014125172758  0.52119239804815809  0.53113314258404398
  0.54096245935142306  0.55104938638495837  0.56123964350713429  0.57193442284808416
  0.58265940258678528  0.59350597807286742  0.60448264017003794  0.61552771669909090
  0.62645024362135626  0.63674800969301215  0.64651244270332564  0.65615719364329428
  0.66601984758447541  0.67646207379180090  0.68750676935210098  0.69907728736892449
  0.71065501161047351  0.72208563850892882  0.73327615437229765  0.74414683199931264
  0.75465228154573316  0.76486745386874633  0.77503978228948955  0.78546821853584647
  0.79610302658756316  0.80702353357507028  0.81835995795446226  0.82974403103657579
  0.84071256730148114  0.85125740673560280  0.86191865563877534  0.87271464819681033
  0.88369008951052352  0.89475611910418229  0.90567544838969671  0.91659435110660303
  0.92733133215071295  0.93810946011455398  0.94856637145245060  0.95934398462094617
  0.96985173837482652  0.98049415639951132  0.98994056315345369  1.00000000000000000
  0.05807950010851061  0.23047785960973374  0.25841757014679673  0.27209732109045282
  0.28271615309384268  0.29215569658807150  0.30087142653588850  0.30913231695145521
  0.31696759394456414  0.32436527299658235  0.33154598536262514  0.33856188081934030
  0.34535359346968519  0.35193013878912627  0.35834730567259521  0.36465649384296700
  0.37099985350685288  0.37737176794254956  0.38375115114073155  0.39013658449296967
  0.39649674126242568  0.40278146567821849  0.40906826713770555  0.41532797957131601
  0.42131826185664928  0.42711581568360046  0.43294135918746707  0.43873506185345507
  0.44459434957581856  0.45035389413968530  0.45600265066794715  0.46164809987129307
  0.46731293465227774  0.47298766619006000  0.47863972561415397  0.48433391517284735
  0.49004089181655319  0.49556597948068332  0.50100916417309582  0.50636997703609021
  0.51192458332733093  0.51781072819856211  0.52367826967664399  0.52948018312667544
  0.53519318700211671  0.54092386172431295  0.54668561149058081  0.55252531372703384
  0.55843280375802529  0.56441808300057505  0.57058047750304330  0.57685202575918182
  0.58311659727555509  0.58934216142487772  0.59551595783297739  0.60164348197816997
  0.60772995519404571  0.61375278399928479  0.61970502083896528  0.62576917282399891
  0.63191714021778134  0.63810280506872785  0.64443926017685427  0.65083166039380647
  0.65728290533121236  0.66381769636017840  0.67053394442012260  0.67761874587142434
  0.68469602658000850  0.69195501884670096  0.69959854362043961  0.70736236117521256
  0.71519735267055429  0.72305644976620675  0.73084794060872571  0.73865723941811878
  0.74648188648009284  0.75417772296781793  0.76179944722979664  0.76950010378733946
  0.77724846505515166  0.78517327336863985  0.79359072201004044  0.80283064633869916
  0.81201343211951182  0.82177645559470380  0.83202504039555913  0.84329067825952497
  0.85509335266631048  0.86711083649951148  0.87959803802021452  0.89287971989156567
  0.90838632863946045  0.92798322762921104  0.95482684088516967  1.00000000000000000
 -0.03119263225927242  0.15470545850335624  0.20139488941522360  0.23279362276917431
  0.25712687240855076  0.27765214882082567  0.29542469596308940  0.31138246066960218
  0.32613779369450568  0.33946108500816813  0.35184326972250135  0.36368022384022675
  0.37485354894977030  0.38562619613585902  0.39615769413561663  0.40685538636324153
  0.41716768807435656  0.42714760400216023  0.43715874739220267  0.44666145971577342
  0.45574160290914112  0.46414781810089012  0.47227210586451807  0.48029866724773307
  0.48833308878461201  0.49617200125196154  0.50373225205556738  0.51088666497113533
  0.51788006259006958  0.52481722827681898  0.53175474363178310  0.53855408884911926
  0.54527238812150158  0.55193366318477299  0.55843780634199491  0.56490575051842462
  0.57124758957241251  0.57768098210797547  0.58365263534790068  0.58930800115538240
  0.59479280926747691  0.60016226672354933  0.60546736527532652  0.61077714677047612
  0.61612802195512661  0.62149968201499661  0.62687478433492283  0.63220185212736302
  0.63749571641707781  0.64277352996619552  0.64797337644165987  0.65308691101067196
  0.65814869168572454  0.66314442762153070  0.66824819308454464  0.67332056601128332
  0.67843437986903288  0.68346279568456414  0.68837948420968553  0.69315975479299063
  0.69793917077301204  0.70282327549002110  0.70779883397953391  0.71294417208690786
  0.71798791346907265  0.72292784034750890  0.72787392740223333  0.73274624068510164
  0.73758222877800084  0.74250336166806785  0.74748390594341640  0.75246990123768143
  0.75772015988678643  0.76288282602873969  0.76824601686811445  0.77358947206318918
  0.77903212362821783  0.78451014514262396  0.79002275812657252  0.79564265917080546
  0.80141029294101962  0.80735169266374451  0.81346027550385014  0.81978041379244670
  0.82637585965321148  0.83309162891963484  0.83985290986631767  0.84674940647720442
  0.85408629672819047  0.86239638085044890  0.87147713674908822  0.88184387082330662
  0.89381438288580328  0.90928296819609644  0.93466416603237623  1.00000000000000000
   7.8136803649989260E-006  -1.0000000000000000     
 T F F F T F F F F F F F F F F F F F F F F F F F F F F F F F F F T F F F T F F F F F F F F F F F F F F F F F F F F F F F F F F F F F F F F F F F F F F F F F F F F F F F F F F F F F F F F F F F F F F F F F F F F F F F F F F F F F F F F F F F F F F F F F F F F F F F F F F F F F F F F F F F F F F F F F F F F F F F F F F F F F F F F F F F F F F F F F F F F F F F F F F F F F F F F F F F T F F F T F F F F F F F F F F F F F F F F F F F F F F F F F F F T F F F T F F F F F F F F F F F F F F F F F F F F F F F F F F F T F F F T F F F F F F F F F F F F F F F F F F F F F F F F F F F T F F F T F F F F F F F F F F F F F F F F F F F F F F F F F F F F F F F F F F F F F F F F F F F F F F F F F F F F F F F F F F F F F F F F F F F F F F F F F F F F F F F F F F F F F F F F F F F F F F F F F F F F F F F F F F F F F F F F F F F F F F F F F F F F F F F F F F F F F F F F F F F F F F F F F F F F F F F F F F F T F F F T F F F F F F F F F F F F F F F F F F F F F F F F F F F T F F F T F F F F F F F F F F F F F F F F F F F F F F F F F F F
  <DiscreteSampler_grid>
  grouped_processes
  1 # 1 for a reference and 2 for a running grid.
  10 # Attribute 'min_bin_probing_points' of the grid.
  1 # Attribute 'grid_mode' of the grid. 1=='default',2=='initialization'
  0.0000000000000000 # Attribute 'small_contrib_threshold' of the grid.
  0.5000000000000000 # Attribute 'damping_power' of the grid.
 # binID   n_entries weight   weight_sqr   abs_weight
    16   10   2.191867751810400E+003   2.653957259805761E+007   2.191867751810400E+003
    17   10   2.191867751810401E+003   2.653957259805758E+007   2.191867751810401E+003
    19   10   2.191867751810400E+003   2.653957259805761E+007   2.191867751810400E+003
    20   10   2.191867751810401E+003   2.653957259805758E+007   2.191867751810401E+003
    22   10   2.185212575579647E+003   2.634748068520259E+007   2.185212575579647E+003
    23   10   2.185212575579648E+003   2.634748068520257E+007   2.185212575579648E+003
  </DiscreteSampler_grid>
