  0.00338647015771801  0.01159547289808676  0.02186787753739368  0.03225525448901258
  0.04240237335208643  0.05248268542182288  0.06251209024699682  0.07283234481590729
  0.08353339803247374  0.09354578807826443  0.10357840170990087  0.11338180922102536
  0.12380574515290131  0.13437424262706274  0.14500090997509460  0.15536772082777961
  0.16529004405097711  0.17542227182421397  0.18546694719830664  0.19577401619146922
  0.20607597675435588  0.21651664168914794  0.22681797205447038  0.23679976720903156
  0.24672095664620058  0.25694651226857812  0.26751562522353323  0.27845254118090496
  0.28920588583522611  0.29999466129079916  0.31066027601311474  0.32171846983625757
  0.33261835712348659  0.34319196055535178  0.35368315135586265  0.36451109130021309
  0.37549343049605294  0.38614671722339960  0.39680346701245423  0.40729137124095161
  0.41776207095360912  0.42821571844988449  0.43864320454734290  0.44907863368592760
  0.45937577385131034  0.46976929316421101  0.48030223514167264  0.49090648906687939
  0.50157126469648872  0.51194055156897211  0.52208809943929912  0.53228149118211798
  0.54237433319211714  0.55254524770392310  0.56279914772563344  0.57334693323136632
  0.58406622468493796  0.59454436383033182  0.60493159584765943  0.61515577269288402
  0.62560266718295920  0.63642315826363582  0.64742052158997754  0.65856439540078349
  0.66924364722625784  0.67973005309357637  0.69008170707761274  0.70053795702064836
  0.71087202410327754  0.72107604300445416  0.73123574738196995  0.74147159194491830
  0.75164520859714934  0.76179860051189208  0.77220346675003015  0.78270256872690225
  0.79334970353185441  0.80390703710848177  0.81460539103207252  0.82536301337787654
  0.83622390239229505  0.84717388652087400  0.85794089151661002  0.86868350740601985
  0.87922623987003334  0.88977155871362290  0.90032533278241966  0.91069664414728180
  0.92140702450908962  0.93223614400158583  0.94330805322401479  0.95413793332852403
  0.96514917007783396  0.97641584114388047  0.98806596058995488  1.00000000000000000
  0.00705562379494534  0.01606239242263836  0.02701163153515961  0.03867305220891464
  0.04993278876664611  0.06088468348395175  0.07184889364313224  0.08267858162849481
  0.09315536049016815  0.10351149161657817  0.11399447441834940  0.12468623710881027
  0.13541641794165918  0.14597932118430623  0.15639232019832550  0.16675447142662508
  0.17737328952505102  0.18815476861178271  0.19897257538435012  0.20983255056475542
  0.22073093306031566  0.23169491776289985  0.24268742240270766  0.25361297299349383
  0.26427527464658762  0.27479523637280334  0.28532704866018033  0.29585968886386577
  0.30641442732286206  0.31688608398047607  0.32734591206739344  0.33779214674525881
  0.34826871405696236  0.35882076535565743  0.36951513357240390  0.38024632674101833
  0.39086255628244809  0.40135679576266808  0.41191882537076252  0.42260217960911067
  0.43342122578972847  0.44426960569335761  0.45512646458079381  0.46587222848700277
  0.47694093347605065  0.48817099941715519  0.49917430264918600  0.50948908600917564
  0.51954929219043422  0.52961462357052835  0.53989433709850210  0.55015742366953424
  0.56042376018077689  0.57067115464317109  0.58103320546981996  0.59146762819716459
  0.60183291245529458  0.61218647020930439  0.62271032442094509  0.63344736500100640
  0.64405530714860759  0.65455182103043630  0.66497474898873621  0.67536710222451446
  0.68572244011870975  0.69625345866627131  0.70687999757384223  0.71749425981801274
  0.72791352863070247  0.73841021748092428  0.74901870795820069  0.75977137028408481
  0.77048920466069870  0.78115841181403323  0.79167545204888390  0.80229607548090554
  0.81288641763388003  0.82348062819483048  0.83386250280272534  0.84427037179963305
  0.85452043490956053  0.86480869189277687  0.87504754743997137  0.88516660941799763
  0.89508141919535633  0.90464632512003085  0.91437996551744993  0.92457144207570996
  0.93485867295475389  0.94520398459161215  0.95537943235337996  0.96542770729807503
  0.97505003649958966  0.98364095856416356  0.99183963473551828  1.00000000000000000
  0.00345739928321266  0.01136110069446959  0.02123676768906540  0.03100697545251890
  0.04058018569390026  0.05050991217187800  0.06057016884165974  0.07091050666343814
  0.08156961009915815  0.09242091695719638  0.10339070145319801  0.11416326347056045
  0.12487786193855406  0.13525325015794967  0.14560074788198812  0.15585552167135522
  0.16607857358354444  0.17619619424277105  0.18623734064755457  0.19648026977587263
  0.20673737713065149  0.21685185991147080  0.22743178115173407  0.23813064772390430
  0.24883411711956840  0.25906791203366247  0.26899006072381842  0.27939465184067497
  0.28988127895288340  0.30090406055099783  0.31197295203050501  0.32305449028450217
  0.33382840014042536  0.34427359794443640  0.35465136224599347  0.36513187765541749
  0.37557079513835512  0.38594871214333881  0.39643053693557462  0.40705006854844078
  0.41766450751787965  0.42823415849381724  0.43888895230159924  0.44975410220273199
  0.46046776292649899  0.47086814983311914  0.48109721017230822  0.49137323903340469
  0.50177645423291795  0.51218912628355995  0.52238879957857942  0.53238451888642147
  0.54241453075665080  0.55269230105400591  0.56324244162225823  0.57372067174030439
  0.58417009895372785  0.59457440986653043  0.60495325661018007  0.61518857792075765
  0.62540532200961130  0.63572102306764533  0.64610273135632612  0.65652246967317274
  0.66700791482057309  0.67761933598412050  0.68837693801961319  0.69912213305873894
  0.70987228405895886  0.72063103763275738  0.73132427356308138  0.74191620615512499
  0.75235442055581603  0.76294169241751320  0.77360966010833665  0.78402206412445730
  0.79420656225035713  0.80435138323458977  0.81483043570531111  0.82536250158902413
  0.83601013910137534  0.84669908085841394  0.85713912894910194  0.86749179945352550
  0.87789520521448361  0.88860290844643952  0.89941814052433522  0.91011666418721826
  0.92080208232663741  0.93146133925795638  0.94247819501934904  0.95355848301474899
  0.96474820514772575  0.97586630889796100  0.98782523019592317  1.00000000000000000
  0.00571788362238664  0.02042438416179090  0.03564961074859292  0.04881476004853810
  0.06086960411473687  0.07266787249887445  0.08382217800514695  0.09487537593891313
  0.10566996496716839  0.11642258125035417  0.12703908821791215  0.13753231171007591
  0.14797066111972085  0.15847718964271421  0.16921849294718810  0.17999801782774230
  0.19050853635158854  0.20077882248615445  0.21110854017414993  0.22148742981023944
  0.23210307765393981  0.24306438804008715  0.25405641985225691  0.26486632949783739
  0.27538360647989046  0.28578897054658542  0.29635372605949933  0.30680517215400821
  0.31699063604191208  0.32700394923169651  0.33719687623891892  0.34747448344810328
  0.35786211812716923  0.36821270780519483  0.37864092569219260  0.38899655634417929
  0.39923922283450503  0.40958865382694493  0.42000979813048117  0.43052976183328645
  0.44106906091031867  0.45160040003877755  0.46207058450733224  0.47228685034664097
  0.48239696875521249  0.49249471021435598  0.50289694123280904  0.51311771392426486
  0.52340116029965045  0.53366683298615181  0.54389916162429031  0.55405626734287872
  0.56418983121777233  0.57448042432182933  0.58498926049936939  0.59527339502257903
  0.60568894830813680  0.61612797000281883  0.62645570029017328  0.63663355858236359
  0.64666955944648774  0.65677620114905677  0.66709077809143891  0.67737020659737368
  0.68772299694687833  0.69825165452122684  0.70896177779945291  0.71981102574884614
  0.73048611781269768  0.74116125909787334  0.75173594266685684  0.76201234972147969
  0.77210232485891828  0.78206965380332694  0.79205379407839394  0.80191005794926939
  0.81168082733524893  0.82162884952290050  0.83186891167418076  0.84223563174256677
  0.85257373970194827  0.86280909957934393  0.87312045727772181  0.88342168415348943
  0.89373742173483373  0.90383454180878287  0.91387635761207542  0.92401887345591538
  0.93435566245256585  0.94441603351506775  0.95424871907015840  0.96420686660234811
  0.97399221612095777  0.98338955660262228  0.99176435786236139  1.00000000000000000
  0.00000453003031227  0.00000994426243683  0.00001415738110313  0.00001818103390938
  0.00002228343406116  0.00002644442497654  0.00003063191222617  0.00003484435718663
  0.00003903876669002  0.00004316654290186  0.00004718876313966  0.00005120573484903
  0.00005530533912795  0.00005952906471361  0.00006385603219792  0.00006828234351539
  0.00007279331795723  0.00007736173581790  0.00008196900087534  0.00008657665549683
  0.00009124163562724  0.00009601258142115  0.00010095427523037  0.00010610066249017
  0.00011144869795866  0.00011704541257267  0.00012284456023795  0.00012884957083453
  0.00013509268626799  0.00014163092759751  0.00014834731988490  0.00015545471064494
  0.00016296732974105  0.00017084020844555  0.00017902119835805  0.00018748796975601
  0.00019609832617409  0.00020486954011716  0.00021386870763877  0.00022310942888052
  0.00023273984976136  0.00024275712045505  0.00025313090723611  0.00026386500848096
  0.00027491167233749  0.00028649093017525  0.00029869610373711  0.00031156713334015
  0.00032491996353760  0.00033870004715582  0.00035313845322785  0.00036802367194269
  0.00038353853616471  0.00039967171267139  0.00041647565129290  0.00043414613455570
  0.00045283762073822  0.00047297607342131  0.00049440463050527  0.00051660724860199
  0.00053962481826816  0.00056372231547382  0.00058982634977705  0.00061786343915843
  0.00064787046450013  0.00067937729260230  0.00071245051138468  0.00074850220080521
  0.00078709867192755  0.00082922444526173  0.00087396027792252  0.00092169987961169
  0.00097315741325225  0.00102864281550201  0.00108856990098721  0.00115388141891592
  0.00122583966650035  0.00130531469617280  0.00139291945456887  0.00148855961115840
  0.00159454776476814  0.00170955752531626  0.00184679362930322  0.00201255450922236
  0.00220453355603948  0.00242713017373640  0.00269352628719475  0.00301401513502354
  0.00340830245128690  0.00387065936432643  0.00438764192889798  0.00498992608097241
  0.00576743900553506  0.00706435749201221  0.35644444569766032  1.00000000000000000
 -0.00258513541209786  0.00965365525559615  0.02024216723315584  0.03094443651237072
  0.04177915418464652  0.05267817500354621  0.06401035713377476  0.07523678705221312
  0.08699581420812812  0.09847021918224563  0.10990643403821067  0.12085972802589655
  0.13179470544271621  0.14266185370045190  0.15349026471551458  0.16442788128807356
  0.17542945621311329  0.18659493902257626  0.19754229766891429  0.20814599965033853
  0.21874696774721783  0.22951501940994473  0.24016996942081459  0.25064571717640244
  0.26113595872800732  0.27192445507716012  0.28268154991666417  0.29316943513588567
  0.30371328005563264  0.31448295787400199  0.32501743206032990  0.33539641356089245
  0.34550614951078323  0.35585006455020779  0.36629568764745013  0.37663783970326453
  0.38700882919177398  0.39734013814736435  0.40771299816097556  0.41822060934902777
  0.42866937311587378  0.43927635167175255  0.44988998964962373  0.46065331144296262
  0.47123699940696684  0.48180709220607643  0.49227475268826443  0.50269096756844611
  0.51299862714930156  0.52323512365241509  0.53341792524179377  0.54393893362867496
  0.55462112071533343  0.56540013039732973  0.57617385630332696  0.58704871898327982
  0.59817053765580885  0.60929651901755710  0.62002669979454783  0.63059181345477977
  0.64086056849040807  0.65117415584738447  0.66124749466378441  0.67134776052820522
  0.68131873480579186  0.69134585913913704  0.70139572815676932  0.71174908712235196
  0.72223516112834885  0.73251400309210923  0.74274907624353737  0.75299124004072893
  0.76317629425486810  0.77329137780606549  0.78317689785551292  0.79325860166377549
  0.80321976002333240  0.81334344065687425  0.82335126353212851  0.83336855696571699
  0.84348494728891010  0.85381392336080975  0.86408719713066151  0.87444974161356837
  0.88494103101030885  0.89565748849243954  0.90643654894517134  0.91712903302869753
  0.92771698283088011  0.93823623327568229  0.94873619217660266  0.95919482187896155
  0.96925005091893324  0.97934599084953766  0.98951218276359132  1.00000000000000000
 -0.00243013073162530  0.00972488922414152  0.01956441849744686  0.02983912531049476
  0.03983426673408907  0.05008135382326966  0.06012825079798975  0.07018521326524287
  0.08043490203797231  0.09067388655770005  0.10076611554504400  0.11087153693570057
  0.12121510454895860  0.13170064332341364  0.14213405672102636  0.15258442594770599
  0.16319042591952410  0.17372843935030291  0.18436541691207800  0.19506521882506203
  0.20589156820313118  0.21684363108237401  0.22782997243999076  0.23874665106453885
  0.24959895167567867  0.26028844385563904  0.27098940122389759  0.28150141896147274
  0.29190211318224307  0.30220741479380037  0.31253147397544595  0.32299331877032866
  0.33340331212062496  0.34383099843720316  0.35411505263659632  0.36427121790954597
  0.37445805865842507  0.38458749029110817  0.39482108154173212  0.40513717927565102
  0.41569350011742967  0.42642276286645459  0.43707092011610710  0.44790969993418539
  0.45864126482702833  0.46906065212282710  0.47950427411149871  0.49022169168313678
  0.50115903664690131  0.51167737999237128  0.52247378209219086  0.53319859711319950
  0.54401829778207889  0.55467974420812771  0.56531495994182113  0.57591750184730583
  0.58652180024671174  0.59705512020574891  0.60731744625214079  0.61749731572456323
  0.62789679969733903  0.63865834123958554  0.64930353449665701  0.65975327672933581
  0.67022835177549123  0.68094633993034515  0.69151161053349031  0.70206870133405330
  0.71267335244740837  0.72346591944208560  0.73413316510353066  0.74449995152383719
  0.75502914128604770  0.76571937411757807  0.77648038316550339  0.78697996478892773
  0.79731209895748545  0.80790645197284183  0.81876046306493355  0.83012957489043138
  0.84131462052829908  0.85219251053531309  0.86267484291340146  0.87336403675913277
  0.88394962211963934  0.89452918142553961  0.90502561210793686  0.91548469350263051
  0.92628930705670054  0.93702581802549356  0.94777249268931796  0.95838600883036806
  0.96862406637069420  0.97922794223114962  0.98961323688836422  1.00000000000000000
 -0.00235996109760243  0.00948830360260337  0.01962892047682268  0.03029934154229444
  0.04076548178255115  0.05101455939050040  0.06144246622326924  0.07218520352271851
  0.08282877624381663  0.09331015381771043  0.10365303123858702  0.11410550348587992
  0.12452930835489830  0.13520885385083006  0.14602970367973950  0.15693145596417918
  0.16759302463702475  0.17817311228798732  0.18874837981352677  0.19939127109592750
  0.21028350791294206  0.22144550363324975  0.23251128928958845  0.24344310859021470
  0.25400373697411016  0.26434191793329592  0.27439173193068522  0.28437854324767331
  0.29454275262279001  0.30489321033881084  0.31534875079327884  0.32593029142325258
  0.33679250259577265  0.34791316327585958  0.35897800222431819  0.36988925173079940
  0.38066774975981993  0.39155957726920720  0.40227734498120071  0.41267797579990717
  0.42314163654105680  0.43370654296395195  0.44436786450360766  0.45510428049263885
  0.46611112897549023  0.47720548195189799  0.48798922069518869  0.49865342225093401
  0.50929557644314227  0.51978893244458013  0.53001225565060439  0.54019553459338210
  0.55051495879362167  0.56108191790048156  0.57198198034286063  0.58283806673158600
  0.59349866363786452  0.60389366134549727  0.61435405522881936  0.62475014208821589
  0.63519828125483235  0.64555867807922118  0.65621900020772250  0.66678694496956703
  0.67741342912487557  0.68801870752236527  0.69849258168407458  0.70897098371988532
  0.71952349253989856  0.73022504137112787  0.74078794923970581  0.75118015330146326
  0.76143237174361522  0.77193183427778678  0.78240376174486426  0.79276769918031076
  0.80334411751162038  0.81376432528928488  0.82407186800327237  0.83422753944494599
  0.84424857298041667  0.85426126891332832  0.86392124252216840  0.87355154834607041
  0.88389957126303853  0.89424423201021885  0.90480496827208434  0.91499425685848590
  0.92562032605746025  0.93638379829241969  0.94666900057691772  0.95708993436966749
  0.96771387164298639  0.97859629373674750  0.98928414204236603  1.00000000000000000
 -0.00251507029592209  0.00917975673625341  0.01991509124900001  0.03076320560378699
  0.04167317397756152  0.05250874237592252  0.06309208609735209  0.07386524910630349
  0.08457444038605599  0.09536678321791360  0.10606302214721669  0.11657689618450484
  0.12679633593818482  0.13698921035545800  0.14753123022531647  0.15822445831449827
  0.16895127656417072  0.17945579706319670  0.19009688349469289  0.20070127959126280
  0.21134989699229501  0.22214976674509301  0.23276819712780769  0.24339833367750968
  0.25388998100273263  0.26438404812626948  0.27481142086477151  0.28516572824930253
  0.29564224163071356  0.30618511415888844  0.31638099888972815  0.32652344500681801
  0.33667519243437360  0.34716620160370920  0.35775578720175077  0.36806665771085983
  0.37820278049302142  0.38818028084725353  0.39817726319455826  0.40827496568189475
  0.41865881843732539  0.42935647343449507  0.44013100361685370  0.45085508308646327
  0.46158867093264744  0.47216632331515995  0.48269141620051620  0.49293264975019796
  0.50334657823493856  0.51372168053660261  0.52434674957142302  0.53485085981452340
  0.54567201583697689  0.55662197546331305  0.56740380776059640  0.57801295839080657
  0.58843110301874946  0.59903025735183302  0.60961304308711839  0.62034916099270854
  0.63094688301099466  0.64158585585143413  0.65196580601500875  0.66238011387468188
  0.67261239688653973  0.68306783773520219  0.69355519630508777  0.70399152202099247
  0.71451233893226551  0.72504599100502232  0.73600042702094115  0.74703756995141724
  0.75806425922961340  0.76894872372178524  0.77946565822610703  0.79020366725683400
  0.80110233910960527  0.81204545878089474  0.82327705340246982  0.83418000431132011
  0.84480059034085409  0.85539228119787836  0.86608415847995546  0.87652450388739300
  0.88671503533079687  0.89668119017262427  0.90659427700891448  0.91631099651222403
  0.92640523917109474  0.93663902954892864  0.94745199250486856  0.95814953104813771
  0.96871079754001421  0.97916837053983607  0.98962743169457557  1.00000000000000000
 -0.00222882433971269  0.00869496397714783  0.01864646444524858  0.02887698082799216
  0.03933886874431801  0.04987279158423242  0.06035878214391131  0.07095519201590178
  0.08174978929725743  0.09277716491413483  0.10323396174174575  0.11327149142841733
  0.12319273033413443  0.13342697367178047  0.14372009083512971  0.15394829173562405
  0.16418811341957273  0.17435734224492530  0.18464223776697636  0.19513041474376619
  0.20577240243108971  0.21621709090644470  0.22616611341962720  0.23637178968114725
  0.24674614290464331  0.25702488790669614  0.26719413281493454  0.27735222774596069
  0.28760903259700737  0.29781038920987973  0.30790435799357263  0.31820417767229436
  0.32875954641992761  0.33912396934226779  0.34942286542708034  0.35966035467753821
  0.37007625474468026  0.38069743469050704  0.39149456422508383  0.40239735674589588
  0.41320152009611827  0.42378335493957708  0.43428860962241694  0.44479248513752367
  0.45533021921130107  0.46580689718688384  0.47632903778987379  0.48694600423266338
  0.49754516929710157  0.50797597072309786  0.51832010059305467  0.52854525570755695
  0.53871592493650455  0.54869532505128726  0.55878663016545793  0.56921694943847645
  0.57986203042260542  0.59049852482413523  0.60119791232906983  0.61198484209593962
  0.62268851186606378  0.63317556772787542  0.64365344405261049  0.65429482758016766
  0.66513157285822655  0.67616121338569124  0.68718565498617012  0.69778076458930272
  0.70815596843560702  0.71857368611537698  0.72910448337255840  0.73949052622991285
  0.74976514100038461  0.76022943946751786  0.77123137765880800  0.78257793254156793
  0.79415591690437004  0.80556136275428036  0.81691036795437533  0.82818898338825431
  0.83952399339413819  0.85079868170756645  0.86215958895050582  0.87335745814755261
  0.88421045856505032  0.89483081777537132  0.90555530923355909  0.91629805337185699
  0.92671117916914614  0.93716562764133471  0.94788231218553765  0.95835647123168588
  0.96880862505796039  0.97865974716159954  0.98952843154256476  1.00000000000000000
 -0.00236841560015605  0.00936074569502040  0.01942846082795756  0.03006463075311186
  0.04076249751761300  0.05127207046649460  0.06179241485500025  0.07238319988690517
  0.08280364791906160  0.09319780413484559  0.10369033426071100  0.11441924433663957
  0.12506780279044422  0.13532088331714867  0.14556694698028183  0.15623262631954077
  0.16668470303488533  0.17751261793689635  0.18796041441524694  0.19902109488988365
  0.20988887010634777  0.22041268370322889  0.23072819212634829  0.24109729273744690
  0.25143709376629375  0.26169937289802853  0.27182548322863259  0.28209592506644793
  0.29237918459769352  0.30305138564043688  0.31372203015249583  0.32410840438352695
  0.33412697329344687  0.34441601193495136  0.35489992423484251  0.36546917693169351
  0.37561414951944055  0.38577888012298195  0.39569132696998449  0.40573371572200267
  0.41593326842703598  0.42666428795168332  0.43734657374756730  0.44791523589021720
  0.45821871937794612  0.46870796036533852  0.47925650851196783  0.48978488224064254
  0.50050938688067359  0.51152791018957733  0.52214364578837791  0.53241916738605854
  0.54250425528318635  0.55326557470230475  0.56412576734484587  0.57491503119286569
  0.58538593020927343  0.59595261228450369  0.60664993695928981  0.61737672050885961
  0.62824847407626694  0.63918133822302237  0.64983565268342824  0.66039974921046607
  0.67078129942448239  0.68109575753554685  0.69118813958878456  0.70140273122085850
  0.71182832099963167  0.72264396106378737  0.73344344098742686  0.74446207332178183
  0.75524305404616299  0.76634332996381882  0.77751015359642872  0.78903017816155430
  0.80008308409547435  0.81081522778456128  0.82164051315627573  0.83235504854387377
  0.84302352811249825  0.85346741018532579  0.86396884936129259  0.87434972009815748
  0.88455569801191791  0.89489164528938558  0.90532068908019092  0.91571904094854395
  0.92591588331297481  0.93620538832291700  0.94683192520777770  0.95765019239824201
  0.96858726693786346  0.97932605233779446  0.98987823466273350  1.00000000000000000
 -0.00239239486390033  0.00956753786105633  0.01934504504307723  0.02945011249358204
  0.03958394669178606  0.04999096123395804  0.06040006773209136  0.07097830650478834
  0.08170241242776104  0.09244189420304318  0.10332278050895270  0.11405804912284943
  0.12484566455860895  0.13516165938175081  0.14558257234759506  0.15597956492495649
  0.16666144300063501  0.17717020694886329  0.18768603508680243  0.19821518605394262
  0.20843762127427987  0.21871900055071120  0.22890703954122099  0.23920337465267100
  0.24955540519216030  0.26002338299137806  0.27075144008173213  0.28142985293577893
  0.29217001588719338  0.30271804407311403  0.31305826605566567  0.32350178337918284
  0.33385058953240465  0.34416379126905855  0.35441168555511449  0.36464909747569130
  0.37504107281788784  0.38507768668188758  0.39546154777531789  0.40619690624891702
  0.41711900436328148  0.42771604782732509  0.43810961708282742  0.44877864784319105
  0.45932770705128373  0.46987424024702423  0.48046994194016962  0.49120345551584182
  0.50194975565863631  0.51239730758089630  0.52284372179938654  0.53314200281341473
  0.54354884936566494  0.55408437453622938  0.56499535584555260  0.57628236763697505
  0.58754495081847358  0.59868524329950945  0.60966945621800261  0.62046232779935973
  0.63111690029793743  0.64168294611435406  0.65212967512308995  0.66248900422243107
  0.67282642669951986  0.68316875718391001  0.69362553581617781  0.70435499627521658
  0.71519362634036099  0.72612517404943044  0.73678364829875787  0.74735535570234646
  0.75787867004617093  0.76829268659336913  0.77878264169219524  0.78909920646481568
  0.79933409528307964  0.80932282174117831  0.81963934640522784  0.83007427017022206
  0.84084922750242375  0.85159627047703856  0.86216283849694209  0.87278633653023874
  0.88344902874565157  0.89423874922591795  0.90468044610126974  0.91492902055779024
  0.92550586495504361  0.93627586968511711  0.94714817689320774  0.95802269287969022
  0.96876569324497352  0.97932363559354507  0.98961654523785125  1.00000000000000000
 -0.00244675976922781  0.00917887682583072  0.01952057280867116  0.03030707625753905
  0.04115268971990981  0.05226201522882701  0.06349640234843880  0.07441578068224598
  0.08493335782904710  0.09544107866441372  0.10603527263639653  0.11673063960109432
  0.12730737945219159  0.13776623192353485  0.14819952853957466  0.15874411285234472
  0.16927891602005699  0.17979286303217176  0.19027211952140319  0.20101993745146562
  0.21205649538921884  0.22308586143344897  0.23375953028552576  0.24408729549509406
  0.25442835510072892  0.26488531988799108  0.27555659831127238  0.28614593160470675
  0.29661142498881460  0.30704505074137156  0.31756822159379716  0.32824956000303129
  0.33871652734379509  0.34894510797025852  0.35900244659794633  0.36875992871416807
  0.37869170614603043  0.38911718156143921  0.40003454315455367  0.41085683620636659
  0.42174651598779717  0.43254364313686411  0.44358293388729259  0.45421466563614865
  0.46512026730587602  0.47588014007943163  0.48666063121556585  0.49740600109113808
  0.50828157879850722  0.51924600514238384  0.52992387395750140  0.54059415885276829
  0.55097542724460757  0.56120238024751201  0.57150544823506677  0.58193613664878086
  0.59242427301759526  0.60284107613798832  0.61302842551210057  0.62326449853548482
  0.63359306616477962  0.64414052242606834  0.65467186766278107  0.66491408337659075
  0.67508773958104529  0.68528012475348377  0.69562050163968159  0.70614671597323941
  0.71655054459644918  0.72694518592539803  0.73732797078019585  0.74779116653396727
  0.75852604133853385  0.76915056607616372  0.77971675473121016  0.78994856388345924
  0.80063846292329188  0.81115722045027494  0.82173601204537383  0.83169537271279748
  0.84220149255717414  0.85291735436680782  0.86368011574769921  0.87454841468281397
  0.88510817905989347  0.89572726836601158  0.90619059216915010  0.91685243912432302
  0.92749989174043002  0.93817708441002812  0.94845304693866539  0.95880347853409709
  0.96899129596671163  0.97935256582609886  0.98963195119585834  1.00000000000000000
 -0.00212771975055513  0.00877722896066562  0.01853118911597308  0.02847483437184907
  0.03863191900387886  0.04874111365330999  0.05896771375839398  0.06893067542102163
  0.07886689535313254  0.08877053067113026  0.09871138269665881  0.10880774841565863
  0.11916531518284044  0.12983324840097410  0.14079198718400254  0.15145239231439811
  0.16188695446406623  0.17238669882546293  0.18297286063038840  0.19342917928182798
  0.20369077434182706  0.21390803285249055  0.22430850684006087  0.23475927464925830
  0.24534049483242271  0.25584141059277649  0.26650742786216691  0.27722642938824460
  0.28793048342078370  0.29842446842826514  0.30894430609116130  0.31959608746036933
  0.33039547321289831  0.34122905468976084  0.35193145048854085  0.36268877177264114
  0.37341280844402619  0.38408400657513536  0.39455190002123236  0.40492552747937743
  0.41538203183312183  0.42624377126272184  0.43728080217339022  0.44828914897325323
  0.45896484927184961  0.46969078985375895  0.48037093344407372  0.49110621578819980
  0.50187915899764446  0.51274383160296455  0.52372837286065121  0.53446921303705319
  0.54510365690073648  0.55555661206226514  0.56613625614183138  0.57687868989427427
  0.58761950527279438  0.59820649938792658  0.60863712894789146  0.61899665265989501
  0.62928149837597680  0.63967691039056840  0.65014529650524966  0.66067682979121134
  0.67120920756656299  0.68194566201401796  0.69270258429943254  0.70339384408295480
  0.71399092974241207  0.72468754895931786  0.73538114419261202  0.74601216057327790
  0.75680492363435004  0.76747616563698040  0.77808226643304745  0.78847043623293256
  0.79885127983686444  0.80955008475220913  0.82002662042281627  0.83050628012018357
  0.84074819858513883  0.85093853553361187  0.86148490965861779  0.87196998826840999
  0.88296593482941932  0.89376851723113171  0.90459950690815194  0.91532061294758105
  0.92607802360799829  0.93684281446328854  0.94735904953549166  0.95775869463300489
  0.96821831708321016  0.97884304980906678  0.98943390952670696  1.00000000000000000
 -0.00542476492281264  0.23562487734608267  0.26980973223588184  0.28775350665494570
  0.30205303101452302  0.31458007864850579  0.32595412685861147  0.33653710008026583
  0.34672268570900572  0.35628310772588923  0.36537934339386963  0.37406305509387477
  0.38266481259339680  0.39124199295487311  0.39963819554284702  0.40767250156990553
  0.41528177316276504  0.42251819911151445  0.42960281370451975  0.43667666599629679
  0.44369618059601118  0.45058264232693723  0.45741704776889186  0.46429339032441130
  0.47116483517843927  0.47788800691959943  0.48448873827932226  0.49107999440587791
  0.49778424350283684  0.50441760307903860  0.51088107571435615  0.51712740980156569
  0.52326155681453379  0.52939890069519013  0.53551483534065236  0.54158005331607972
  0.54750713681523555  0.55333454965650541  0.55915604143420639  0.56500248125418384
  0.57090954802969596  0.57687246919970547  0.58277513424870275  0.58851085962286098
  0.59416250546028282  0.59991955970675304  0.60572980990106717  0.61155122652101612
  0.61739570441167768  0.62331698517984835  0.62919347162742612  0.63490097471662654
  0.64047861024310748  0.64616996834801044  0.65194360067080959  0.65766357239757856
  0.66345633191429210  0.66910763359801029  0.67470966808313215  0.68025811240396949
  0.68581487981741973  0.69146230191512748  0.69715232253357284  0.70286337789237585
  0.70862151342319479  0.71442789527553152  0.72025123432189175  0.72609007630633338
  0.73197312219307009  0.73791420501986882  0.74395842089640862  0.75014454582403545
  0.75648890227496479  0.76292974941448344  0.76937768770428261  0.77587466003561933
  0.78247355592432766  0.78917387441477427  0.79606989624254254  0.80313094193062584
  0.81012172164217888  0.81722537563224051  0.82452393262700763  0.83211583561966507
  0.84007289268629737  0.84836514781092498  0.85695065175953733  0.86602217126022041
  0.87542404956745135  0.88528413351608082  0.89590685980078011  0.90769729670911981
  0.92092448946704075  0.93650497387392062  0.95903141207122411  1.00000000000000000
 -0.02565943375681888  0.12277398715380408  0.15831859053527780  0.18007752903695820
  0.19753440231417713  0.21255642605363340  0.22591143022251334  0.23775877472010482
  0.24877834678710370  0.25889201162843134  0.26841941378213335  0.27729543302251075
  0.28585607202381241  0.29410784858357741  0.30207049264053576  0.30986942576990212
  0.31739657026932516  0.32469269213730795  0.33175332379253325  0.33865611730737166
  0.34538623987005812  0.35208215906698970  0.35870441369165262  0.36520106684790543
  0.37153585860605454  0.37774620353081123  0.38372999985825867  0.38960232077360613
  0.39532107056030952  0.40093389655128941  0.40645332579204330  0.41194468361919429
  0.41741225826759076  0.42289100627332921  0.42835514728768048  0.43379378317928513
  0.43920336458983278  0.44461377073224917  0.45002754930433925  0.45537498437768198
  0.46066030489350868  0.46588693469192755  0.47112826294793930  0.47639675592465452
  0.48160132734996819  0.48674006703944861  0.49184606299856459  0.49695983349472073
  0.50204884433607722  0.50714490814298208  0.51232013360928008  0.51753205139196423
  0.52278549280147746  0.52801275683839533  0.53324457132838021  0.53854033414273916
  0.54394816142749425  0.54944704608519845  0.55500150373896362  0.56057109637386204
  0.56617007765298877  0.57176683413083884  0.57735554062249739  0.58299316134250934
  0.58865635040565734  0.59433724358438456  0.60004232794949186  0.60574836182819858
  0.61153835289157421  0.61741136742226543  0.62341647852868798  0.62962526115877349
  0.63599477272062321  0.64245534166733909  0.64892428538771907  0.65542725188493378
  0.66208965642223239  0.66907304205090012  0.67648398053039049  0.68400323096057614
  0.69156237365924533  0.69920985595233931  0.70716273820922682  0.71549479045833653
  0.72419204695449502  0.73325229246772583  0.74294994920174251  0.75313504157958799
  0.76376257151588067  0.77515703176919903  0.78798125763540106  0.80288143651170762
  0.82050894254099815  0.84262182549641418  0.87842669935504858  1.00000000000000000
   4.8707511562905195E-005  -1.0000000000000000     
 T F F F T F F F F F F F F F F F F F F F F F F F F F F F F F F F T F F F T F F F F F F F F F F F F F F F F F F F F F F F F F F F T F F F T F F F F F F F F F F F F F F F F F F F F F F F F F F F T F F F T F F F F F F F F F F F F F F F F F F F F F F F F F F F T F F F T F F F F F F F F F F F F F F F F F F F F F F F F F F F T F F F T F F F F F F F F F F F F F F F F F F F F F F F F F F F T F F F T F F F F F F F F F F F F F F F F F F F F F F F F F F F T F F F T F F F F F F F F F F F F F F F F F F F F F F F F F F F F F F F F F F F F F F F F F F F F F F F F F F F F F F F F F F F F F F F F F F F F F F F F F F F F F F F F F F F F F F F F F F F F F F F F F F F F F F F F F F F F F F F F F F F F F F F F F F F F F F F F F F F F F F F F F F F F F F F F F F F F F F F F F F F F F F F F F F F F F F F F F F F F F F F F F F F F F F F F F F F F F F F F F F F F F F F F F F F F F F F F F F F F F F F F F F F F F F F F F F F F F F F F F F F F F F F F F F F F F F F F F F F F F F F F F F F F F F F F F F F F F F F F F F F F F F F F F F F
  <DiscreteSampler_grid>
  grouped_processes
  1 # 1 for a reference and 2 for a running grid.
  10 # Attribute 'min_bin_probing_points' of the grid.
  1 # Attribute 'grid_mode' of the grid. 1=='default',2=='initialization'
  0.0000000000000000 # Attribute 'small_contrib_threshold' of the grid.
  0.5000000000000000 # Attribute 'damping_power' of the grid.
 # binID   n_entries weight   weight_sqr   abs_weight
    10   10   5.360806057999331E+002   1.268506272666625E+006   5.360806057999331E+002
    16   10   5.360806057999332E+002   1.268506272666627E+006   5.360806057999332E+002
  </DiscreteSampler_grid>
