  0.00347062344938776  0.01115902745429122  0.02102610279970894  0.03134822027402759
  0.04191044706519878  0.05221278095004522  0.06258279825248696  0.07322847291729748
  0.08385118930221321  0.09396476147973844  0.10397384928187561  0.11407995138896586
  0.12429353698113911  0.13438429369001975  0.14451617860268137  0.15453632965202868
  0.16454770561928905  0.17460585640096274  0.18480033848692060  0.19522426851213645
  0.20579210629626810  0.21627535368092793  0.22680066264983542  0.23748298195629772
  0.24839442045255572  0.25909060528135919  0.26937502772313282  0.27931479019729877
  0.28893881041668595  0.29900217536860085  0.30911627261132668  0.31947919715267326
  0.32991598843582182  0.34018185632634085  0.35049810022724637  0.36050035245391898
  0.37055179356179435  0.38076890124581003  0.39111763532251970  0.40161040193898767
  0.41216376435392216  0.42257471432991456  0.43295511476433374  0.44329633088568376
  0.45404321228858319  0.46523166844779962  0.47605003615717806  0.48662570613983813
  0.49682215685949255  0.50723075354738356  0.51734833967430882  0.52750393167262977
  0.53756561002904490  0.54748302429620432  0.55769547422516563  0.56814748029143314
  0.57892862505691722  0.58912029857284565  0.59919640973846311  0.60942224792324506
  0.61975304333378223  0.62997465676372932  0.64003829600552575  0.65052466685460619
  0.66120323653539681  0.67213686330544464  0.68316313986749788  0.69445175728287534
  0.70566845359943975  0.71646692634405262  0.72718767273707086  0.73794316236007240
  0.74851247779831265  0.75866005095923050  0.76874135808529875  0.77911565278184391
  0.78975793778758663  0.80038327826199807  0.81103190926495283  0.82257916475229043
  0.83442676471106658  0.84632151372077624  0.85794727821114203  0.86952779306260819
  0.88050651705014671  0.89102025796909656  0.90152442626698370  0.91222367919817560
  0.92331570065677815  0.93425767798512571  0.94483512822823479  0.95521757377308703
  0.96559098980166569  0.97578767434818903  0.98691979355129833  1.00000000000000000
  0.00694683100465699  0.01641243112790420  0.02775198932600795  0.03882269616798375
  0.04933052873183900  0.06022318803883995  0.07135231953147414  0.08202703158930116
  0.09268909205155970  0.10359208929929656  0.11410341287949413  0.12447753632977107
  0.13451427587960249  0.14463533962661207  0.15462428397282255  0.16474129705437621
  0.17534182890898864  0.18601055780003675  0.19610371352842590  0.20590383120736366
  0.21561995662223590  0.22525873074284156  0.23486627853219003  0.24470978159105719
  0.25483882101212174  0.26499308581268433  0.27498236886271965  0.28496670382444711
  0.29510074541830739  0.30554940221752036  0.31594678998101017  0.32629898333010643
  0.33651394985294009  0.34653218194358210  0.35678663709184810  0.36729385731594272
  0.37789637976336565  0.38796619029811158  0.39798410231485343  0.40850137042792600
  0.41924299591046926  0.43019586057900960  0.44066504970995612  0.45128270768974954
  0.46201004012037789  0.47346237596209090  0.48516582882467624  0.49687704193075566
  0.50866621026377523  0.52002629861590288  0.53107408706253156  0.54208181598552019
  0.55301148891544716  0.56378653870489115  0.57423665948085223  0.58461684844271355
  0.59507681338642493  0.60597500642338364  0.61733129131143838  0.62862708561144698
  0.63941124846792818  0.64977548100036586  0.66009233874031747  0.67039300170939520
  0.68058514124620284  0.69069553873139311  0.70106039846746726  0.71153508563855083
  0.72196297857565506  0.73214841420679544  0.74211946509182958  0.75198683954939582
  0.76194750598830763  0.77210195937556525  0.78249890051083015  0.79318187518917438
  0.80395063725370852  0.81448004991404288  0.82501407578167207  0.83542047769577088
  0.84563421110570158  0.85584567019772195  0.86607055939460265  0.87596361963234248
  0.88554182119670344  0.89510835082340601  0.90521984105698683  0.91557109949088311
  0.92566873889661694  0.93574315166122779  0.94615622545844225  0.95678925153493799
  0.96733761674884444  0.97795392053200147  0.98867716537489159  1.00000000000000000
  0.00344746281037011  0.01128971653380930  0.02097340987777910  0.03122308405071720
  0.04210172514508055  0.05270546471395074  0.06310787723167852  0.07376674801077662
  0.08431960699515206  0.09428711291295835  0.10427259229087542  0.11434928771409693
  0.12469425680077123  0.13483279845413509  0.14499795615992836  0.15544606985183546
  0.16551462534819728  0.17564237420578535  0.18601554210303223  0.19688949856538507
  0.20831208895633724  0.21934016926111560  0.23046882162780463  0.24075704437471684
  0.25187858520107209  0.26228137917338123  0.27285152801998103  0.28256382881100450
  0.29271620854038927  0.30346443125227068  0.31395553370217677  0.32461022610356927
  0.33508512446775079  0.34586993530845861  0.35622311620463132  0.36678766596849521
  0.37715044597366920  0.38720157919791354  0.39723008003892646  0.40711425962740960
  0.41719841330294033  0.42701733206229403  0.43667799849716304  0.44656514384414431
  0.45723897188264834  0.46794230326805636  0.47858584620778866  0.48892512051728138
  0.49935129542932738  0.50964506580770752  0.51978799484579363  0.53006766575843312
  0.54061110606414631  0.55067080994547013  0.56056114428759085  0.57035582604430535
  0.58025044488233002  0.59001675821844579  0.59990452237881631  0.61004091686359663
  0.62071223811664278  0.63144446183995173  0.64213992440577627  0.65255387918990848
  0.66287940931486045  0.67303964663485227  0.68328290415355297  0.69332273957935975
  0.70322758640453309  0.71314583797712194  0.72293533862155290  0.73247076513991116
  0.74220916779850155  0.75249294001221245  0.76303073355270434  0.77349941555814905
  0.78386918760345470  0.79422686005907039  0.80465899331526691  0.81519751662123874
  0.82594726624305459  0.83710053394899919  0.84873190843249469  0.86073586784739120
  0.87266539857248815  0.88437538348828049  0.89581868143573129  0.90684169595465680
  0.91790121026134530  0.92928626936630843  0.94056601198628265  0.95153622266522564
  0.96286253463299876  0.97474306208169881  0.98711868593279750  1.00000000000000000
  0.00603617463121792  0.01995073691219392  0.03460817195742388  0.04684679004223009
  0.05771625616671960  0.06842408314249232  0.07901317991768317  0.08917711651143745
  0.09927209125912637  0.10944611403944293  0.11968756542098589  0.12985755390109602
  0.14002285766858560  0.15026925295960253  0.16070031910204957  0.17125740218135724
  0.18150901607660147  0.19147495236270606  0.20151599832778361  0.21175729373518887
  0.22225153584448723  0.23308713584163046  0.24421865755347025  0.25526310367976202
  0.26600982489954705  0.27662168852397206  0.28755448991705740  0.29908109709113523
  0.31083023961597550  0.32222732781425040  0.33311326571486638  0.34379964324552587
  0.35438755515443277  0.36451517925881655  0.37411373192250064  0.38344216288937372
  0.39277629818466808  0.40290619711256587  0.41339327258895753  0.42472119192065688
  0.43574687121777522  0.44711826808449751  0.45836461990187899  0.46985403555957622
  0.48092887655452216  0.49169282137313547  0.50207321762806278  0.51224069673623407
  0.52239104741785569  0.53234725021087970  0.54272623624867999  0.55302699112008191
  0.56348349986321344  0.57423064862622542  0.58486887115328168  0.59505820928983044
  0.60527043242256751  0.61570892493121898  0.62594282844814242  0.63592004163099458
  0.64584406710040909  0.65610767286391158  0.66681679691590690  0.67762310012292937
  0.68827948524268578  0.69841201240334450  0.70850572285588598  0.71881241741862678
  0.72924113271865576  0.73959113384895159  0.75019568353292088  0.76119622245334284
  0.77240539982513801  0.78335272333328465  0.79391804671314226  0.80411660610432845
  0.81420824526909585  0.82434535925179941  0.83473741454112937  0.84546571027553918
  0.85653681881159771  0.86733797873858509  0.87805563486223437  0.88862075001098573
  0.89904087088729556  0.90916090216904666  0.91895538718563174  0.92837186002231209
  0.93793372747064563  0.94759933095750915  0.95717510495779690  0.96677091665167914
  0.97575298890187678  0.98390532808770315  0.99174700057402521  1.00000000000000000
 -0.00016785632424914  0.00157084673334510  0.00415877635969654  0.00755364794676794
  0.01173311365645612  0.01644876513424815  0.02158638729265070  0.02732579849276004
  0.03365671906845250  0.04013323129438323  0.04679109080967734  0.05390940578449926
  0.06140705826428761  0.06912035172520074  0.07699548681097108  0.08509217044893858
  0.09341223877612835  0.10178225559967014  0.11030538416914326  0.11898452165145360
  0.12792196433959949  0.13715003311358659  0.14655179887094921  0.15609690603530643
  0.16582523226658299  0.17554274035788664  0.18517253952711216  0.19484654601959420
  0.20471591251660076  0.21469634663314593  0.22491223131280905  0.23525034884822316
  0.24561535855807731  0.25627262179919841  0.26699541379040231  0.27786410886815022
  0.28905787423991947  0.30032451165154661  0.31136981934015789  0.32206639686979921
  0.33261281900048373  0.34340274358374284  0.35456788162002834  0.36594006083519642
  0.37729367339456510  0.38852974058047385  0.39980727224023299  0.41122996745554197
  0.42289132014086939  0.43472005179827294  0.44610124748919711  0.45749797313116136
  0.46891404551415278  0.48043773146566993  0.49210735031784347  0.50406060742952807
  0.51602779800471033  0.52819402846823671  0.54032633440572075  0.55249308230137362
  0.56456893123407070  0.57651754389658072  0.58839038089493045  0.60020204598456206
  0.61196789170293964  0.62367860292735122  0.63535412775892131  0.64721667937387251
  0.65927338527475099  0.67146456602166027  0.68377819191337785  0.69590960382759859
  0.70821267617329087  0.72058931833193562  0.73291257475748561  0.74536594459361050
  0.75777456601751547  0.77017070061742732  0.78257774461179441  0.79503373302612712
  0.80722251462455819  0.81922817099022494  0.83128087636822423  0.84346670787101430
  0.85606773115188306  0.86893363458962614  0.88164955290096680  0.89424348972535694
  0.90719585544082204  0.92036419903857114  0.93340051263697699  0.94657660065507421
  0.95988410977738670  0.97324211594192211  0.98663535569340011  1.00000000000000000
 -0.00275091387383027  0.01056909343784677  0.02176622888417121  0.03247478354563825
  0.04347528856770251  0.05489861576310044  0.06581808925623943  0.07648383643313193
  0.08683420214367280  0.09710010493139355  0.10712373936407987  0.11705381885773805
  0.12708852789602432  0.13693330441614571  0.14668106599511427  0.15642255060897250
  0.16645985212764294  0.17708911623535775  0.18776963037781993  0.19891676315369120
  0.20997755302440205  0.22121762163956823  0.23201682293710338  0.24287914144445147
  0.25346175266092286  0.26377276075829525  0.27417042048944767  0.28473087213196058
  0.29545730418798843  0.30609823985075119  0.31682157740012723  0.32751860793267734
  0.33812135399037246  0.34837807358985884  0.35821380090325539  0.36806228233885330
  0.37854803206979476  0.39000103015355547  0.40107363112606398  0.41206418160958308
  0.42238317717474266  0.43215213476961151  0.44179511728751231  0.45205337915085725
  0.46241912254076206  0.47281778384131568  0.48335080899850813  0.49386487822185787
  0.50413648042381520  0.51414103070875383  0.52429767898938384  0.53474182802534220
  0.54534607051806094  0.55614404540319895  0.56729961504352489  0.57883809033942657
  0.58931980137838980  0.59899490025850977  0.60862290786923801  0.61850335795950095
  0.62849590726963567  0.63817233259765904  0.64799815403358541  0.65840266416049220
  0.66887519965996955  0.67925791304260685  0.68996073836056881  0.70111788009005815
  0.71226310829804529  0.72310496649627776  0.73354394379299692  0.74372504953992735
  0.75427604944175286  0.76491420748062378  0.77522906492309762  0.78524534426638859
  0.79551837622733235  0.80629332500363060  0.81681596534959011  0.82707066890155245
  0.83756735383908965  0.84864377894724841  0.85981626597560401  0.87055074660721876
  0.88119724763306428  0.89188446468711913  0.90283216800561272  0.91345446528910446
  0.92422119424706439  0.93484472202000646  0.94541728122426849  0.95628411005018654
  0.96728964408188089  0.97845515250315518  0.98912841955021114  1.00000000000000000
 -0.00217355771797644  0.00867587386621100  0.01809474301720318  0.02805401741324686
  0.03791119039140447  0.04800720429128867  0.05850292959709182  0.06901016106828238
  0.07992820351119519  0.09023731632245807  0.10124469378319656  0.11204103338121794
  0.12273465844249545  0.13274703252539544  0.14271940739657388  0.15311791329717639
  0.16437355602605683  0.17547023957222160  0.18667164576030268  0.19736982818203613
  0.20813975401727766  0.21881412859105215  0.22932458911331416  0.23974129089750823
  0.25005907611358064  0.26041505251790820  0.27115322016182664  0.28144170330023299
  0.29155871552141743  0.30141233915156912  0.31172447248766316  0.32256444481694657
  0.33350634678847907  0.34409768150304970  0.35512353414886139  0.36622128740040621
  0.37737235403164371  0.38825148911200713  0.39902008302390690  0.40951923564905590
  0.41982918875488184  0.42983889009829729  0.44008658748025931  0.45037141895623645
  0.46071599519559642  0.47094837397131412  0.48176709868847700  0.49330089875143157
  0.50425423065684716  0.51480489958067188  0.52561211207745218  0.53671086839436166
  0.54737191396277662  0.55745063812513440  0.56783482794287365  0.57871811230631376
  0.58976777845326400  0.60067668113942452  0.61183405970434535  0.62316864307203412
  0.63423498190404126  0.64508767814426249  0.65536682010219716  0.66565396195481297
  0.67622642293754065  0.68655804906863316  0.69713939138188052  0.70764418490141001
  0.71751870359231018  0.72759406004785243  0.73765642521935293  0.74835525099740985
  0.75887578366627173  0.76931110527973412  0.78027508034902326  0.79114544163889355
  0.80127539757165289  0.81142276149593562  0.82163877771800020  0.83265236183802538
  0.84279548105572211  0.85328360539278003  0.86379808515601664  0.87491027773260832
  0.88574376304562985  0.89615976462011859  0.90694876334216457  0.91756402658539749
  0.92810005241000859  0.93854380399762061  0.94928920676701645  0.95970995778732926
  0.96988788896029199  0.97995406537652896  0.98999240077911699  1.00000000000000000
 -0.00293878343424939  0.01040700371830928  0.02151479895122916  0.03195088503311584
  0.04218100703003656  0.05250607569351361  0.06296132417091488  0.07342161093146010
  0.08351888322506400  0.09467563588222931  0.10567913301786756  0.11683568727778616
  0.12749113996810246  0.13807672417134245  0.14842216183023174  0.15873970100814319
  0.16918589557002245  0.17980352262169677  0.19062362208251546  0.20134815435754505
  0.21207578507857922  0.22284495649267008  0.23350498198148309  0.24357453731379211
  0.25381666620481941  0.26424415407448204  0.27481208418868119  0.28541727381478049
  0.29650433602770154  0.30797774911877535  0.31930413920153994  0.33011006285781358
  0.34103048017371324  0.35190281006652130  0.36291641947401515  0.37382213344440818
  0.38457899818881447  0.39518124561660839  0.40578584395789019  0.41634706855639564
  0.42689746431723402  0.43727388499826347  0.44792011586740510  0.45872743847670266
  0.46907590189532983  0.47901642501464153  0.48909408641858387  0.49913968900354594
  0.50949462895961328  0.52002098224945226  0.53119492769916077  0.54230463875717971
  0.55268894547729330  0.56297086877235847  0.57352703045582543  0.58414955164267635
  0.59484601256445402  0.60478116146200767  0.61474569396091372  0.62459415827414944
  0.63456377597463032  0.64456085042842026  0.65466672481274235  0.66477971071322572
  0.67485229773295929  0.68499002412023979  0.69541342125126149  0.70546541404845031
  0.71522122073092387  0.72493595109573561  0.73527172315514133  0.74593101190454658
  0.75615469336484253  0.76635914629104174  0.77639426940718648  0.78610867548943264
  0.79572651105029546  0.80566399671162547  0.81600495979368204  0.82650382872191741
  0.83707671103618597  0.84792032112148319  0.85877439999699834  0.86942170500090921
  0.87998514616494328  0.89048429467055357  0.90109823255003629  0.91166564942645512
  0.92232652075330157  0.93290518014131973  0.94331510689633635  0.95351833517864470
  0.96458504888520380  0.97592130517049624  0.98819115496403753  1.00000000000000000
 -0.00209940163437558  0.00852634219007912  0.01774415268458072  0.02769236433284130
  0.03819975484605720  0.04885497159534243  0.05904858595804485  0.06907953799536322
  0.07936497280463613  0.08927423979672282  0.09941567450896709  0.10877989093527875
  0.11852039371718379  0.12830014031602563  0.13829739662303983  0.14828922352620338
  0.15874577627377573  0.16953202423860322  0.18067754325167626  0.19207308118230970
  0.20344435353621615  0.21467625607565963  0.22560951653340688  0.23672279022085840
  0.24816092343446594  0.25893572682912025  0.26977808751078619  0.28000587940787491
  0.29057557980015913  0.30112213326268017  0.31185231782692946  0.32334422844190369
  0.33411036378241926  0.34434423803031117  0.35428978130894045  0.36446084438338228
  0.37460931322315477  0.38471344333646579  0.39492997141948338  0.40545484329172343
  0.41603089100040092  0.42639359370571406  0.43692799004195571  0.44775567825426310
  0.45862155845736863  0.46916578340481024  0.47996344748120928  0.49106857339317295
  0.50203121369700054  0.51250727174974586  0.52309638042907936  0.53339352399920548
  0.54316147180563701  0.55253039628940537  0.56184522125853553  0.57167155268162995
  0.58204399977443377  0.59258919402618548  0.60323473062890898  0.61381251222685451
  0.62452132860419962  0.63514831022905971  0.64598499462359571  0.65665832404997515
  0.66722443087121475  0.67804987083093415  0.68914838665701073  0.70032771018371520
  0.71118392158058752  0.72166141287579311  0.73236173931862891  0.74342104920721452
  0.75407595550316198  0.76446678892197861  0.77480024682094772  0.78538089803251721
  0.79611665154470657  0.80682634066040726  0.81727565855252360  0.82771939087172930
  0.83796594033638427  0.84855977923258419  0.85934318623394101  0.87035198253187152
  0.88182374508770212  0.89361781335987001  0.90562980520413372  0.91730988806235891
  0.92838599059469940  0.93889209574776322  0.94908648694712783  0.95930212779600477
  0.96943199893016019  0.97956249926840888  0.99000641205771667  1.00000000000000000
 -0.00229774548790643  0.00888506335643059  0.01879992349915902  0.02972977093019615
  0.04051294198093577  0.05114409673726385  0.06180408033745214  0.07301483395108314
  0.08420326033614402  0.09493956544182330  0.10571741150022278  0.11652840838240831
  0.12706715512011174  0.13712240605556375  0.14736793175057139  0.15777975846759520
  0.16815719453194078  0.17823127276844453  0.18852778077949875  0.19896552849460133
  0.20929019332464299  0.21944387522142342  0.22953367013202938  0.23988424804340086
  0.25075499348459196  0.26206816679619288  0.27324400412205763  0.28374044678537508
  0.29378090887997649  0.30378382197244491  0.31397688719350120  0.32451264368519533
  0.33518580831659833  0.34604338769016368  0.35692062378514966  0.36802331323903087
  0.37874515163215794  0.38913561057185142  0.39925206429607285  0.40946446444331147
  0.41991191758683005  0.43038345253399996  0.44103775967458908  0.45157530491696929
  0.46193142762448686  0.47247122533212732  0.48329296003924888  0.49442667972815085
  0.50542701540559809  0.51594296249165539  0.52646102101609893  0.53694740039858568
  0.54812525764861608  0.55978494064110662  0.57207688131612322  0.58428031045584361
  0.59605995426808489  0.60753048960421629  0.61853409755440647  0.62880014680962903
  0.63863945216894058  0.64857238111286719  0.65861643284378524  0.66856535054501931
  0.67824757516068135  0.68792823028969985  0.69775624511056034  0.70780229466111999
  0.71816616513558795  0.72845750070388349  0.73851673656934913  0.74860151390446450
  0.75847522388388666  0.76808738357253381  0.77788100778280489  0.78807642405151490
  0.79832059257181975  0.80802724990990449  0.81827420252738170  0.82868449615064799
  0.83956628009464618  0.84989334880494138  0.86007599757714248  0.87012265852010096
  0.88043762537921222  0.89090444655238055  0.90122422559765902  0.91138324803102699
  0.92230263676214175  0.93405457856140373  0.94513961006911695  0.95567599004872339
  0.96620120105134355  0.97702620500142723  0.98848770149077947  1.00000000000000000
 -0.00206112505343479  0.00902065460691827  0.01825545995733931  0.02777057926950504
  0.03705529204712803  0.04662087597330469  0.05666184515589923  0.06677150602686328
  0.07675020516956493  0.08727575887274669  0.09804221220730561  0.10876132728842153
  0.11891988589925730  0.12917678725446338  0.13950420373268965  0.15010652283039183
  0.16076825287319940  0.17160016447245563  0.18259752233386667  0.19366489321126795
  0.20477224946858924  0.21575198633678150  0.22627960338722733  0.23665225516573762
  0.24695324504335214  0.25744904635139315  0.26804239643248556  0.27866350804057105
  0.28959778096138838  0.30027965491026459  0.31129779410735248  0.32255165856160040
  0.33416433070164181  0.34563145233855908  0.35662662927805966  0.36678002297053836
  0.37658962081168468  0.38667978497707978  0.39716046451728654  0.40796014774808520
  0.41835642604228468  0.42942490423673324  0.44033091612797365  0.45158357891944817
  0.46292152812548187  0.47420484026998194  0.48520770858754120  0.49568314850875750
  0.50567652962629406  0.51525968453636228  0.52502302111961408  0.53522674382567303
  0.54595731123359248  0.55662322777131434  0.56748355242905790  0.57843826653683383
  0.58976786502831735  0.60134442245353137  0.61278795430962463  0.62398815231750682
  0.63490167680696474  0.64585624709555589  0.65688332380204395  0.66790309203371090
  0.67855674200640503  0.68893041350666906  0.69919923758334968  0.70982591882883650
  0.72078129929829682  0.73176304209496368  0.74264074023401205  0.75301261970438704
  0.76293467524484238  0.77296161474051983  0.78280413311777974  0.79252852267635332
  0.80232943694333247  0.81226278727907575  0.82243300495748040  0.83210370255985344
  0.84238517690671411  0.85246300112726714  0.86238951166754496  0.87230688147232283
  0.88330081372784108  0.89442825369377699  0.90505938898822424  0.91538716323049951
  0.92651472503093801  0.93810156855359117  0.94854687825312334  0.95923376584326414
  0.96935654494089163  0.97967168164688334  0.98957566504433669  1.00000000000000000
 -0.00241672074877210  0.00963997084944077  0.01951741267482882  0.02989068668398182
  0.04024834993079238  0.05073958714553395  0.06114574380744407  0.07122368321458414
  0.08105788575163610  0.09106352089152905  0.10089447472014594  0.11097955509909618
  0.12117452380736260  0.13132842150254792  0.14141958863599435  0.15134727485276930
  0.16123757616016388  0.17100057656965487  0.18083908454157382  0.19086759869169362
  0.20116310048748837  0.21147476847209473  0.22173936709816239  0.23207086398452248
  0.24238761571795767  0.25262195867201265  0.26280219893454887  0.27294983942019913
  0.28301614798801988  0.29315986730979582  0.30346345806770558  0.31365812796690296
  0.32384920206719076  0.33444273382169171  0.34549375859671833  0.35651843146832685
  0.36728913365272708  0.37829129179517279  0.38958759745715105  0.40056562794798961
  0.41106955656652006  0.42138200550383820  0.43173511582695462  0.44241131143816731
  0.45321579884479790  0.46395140301210469  0.47460781677583030  0.48517302486766528
  0.49555636797003172  0.50563418604726673  0.51572003634313679  0.52602678872862507
  0.53636073393728012  0.54686637522089254  0.55776906742709587  0.56868545675567761
  0.57919723777240628  0.58939446374691373  0.59978772738450781  0.61060456056271950
  0.62182607068989704  0.63291805279509450  0.64352655021287231  0.65387619118318407
  0.66420073091129117  0.67459755942825106  0.68499590077622585  0.69561218399208247
  0.70636661209679619  0.71719101590644441  0.72809958367032157  0.73907039430645727
  0.75048253462033321  0.76205855007770118  0.77305694620096410  0.78316251939845138
  0.79346167588411654  0.80434407951501929  0.81535615806932982  0.82608738553433469
  0.83697670586852702  0.84850673715174052  0.86005386822238339  0.87011754204879455
  0.88014487890157911  0.88964429197461736  0.89979384901697901  0.91019703117913431
  0.92078052678941491  0.93236044716111566  0.94392402110060103  0.95618195415414076
  0.96738009789121282  0.97864367186771040  0.98931401529366592  1.00000000000000000
 -0.00270500167425249  0.01103463527462550  0.02259688042090954  0.03309120871108150
  0.04394551707974981  0.05409099177257604  0.06382994897861297  0.07314731592917145
  0.08238474307821067  0.09280598034549965  0.10383034996837012  0.11408208496920376
  0.12429697357976334  0.13403516773583432  0.14376580450178164  0.15374231527985746
  0.16334345692938315  0.17301719638045424  0.18231426361238606  0.19179049838328446
  0.20170840684892435  0.21171265147178639  0.22155581893829251  0.23131251001471018
  0.24128862221249348  0.25154037393048057  0.26172155839257522  0.27224712756842734
  0.28301833413176719  0.29410427689863583  0.30530104857632329  0.31650910246270048
  0.32786827356102616  0.33916664020867293  0.35031832836746363  0.36101627409871517
  0.37106609838628496  0.38115770906552909  0.39146475243214468  0.40226286518174204
  0.41317458418637326  0.42393439012049505  0.43514703228178786  0.44671400014015294
  0.45873051663802994  0.47030050088248943  0.48197862056515706  0.49383349570276353
  0.50571482404869494  0.51720916224002800  0.52840613540411541  0.53958634323722521
  0.55092660379251857  0.56190694670322883  0.57235053748266151  0.58271965574276119
  0.59337504119157491  0.60414208281883974  0.61493485703004946  0.62533677202132765
  0.63626348943562094  0.64691092686357421  0.65724962755687888  0.66748230886002602
  0.67791033223526787  0.68823819323269197  0.69851413947963714  0.70878241688721799
  0.71913565294699100  0.72974021690190982  0.74023821751194352  0.75063873258643721
  0.76084630044183199  0.77088567807815356  0.78099760834009035  0.79059740037164650
  0.80052043213672108  0.81057854795384565  0.82132336690090724  0.83213804379954082
  0.84213496235259488  0.85223037088662146  0.86226772829052378  0.87191088775859260
  0.88102336866744946  0.88966229631909810  0.89872885981658657  0.90880730896306383
  0.91934742882073650  0.93076792216246740  0.94217284492503284  0.95326601771220665
  0.96405399376319822  0.97544958400709469  0.98743716596972153  1.00000000000000000
 -0.00246124603566786  0.00948807407005466  0.01985603895752690  0.03068064612953104
  0.04143838829761826  0.05170233807808033  0.06206660763969152  0.07343705527774035
  0.08474057511010230  0.09571452393711946  0.10641165247366585  0.11808972095779358
  0.12936671501488356  0.14057319827505527  0.15075746318118172  0.16081975392259454
  0.17089273863685409  0.18055111953528816  0.18977564988576015  0.19924082797955561
  0.20904046841728419  0.21923141721818279  0.22958879672358518  0.23995955940372457
  0.25111460636157612  0.26155653315172289  0.27172438125355131  0.28201487434047351
  0.29279453623811558  0.30374190131705331  0.31398837970505317  0.32424612446525225
  0.33441241299505053  0.34424745879989788  0.35420075469200668  0.36446226395784587
  0.37457506389118483  0.38491410415030103  0.39504517336508305  0.40617021182095875
  0.41725683530773983  0.42838811785872255  0.43916244383766906  0.45002293483308536
  0.46044079035819069  0.47146862465666539  0.48242733855067688  0.49407981800647766
  0.50543222524423703  0.51698954047852030  0.52757810611831935  0.53796006362051008
  0.54842487091469161  0.55871831872652822  0.56876962684482246  0.57891525303836533
  0.58936601798925725  0.59998818104629326  0.61017042311492231  0.62041559115982348
  0.63074190719657863  0.64129776054835597  0.65162208834770574  0.66195359043676760
  0.67227065095273941  0.68279570841786119  0.69307499172210119  0.70347642990305026
  0.71336166598937734  0.72337849869718307  0.73344398742927286  0.74419805020599927
  0.75549364181114753  0.76619288115809869  0.77705615942953099  0.78819338421193530
  0.79993891138089024  0.81173747280088626  0.82268455639287708  0.83372793335927942
  0.84455668690803953  0.85549863050944730  0.86622417718532219  0.87711445415022815
  0.88756026164354374  0.89790909412394360  0.90866341932701511  0.91899250360243490
  0.92931244389739975  0.93943104111911191  0.95026616065399527  0.96064149745948268
  0.97032658409194872  0.98013662535764356  0.98980969114986772  1.00000000000000000
  0.02553042024426800  0.23188784761088918  0.26083137125540001  0.27501186096975022
  0.28570574998719844  0.29494544141089718  0.30369704116643553  0.31188145244364956
  0.31938002184002090  0.32638406283600641  0.33320892252891821  0.33986884330796707
  0.34636470856744561  0.35271442858989593  0.35887984693915814  0.36484062653699223
  0.37061622174460862  0.37630928686511123  0.38194243628635283  0.38750555720466906
  0.39312773844677307  0.39880053200743915  0.40438969751414355  0.40988389741251446
  0.41525988803377117  0.42050530309485218  0.42568316902857561  0.43085794886686196
  0.43623615819905304  0.44190306208686414  0.44768033684005792  0.45333205873350468
  0.45882334675933245  0.46408344057551965  0.46937625726235266  0.47474416021629090
  0.48016476860501622  0.48562734835857801  0.49105765683342056  0.49640568943314950
  0.50168943262537569  0.50694962319114389  0.51228601069537039  0.51775802288547657
  0.52331179190037902  0.52875355601960961  0.53417755892415586  0.53960871220369455
  0.54481125908733607  0.54981090736627747  0.55473823636133102  0.55979346046795719
  0.56509582301027073  0.57050648249821645  0.57586899887374943  0.58113141212160568
  0.58641695856740372  0.59181672804150609  0.59735800403712858  0.60301105303208646
  0.60870340490165720  0.61446123698904687  0.62018652530476459  0.62589728657054777
  0.63159687715289803  0.63739401148782993  0.64359188722622951  0.65003630990630012
  0.65667957181730552  0.66307679138007469  0.66946390173434278  0.67614582375142762
  0.68294979305852599  0.68994762953885036  0.69700608808128472  0.70404460112379119
  0.71137977351979886  0.71901895493714163  0.72679429593371514  0.73464206382448305
  0.74256668620522592  0.75080281694234829  0.75973515214854159  0.76904047784011820
  0.77869488587329694  0.78881917408266444  0.79963940627101637  0.81071775304244098
  0.82244483131069979  0.83512110652000293  0.84890261122803456  0.86379808914709733
  0.88077516138348200  0.90171151423996432  0.93293835771473144  1.00000000000000000
 -0.02489758188939966  0.11909609682497789  0.15713747737477005  0.17962105724112595
  0.19663288261341344  0.21146621858890838  0.22467064320301294  0.23679216414869583
  0.24827423905008048  0.25902507509948847  0.26944360686754149  0.27939818715963288
  0.28876762985386556  0.29728422455457293  0.30550230708161485  0.31361648436692457
  0.32153056684510273  0.32916312375844281  0.33644161783893106  0.34327174972637919
  0.34970986603521870  0.35598004791457555  0.36209448975816122  0.36819173075908934
  0.37429087080285622  0.38021185138469760  0.38600650962557925  0.39183786137055143
  0.39770766097498650  0.40354642606973484  0.40940042029449775  0.41512876645431551
  0.42067765539061053  0.42615169405598868  0.43166156527864680  0.43701127172066728
  0.44214738279979338  0.44711705246059252  0.45217263344729369  0.45732267488183226
  0.46265546551508663  0.46800550200681051  0.47326656099549835  0.47853320728167614
  0.48391786428163791  0.48932586336419648  0.49473403598217308  0.50018563148417972
  0.50561200484144542  0.51083338823330227  0.51609027141076835  0.52134427430072705
  0.52676237748881183  0.53226118044061443  0.53767831949239631  0.54301629546626751
  0.54828593546253357  0.55352447991280851  0.55881609827285827  0.56412408875987774
  0.56943682359542325  0.57476320314695795  0.58009066408377519  0.58551667601015522
  0.59098222748374574  0.59648609152509702  0.60216108066277030  0.60796060039127497
  0.61400647043165280  0.62020036141202950  0.62629418775670254  0.63258063916317786
  0.63888256543046607  0.64548522314600021  0.65211861529267945  0.65873958063916038
  0.66558087345643147  0.67276562831475084  0.68010348298310586  0.68747830319178183
  0.69493214739924991  0.70247912687948966  0.71052020989123121  0.71927321319274984
  0.72855865339919001  0.73774203557156426  0.74700122334576025  0.75631954376631283
  0.76641808313384441  0.77765426008625183  0.79095529819600641  0.80645157219681995
  0.82401606164617747  0.84498516743818108  0.87843616091695564  1.00000000000000000
   5.2128807718572332E-006  -1.0000000000000000     
 T F F F T F F F F F F F F F F F F F F F F F F F F F F F F F F F T F F F T F F F F F F F F F F F F F F F F F F F F F F F F F F F T F F F T F F F F F F F F F F F F F F F F F F F F F F F F F F F T F F F T F F F F F F F F F F F F F F F F F F F F F F F F F F F T F F F T F F F F F F F F F F F F F F F F F F F F F F F F F F F T F F F T F F F F F F F F F F F F F F F F F F F F F F F F F F F T F F F T F F F F F F F F F F F F F F F F F F F F F F F F F F F T F F F T F F F F F F F F F F F F F F F F F F F F F F F F F F F F F F F F F F F F F F F F F F F F F F F F F F F F F F F F F F F F F F F F F F F F F F F F F F F F F F F F F F F F F F F F F F F F F F F F F F F F F F F F F F F F F F F F F F F F F F F F F F F F F F F F F F F F F F F F F F F F F F F F F F F F F F F F F F F F F F F F F F F F F F F F F F F F F F F F F F F F F F F F F F F F F F F F F F F F F F F F F F F F F F F F F F F F F F F F F F F F F F F F F F F F F F F F F F F F F F F F F F F F F F F F F F F F F F F F F F F F F F F F F F F F F F F F F F F F F F F F F F F
  <DiscreteSampler_grid>
  grouped_processes
  1 # 1 for a reference and 2 for a running grid.
  10 # Attribute 'min_bin_probing_points' of the grid.
  1 # Attribute 'grid_mode' of the grid. 1=='default',2=='initialization'
  0.0000000000000000 # Attribute 'small_contrib_threshold' of the grid.
  0.5000000000000000 # Attribute 'damping_power' of the grid.
 # binID   n_entries weight   weight_sqr   abs_weight
    10   10   1.616547462250435E+001   1.049316787643209E+003   1.616547462250435E+001
  </DiscreteSampler_grid>
