  0.00345213435287065  0.01161097312599616  0.02099488200511342  0.03159865238142684
  0.04260089547009160  0.05354254265743157  0.06481796586392591  0.07647900558338377
  0.08855469331176985  0.10128020131276358  0.11435270595946473  0.12653126316870683
  0.13726196155734194  0.14746450818344592  0.15790293906193886  0.16913404255738845
  0.18047000270232524  0.19060852767911013  0.19957126390625995  0.20853199623586938
  0.21801657780523417  0.22732753430697530  0.23569460916479018  0.24412421060689299
  0.25322691470707120  0.26348290535994229  0.27354941674135186  0.28321334352685451
  0.29304426885672541  0.30327863106943570  0.31370381873837783  0.32427136105611842
  0.33456466774572385  0.34434104212838612  0.35438989005719440  0.36568550012279627
  0.37716374662296392  0.38844415494980716  0.39941010535426297  0.40991217245808453
  0.42104974681314944  0.43203030884502341  0.44287467569369199  0.45386711342179831
  0.46524942164483279  0.47714609317746948  0.48914358334471320  0.50067040519410344
  0.51171324366886750  0.52215924357430177  0.53253895984881261  0.54261161214949738
  0.55311419269297157  0.56367980280734065  0.57412552644546522  0.58400806635181979
  0.59237320435926633  0.60113914857862327  0.60953186521977576  0.61816544430066633
  0.62709660117668775  0.63619028796017829  0.64573811543674220  0.65694609098493584
  0.66920698686677449  0.68105147329888494  0.69225145147778588  0.70270574736246261
  0.71368707454657598  0.72481046785310510  0.73537345906948381  0.74547297686060709
  0.75685226848955101  0.76872419989765517  0.77971971998875278  0.79049909398763563
  0.80109836916945576  0.81168800944399888  0.82207857648368965  0.83279676656541934
  0.84320067228279294  0.85355874654430042  0.86313068939362980  0.87246067367432312
  0.88191265230915039  0.89181672098804288  0.90176640209767134  0.91140323666040790
  0.92143408633823920  0.93175362003082340  0.94241582910581090  0.95278122834742773
  0.96351448025841280  0.97506318099867584  0.98690816766126899  1.00000000000000000
  0.00721271555651007  0.01581112982290169  0.02658472687929710  0.03853898952183476
  0.04949693950851460  0.05990892036323039  0.07058917636648016  0.08182312670924591
  0.09279291582087107  0.10362136224294916  0.11415349888541126  0.12419268510108683
  0.13347976672776415  0.14278635346403129  0.15319233902844476  0.16421891031946817
  0.17620873865836029  0.18819216579386483  0.19994290986925031  0.21241873123348071
  0.22551800463852545  0.23827577061812669  0.25049332140162062  0.26227864645440541
  0.27395885870125075  0.28422448092400626  0.29450659171589116  0.30484961162292068
  0.31608322557698548  0.32703671847828913  0.33856734046747283  0.34993764386379045
  0.36213642502822796  0.37415197413803108  0.38610639909328931  0.39720309007870513
  0.40677439414061367  0.41642113053197166  0.42568047992042440  0.43453529349517656
  0.44306826944725231  0.45126334916784311  0.46010184022620426  0.47121062626092813
  0.48294971799780240  0.49431944831583702  0.50450253286519720  0.51368524131300242
  0.52276989383221706  0.53249885777046457  0.54236464124107298  0.55238867008407921
  0.56246083196644625  0.57293274754652435  0.58283846701576203  0.59301435175415962
  0.60296552966458739  0.61325457926294191  0.62323253705968484  0.63357833425629295
  0.64409343027953136  0.65497202005150768  0.66588377852004743  0.67680902283603117
  0.68774672981859630  0.69798972667501857  0.70771677408001743  0.71727943072263212
  0.72644969008989357  0.73561795796700091  0.74436629956973743  0.75379543543286209
  0.76379046876052048  0.77345381207527941  0.78303090718118118  0.79207443104417186
  0.80101607751443527  0.81023394660688508  0.81983262425952752  0.82983858001740807
  0.84000053865716795  0.84999988255972159  0.86028676290220085  0.87201312083897320
  0.88358676538051617  0.89554169858861332  0.90703073184440697  0.91801230533895384
  0.92942094699148747  0.94104131488639120  0.95282864208067086  0.96306649753910090
  0.97255695489912219  0.98152929695193625  0.99188549996040354  1.00000000000000000
  0.00253084751275072  0.01430644764405917  0.02616107628347866  0.03826932050250553
  0.04991328351224929  0.06075937272342105  0.07039883082497612  0.07917784033549090
  0.08834283980536309  0.09763312729206307  0.10717798393517738  0.11668558966890610
  0.12580206547225092  0.13557591304670508  0.14573341736790923  0.15638146248957766
  0.16686856303173647  0.17655189286149034  0.18584522884808896  0.19568012511486846
  0.20595113900993495  0.21607791318547162  0.22614773385290049  0.23668713036447039
  0.24789170686504169  0.25951595576931913  0.27187438064946923  0.28399246423935587
  0.29608016859340841  0.30764649544236661  0.31801669479666617  0.32805758910937616
  0.33847787179206862  0.34877871059278781  0.35796946751162473  0.36607562882789080
  0.37476664895558870  0.38354361490029931  0.39215738027672425  0.40068933397497991
  0.40936417351568599  0.41894742078033770  0.42950900216411436  0.43972959030037462
  0.44915215024170418  0.45852711980756478  0.46870281586763562  0.47977412341909231
  0.49134493098778792  0.50181524492519125  0.51290740819932512  0.52460013480772794
  0.53599442068445757  0.54714950974235510  0.55769843538737540  0.56771498950351129
  0.57738766234747019  0.58717426244472437  0.59761906137105059  0.60839243714839786
  0.61963151033271691  0.63091167073353727  0.64199184207968751  0.65227464324799123
  0.66271469681188933  0.67295541944469373  0.68308089215476997  0.69395912789104541
  0.70515549775322972  0.71654261664633245  0.72706577426793073  0.73758607381152030
  0.74833222958704892  0.75860388293335623  0.76863415329441287  0.77854556190536506
  0.78893125273614051  0.79970513690795020  0.81100029286553343  0.82207306331703600
  0.83275359157273687  0.84364333094367561  0.85533349932579827  0.86639648125907964
  0.87667266279840095  0.88763840942491479  0.89829955982450593  0.90853413296386543
  0.91928373162723653  0.93106592780147635  0.94313246198913292  0.95484222675207553
  0.96623589262643661  0.97788928945483689  0.98890636662796916  1.00000000000000000
  0.00669453507444449  0.01921420525482331  0.03296227162437576  0.04499979073265953
  0.05624983406457506  0.06774744260072620  0.07879246534046126  0.08935222075855452
  0.09995474943459200  0.11151592702290541  0.12434982369956371  0.13584890848354134
  0.14670132894628146  0.15745796371949425  0.16751182505987230  0.17701634073874237
  0.18622418921413819  0.19563826821323191  0.20516457892533549  0.21454189879476743
  0.22404990533175548  0.23387218211382607  0.24411309001158704  0.25484314927473573
  0.26716179753749020  0.27965721119647680  0.29152790988061877  0.30249025455990197
  0.31299732604617769  0.32418391142362424  0.33434459670604183  0.34373896515961666
  0.35300786439983511  0.36272524644191279  0.37226471558107249  0.38128502096274836
  0.39039117743575980  0.40029910969322230  0.41075263559564934  0.42117552613376463
  0.43189592502018276  0.44345124695597937  0.45555450480010057  0.46745534849760051
  0.47911537755372346  0.49051410427525155  0.50205296784025322  0.51444135617203746
  0.52680228043825306  0.53863065613049332  0.54938490467972501  0.55952324061546521
  0.56968425227740638  0.57949530154748741  0.58986417775671007  0.59986068143558147
  0.60961226596677920  0.62000106968484470  0.63107816577257025  0.64205622599953516
  0.65265009055225642  0.66271631711534074  0.67249606896155190  0.68239911286122523
  0.69249805819392407  0.70288738617642765  0.71343858674523064  0.72423879102843636
  0.73556285569418944  0.74671229603877354  0.75771894090006420  0.76871485403298634
  0.77844211199617874  0.78781038744584342  0.79710837743910246  0.80655426486883863
  0.81589206475274545  0.82496533394841831  0.83395258154486274  0.84368448000664287
  0.85348933943784988  0.86307633874194600  0.87263858925580706  0.88201872093857780
  0.89169212771725159  0.90223650667355426  0.91351553178535549  0.92486125594222501
  0.93567864977836757  0.94607792748437436  0.95616386560586419  0.96579115407813376
  0.97467559144180693  0.98319305182192562  0.99139586589340178  1.00000000000000000
 -0.00008313259760792  0.00076095035009945  0.00173910802165747  0.00312122234476125
  0.00514003305909183  0.00759089774103455  0.01049984706604402  0.01383761560018051
  0.01768143688876716  0.02197465018861756  0.02635883392991122  0.03148402762030133
  0.03695491893402601  0.04255630545780401  0.04855863423710865  0.05489968297207717
  0.06111760776041711  0.06729986153054014  0.07412218072978446  0.08132230039602351
  0.08866696705629512  0.09660332392853165  0.10515675777118122  0.11390410526459337
  0.12232897733168115  0.13082696449382614  0.13967060579714605  0.14852672145737869
  0.15740393195855870  0.16640570091449894  0.17606151718600702  0.18579832362012019
  0.19551768922420107  0.20512192688368991  0.21411494365935851  0.22261716331246695
  0.23113721328782019  0.24009181869432283  0.24997268568353437  0.26068900783102478
  0.27186944381726824  0.28372974474513024  0.29509292115065411  0.30560343848651778
  0.31589849890564198  0.32646077961713860  0.33717741810744611  0.34817694163994373
  0.35973299477839776  0.37143838897503467  0.38339395602371101  0.39602585159165160
  0.40946160682439914  0.42364579183079099  0.43840353365354928  0.45283415320526021
  0.46627218159623818  0.48003842801332969  0.49359391238550349  0.50670637721602207
  0.51958594632770760  0.53211396530654409  0.54631055347947177  0.56044130273109694
  0.57414560964766559  0.58764788268045942  0.60095738171221258  0.61347971004664081
  0.62618969500142208  0.63928202936068634  0.65292515821793262  0.66706975360558907
  0.68144782194668796  0.69570777424739805  0.70956001402290292  0.72292078316738073
  0.73656116432885421  0.75004148013356120  0.76348345917055693  0.77676008515604100
  0.78982892752413325  0.80285190410524043  0.81594752859596520  0.82917174210553746
  0.84315079112082669  0.85751501846982026  0.87176484731398329  0.88580831240623503
  0.89996097756914961  0.91388687719053618  0.92768499325587472  0.94143922680823322
  0.95599206723632790  0.97060721334949240  0.98527688062393082  1.00000000000000000
 -0.00293494466003225  0.01187621391846910  0.02212045942938758  0.03192250405156954
  0.04096800072376702  0.05064050493596437  0.06088111447317187  0.07125057631464536
  0.08140317748005992  0.09170478553633363  0.10223668798872232  0.11260620691724890
  0.12300750324379710  0.13307416373520559  0.14306573714107459  0.15305439195975937
  0.16300045111368988  0.17310917788842400  0.18343654551209970  0.19430647087685998
  0.20533395519457720  0.21535174822407244  0.22556453623465572  0.23583658558754189
  0.24597821878912418  0.25530529041315164  0.26483537991564815  0.27473057561822867
  0.28488880552060297  0.29514521413688105  0.30560605625922593  0.31567483009435016
  0.32579814843308452  0.33557256272063274  0.34528933684122437  0.35597554107098345
  0.36549608066578132  0.37478438455183111  0.38394504255887785  0.39307537736768472
  0.40227057972302765  0.41189928181079777  0.42266289947805874  0.43461323783712741
  0.44614153293457881  0.45635495963720846  0.46632089852481678  0.47694229013867118
  0.48837998640534647  0.50042425741445118  0.51237904246284038  0.52403604856278907
  0.53533907600752140  0.54631358945136232  0.55739834095135210  0.56952740636863475
  0.58222201849369060  0.59369442825088048  0.60427790122418945  0.61482206236500692
  0.62543093006297867  0.63519374546106333  0.64448271233985044  0.65433853702529310
  0.66436763930418985  0.67412025670449804  0.68377902417825576  0.69370944438070370
  0.70385697775763068  0.71428563505139619  0.72535688304470614  0.73671798054112936
  0.74799275257961895  0.75933282320809647  0.77060214902344826  0.78125813103691710
  0.79182286687492520  0.80289536678400475  0.81432901364957866  0.82672554006091625
  0.83963984354369658  0.85260003024149933  0.86531931409863172  0.87687197334580136
  0.88730007581206061  0.89689927712030848  0.90689534449193454  0.91711206521358057
  0.92848027885645401  0.94041864595091085  0.95229701614156292  0.96274352572338284
  0.97258177463747397  0.98199827730631650  0.99127953027580595  1.00000000000000000
 -0.00187007809181206  0.00895848253367541  0.01871694555507480  0.02978094005785716
  0.04039945423848340  0.05051645061654414  0.06042399224718543  0.07109584298195701
  0.08228857066520011  0.09309114680949586  0.10329245585570533  0.11356262087474502
  0.12381570852601848  0.13357195976208183  0.14277823205656232  0.15199698273744428
  0.16132958258256655  0.17124638179626253  0.18113588470606060  0.19063408235457233
  0.20003543937694476  0.20925758609079526  0.21878920642586369  0.22866792951953777
  0.23873319296470780  0.24845125805511756  0.25751762040147796  0.26653474165454144
  0.27596520895922327  0.28577087813937957  0.29540359510440095  0.30485675587672467
  0.31456549120037935  0.32663648756719127  0.33809737738216333  0.34799760487648190
  0.35842297061654488  0.36936710377665999  0.38045695854565259  0.39152319563071503
  0.40262609837371993  0.41401398816762391  0.42560575278150059  0.43757198392669605
  0.45067730500415737  0.46316273394737228  0.47462245766191580  0.48548934495877172
  0.49635080317579966  0.50737182847852336  0.51757732906951037  0.52717219665210535
  0.53649466098720544  0.54659255400197548  0.55675995689261404  0.56751740626130476
  0.57853651414193352  0.58967865956399168  0.60093550791391992  0.61254973549953184
  0.62476431415844236  0.63724183491795838  0.64965505275133895  0.66218687853120040
  0.67345620417919749  0.68304286677515103  0.69267840000356362  0.70298703556683773
  0.71461994872698931  0.72648998975586465  0.73783978307013420  0.74877291572292148
  0.75993744500641036  0.77105714706847539  0.78263498719606472  0.79387975120394971
  0.80492389556340160  0.81575101316917054  0.82664355357538699  0.83754783650949383
  0.84812389607421357  0.85965237430162178  0.87082613252422447  0.88085800458501806
  0.89066296324253280  0.90151915307758446  0.91277352746857232  0.92252147947422525
  0.93160886093397199  0.94086613310271405  0.95048048427362919  0.95991152573697036
  0.96930627209608500  0.97913498761743445  0.98985401590013222  1.00000000000000000
 -0.00227277090219027  0.00937000718628922  0.01899324259940116  0.02882416930960522
  0.03916854900705926  0.04881954438622380  0.05903427669752201  0.07006954694929483
  0.08203875746881445  0.09236825326450332  0.10252913982528432  0.11343942408281932
  0.12561267316868061  0.13778235422423549  0.15002819248428678  0.16240340539640427
  0.17416887762358810  0.18567391931392468  0.19665346799782538  0.20767309967731279
  0.21823227838184597  0.22849196030021929  0.23835574181847335  0.24821644814266547
  0.25740146037867762  0.26611438139399929  0.27473069050073501  0.28378453911857332
  0.29341597152960924  0.30289724201471135  0.31262347868014506  0.32255837454288583
  0.33323960142517428  0.34496060809340062  0.35714746017938681  0.36847587073535704
  0.37963699411443708  0.39106304685434035  0.40261923666439781  0.41339816717710465
  0.42393459166049130  0.43505398004478923  0.44751790652794132  0.46005928908410698
  0.47103335083680875  0.48127049834002072  0.49125630401792386  0.50112963826546453
  0.51089993034797243  0.52100265788894395  0.53166497132554202  0.54204901566425689
  0.55192735909156332  0.56170612954079902  0.57207625563872144  0.58301995370429038
  0.59608540192571791  0.60819432151145980  0.61771925378371373  0.62764657989631811
  0.63745805635910602  0.64703086159414069  0.65591351032977796  0.66518296656871356
  0.67546859686823868  0.68574782117352517  0.69519962258090573  0.70468189908854384
  0.71452250082827518  0.72473157256198206  0.73532776871664673  0.74641146712116679
  0.75811972920618786  0.76994004444871067  0.78093008445954926  0.79125248905032897
  0.80160048504047499  0.81194433443710035  0.82238209746834434  0.83315661459502355
  0.84442077951335637  0.85536387893527588  0.86629160084335532  0.87721485756262285
  0.88859228876455976  0.89931920932677567  0.90954602781210303  0.91970253412759984
  0.92858889929310340  0.93731376281078782  0.94602099640912174  0.95542419431903314
  0.96530460541698293  0.97670999378103374  0.98789808234197329  1.00000000000000000
 -0.00245657772631182  0.00915019033749282  0.01968377272149488  0.03065014020934023
  0.04174106553608544  0.05253310174933733  0.06324617010607979  0.07364904001767816
  0.08347849315624965  0.09268116314328796  0.10217845961233676  0.11203851912156973
  0.12223469951829508  0.13336059431024383  0.14555462584186613  0.15766752650300042
  0.16863825741072999  0.17864739400486357  0.18805337450780191  0.19722806523586234
  0.20720746131025661  0.21792642505167384  0.22783488858555501  0.23755575622386491
  0.24723818352158417  0.25834192333285200  0.27017333038348273  0.28202710288401456
  0.29372659780541704  0.30485724132968434  0.31566029505717308  0.32629083468232550
  0.33703139966514245  0.34786839922952228  0.35940421330260863  0.37151286528264232
  0.38322372401549720  0.39394174943540233  0.40363443614994404  0.41356197682831353
  0.42402795784445824  0.43439983836971047  0.44365740922910885  0.45272225875491234
  0.46290761622680399  0.47360859699897612  0.48502236356874989  0.49602078172860498
  0.50774488670889950  0.51941172231201915  0.52972892900037982  0.54023009972248626
  0.55068808319153317  0.56161694617680880  0.57184723452236486  0.58169606195567691
  0.59142693310584182  0.60129195298363547  0.61085254381122067  0.62012875596141637
  0.62973242213609359  0.63962939342718306  0.64936364391373813  0.65870988381423001
  0.66811509194982921  0.67839223839175011  0.68870565075137657  0.69951472698910500
  0.71049526026679266  0.72229429223161445  0.73406015151276116  0.74592632620430954
  0.75703838316435867  0.76695619220372790  0.77785473840961483  0.78864593298977548
  0.79975732458877580  0.81025838411952478  0.82088022196364052  0.83112852695107609
  0.84125352622939631  0.85154734761860640  0.86251300957592292  0.87419301486917689
  0.88674017005056782  0.89778455661739920  0.90783255929993900  0.91695129212449700
  0.92622464243516200  0.93686544520092352  0.94760945830940313  0.95868840351310625
  0.96947004567148143  0.98017890840213828  0.99003856351158792  1.00000000000000000
 -0.00172038793927473  0.00917905932659922  0.01852629731954376  0.02817992425615013
  0.03838466599381364  0.04876350896894373  0.05870635261929823  0.06846493668240142
  0.07873246945852318  0.08920155957097133  0.10022636560992358  0.11099826284396717
  0.12085890821907197  0.13029404769590552  0.14018975801862085  0.15112177087158862
  0.16176127600253190  0.17186753481403161  0.18189149210402977  0.19265793651587410
  0.20330177185742945  0.21326246178030453  0.22311003115198669  0.23324247223127217
  0.24421161702977795  0.25522029836500243  0.26561932538646960  0.27521750737008605
  0.28457017046961031  0.29434542124157442  0.30453856460281020  0.31496755158815293
  0.32542455472938953  0.33667460848895109  0.34825156138666885  0.36029950462184196
  0.37186437337385214  0.38225302610718165  0.39176734268789531  0.40159903527535701
  0.41225490925690644  0.42256895728461641  0.43237417229530678  0.44264061747748240
  0.45357649186904692  0.46393894794876200  0.47377764867372463  0.48407692753875120
  0.49426594878065189  0.50469701035515313  0.51586639251222810  0.52635658897655890
  0.53784351929598206  0.54818154542570330  0.55877957067931017  0.56870287472060788
  0.57924683281752276  0.58953935199892304  0.59993518615951325  0.61004787428741702
  0.62061275218280898  0.63100495625782360  0.64122029232698374  0.65197414497635131
  0.66390783302443757  0.67751625289688933  0.68935333524013276  0.70033676510963594
  0.71105517106117011  0.72257277107907525  0.73454185854997234  0.74566285277763877
  0.75761439061891311  0.76926507471275052  0.78034831591451270  0.79089115783345154
  0.80133767588825200  0.81247499335940265  0.82372872900076555  0.83481565427155890
  0.84530752557864042  0.85586700513628877  0.86618943535750825  0.87579073618426739
  0.88503994173545375  0.89383393620636931  0.90345526352288497  0.91284910681823372
  0.92286861678980470  0.93367514860245038  0.94474936563071843  0.95613032332895942
  0.96651344808209305  0.97700153475097051  0.98819707595634065  1.00000000000000000
 -0.00232164992102888  0.00996208086061439  0.01967426550902875  0.03050730983259640
  0.04081460186400152  0.05059173490892321  0.06001782218964817  0.07002658939592082
  0.08045148477045505  0.09075712087081696  0.10074060845538603  0.11100065654898901
  0.12164843585531034  0.13179257650546056  0.14204929844629599  0.15236345661098041
  0.16318883134852014  0.17362321429607372  0.18333357599618544  0.19264514331973490
  0.20179955187432003  0.21122739894306905  0.22100785080130717  0.23133757964137347
  0.24201979632436621  0.25303622868372838  0.26431543507946414  0.27599776824279859
  0.28765794940164724  0.29905932178854511  0.31032614714251028  0.32094037577064299
  0.33259673271363888  0.34617240123030918  0.35962693848926552  0.37208602597521129
  0.38457278203791206  0.39618398653185988  0.40673193043833883  0.41669767085751763
  0.42658968730981234  0.43647354759984908  0.44644933137266135  0.45646218242705605
  0.46636528862118687  0.47660613990606243  0.48772486552566185  0.49981631209858979
  0.51198052714685793  0.52328710756285024  0.53346566106852356  0.54305289584594019
  0.55227152487929421  0.56290722677358795  0.57459682532498835  0.58671794164451785
  0.59910718571100363  0.61208774841797187  0.62442060998180204  0.63547097612982528
  0.64575013791626312  0.65565508821264418  0.66553653759016773  0.67579892280291531
  0.68707138658308431  0.69920053534681170  0.71091608940594597  0.72177398787627767
  0.73241530618532869  0.74290516268022810  0.75320029201088656  0.76271397384868855
  0.77212640467938654  0.78223478412735048  0.79322203696481075  0.80496188791817347
  0.81638695731936517  0.82733087033863761  0.83751609904684876  0.84717215814067270
  0.85666408475016642  0.86654741831090798  0.87646039765932393  0.88644939704728065
  0.89633640397233971  0.90587616221399547  0.91511320278787311  0.92384264578690822
  0.93206263450187310  0.94074250589939534  0.94980138958218074  0.95950886748628827
  0.97012674161309165  0.98076506054993207  0.99052257887447104  1.00000000000000000
 -0.00237204973076958  0.01006746133778536  0.02072005975918651  0.03295201964519696
  0.04420808827493700  0.05494238155232695  0.06575689659911688  0.07804768639345608
  0.08896838471679686  0.09968799270337830  0.10998335213288807  0.12003291716544556
  0.13012389746847564  0.14059406023910909  0.15166704764452982  0.16218848412244249
  0.17434865459582208  0.18704668117204373  0.19993147723244567  0.21309816784287752
  0.22591245405773336  0.23778373587503993  0.24862470818597315  0.25899155360012160
  0.26996240008290368  0.28122811625750177  0.29236931258823190  0.30188810723972348
  0.31067756073080427  0.31950191556999846  0.32850598634687661  0.33859296367012753
  0.34887958272574404  0.36018576839081556  0.37164115083180288  0.38281858088494475
  0.39314241040551429  0.40294683158764094  0.41293366294463557  0.42355497611560616
  0.43410207374763154  0.44399924095780757  0.45389504844580753  0.46359671901827504
  0.47313202020936934  0.48209231447072937  0.49105359291389372  0.50029532545379751
  0.50900905683238717  0.51742358127094290  0.52679051433985302  0.53717906436289264
  0.54818912154760024  0.56000941661134274  0.57102762142637253  0.58194089367279234
  0.59209642008575081  0.60240195351631975  0.61194775698620096  0.62180162345942869
  0.63199118474335503  0.64294952363652713  0.65419287744397359  0.66614987856964458
  0.67857958075682634  0.69014562626295672  0.70144719400075206  0.71233220848867718
  0.72209129031635799  0.73110240666660586  0.74006207551118008  0.74964353924045424
  0.76028914836345440  0.77018832844228258  0.78009927393006473  0.78985388127971679
  0.79889300900005245  0.80768563749139033  0.81622368379752375  0.82605701144601706
  0.83682364624599037  0.84921722091747065  0.86189364004425972  0.87437143068460355
  0.88518137805808483  0.89541092256623567  0.90549904397784398  0.91590365192638912
  0.92624454582369320  0.93641679429024194  0.94688227602536423  0.95757790920281316
  0.96758784742647885  0.97800119595055823  0.98836467014176010  1.00000000000000000
 -0.00210250133791017  0.00852131411563219  0.01732431780087965  0.02607628425986947
  0.03446612035523621  0.04297684541326718  0.05190311569590703  0.06111640569515264
  0.07042493277012793  0.07958829432066761  0.08868883964848991  0.09818185456553821
  0.10798902731051810  0.11871472825399280  0.13012740732625064  0.14155325277743749
  0.15296671119908184  0.16461130162714527  0.17644004872799468  0.18839161707424851
  0.20087585582807038  0.21341502440489105  0.22504323929581738  0.23592470652388225
  0.24660099636178126  0.25797194289177933  0.26974151416553133  0.28121866987004901
  0.29290818375761657  0.30600065259162157  0.31915416054096518  0.33173783656088435
  0.34375088347690974  0.35539263466867427  0.36716802327893716  0.37877984850143503
  0.39005895133487656  0.40063068181103029  0.41137173724164849  0.42221026687723684
  0.43423731769098262  0.44563378991274588  0.45736546976547687  0.46955664940788500
  0.48284578760095215  0.49634697659914984  0.50837874827449903  0.51948969469605288
  0.53089629392579518  0.54262700992156732  0.55365768390464720  0.56465408034109144
  0.57599062948757884  0.58745038608300315  0.59879597341670954  0.60992163333302296
  0.62119677242160842  0.63257453150773069  0.64366865203870438  0.65442782030778790
  0.66483897631194344  0.67478584512640161  0.68494170890828410  0.69533732964689599
  0.70603347728688104  0.71666252410007325  0.72680786590257129  0.73652115927350048
  0.74545320675552795  0.75471898056668874  0.76421105966455383  0.77448302298016969
  0.78479318422025401  0.79453536673454528  0.80372268373492906  0.81386735744541372
  0.82413808168873637  0.83405909095021935  0.84296027524798200  0.85166571706235383
  0.86118479947239279  0.87157143036706575  0.88200371720210602  0.89217531029065544
  0.90219046472979458  0.91188508569530502  0.92179580676768014  0.93195369663727490
  0.94197615998573292  0.95138972536305288  0.96045745798509141  0.96898966866034686
  0.97714198227799964  0.98450840814023011  0.99206395036382167  1.00000000000000000
 -0.00278209894034300  0.01047409635414150  0.02148778065096285  0.03291777792653129
  0.04308656692698425  0.05260697045221074  0.06236550593015534  0.07248071321990593
  0.08289641702196093  0.09331278977423466  0.10322316168095065  0.11375356464606447
  0.12445983201462657  0.13482338037216451  0.14511768546584211  0.15527015985634493
  0.16524604624770797  0.17514104509046041  0.18502351427213531  0.19541348546256748
  0.20638306246386082  0.21747304063698661  0.22866282621345296  0.23981796055835000
  0.25135010444354516  0.26251053023028792  0.27300872763645068  0.28293304699469712
  0.29278324647410187  0.30341136849436223  0.31466421540698686  0.32623059063050197
  0.33718768564054952  0.34749335412802862  0.35851842138668299  0.36976234002924818
  0.38112315463231511  0.39242774120312240  0.40319843600697758  0.41396553646853873
  0.42489723901897025  0.43604851404148598  0.44765558514781351  0.45914204553652854
  0.47026971561950248  0.48123378172280218  0.49245089559676680  0.50436483711728486
  0.51650856634762754  0.52829785199315760  0.53932781169794419  0.54971075792613877
  0.55970108610048963  0.56924416648380660  0.57864838906465010  0.58843160290732743
  0.59829061300076913  0.60824109810095983  0.61841314739379816  0.62865212396771009
  0.63854373730351532  0.64802869292983589  0.65739716408279114  0.66648130122296168
  0.67497283793341489  0.68394940412832905  0.69362267088609120  0.70324734333006078
  0.71219773731481539  0.72175596490136029  0.73171804423439135  0.74215305373958940
  0.75216621996155553  0.76157455016298914  0.77111142957032941  0.78103758598937079
  0.79113117696153745  0.80085483186098327  0.81091401705790644  0.82134895870396685
  0.83164985794566504  0.84198580530893918  0.85281657714682979  0.86394727828989870
  0.87520183631430104  0.88672434355605989  0.89827950600330930  0.90980807766867933
  0.92134858831831157  0.93392594231219939  0.94572999752794518  0.95702657195940410
  0.96722241141912868  0.97792133079335131  0.98874204924416975  1.00000000000000000
  0.10748921968704356  0.19019940532468080  0.24048433451331949  0.26037367383932486
  0.27238861379332729  0.28160391876375768  0.29021058554888701  0.29831408912788465
  0.30598375086830776  0.31334986821709143  0.31975514622366397  0.32591794167687160
  0.33155928622299041  0.33805798115628183  0.34503635534491067  0.35233196982087239
  0.35994952044579243  0.36710365706550885  0.37415388289159313  0.38114414107386962
  0.38842552514717849  0.39523314730369108  0.40198702409817655  0.40866488923675237
  0.41533170371200778  0.42205011301277118  0.42874671737003012  0.43550636326269337
  0.44243483374590525  0.44934649168659152  0.45608513812194107  0.46277338969460707
  0.46922773994869865  0.47586648984996677  0.48233395387085909  0.48894624452716884
  0.49561198757372915  0.50193827505281907  0.50779679986083559  0.51331785503049610
  0.51885965301857495  0.52463561732064057  0.53084690647336263  0.53681761758524660
  0.54231980069888031  0.54753643173134559  0.55294828130210605  0.55866824550836947
  0.56447288046226063  0.57046231564915351  0.57637311431867666  0.58214227847722400
  0.58796537876693267  0.59381783312678971  0.59986646156577206  0.60616989083520201
  0.61321212687910343  0.61993891110783739  0.62652710033410675  0.63264098913802158
  0.63916841943629243  0.64571848216188144  0.65240832698613171  0.65912129478106452
  0.66589118177145434  0.67269064853816951  0.67945566508895272  0.68628550430038382
  0.69343806360470583  0.70083714667414754  0.70805868298701635  0.71540641918265468
  0.72283613473673913  0.73055951836324939  0.73853242248023410  0.74641091173073038
  0.75396717855977491  0.76137861008281182  0.76874935970219904  0.77614310950253695
  0.78349939929291856  0.79102042820321983  0.79928638175370448  0.80854149607281633
  0.81901319820358254  0.82988727078978741  0.84104949507100679  0.85279728079655592
  0.86465388565250856  0.87658805215474089  0.88915575887228082  0.90318512138747309
  0.91909110590441179  0.93726870015776764  0.96281709629785528  1.00000000000000000
 -0.02002520698302681  0.13411607742502801  0.18093938032637419  0.21152193247925638
  0.23639447457615478  0.25574493597003189  0.27194480811156013  0.28764630569866279
  0.30315576496474417  0.31831159111093332  0.33348982896478607  0.34807759325629117
  0.36261081064198974  0.37628975320014840  0.38891405470705187  0.40088381998400630
  0.41219404441151875  0.42342639443216129  0.43365478765885795  0.44352913491962553
  0.45314027846519578  0.46277346921522922  0.47167907945895848  0.48050092392207505
  0.48901114000013612  0.49757572657694532  0.50539110667280063  0.51253670349791847
  0.51963850299626013  0.52615277728791932  0.53235479345027070  0.53835956733062573
  0.54426078516826448  0.54993490363520858  0.55583107527454345  0.56171139275608395
  0.56766834046491421  0.57350300167793178  0.57949311478418286  0.58502771241428564
  0.59080962407985915  0.59604073812625824  0.60150019225772222  0.60702940005677508
  0.61262916359973929  0.61820070555547646  0.62393419956051510  0.62989722123877567
  0.63596015156152375  0.64205862006955705  0.64780562326283131  0.65335270253281230
  0.65854644596387080  0.66378110026562875  0.66903564248968816  0.67430655217810453
  0.67958584210596451  0.68497302946066707  0.69057496628544213  0.69636425210023767
  0.70267646611220769  0.70840909382896067  0.71445562577560662  0.72047373221153355
  0.72647821023822323  0.73246034063468668  0.73832882733191485  0.74398323411162104
  0.74926335602664929  0.75440235030847314  0.75949953705903372  0.76475639772322557
  0.77011673690606930  0.77546100435012255  0.78075359467978356  0.78605030250035757
  0.79131158293772086  0.79639889193477920  0.80173962149013744  0.80741314816776200
  0.81338890347783277  0.81921030661195426  0.82496287186477546  0.83046978381363012
  0.83640349647722601  0.84266044970553911  0.84926855720213812  0.85592541081043239
  0.86290487671492277  0.87010828801020579  0.87862011445941213  0.88833026660478742
  0.89946087017665144  0.91456065268980347  0.93848940959948834  1.00000000000000000
   6.5376485799805310E-005  -1.0000000000000000     
 T F F F T F F F F F F F F F F F F F F F F F F F F F F F F F F F T F F F T F F F F F F F F F F F F F F F F F F F F F F F F F F F F F F F F F F F F F F F F F F F F F F F F F F F F F F F F F F F F F F F F F F F F F F F F F F F F F F F F F F F F F F F F F F F F F F F F F F F F F F F F F F F F F F F F F F F F F F F F F F F F F F F F F F F F F F F F F F F F F F F F F F F F F F F F F F F T F F F T F F F F F F F F F F F F F F F F F F F F F F F F F F F T F F F T F F F F F F F F F F F F F F F F F F F F F F F F F F F T F F F T F F F F F F F F F F F F F F F F F F F F F F F F F F F T F F F T F F F F F F F F F F F F F F F F F F F F F F F F F F F F F F F F F F F F F F F F F F F F F F F F F F F F F F F F F F F F F F F F F F F F F F F F F F F F F F F F F F F F F F F F F F F F F F F F F F F F F F F F F F F F F F F F F F F F F F F F F F F F F F F F F F F F F F F F F F F F F F F F F F F F F F F F F F F T F F F T F F F F F F F F F F F F F F F F F F F F F F F F F F F T F F F T F F F F F F F F F F F F F F F F F F F F F F F F F F F
  <DiscreteSampler_grid>
  grouped_processes
  1 # 1 for a reference and 2 for a running grid.
  10 # Attribute 'min_bin_probing_points' of the grid.
  1 # Attribute 'grid_mode' of the grid. 1=='default',2=='initialization'
  0.0000000000000000 # Attribute 'small_contrib_threshold' of the grid.
  0.5000000000000000 # Attribute 'damping_power' of the grid.
 # binID   n_entries weight   weight_sqr   abs_weight
    31   10   5.593634988387806E+002   8.213556956944979E+005   5.593634988387806E+002
    32   10   5.593634988387801E+002   8.213556956944983E+005   5.593634988387801E+002
    40   10   5.593634988387806E+002   8.213556956944979E+005   5.593634988387806E+002
    41   10   5.593634988387801E+002   8.213556956944983E+005   5.593634988387801E+002
    43   10   5.575317360744923E+002   8.158771964829735E+005   5.575317360744923E+002
    44   10   5.575317360744916E+002   8.158771964829740E+005   5.575317360744916E+002
    52   10   5.575317360744923E+002   8.158771964829735E+005   5.575317360744923E+002
    53   10   5.575317360744916E+002   8.158771964829740E+005   5.575317360744916E+002
  </DiscreteSampler_grid>
