  0.00338305668221085  0.01114145371311024  0.02123097938630324  0.03128539755123037
  0.04127255458743061  0.05122090400976316  0.06114201032339053  0.07153999458471610
  0.08172163248847916  0.09210325062582332  0.10218434590964892  0.11249049203165433
  0.12290902557172469  0.13346523171807956  0.14425725341037765  0.15475314102815765
  0.16503654288423550  0.17494476585665070  0.18498575741631415  0.19544827138447735
  0.20583171759134863  0.21631579974578058  0.22693778371334763  0.23752191644874743
  0.24768088533513533  0.25748952850410189  0.26712610973063117  0.27698969439439108
  0.28712583840726008  0.29777602929037245  0.30857907266752249  0.31910909729374570
  0.32958462785060649  0.34062715103744268  0.35174581001815874  0.36286898192933298
  0.37400329580209840  0.38498426643757017  0.39575279394830087  0.40634078518076155
  0.41690563819690613  0.42738231872824173  0.43773501823909050  0.44789075516594562
  0.45798621745774815  0.46805534185511061  0.47842298602493427  0.48899196381466176
  0.50000409446979865  0.51081196754352598  0.52180447716739720  0.53286617182930252
  0.54385930486194367  0.55474691507749319  0.56546060983283697  0.57627157790891825
  0.58665752004656857  0.59653227853396695  0.60641448255584507  0.61644726939392203
  0.62652676191334133  0.63658442047014330  0.64683536986535317  0.65718412539850624
  0.66740976646851879  0.67762265780088382  0.68804130596137214  0.69852501139591372
  0.70900589927381130  0.71948233942029316  0.73015749986230616  0.74088872751837931
  0.75149461469970957  0.76200525410519104  0.77246930672087910  0.78335253959565143
  0.79429312566055765  0.80562883664013996  0.81671919702645146  0.82759858221316374
  0.83814272790782152  0.84881327621103031  0.85930360438635289  0.86977007370036186
  0.88015200337516231  0.89075666499355000  0.90138721374146102  0.91182416096799523
  0.92214135913144657  0.93254318335010489  0.94349210695110319  0.95451179488169768
  0.96558750933246151  0.97649100803591182  0.98819398983049822  1.00000000000000000
  0.00710563807865380  0.01545681083937747  0.02648548568020786  0.03773134436748302
  0.04871824386369691  0.05987569347725327  0.07112932571665039  0.08238620839157108
  0.09327977090299897  0.10437633400277038  0.11497401015364528  0.12564148996509900
  0.13588245694485546  0.14649342496695600  0.15686628689413812  0.16752379984520327
  0.17805893401730163  0.18883755703124874  0.19948231904987312  0.21048063871408687
  0.22153471928852309  0.23261113596043814  0.24364943442945128  0.25436822939420339
  0.26479811815608029  0.27508025857342450  0.28525810923953626  0.29563333070318981
  0.30590106469251399  0.31645779627014736  0.32716933380324964  0.33794206806257993
  0.34851419451990201  0.35869452565680732  0.36855831041507087  0.37843359664649179
  0.38857517740167707  0.39873292489948792  0.40864723629994526  0.41848144847775481
  0.42866766532690193  0.43895824650288340  0.44907077965041864  0.45898568592571493
  0.46899687267185275  0.47915858509436077  0.48961349402537135  0.50034069800071468
  0.51125370465679409  0.52204631556767067  0.53251062386801740  0.54290533387712347
  0.55322242778821251  0.56361610863823253  0.57412579067038194  0.58463783357099208
  0.59523390394960807  0.60578907291449136  0.61643998396352362  0.62719884302628559
  0.63774486780924566  0.64823170796478946  0.65881112381856466  0.66926415709424714
  0.67920832772527906  0.68868465257084988  0.69840186821210415  0.70851267837229182
  0.71917525089259615  0.72986221722220290  0.74042487066513829  0.75072560154719004
  0.76097856962482679  0.77125874083358081  0.78164462126999235  0.79203354100266099
  0.80213334830839489  0.81203860568420616  0.82197624698596539  0.83214251865001432
  0.84297182602358833  0.85391293532926238  0.86452412757802433  0.87480463470198655
  0.88468534622079609  0.89477217781713070  0.90450413438934585  0.91421430416344496
  0.92410447779412708  0.93386362085068353  0.94371832574894166  0.95331752441672646
  0.96294240352921878  0.97260253713060307  0.98214830823689880  1.00000000000000000
  0.00345540837213483  0.01063949945937978  0.02036650154454868  0.03069954768266810
  0.04111210367501574  0.05176858326858341  0.06233512471815763  0.07295779493191516
  0.08343535559017820  0.09365740769008729  0.10385960232300857  0.11418207669554351
  0.12479688284109167  0.13562779180341952  0.14621024923817494  0.15650990464599193
  0.16696965038706882  0.17773170118911003  0.18844692967110013  0.19871066628063697
  0.20921861912565518  0.21979873633361671  0.23061355517927390  0.24151290286040591
  0.25248660850934396  0.26350744719801394  0.27428614364696635  0.28489169798002217
  0.29515099132228029  0.30513688411578821  0.31535061164185968  0.32546479609044449
  0.33571870537549958  0.34610134152936189  0.35708488456369908  0.36833057858283974
  0.37923298916827708  0.38965236896917449  0.39981375511499856  0.40993388572007833
  0.42027714124293364  0.43066237288741743  0.44110977909031829  0.45148533353588072
  0.46185642727699266  0.47237984684657569  0.48281795265256450  0.49294403168415718
  0.50266838504094857  0.51249120303782281  0.52240700541005658  0.53285094853416703
  0.54347601295166958  0.55471972421678295  0.56595981914889004  0.57653480436854754
  0.58683540416581803  0.59689199350780930  0.60716754202491996  0.61764459476346201
  0.62836469477583723  0.63920189623827783  0.64978691129356536  0.66027599865909692
  0.67081125545876907  0.68112963970281071  0.69149958676269729  0.70168191669356172
  0.71213327144660921  0.72233044955677761  0.73258639717210805  0.74277178774453945
  0.75295134716126866  0.76314458609580604  0.77363045717123780  0.78442640396726149
  0.79513637236191392  0.80548718384430440  0.81585689459918287  0.82650827311091557
  0.83733423134607421  0.84807518870979559  0.85869978083933007  0.86922143052612311
  0.87995012746222656  0.89073223552531799  0.90167664397849345  0.91229940448593050
  0.92265840934508636  0.93288216211626540  0.94326920588099394  0.95419856319189111
  0.96522694912379381  0.97625688643418262  0.98796542605171067  1.00000000000000000
  0.00620214178923694  0.02006283284132281  0.03481252028786937  0.04764330599002947
  0.05918173555401037  0.07038474705809836  0.08132254875930861  0.09237442276560999
  0.10320018595235378  0.11394376954485452  0.12462772717911315  0.13549864910277040
  0.14621055880191475  0.15679217623804453  0.16713202948532924  0.17770176587031236
  0.18821992877865523  0.19890271912002438  0.20963884543677541  0.22048696524358222
  0.23097280903553274  0.24112460175818787  0.25140961562163971  0.26206780274808017
  0.27279765628488784  0.28329388660885740  0.29369436466908899  0.30432666133455000
  0.31486187179162678  0.32533096838803344  0.33558462943041822  0.34582908386676275
  0.35589753807326235  0.36606302361725779  0.37649048488640335  0.38686703321052268
  0.39708198411188544  0.40718590787434816  0.41737545364278467  0.42789286145937089
  0.43834694462780899  0.44864076793450247  0.45901855371898503  0.46933525897609135
  0.47971537659143648  0.48987185856383308  0.50019023382436045  0.51030598794333504
  0.52009370204373240  0.53005266066266699  0.54003774589892173  0.55048182717692828
  0.56099648006305880  0.57201801342434533  0.58305287375620130  0.59372868192267036
  0.60407453618354734  0.61398149230646326  0.62382214008308767  0.63385682731751680
  0.64440189592193320  0.65498698440097425  0.66519022366145997  0.67535376976303496
  0.68562146811407731  0.69604426467869152  0.70648847554239902  0.71657182848372047
  0.72638555467502097  0.73624841466230906  0.74609987692643942  0.75608050889357004
  0.76617248727355558  0.77642044568573487  0.78690190577989938  0.79749900904479754
  0.80813002762928121  0.81864844112441792  0.82898931456279223  0.83930114416551194
  0.84960939893653087  0.85986146914470740  0.86995171197461496  0.87984268762894413
  0.88944404460092052  0.89889375499281554  0.90829169110388452  0.91785287497261658
  0.92757084486265884  0.93707197235334183  0.94631583400616393  0.95539778223841310
  0.96449142148360190  0.97351062504375629  0.98259393379255500  1.00000000000000000
  0.00000037727630822  0.00000658464501556  0.00001049884840208  0.00001401692507203
  0.00001771008490255  0.00002176776878720  0.00002611820719379  0.00003045800223781
  0.00003467129008307  0.00003892405225398  0.00004320958876690  0.00004748858626333
  0.00005184619008145  0.00005628800239519  0.00006090236920660  0.00006572722434937
  0.00007067291482201  0.00007564198341612  0.00008058046174594  0.00008560144112188
  0.00009068254650880  0.00009581017430719  0.00010115325998734  0.00010674735624424
  0.00011254187929699  0.00011849342512847  0.00012452888371633  0.00013067664497347
  0.00013711720176972  0.00014380882749903  0.00015109813495089  0.00015895820147737
  0.00016716832751094  0.00017591405286162  0.00018478797700424  0.00019403311141502
  0.00020345599112459  0.00021304095118358  0.00022298111970928  0.00023335802504926
  0.00024413133876050  0.00025524435493157  0.00026668178798306  0.00027845304620504
  0.00029062157343891  0.00030343603985563  0.00031676966162931  0.00033060362034310
  0.00034498290151541  0.00035990813058661  0.00037543989948244  0.00039183377634383
  0.00040927184337484  0.00042814489608405  0.00044815821890979  0.00046910385700339
  0.00049101971171529  0.00051392695741156  0.00053735089139585  0.00056179515969339
  0.00058798098603402  0.00061555714730012  0.00064460852476587  0.00067564816067671
  0.00070984956180207  0.00074721836801381  0.00078689878550359  0.00082817668784610
  0.00087268414281586  0.00091982253844833  0.00096958421025556  0.00102141675485791
  0.00108011802988910  0.00114436592043791  0.00121632272989760  0.00129439457489859
  0.00137762719051451  0.00146877807872626  0.00156842145379436  0.00168274967511710
  0.00181546693537075  0.00196361877590455  0.00214078827524802  0.00236511137453154
  0.00264166539829403  0.00295073168271746  0.00325319887578455  0.00358052788998201
  0.00396629905200970  0.00451608380487266  0.00523614124606359  0.00617471795243126
  0.00735462723096565  0.00953104189397350  0.14364111031395432  1.00000000000000000
 -0.00251432485607652  0.01013276475236201  0.02079732252164135  0.03175320358931381
  0.04293478795855965  0.05470355874001794  0.06606953478346526  0.07708737409078031
  0.08793839179572703  0.09880503319210078  0.10974294441340393  0.12059933657461822
  0.13143368154999110  0.14250280895840653  0.15376372833747087  0.16524405557615907
  0.17637398308853819  0.18742024162904161  0.19840288361776878  0.20874667924265375
  0.21920346363914339  0.22953604876004607  0.24055509751882323  0.25164399399483162
  0.26250603424009544  0.27288258225922646  0.28314240340007507  0.29363715421959319
  0.30415266053357848  0.31466180033379987  0.32507225909552390  0.33564110405044895
  0.34615918752539498  0.35675858793792570  0.36745681338350267  0.37813718578187361
  0.38869554866493655  0.39912757435913243  0.40969820317882344  0.42030896050039146
  0.43092941128412010  0.44150463841005821  0.45204251341559809  0.46265194138055898
  0.47341149169341928  0.48413690538685750  0.49478095101808722  0.50514248710845311
  0.51551264938721142  0.52616055534008865  0.53699325952102839  0.54743542641398246
  0.55754325735200960  0.56753753422078224  0.57759955007513464  0.58761965041294595
  0.59772824843139971  0.60808277751351747  0.61862479915074964  0.62891609459939546
  0.63937287256490261  0.65005727559428250  0.66056579518385827  0.67074771716092096
  0.68056220050152616  0.69031728197641962  0.70056855609341118  0.71084774898739700
  0.72099946092853284  0.73074924201157376  0.74028772858147995  0.75003071520289410
  0.75983214379639641  0.76976015482719684  0.77966732578335918  0.78945324562218300
  0.79943391056242297  0.80941108160955011  0.81930519315549821  0.82901145647547192
  0.83899439697267819  0.84929674128104182  0.85984163544762093  0.87058062871349329
  0.88177630316937794  0.89308669471769020  0.90397747404342965  0.91467632851129033
  0.92543994943329277  0.93630626945741047  0.94700226061758486  0.95766119723914533
  0.96823690254910333  0.97884793373532197  0.98942304600686226  1.00000000000000000
 -0.00241311110438116  0.00897647130822594  0.01868959164313520  0.02898905866730652
  0.03961194716330927  0.05013115624198587  0.06008115285825243  0.07025427608901622
  0.08067268345638294  0.09127507847516503  0.10216554191737212  0.11284232520561961
  0.12343248211229096  0.13415330724198749  0.14483576714658181  0.15574921452893270
  0.16627724224801552  0.17689153466122473  0.18756035802381471  0.19837446204728373
  0.20903156626107361  0.21962447818180819  0.23027477782936542  0.24119360404220216
  0.25222901470820386  0.26319399846303893  0.27350764242433856  0.28337411457285844
  0.29315104516127000  0.30305511353460751  0.31319025677821144  0.32348621041453507
  0.33383391182956840  0.34441050444389165  0.35500979877899413  0.36568805235267399
  0.37639138431917613  0.38723713101029711  0.39821047624171185  0.40893389896647242
  0.41944194953599312  0.42981137432518479  0.44016325571834142  0.45075194554334452
  0.46154640686761972  0.47232871594476039  0.48274124429761900  0.49290705242124977
  0.50327941375370888  0.51382522461461322  0.52443162132033561  0.53483739330786406
  0.54545633599214838  0.55589086769485885  0.56633146605392060  0.57658757924980542
  0.58707839893742553  0.59731154041987844  0.60741457186058212  0.61774587432492223
  0.62831906304064655  0.63900229784068219  0.64928520982688342  0.65952532213958026
  0.66998868287543323  0.68087918283695803  0.69176252295684859  0.70292858875947528
  0.71379078591166678  0.72507583719751367  0.73549466351392956  0.74605178907334813
  0.75638129838587209  0.76702805759803105  0.77761773470640860  0.78832929935951379
  0.79887457667001582  0.80940610054103002  0.81970880987258121  0.83024026901056902
  0.84093465100859488  0.85185067197315623  0.86253750295523246  0.87309117200913222
  0.88330795644452798  0.89347628722593941  0.90388631082568849  0.91411519070057734
  0.92452368604102897  0.93500704762033349  0.94608281351408430  0.95729037624407065
  0.96799817273797439  0.97861751273975428  0.98921867653841655  1.00000000000000000
 -0.00258953044668805  0.00973862367490215  0.02028707518192171  0.03076325889746050
  0.04165295878211530  0.05248280440437202  0.06313037140093510  0.07344496596883804
  0.08387825769413339  0.09442112068733145  0.10482511991444729  0.11538780414744480
  0.12613106621507700  0.13653788639964748  0.14686421321988422  0.15750692382200257
  0.16842633428252579  0.17936644957744063  0.19028413977185765  0.20111407120744465
  0.21158793472425474  0.22179243041681784  0.23200670396525305  0.24239742850951757
  0.25256411864317702  0.26276785575391598  0.27294557772830880  0.28350867217087983
  0.29421598065853938  0.30489184897257526  0.31552789430056288  0.32596324818236511
  0.33630863494899227  0.34683785259673938  0.35743631917123508  0.36825837015644264
  0.37897547339451160  0.38983662774839134  0.40086203177524082  0.41209532346859362
  0.42335399197843887  0.43435800057564117  0.44525179835692025  0.45619234489981386
  0.46701464808348286  0.47780570814992579  0.48851541076177363  0.49901077064152805
  0.50942346770472535  0.51991038486966168  0.53036831489007097  0.54077812009646853
  0.55105830954510304  0.56147493268870352  0.57202508032235233  0.58286854167335123
  0.59385481168613330  0.60463350932111437  0.61516020981655262  0.62553240218824901
  0.63606980611821251  0.64651643911330903  0.65665728088407471  0.66662619927072253
  0.67650710953697435  0.68675408254493309  0.69716778382285149  0.70761872774473344
  0.71803128393116178  0.72849152311589327  0.73897000268208646  0.74903817003815609
  0.75908033035206435  0.76908839006176888  0.77924131977134181  0.78934560721284419
  0.79974491308990125  0.81013350671718132  0.82033538781903348  0.83044587636573874
  0.84064457276732829  0.85070626134640348  0.86081250101276618  0.87109496346728454
  0.88165130003747660  0.89220834100340818  0.90300121758327345  0.91435215085443200
  0.92539648406380959  0.93626359260417646  0.94655471415403380  0.95698844592356669
  0.96770635509516723  0.97835582447492087  0.98928139103617896  1.00000000000000000
 -0.00226398693632312  0.00950690000487499  0.01935511048253808  0.02968331548865991
  0.03956543209225163  0.04961139745559241  0.06003280552825327  0.07095738643286877
  0.08172205831396404  0.09214757870447694  0.10224474059604663  0.11245569692619048
  0.12254051225307372  0.13290791459095000  0.14327792756886742  0.15375423175751857
  0.16413947929023556  0.17451816793871944  0.18466790601202604  0.19498106649149932
  0.20487853954046484  0.21522630202915272  0.22586798894356300  0.23649157970674284
  0.24735891669717369  0.25782247054200791  0.26830929898970296  0.27851947303093472
  0.28857580664190696  0.29884733103131783  0.30927879702761801  0.31995990843298006
  0.33082881854372392  0.34199711152096729  0.35328056868889501  0.36439816050669216
  0.37519733222252144  0.38628649597449405  0.39718321885628599  0.40763355004217694
  0.41826806915014891  0.42908316161388593  0.43998840547137935  0.45018271476665583
  0.46024757859299087  0.47038768370483691  0.48088728368885370  0.49112149536837585
  0.50150495742022494  0.51166850781070516  0.52173176952289380  0.53182425843476122
  0.54180352818084110  0.55205089974191035  0.56250886067831873  0.57317130978121444
  0.58360761143697593  0.59403707601904898  0.60434488028467692  0.61484055511388214
  0.62538541068490461  0.63567696992206679  0.64616388408096981  0.65645833128497899
  0.66698785030788899  0.67765381984436868  0.68848012678765924  0.69988360458331778
  0.71133479362228025  0.72253838315650776  0.73358340461356331  0.74449710597189966
  0.75512458553093675  0.76554167339729318  0.77585509339432390  0.78650823350333277
  0.79708802968587844  0.80763036281405609  0.81814518513608925  0.82905276574067988
  0.84003387452110767  0.85098794816855738  0.86193164216035556  0.87288052447531517
  0.88407943489728102  0.89521254844635878  0.90609752524499620  0.91661159220055366
  0.92665902653159404  0.93671303532968653  0.94677524373277833  0.95698179785017790
  0.96749164931748266  0.97802092583090539  0.98891375729168274  1.00000000000000000
 -0.00239324689054259  0.00958622640505045  0.01941647102476896  0.02941267633728108
  0.03912640973213137  0.04889739152188748  0.05890123297933086  0.06935100032279903
  0.07965605262481262  0.08996752123312612  0.10049792424853139  0.11105811644370099
  0.12166377973158755  0.13199788143920885  0.14225021555485429  0.15219194248479445
  0.16209546271365938  0.17210864391012867  0.18204584742759794  0.19168518036085053
  0.20144847120879333  0.21136382290381037  0.22143939342404464  0.23154488863408904
  0.24189105071137937  0.25248213116558382  0.26313798476581030  0.27351769677408033
  0.28406490213298047  0.29438429050722065  0.30455296467430132  0.31463383397571121
  0.32489427326174491  0.33514413241568164  0.34543564490611878  0.35591742095156387
  0.36630443279580427  0.37648827359986808  0.38629298538907914  0.39603336499307656
  0.40618975407919550  0.41688137660489016  0.42781519424858594  0.43876268388544615
  0.44936640480841966  0.46001331225804287  0.47037070984506485  0.48070549528266782
  0.49098008812365784  0.50123766981407747  0.51151196114477482  0.52171367055222306
  0.53213715102875048  0.54280178017100211  0.55359845021584642  0.56436736953545863
  0.57495253709758753  0.58546576946789952  0.59612773387788587  0.60686993034347969
  0.61777497206160326  0.62838507854688508  0.63897632752780187  0.64946489610050762
  0.66004874395520485  0.67067453038350233  0.68143123970609210  0.69214825095518928
  0.70320897868865884  0.71439230255573793  0.72574540095453099  0.73728210533555749
  0.74859410669720794  0.75990786613231576  0.77069162506662414  0.78142231531322415
  0.79231574852123199  0.80313218416240884  0.81419504325755843  0.82484433457454454
  0.83563269305039523  0.84638437486710016  0.85709103525614150  0.86802580795282458
  0.87895237999489251  0.89009081933552714  0.90090774425787323  0.91158399926956146
  0.92224099326716868  0.93306649412037568  0.94400078812167232  0.95501469451039112
  0.96592891036461437  0.97713809195013657  0.98842779888994758  1.00000000000000000
 -0.00253491300261732  0.00957224421903882  0.01966244259091450  0.02988344153358309
  0.04015133924178153  0.05041920597121537  0.06070185948823654  0.07068062877916580
  0.08070291121691500  0.09065463553236584  0.10076824288363201  0.11099502566669303
  0.12132194004197436  0.13171006090125723  0.14227714564367674  0.15292289396081341
  0.16339494744702215  0.17380501742274956  0.18448695442924751  0.19546844924284940
  0.20659435593482525  0.21745834050838431  0.22790530731466635  0.23821398604823965
  0.24851532352589864  0.25881222925818353  0.26915413805949939  0.27971627719725639
  0.29024092628868220  0.30066022705595130  0.31086569177494561  0.32103936148230094
  0.33126378192250439  0.34173151848246952  0.35210898203608959  0.36235397465729063
  0.37252715054677221  0.38297368454679465  0.39362594692672948  0.40439498200812968
  0.41505814122998352  0.42549304537430904  0.43578343018804316  0.44610015761811389
  0.45643933141191873  0.46690513365659431  0.47744796595928934  0.48791124933195973
  0.49854053091577072  0.50924713024889579  0.51976537131971212  0.52999760308354116
  0.54047784787051656  0.55134418995366086  0.56234108193013299  0.57294944995613073
  0.58352158412468391  0.59423015302729665  0.60514496233200954  0.61609192453258166
  0.62664565224701607  0.63698478510881529  0.64750006775352176  0.65841837128267888
  0.66949035972516091  0.68052202231954262  0.69123177885150766  0.70176284760003360
  0.71237403001835720  0.72317019279711270  0.73374992465954236  0.74427544582736826
  0.75518743183237524  0.76653063443501690  0.77758195938705543  0.78828981041139456
  0.79882267098451654  0.80951258337391929  0.82011961266222588  0.83088021010522795
  0.84183330097756559  0.85258694476859032  0.86330997980047741  0.87414919353282505
  0.88517563114863318  0.89588137233130005  0.90621257801894872  0.91685261218085357
  0.92737266572346344  0.93816328688110007  0.94831500532707413  0.95811198931461350
  0.96834511134965184  0.97870755835325585  0.98955228328572142  1.00000000000000000
 -0.00243948467193207  0.00907770734528125  0.01908148652971327  0.02912829907986806
  0.03895732345169402  0.04877786823485244  0.05880217270297437  0.06880099960170821
  0.07854700863234670  0.08851269743386488  0.09831979490783452  0.10816833362291525
  0.11788910690153494  0.12801977357488301  0.13872024724444476  0.14967805212318561
  0.16100362487101255  0.17224544276873263  0.18341606399643098  0.19435252657355978
  0.20521331366191564  0.21599196467003240  0.22667732718098940  0.23742854729348020
  0.24786334165136864  0.25846723043571734  0.26884123200241111  0.27909134061639129
  0.28918526458898536  0.29983215513368117  0.31080539441503174  0.32183273627113290
  0.33287285975740383  0.34418060054377775  0.35520377024078537  0.36554458312413740
  0.37588546463912603  0.38657540989680539  0.39763520781136219  0.40863029483131225
  0.41951466257035563  0.43017484345391177  0.44077020265941325  0.45162360315226679
  0.46243996609004290  0.47317597826168439  0.48362686671238714  0.49418114111055195
  0.50463265032302917  0.51498578450329258  0.52547005074246078  0.53628625093695859
  0.54690637019400556  0.55734171636008278  0.56750919108227604  0.57792389017258039
  0.58836179406779376  0.59885354837756399  0.60938299053863598  0.61987244293263299
  0.63015628367234677  0.64013313797688731  0.65042535523543910  0.66059043066825840
  0.67094313707713793  0.68127864280240036  0.69167145792493900  0.70207956963360785
  0.71269702082811259  0.72360523142497479  0.73405254692255995  0.74442161504332716
  0.75512323690818650  0.76617051554041493  0.77679968924530929  0.78714147507528109
  0.79754750966027188  0.80821642893821877  0.81872460785485035  0.82937085447778292
  0.83991751876828225  0.85042604279184819  0.86102854781980342  0.87183812650597581
  0.88265673333104089  0.89361835196806860  0.90459500480731803  0.91544865039330292
  0.92589902905270050  0.93636858315608273  0.94709505265491134  0.95760319659714488
  0.96803185600245811  0.97830187431980642  0.98911337819586731  1.00000000000000000
 -0.00272854106439136  0.01055687639058371  0.02200559821082107  0.03364320328268620
  0.04496797565946625  0.05596570020762968  0.06710907736910540  0.07797249785324081
  0.08863799276846766  0.09901340281944300  0.10966761203122322  0.12023372302082896
  0.13083082832807613  0.14127457497081405  0.15181257469762061  0.16204692719672670
  0.17209875260039964  0.18196133109316032  0.19173718961121261  0.20148962550371979
  0.21145257344888388  0.22190423623098526  0.23240267820355909  0.24296399048637984
  0.25316515689824642  0.26313391958753218  0.27303333054114248  0.28289525765314016
  0.29274957814381547  0.30272072937564676  0.31284782704438496  0.32315571953089461
  0.33335189623895911  0.34352335693950187  0.35380923604056980  0.36399040259131415
  0.37409867451047918  0.38422614893458568  0.39444082740758762  0.40460316848296557
  0.41474378342252383  0.42510816172488475  0.43573938092616088  0.44650167971693316
  0.45722562881870155  0.46793850758701433  0.47862624509111135  0.48925098731578465
  0.49987824098655509  0.51065285590346743  0.52154766186403478  0.53247062858319594
  0.54314963406298433  0.55338032788926028  0.56343796113333344  0.57370137060877435
  0.58425226750392423  0.59536393888114814  0.60654937627971584  0.61784654472701450
  0.62894422283852136  0.63989664446308492  0.65084141334856538  0.66167853940759414
  0.67244574375068344  0.68285879167123154  0.69340428213663918  0.70390936057764131
  0.71420318922934889  0.72440496663649512  0.73487448576436232  0.74560964338977564
  0.75597851174564545  0.76621547314940641  0.77703167326791278  0.78821955658377962
  0.79913205651733010  0.80967125008034257  0.81999791677695189  0.83038426217714434
  0.84102182629668576  0.85195367046006387  0.86255453701520346  0.87306216305555862
  0.88390061987777546  0.89475713781067134  0.90548950557103125  0.91610210886201826
  0.92699097619283166  0.93831775355325087  0.94915755061115004  0.96008324729996530
  0.96980254695584878  0.97987874486091509  0.98977247362510223  1.00000000000000000
 -0.00248027571631632  0.00896242140068754  0.01926513810833618  0.03007805199924219
  0.04132135875281642  0.05190237403453154  0.06223339141802936  0.07283008353714820
  0.08355646477919278  0.09383998548891750  0.10393677567059109  0.11431986532072443
  0.12498815362027565  0.13574603620329145  0.14646302282798038  0.15722664211244791
  0.16786096325201727  0.17821060021851098  0.18859882401697109  0.19891946023837481
  0.20936986739926566  0.21962440536273961  0.22968847528103498  0.23967392265698009
  0.24994736241762983  0.26078486485348257  0.27163954322978545  0.28247349050811787
  0.29297701215903527  0.30351965609747994  0.31420009163907386  0.32502730058398860
  0.33575156762748054  0.34632110678125677  0.35685390160237834  0.36725550520854233
  0.37775068762242187  0.38810804992002368  0.39820107998012783  0.40819269199729802
  0.41849663969495504  0.42908994629508362  0.43959773779947930  0.44980479146031754
  0.46007502332981398  0.47046091192258482  0.48102438198677494  0.49159483416517247
  0.50198162659099865  0.51226291275860569  0.52261467721756849  0.53306589058835074
  0.54353083878511732  0.55397486737851231  0.56445073934419010  0.57490511330949057
  0.58495810444465579  0.59504013735989592  0.60517015650622585  0.61565189355268501
  0.62598219831063096  0.63642640627498859  0.64694834264430934  0.65757112427328079
  0.66812241938932826  0.67838672931517674  0.68851563895800361  0.69870532281837516
  0.70896207363496977  0.71941616996665236  0.72978084029172208  0.74055636360170329
  0.75110069001520452  0.76155326634006149  0.77209688044237712  0.78325546767921550
  0.79449398845880670  0.80516057618986148  0.81563591766761856  0.82609665866964055
  0.83669093549440499  0.84731469299861106  0.85821218737902782  0.86941324680424059
  0.88048563376087641  0.89133211396258971  0.90192000227182023  0.91259327006262714
  0.92351660647923917  0.93438095961058187  0.94536032164704087  0.95599612270206558
  0.96679703130096339  0.97773831679967538  0.98888809769156449  1.00000000000000000
  0.03081303392825142  0.23446507805306152  0.26449783406700283  0.28130841760544706
  0.29499844439799500  0.30742129740427837  0.31868379905127409  0.32917478731303629
  0.33890513266608124  0.34836638288209842  0.35729768907538750  0.36598366182862058
  0.37444176961949777  0.38288595793562719  0.39117050860621611  0.39929228016122703
  0.40729186295015618  0.41500307673475501  0.42234424466804549  0.42926265875159098
  0.43612091546047266  0.44293265816368482  0.44984782933543199  0.45700989061994834
  0.46407832275008348  0.47084079035205512  0.47721030245046447  0.48363118451144427
  0.49002773857591686  0.49649042957547757  0.50293256018726373  0.50929948711585771
  0.51561235477105360  0.52198302767977045  0.52840795342054403  0.53486195386254809
  0.54124460128740393  0.54751887786675490  0.55377081060575450  0.56005689076343090
  0.56636204597306339  0.57260849034603289  0.57872107603750866  0.58473082507158591
  0.59074921496271593  0.59676261347334758  0.60284096588583902  0.60862122745143410
  0.61434596257805285  0.62006462994435962  0.62577050743279106  0.63149291496480353
  0.63728203933681993  0.64317037309785063  0.64907663651318437  0.65488376565543072
  0.66071387443780139  0.66665326978590056  0.67272900561125948  0.67885553812657384
  0.68483145306731075  0.69073036919039643  0.69660836723154840  0.70251401684666337
  0.70860031209964913  0.71491937369120739  0.72125601963856623  0.72746374250069690
  0.73359902381622577  0.73978294310756187  0.74610346020716245  0.75256691195582193
  0.75911794449089398  0.76570544382945571  0.77242465570697494  0.77941717275357458
  0.78651155455956867  0.79389038596017758  0.80148160470673624  0.80910478273991426
  0.81669534088787410  0.82435398628437173  0.83210807387394292  0.84017661309456304
  0.84840172358821619  0.85681395808720484  0.86543260800696908  0.87440085632110998
  0.88393391064044124  0.89403498678564597  0.90469899166481293  0.91615943284642398
  0.92910707848201546  0.94442258574303939  0.96533297494759995  1.00000000000000000
 -0.01913912937180826  0.11033047842103572  0.14615702712046993  0.16806417745070384
  0.18512805513071365  0.19974840737457933  0.21267478802187639  0.22428489039933161
  0.23515969913415202  0.24577737761912413  0.25557065829032577  0.26473509303312209
  0.27344898123290012  0.28193025444884701  0.29016122147309470  0.29803249017309069
  0.30563711060564319  0.31297344194580295  0.32013382394663481  0.32728996650051279
  0.33445312885922335  0.34148434216793178  0.34837015338857241  0.35528096418744659
  0.36213099223099399  0.36892439700378254  0.37554002792759145  0.38199528447876757
  0.38830066254484819  0.39444393423376212  0.40039907110347556  0.40626240187905227
  0.41223347709477015  0.41804408272865257  0.42364497046040661  0.42917374052603352
  0.43477799805494227  0.44033952702795159  0.44588774560186345  0.45140260072550586
  0.45691424095697836  0.46247059671039559  0.46801056672616853  0.47354384343016670
  0.47911143235077436  0.48472878877878395  0.49038926436990732  0.49608955072453792
  0.50183939901723285  0.50774542619847696  0.51354234845966862  0.51930663967730095
  0.52496786499329462  0.53060606585713721  0.53623060030675385  0.54191766235571737
  0.54769583383306153  0.55347869585566212  0.55921598539154160  0.56493399908862507
  0.57061862914325889  0.57645635200018330  0.58231863702814446  0.58824429760646746
  0.59414399873412616  0.60010964346494744  0.60622804048387602  0.61252180580792770
  0.61898560790529467  0.62554920674607639  0.63214146459960785  0.63880905789757103
  0.64549576916497964  0.65231452839338622  0.65908690708431561  0.66589910492273097
  0.67279901008797571  0.67992792058046247  0.68723876777139692  0.69461881348293875
  0.70211753127105403  0.70974503204898598  0.71753926342001062  0.72550069796461325
  0.73409676305421512  0.74343923283327051  0.75315800200843341  0.76349383296954598
  0.77460566147618271  0.78695037873454587  0.80065297617907027  0.81586795183350314
  0.83364834293112955  0.85645735676198098  0.89171537160777636  1.00000000000000000
   9.7895037749413903E-005  -1.0000000000000000     
 T F F F T F F F F F F F F F F F F F F F F F F F F F F F F F F F T F F F T F F F F F F F F F F F F F F F F F F F F F F F F F F F T F F F T F F F F F F F F F F F F F F F F F F F F F F F F F F F T F F F T F F F F F F F F F F F F F F F F F F F F F F F F F F F T F F F T F F F F F F F F F F F F F F F F F F F F F F F F F F F T F F F T F F F F F F F F F F F F F F F F F F F F F F F F F F F T F F F T F F F F F F F F F F F F F F F F F F F F F F F F F F F T F F F T F F F F F F F F F F F F F F F F F F F F F F F F F F F F F F F F F F F F F F F F F F F F F F F F F F F F F F F F F F F F F F F F F F F F F F F F F F F F F F F F F F F F F F F F F F F F F F F F F F F F F F F F F F F F F F F F F F F F F F F F F F F F F F F F F F F F F F F F F F F F F F F F F F F F F F F F F F F F F F F F F F F F F F F F F F F F F F F F F F F F F F F F F F F F F F F F F F F F F F F F F F F F F F F F F F F F F F F F F F F F F F F F F F F F F F F F F F F F F F F F F F F F F F F F F F F F F F F F F F F F F F F F F F F F F F F F F F F F F F F F F F F
  <DiscreteSampler_grid>
  grouped_processes
  1 # 1 for a reference and 2 for a running grid.
  10 # Attribute 'min_bin_probing_points' of the grid.
  1 # Attribute 'grid_mode' of the grid. 1=='default',2=='initialization'
  0.0000000000000000 # Attribute 'small_contrib_threshold' of the grid.
  0.5000000000000000 # Attribute 'damping_power' of the grid.
 # binID   n_entries weight   weight_sqr   abs_weight
    10   10   1.253204505050235E+003   5.418006873044166E+006   1.253204505050235E+003
    16   10   1.253204505050236E+003   5.418006873044169E+006   1.253204505050236E+003
  </DiscreteSampler_grid>
