  0.00341091272264318  0.01141546121812350  0.02078457520617837  0.03061782683778537
  0.04062639383065185  0.05108713772107538  0.06149730719098201  0.07184492176862653
  0.08187124418145875  0.09187943923877787  0.10191746174357773  0.11213795181726736
  0.12243673427254939  0.13281069688606625  0.14350923166403606  0.15382639214551544
  0.16400678803503224  0.17425450443062351  0.18450973394069090  0.19501317503735929
  0.20523740769854393  0.21576919085414883  0.22589229555440965  0.23619030732730045
  0.24655457003105541  0.25692254570439760  0.26725945301509424  0.27721876221786113
  0.28759738042309774  0.29794918002014570  0.30867142029433325  0.31946788482732369
  0.33060862534344015  0.34162298977710592  0.35235718688966144  0.36252783839369390
  0.37274115906725641  0.38336711974901122  0.39416980449535705  0.40493956889126326
  0.41531684972385652  0.42555204670023056  0.43594110508228723  0.44645966976143203
  0.45706131658167704  0.46758307585244041  0.47823851435128367  0.48894413137637682
  0.49950894067064383  0.50998330664223335  0.52058782939633164  0.53100182921260319
  0.54134030515898424  0.55170439153539996  0.56224449970210921  0.57293217493108484
  0.58328544579605712  0.59405061159053907  0.60446868680754995  0.61507100210357146
  0.62534653279658858  0.63576143718341682  0.64637248266074532  0.65678186024269203
  0.66741439997100649  0.67798435051238659  0.68808432837348610  0.69832408905225363
  0.70871525390650614  0.71984545813481349  0.73059353925877624  0.74100726797821459
  0.75136067246491678  0.76178244594513034  0.77247421956505391  0.78287551485063189
  0.79347627131000353  0.80394335274780659  0.81439995169158153  0.82454138108892816
  0.83484069082291856  0.84524409820800095  0.85586466645236847  0.86618002915326697
  0.87671616142463304  0.88749328415316608  0.89855467034737602  0.90938515996737401
  0.91997217471470094  0.93067992974289437  0.94117806875392152  0.95194065019324825
  0.96264867653390063  0.97414981429604186  0.98675179836050775  1.00000000000000000
  0.00707128839637352  0.01598926199797907  0.02659214529699007  0.03744627407287481
  0.04826618538910292  0.05935197631521654  0.07043985080310797  0.08141095519507173
  0.09204621149888735  0.10230013175594399  0.11252805008272437  0.12261720393668264
  0.13263595551969551  0.14259338443611930  0.15278228243674810  0.16323841551453361
  0.17396507461108007  0.18475763734368442  0.19545015496465670  0.20591139150802371
  0.21625215124227271  0.22669415180723612  0.23714410799309976  0.24763339540080559
  0.25811016637471051  0.26861087267553690  0.27900902409664441  0.28938423075655850
  0.29986052429724286  0.31035608283036842  0.32063382223613729  0.33083987921311220
  0.34111304367027978  0.35145505087494844  0.36173213625094414  0.37185111895030609
  0.38204745117020950  0.39229556163349649  0.40266113341413556  0.41321180321345902
  0.42386947121601737  0.43454892941100287  0.44524434083745162  0.45581992455794562
  0.46634590764217021  0.47686220887468345  0.48742143445526015  0.49794115120301230
  0.50830189787604330  0.51865521146252447  0.52920854924485605  0.53990997640496441
  0.55058863653295964  0.56116509066117015  0.57163767667196808  0.58203627890957232
  0.59239366769380386  0.60282496532462015  0.61325225779477743  0.62344222949919337
  0.63342671970672038  0.64334613695602405  0.65325992422858437  0.66305931138569374
  0.67291592278479551  0.68310372041257150  0.69357548549111392  0.70398982162075274
  0.71419237723007756  0.72438419293598078  0.73490687666160570  0.74562274604279444
  0.75617628641838874  0.76648991756511076  0.77672969117449531  0.78698445444063492
  0.79716097701220556  0.80719706443877204  0.81727626035551959  0.82757199627219591
  0.83797163508104811  0.84836103747410996  0.85857076824653189  0.86862983689596240
  0.87876427171614768  0.88916144861194246  0.89989087335779949  0.91085351585420937
  0.92151996245224466  0.93199704706007380  0.94212038120146002  0.95194766579589829
  0.96160706022684495  0.97127824894862480  0.98097514535001562  1.00000000000000000
  0.00350291304506975  0.01092410050243746  0.02115412586094110  0.03119622209626174
  0.04175657388505438  0.05201978382037020  0.06256167559719729  0.07300740209847396
  0.08366267019557500  0.09432335613017381  0.10481085652543244  0.11535588880070800
  0.12568498432051922  0.13616553696737760  0.14643413796701471  0.15661117886236539
  0.16690289171784409  0.17731911616674600  0.18774255138992874  0.19792976641572890
  0.20823204852690133  0.21879665793416331  0.22911841467022420  0.23934442806498710
  0.24949077722368057  0.25999980391269056  0.27069052049939946  0.28150131815640173
  0.29230326504836407  0.30303845235946070  0.31379638080201466  0.32444337831266246
  0.33493918403599998  0.34544174948647216  0.35601643354239720  0.36667522674341457
  0.37731480918420196  0.38803520524543389  0.39852097235863265  0.40883848430304104
  0.41918743307246031  0.42980491047331132  0.44052734966196311  0.45074340001373858
  0.46099850967140166  0.47139716946240640  0.48186447816489331  0.49208742314708109
  0.50226839293386327  0.51256669649817321  0.52287156427391501  0.53304752114294973
  0.54329084375704684  0.55365794313104999  0.56398711141325208  0.57427020168882781
  0.58439008172752582  0.59457051258386406  0.60474551964252399  0.61499537935841675
  0.62531292625347135  0.63566097927800591  0.64598994338879845  0.65611784079307922
  0.66628241232314778  0.67650422778705244  0.68667749371259323  0.69699294504582465
  0.70751874504220480  0.71839855549517917  0.72917686167720286  0.73973243369838793
  0.75032709253306096  0.76107848091789543  0.77190370491009941  0.78252490314474310
  0.79294488667398577  0.80319217214441663  0.81336959866100111  0.82377280754832072
  0.83417948066453906  0.84468333600379208  0.85515553363211338  0.86585704575334255
  0.87657165013097216  0.88729622437122369  0.89810460462613284  0.90909883039511530
  0.92002170614845469  0.93119735693041106  0.94207439724836706  0.95308746865881655
  0.96387267686302935  0.97489132183518390  0.98683143987931632  1.00000000000000000
  0.00579989880288485  0.02071093222051621  0.03554557128537496  0.04823225219078429
  0.06004564065929108  0.07167661659103147  0.08305209073177856  0.09406268019567696
  0.10485978039275561  0.11542059976153539  0.12588777368168425  0.13616636227735304
  0.14644711294869878  0.15686012725407228  0.16732167232490699  0.17787529321097534
  0.18842525780977321  0.19889300413413435  0.20938631738935060  0.21993371848101317
  0.23038508934545787  0.24055950025718101  0.25083672862928585  0.26152721293289760
  0.27228312205397315  0.28275089752950766  0.29303031841009414  0.30343620245037728
  0.31389081762230597  0.32415326802360522  0.33436012927485242  0.34483352356690894
  0.35554731581676680  0.36648175219985885  0.37716179929037075  0.38765451503269727
  0.39798959932691125  0.40836815516913649  0.41890733964379445  0.42960474648965441
  0.44040970939126822  0.45108701932242157  0.46166075859804023  0.47213024407417759
  0.48242413000793899  0.49277613937150527  0.50312795015109302  0.51390020618460808
  0.52434267639511012  0.53476165867579462  0.54503894534887964  0.55536979784923668
  0.56564179485638777  0.57589278221866902  0.58629798536345878  0.59650709882076769
  0.60673776782113065  0.61695328103148450  0.62709944366139458  0.63717070170776058
  0.64734795285907809  0.65774446564116329  0.66829233493432849  0.67881306345068160
  0.68914100370766507  0.69950322782985908  0.70980088097643634  0.72030634695482065
  0.73067011383569069  0.74097801899251881  0.75123113163484923  0.76158006924491406
  0.77197396863906542  0.78251846108637024  0.79307916553978519  0.80367603576226687
  0.81429540496431452  0.82482633588805410  0.83531623500824781  0.84587470067219783
  0.85644834637772427  0.86696644245539278  0.87738421486764862  0.88779384222480850
  0.89812833268987258  0.90799274130290564  0.91769916613788860  0.92744422125462433
  0.93733750203954469  0.94734458347989525  0.95713153070016843  0.96660456959273877
  0.97558425968274920  0.98367215556004373  0.99166626126614998  1.00000000000000000
 -0.00000015321749611  0.00000642151965162  0.00001235210485769  0.00001638703661596
  0.00002048585911980  0.00002457054006968  0.00002864190185630  0.00003275911552375
  0.00003689733608003  0.00004099658121168  0.00004500969043111  0.00004899572230120
  0.00005313444557089  0.00005734150819831  0.00006164120998966  0.00006606013405896
  0.00007061085370362  0.00007529073438638  0.00008003194169632  0.00008481341052773
  0.00008971736120852  0.00009477974095349  0.00010004984151428  0.00010532706323922
  0.00011076603894434  0.00011628496349733  0.00012196851944706  0.00012778532137782
  0.00013390531853547  0.00014040909994625  0.00014716304153572  0.00015447057883349
  0.00016206190771399  0.00017012726181786  0.00017863618842312  0.00018745437657747
  0.00019650587312231  0.00020570389049978  0.00021509216153758  0.00022477295143638
  0.00023474731660331  0.00024494717721161  0.00025546797069556  0.00026626831934218
  0.00027760351362204  0.00028949691422282  0.00030190817331648  0.00031495644176607
  0.00032863085534904  0.00034299916509913  0.00035821052891206  0.00037432920396515
  0.00039138254598768  0.00040924388427897  0.00042774022603068  0.00044706606776256
  0.00046703387246367  0.00048813196186396  0.00051032665756423  0.00053422395179686
  0.00055957563839455  0.00058686138276375  0.00061624700810851  0.00064722659498748
  0.00068005609445721  0.00071504332287828  0.00075263662639826  0.00079272766197703
  0.00083537433046365  0.00088144490329764  0.00093139245782389  0.00098523832778599
  0.00104357460424115  0.00110704863870321  0.00117563755681524  0.00125018357412251
  0.00133291122874784  0.00142615554772171  0.00152681574461302  0.00163973500922172
  0.00176495118269485  0.00191158371549874  0.00207803361479251  0.00226506353199892
  0.00247904478666123  0.00272984446141442  0.00303552079895967  0.00344231105784179
  0.00398058911682554  0.00468267276094074  0.00559643126416964  0.00669915755017055
  0.00804966965792013  0.01042961583410889  0.08493315643399829  1.00000000000000000
 -0.00245506899056823  0.00979987900608556  0.02027790404398703  0.03161169989730823
  0.04270757790597937  0.05403535463733870  0.06491854882352552  0.07567339463664981
  0.08658459409391848  0.09745277838932265  0.10801259781069528  0.11867028430715970
  0.12929389907414982  0.14044069257893391  0.15123958059383533  0.16228273598117113
  0.17277053469391712  0.18340100692794334  0.19410426300294101  0.20464557486530044
  0.21530641404570303  0.22624515490699548  0.23734739556682138  0.24831798678809819
  0.25913604722952521  0.27001562456325734  0.28095881795432343  0.29155419331960580
  0.30214411155637100  0.31244675549100498  0.32270107989093133  0.33299262352691689
  0.34345518994538199  0.35408580073897111  0.36478740219108763  0.37552144642308993
  0.38627669224564715  0.39698089002998249  0.40746719818342736  0.41794923284408669
  0.42844837061588797  0.43924600971947386  0.45018648089969160  0.46090521467377710
  0.47150163054642608  0.48201527733435645  0.49262271940665314  0.50316211580275261
  0.51382312616989800  0.52449120598024901  0.53524839225078880  0.54593880416453933
  0.55676032102729467  0.56734158055530604  0.57772226392211190  0.58794576904265350
  0.59790804198987368  0.60807633857166843  0.61823570999426603  0.62853144661991356
  0.63912846966735815  0.64940613051519314  0.65963556810554680  0.66992039068893938
  0.68025022529512458  0.69032630699313802  0.70024710753811670  0.71020785476592829
  0.72086595775859930  0.73111078796529683  0.74128044605663523  0.75152132933585103
  0.76218407772216878  0.77272927236530176  0.78301582221420774  0.79333262810279737
  0.80370244384980982  0.81388348118483422  0.82404563306546319  0.83424176917871906
  0.84464982015463952  0.85515664115829826  0.86605979939155464  0.87667988151102960
  0.88704208913301286  0.89714843103750963  0.90752897737936233  0.91766347885746047
  0.92798930204149210  0.93825081483643546  0.94830872623652585  0.95843551588818221
  0.96880666309791730  0.97965878220339864  0.98998303148438915  1.00000000000000000
 -0.00251266881498506  0.00982143413346918  0.02022247146366486  0.03112966259663081
  0.04194695519329919  0.05283581147940375  0.06357552342284155  0.07455208132645266
  0.08548791379628609  0.09667415475370057  0.10741312353997907  0.11801449843375182
  0.12849568833126765  0.13877948609769492  0.14888313780568438  0.15900473656625647
  0.16938123074173961  0.18013904911255071  0.19072887252979726  0.20147779246906711
  0.21232825166173777  0.22326217641053953  0.23389333253745509  0.24444223989741531
  0.25488673281042606  0.26544549664169320  0.27593100994282099  0.28655539247017653
  0.29693190648994627  0.30750838105711681  0.31807488314567506  0.32862731078956103
  0.33891092918508275  0.34926095278998903  0.35981709564645253  0.37066137457794901
  0.38122537098219411  0.39176577545283736  0.40244295363080246  0.41312024721333773
  0.42352866155830965  0.43370603961874016  0.44400807498336614  0.45436394530895641
  0.46471303595980107  0.47486026848179980  0.48522784323383966  0.49582102811787676
  0.50675570224653221  0.51756140238653614  0.52810916685354337  0.53870049967164046
  0.54925134928386032  0.55987470766863656  0.57021496843324959  0.58044402466434908
  0.59055832519900930  0.60066860840409786  0.61086984852896054  0.62112831232223376
  0.63146109356391333  0.64187395190934027  0.65244136236378136  0.66326250284148702
  0.67422355631239694  0.68517459787633606  0.69569065948108633  0.70608702700303427
  0.71634773434520405  0.72684972903258649  0.73736690739596789  0.74813830641994816
  0.75881663265221089  0.76952750173322104  0.78014023423270451  0.79054339378072747
  0.80112213361834961  0.81184580174469112  0.82259861876147589  0.83336495837402291
  0.84359136853953676  0.85397530133374067  0.86432345540808142  0.87491363245059750
  0.88515223443136526  0.89535750568716699  0.90591756076836916  0.91672475789563601
  0.92764153833920360  0.93821138021143113  0.94860501502009797  0.95896262163360901
  0.96928261770595148  0.97957468264052383  0.98981318277204999  1.00000000000000000
 -0.00251707400109047  0.01066564892671035  0.02128167706387992  0.03186972504337152
  0.04237941311770781  0.05283147731162736  0.06366175676996087  0.07428823158454720
  0.08491071219652048  0.09531171472859191  0.10559694582345112  0.11589443702328733
  0.12598892983187854  0.13618234313285718  0.14631314076990781  0.15656717972856682
  0.16707210965447808  0.17750553106762820  0.18818240317706839  0.19869555751204035
  0.20954341067925525  0.22034513821446908  0.23094172731882476  0.24128570775980460
  0.25175074312848067  0.26239276599023698  0.27301421421197825  0.28343454619938313
  0.29393464323809865  0.30456505084902985  0.31542223598773317  0.32630376328821215
  0.33726297687914858  0.34809974755719109  0.35891290577422630  0.36966358191570581
  0.38036117033547612  0.39071439667700414  0.40103769998887356  0.41106226612785307
  0.42149486076646725  0.43191312219029948  0.44238074317766379  0.45296400727367281
  0.46373806294168757  0.47453478539436650  0.48515407627862511  0.49581631287807221
  0.50648410822360057  0.51706512645177782  0.52753639492462956  0.53794457771796367
  0.54862506127967270  0.55939179652526572  0.57020181247500967  0.58054251872090301
  0.59067982991709600  0.60085049410945313  0.61122874820942863  0.62181145461835929
  0.63229685359098686  0.64242987203809998  0.65237732743020416  0.66243983854739275
  0.67271201959637261  0.68321120669199553  0.69373380961292963  0.70447037086125608
  0.71499293017208809  0.72541132665829533  0.73603647414026852  0.74679041433684745
  0.75755867039498870  0.76827905871906632  0.77884446787301631  0.78916243694324528
  0.79928288290356120  0.80959899088271159  0.81999744726276447  0.83036785321386231
  0.84062859545098290  0.85092761468857814  0.86123398364484838  0.87143976287317926
  0.88184241458483958  0.89233923854755459  0.90323481826674068  0.91428711175726551
  0.92498404918804444  0.93552706814614695  0.94623375674751453  0.95694255273062945
  0.96782245291838309  0.97818359391669418  0.98924635662453708  1.00000000000000000
 -0.00245916149687162  0.00950082281889191  0.01981480604200266  0.03056450367773740
  0.04120822999139168  0.05157421800005471  0.06206431155309731  0.07281624965081981
  0.08365935473643368  0.09447070614680045  0.10504903485061001  0.11545032107120380
  0.12595492694929003  0.13637474997854693  0.14686659839927491  0.15753250087301296
  0.16823574123155827  0.17920828306019440  0.18999851569824966  0.20085352728414593
  0.21151027768478498  0.22185950639095109  0.23239882803936651  0.24274778643157388
  0.25307026664630716  0.26314199183272619  0.27314089208273146  0.28325285436451159
  0.29346991849972065  0.30372878011604842  0.31412584269475746  0.32452577853798886
  0.33532742802833299  0.34635924932709794  0.35734349561035184  0.36797481281203270
  0.37865358351257911  0.38922511581524311  0.39945221848107487  0.40975306455257077
  0.42012878096887613  0.43075121857817950  0.44113893037474700  0.45168001652651502
  0.46215647338455551  0.47275918731590938  0.48313525531981211  0.49357132410540894
  0.50379169703434057  0.51407524238781321  0.52445111164179714  0.53477065942339042
  0.54507173875845938  0.55555129182787844  0.56624214156921115  0.57728264155701858
  0.58835392509274698  0.59910901727540566  0.61008098153637058  0.62101585210748544
  0.63178489048431785  0.64247583390641128  0.65309738892112734  0.66424839819770209
  0.67475488437598585  0.68551994311270736  0.69642886159372153  0.70756281176993241
  0.71863155355422803  0.72938680720145288  0.73992672734735865  0.75035377173660078
  0.76068427946779349  0.77097359855953573  0.78134166795796944  0.79170668528078836
  0.80216187602112954  0.81265204759350973  0.82320788814567614  0.83378097871598178
  0.84407188209761130  0.85507811340940754  0.86588516835665641  0.87652087764456998
  0.88682365747068803  0.89735749725349068  0.90780690030829958  0.91813179749299523
  0.92814145452986418  0.93855333213904624  0.94899254765391872  0.95921442914720823
  0.96913165009029334  0.97908634292089780  0.98958996767754570  1.00000000000000000
 -0.00235954295474537  0.00913589066010542  0.01874022891395258  0.02898934893911629
  0.03894751957965848  0.04952962458340379  0.05986681718034687  0.07034043706380594
  0.08074891425361153  0.09123783770791631  0.10184746049058435  0.11184432127608702
  0.12153205276029362  0.13128695305898869  0.14123762805500786  0.15134594611756552
  0.16152582535731064  0.17213413077593026  0.18314153769984762  0.19378491296034803
  0.20403420068158964  0.21422735869120238  0.22442483137146951  0.23468557650810024
  0.24504178745907179  0.25556334434705602  0.26625028821086694  0.27663095535839444
  0.28674663916092319  0.29664547713387412  0.30650843504135922  0.31668217814035848
  0.32680921373144600  0.33701873133599858  0.34724464626329776  0.35744152509651533
  0.36746841977540462  0.37744290840183231  0.38764548669210075  0.39824042298688683
  0.40905420400221043  0.41983683829725255  0.43059753345269047  0.44127767117872130
  0.45172921529723753  0.46188113578830342  0.47211318494246629  0.48265756799241588
  0.49328373986427498  0.50379039224665845  0.51420290721060546  0.52453603299318363
  0.53491969821072483  0.54522044477361953  0.55575919427828491  0.56636561117100848
  0.57736518066484832  0.58814579719138871  0.59858222213069434  0.60902969945069207
  0.61937764460042488  0.62975376945164241  0.63998571041177432  0.65021224496637220
  0.66050959279613064  0.67080105912153865  0.68115405457293399  0.69177181714873781
  0.70260407170609018  0.71368120645410604  0.72487793107624032  0.73573391908372687
  0.74655961348742061  0.75740888872912426  0.76863350433987365  0.77944214700157100
  0.79011472965541951  0.80084873506378751  0.81162423912274917  0.82237276920894575
  0.83336973755953747  0.84449860130800469  0.85532100245314302  0.86605805275780601
  0.87707055341922946  0.88865243565646723  0.89995685731154673  0.91096603166038781
  0.92184802141388034  0.93313704065457059  0.94467634035128656  0.95648970540398703
  0.96730615852119817  0.97829007964136938  0.98904857368098187  1.00000000000000000
 -0.00223206543902291  0.00907081087741400  0.01943700693417261  0.02978533121663626
  0.04031939570239930  0.05083249846401603  0.06148425352840287  0.07223948106084720
  0.08273291754760269  0.09321361042624693  0.10354776733160830  0.11409511043122643
  0.12484614110881168  0.13570172072286152  0.14656983311880631  0.15759557043302280
  0.16851803853292999  0.17945521975430503  0.18998021260246958  0.20052780708039508
  0.21114421251526694  0.22179753459273438  0.23208522310902710  0.24234800392425931
  0.25284009649791239  0.26329857388410138  0.27369861995150979  0.28395842263906135
  0.29439440170982289  0.30465922082408753  0.31518929824351599  0.32588124902645571
  0.33657110945014440  0.34680837297027867  0.35718971326351062  0.36802341933994592
  0.37897658162326825  0.38989988388241276  0.40061507652187300  0.41141804991940761
  0.42177737097465851  0.43220332516060339  0.44271647660048030  0.45326923180061895
  0.46367074088731725  0.47406228391941174  0.48441964516855773  0.49463711522515147
  0.50491144652984554  0.51527355621716142  0.52575287656381409  0.53595530949395609
  0.54620385468286614  0.55643296815887744  0.56687253681816741  0.57738950769359465
  0.58793823581280014  0.59795476472585485  0.60794064195136877  0.61808564227261475
  0.62851466291811531  0.63931774813604225  0.65004689879538013  0.66105971854798007
  0.67150792970568873  0.68200099504906919  0.69251925455317964  0.70321099173060875
  0.71369033004453630  0.72428457088079756  0.73477696878690602  0.74559731177112121
  0.75626028201185935  0.76686680906450133  0.77754996064840309  0.78800405705064158
  0.79868685532589845  0.80920770505105610  0.82006224312639220  0.83087693324409873
  0.84183470501821656  0.85250550520675750  0.86321121589843652  0.87383505228736447
  0.88435479682127305  0.89488359172379517  0.90520583300289759  0.91590849728027057
  0.92655709309381129  0.93747340172885774  0.94832925290339365  0.95878246423345415
  0.96894605078051588  0.97900439843716680  0.98941342094220375  1.00000000000000000
 -0.00247115272087024  0.00930488994184928  0.01927440014982817  0.02966261838529315
  0.04006160647782150  0.05029043109835049  0.06055150361528026  0.07084464283952568
  0.08127311735058808  0.09155832343717112  0.10179065758200112  0.11231308813835761
  0.12270934483594001  0.13307907493344617  0.14299433572633696  0.15337130146519551
  0.16371480579549080  0.17439615386208382  0.18514259002201230  0.19566742806366744
  0.20616053829028427  0.21643848778827665  0.22682942056411809  0.23705348582907562
  0.24728679538759507  0.25777811416782642  0.26837291579644024  0.27874916509345726
  0.28916558838760037  0.29971016311411325  0.31047497533526314  0.32128577058799973
  0.33154403016078843  0.34221441398471081  0.35260132013913109  0.36338812435869944
  0.37430711806657108  0.38546898644723615  0.39654359741620132  0.40716660020534856
  0.41768258521770507  0.42837889754042102  0.43925277152127729  0.45015115795719451
  0.46086580982764108  0.47154538800886320  0.48236559098650855  0.49313022840653381
  0.50355230046690469  0.51374782885534098  0.52384587006053018  0.53390488196551134
  0.54384520643794421  0.55378309946275317  0.56403027704651110  0.57474380889935262
  0.58564390835806823  0.59616883532363574  0.60648452406691089  0.61686528839403476
  0.62760075920802239  0.63857537411310172  0.64962992688536625  0.66069692074329855
  0.67131212579630495  0.68163097470259804  0.69185519762871939  0.70224123936299343
  0.71275057886680027  0.72324796049055140  0.73383452337287913  0.74459652998912640
  0.75556259102507106  0.76623465871834084  0.77680969415079648  0.78735514917737304
  0.79809445605873941  0.80882698135998554  0.81929518898579645  0.82973508137101293
  0.84030447984084944  0.85110533431220670  0.86178414043230644  0.87207580435281107
  0.88230972516108530  0.89255862550525511  0.90310256324881100  0.91376677107435345
  0.92457120261231496  0.93540505331680002  0.94630868712676330  0.95694938661340079
  0.96765535553894444  0.97836106941630541  0.98929416770293388  1.00000000000000000
 -0.00247176497901093  0.00952620800910131  0.01988993239412905  0.03046799785091448
  0.04070175823661164  0.05105001974752527  0.06144095122071022  0.07190104343752610
  0.08243150178815137  0.09285479523313883  0.10323468520297187  0.11343227524447178
  0.12368022875665698  0.13393260144415617  0.14430465073699764  0.15460360630115705
  0.16488013006788904  0.17502445628112615  0.18522543967973926  0.19568846245900437
  0.20617391638376578  0.21689349457663060  0.22775804211619255  0.23843745219072512
  0.24909414260308713  0.25940952367046288  0.26961240602132602  0.27995460647577897
  0.29059309407109418  0.30166209458770776  0.31277458131771746  0.32373866497803860
  0.33486843146994166  0.34515981128952328  0.35565070622806794  0.36586450072108262
  0.37618728592728751  0.38649988858504880  0.39681552431265293  0.40765962639533437
  0.41855482565354640  0.42914419494739753  0.44000174974953127  0.45053391467157039
  0.46141199075843209  0.47195098811750813  0.48254780403013087  0.49302686924936917
  0.50334303162404748  0.51380481486514407  0.52415996096210982  0.53454413308712978
  0.54481971628314496  0.55555117011802180  0.56620731065067942  0.57714442333689508
  0.58799521257102583  0.59904022576313432  0.60993967270866833  0.62080769429536975
  0.63163071292386663  0.64259229756546388  0.65302098951164966  0.66338259279817480
  0.67342175712546160  0.68372468421498489  0.69411435348064299  0.70448093801188916
  0.71478050451148745  0.72545029436430819  0.73626499369874332  0.74695289392306619
  0.75734754455445719  0.76743066482003397  0.77791379479741130  0.78839922390016159
  0.79936772834867709  0.81016766138082830  0.82098634183576535  0.83169494643252895
  0.84228969447584079  0.85305614303630739  0.86368151633099233  0.87442113022028700
  0.88504918878959371  0.89575039471435580  0.90630432109842252  0.91689886922621999
  0.92744426918705125  0.93796240942078635  0.94809880679782244  0.95838169328197897
  0.96871508730705735  0.97936380512382437  0.98965593760872761  1.00000000000000000
 -0.00219252067282535  0.00895436736161089  0.01876292597723562  0.02895580015852351
  0.03940999513148622  0.04988727562297422  0.06046130120109659  0.07100020435132606
  0.08164660341314504  0.09218337513722298  0.10294429931617510  0.11404687269001147
  0.12523671319251337  0.13630537278902308  0.14701399616768546  0.15766958548491528
  0.16819042693543018  0.17852296820560801  0.18898286730045863  0.19960651552964664
  0.21061500441640030  0.22133184075201823  0.23186167848672706  0.24220339135138488
  0.25239487866616483  0.26251353692231105  0.27274847436745103  0.28316954429641783
  0.29373234877384602  0.30422745162909609  0.31476757287734175  0.32532563893190947
  0.33581677189520831  0.34648036139215171  0.35703317208265062  0.36755022855197678
  0.37808130111319260  0.38853213113746116  0.39902512397189144  0.40936506253126387
  0.41999521704139670  0.43094866190810621  0.44196156190316810  0.45283167195089274
  0.46345134539621263  0.47355292042970332  0.48378076903254241  0.49390691124800551
  0.50443689954056525  0.51499193002743249  0.52548473916623495  0.53610014911365056
  0.54661399569598690  0.55693861566497338  0.56697081380617453  0.57692909222475541
  0.58717878992320049  0.59798093967172727  0.60889392874612336  0.61967542778736340
  0.63023986889899897  0.64066957701223781  0.65157418910798270  0.66196203775203954
  0.67271791874659392  0.68370109138138013  0.69436151026772008  0.70488118700831026
  0.71498649373280831  0.72531692286975458  0.73576553113830967  0.74620089839065895
  0.75715936347279333  0.76806402005897711  0.77836792745128269  0.78866040934945336
  0.79904003215873554  0.80972738862116245  0.82033668567170548  0.83099543875005322
  0.84191105807693400  0.85278742167884203  0.86325873168272849  0.87365120504512217
  0.88405528609523132  0.89450895857959545  0.90507701177083177  0.91572002979539091
  0.92639480473240665  0.93702312719922920  0.94724412779129796  0.95757532994471006
  0.96792246758626677  0.97844292932675969  0.98914690896466817  1.00000000000000000
  0.09503875140938992  0.24462670370362044  0.27368645163790367  0.29010445267056523
  0.30332128193866409  0.31493992283855760  0.32568456666953116  0.33577008689641163
  0.34539743385149474  0.35476505619802773  0.36362911702902034  0.37221509485515419
  0.38059863173972375  0.38888197443795974  0.39711766455072173  0.40510528234619014
  0.41299748988379970  0.42041937424385550  0.42771197729444882  0.43490329789370452
  0.44216333186535534  0.44933699028925633  0.45654285997487087  0.46345083099496037
  0.47025253773752634  0.47675269119859826  0.48305040493846751  0.48917274977372777
  0.49531880885026869  0.50149409085293684  0.50773217276254623  0.51389235920274956
  0.52010578044343514  0.52635159399533227  0.53259483586013534  0.53883997936756067
  0.54509966114091024  0.55128923541680730  0.55738873883754214  0.56336560382451406
  0.56925474795602238  0.57514290512980859  0.58097995762435395  0.58680141150108578
  0.59271560098942977  0.59862916466655491  0.60453123862191749  0.61045276251825109
  0.61638459342037044  0.62241683683575122  0.62836093739208965  0.63425207410806494
  0.64005844037299131  0.64581695914742654  0.65146819172593662  0.65712348209713922
  0.66289227640275061  0.66869934956776089  0.67444305121288095  0.68015499309967153
  0.68579707599680328  0.69154322735624840  0.69742216602259244  0.70329158170821560
  0.70913955913048465  0.71494434172439958  0.72073757741709854  0.72654635474806484
  0.73237067825851665  0.73827202515194335  0.74425969318072238  0.75036318109061639
  0.75663926307104101  0.76303249694818265  0.76950012969087744  0.77601586915811871
  0.78262615118131029  0.78943081666475334  0.79643063153143756  0.80354187491138185
  0.81067545455485202  0.81801577795476499  0.82564268023900789  0.83343604023388496
  0.84141573226490762  0.84961506402073206  0.85812241808420930  0.86694684249567178
  0.87606010121280309  0.88565404797548208  0.89597903808168489  0.90754322476665916
  0.92087446949615959  0.93668828931844850  0.95931677801922377  1.00000000000000000
 -0.02542169639108351  0.12242920365413465  0.15795363392573103  0.17924570540771018
  0.19573091015625310  0.21024667104792302  0.22342585130146891  0.23544085438755177
  0.24656366557400428  0.25682978868519685  0.26624580498737349  0.27502094513627118
  0.28336794065124776  0.29144553432492043  0.29915669625298552  0.30674315810959069
  0.31422815504060564  0.32147775223637848  0.32851836437550147  0.33527066810094558
  0.34192606678072923  0.34853166773194577  0.35501497873588661  0.36138340424731868
  0.36765384341090723  0.37383188088347835  0.37990942977423831  0.38586003172217298
  0.39175151898821953  0.39756767669383364  0.40327238788886349  0.40902554475959302
  0.41472210183014679  0.42037675387826878  0.42602482232487554  0.43165997062233996
  0.43723873359845156  0.44273504229413835  0.44819773172319288  0.45366518137458961
  0.45907972078803183  0.46437718380707693  0.46961612642219297  0.47483585686445823
  0.48012715271526601  0.48543795577548565  0.49072246517710194  0.49597333976629004
  0.50139165987475820  0.50689020335791157  0.51243704380219812  0.51787491904599203
  0.52334616672335987  0.52883492710409175  0.53437575224124523  0.53996936394040740
  0.54556540217541427  0.55116289536718821  0.55674419312807821  0.56228370808746353
  0.56778745871442515  0.57330408906428953  0.57887889114205038  0.58445597200388288
  0.59005885276699588  0.59570741034219510  0.60144503991778320  0.60731537608316521
  0.61321942815360608  0.61916746154558067  0.62509680888531416  0.63107892785772446
  0.63718465390636170  0.64340847807690016  0.64981658189446112  0.65636643477748169
  0.66296385753184917  0.66971695470006942  0.67671304026416601  0.68388404493838362
  0.69153049896729624  0.69960449010053660  0.70783755863858955  0.71623774538630303
  0.72474273147782542  0.73370381050864031  0.74315110141955110  0.75306376431516719
  0.76354642211944679  0.77482753206795085  0.78738409140428522  0.80193018621418699
  0.81933063796538774  0.84162150837848226  0.87808071616519878  1.00000000000000000
   4.8566404531443237E-005  -1.0000000000000000     
 T F F F T F F F F F F F F F F F F F F F F F F F F F F F F F F F T F F F T F F F F F F F F F F F F F F F F F F F F F F F F F F F T F F F T F F F F F F F F F F F F F F F F F F F F F F F F F F F T F F F T F F F F F F F F F F F F F F F F F F F F F F F F F F F T F F F T F F F F F F F F F F F F F F F F F F F F F F F F F F F T F F F T F F F F F F F F F F F F F F F F F F F F F F F F F F F T F F F T F F F F F F F F F F F F F F F F F F F F F F F F F F F T F F F T F F F F F F F F F F F F F F F F F F F F F F F F F F F F F F F F F F F F F F F F F F F F F F F F F F F F F F F F F F F F F F F F F F F F F F F F F F F F F F F F F F F F F F F F F F F F F F F F F F F F F F F F F F F F F F F F F F F F F F F F F F F F F F F F F F F F F F F F F F F F F F F F F F F F F F F F F F F F F F F F F F F F F F F F F F F F F F F F F F F F F F F F F F F F F F F F F F F F F F F F F F F F F F F F F F F F F F F F F F F F F F F F F F F F F F F F F F F F F F F F F F F F F F F F F F F F F F F F F F F F F F F F F F F F F F F F F F F F F F F F F F F
  <DiscreteSampler_grid>
  grouped_processes
  1 # 1 for a reference and 2 for a running grid.
  10 # Attribute 'min_bin_probing_points' of the grid.
  1 # Attribute 'grid_mode' of the grid. 1=='default',2=='initialization'
  0.0000000000000000 # Attribute 'small_contrib_threshold' of the grid.
  0.5000000000000000 # Attribute 'damping_power' of the grid.
 # binID   n_entries weight   weight_sqr   abs_weight
    10   10   5.154211549547426E+002   1.132114486221412E+006   5.154211549547426E+002
    16   10   5.154211549547426E+002   1.132114486221413E+006   5.154211549547426E+002
  </DiscreteSampler_grid>
