  0.00334080524351739  0.01139062411663931  0.02151894990424725  0.03194176833136848
  0.04287259952334908  0.05359149625556055  0.06437969498196917  0.07458366715980794
  0.08513941846878631  0.09599204978041580  0.10731362980910653  0.11912789300820525
  0.13081393578765241  0.14212336016765725  0.15297527093697758  0.16352923565516500
  0.17392766758045769  0.18463988056635469  0.19588060827831322  0.20714392080225810
  0.21784158122941100  0.22798049272834583  0.23821486166780542  0.24880097197579079
  0.26007426571830883  0.27137645038717523  0.28197429588285827  0.29170845015215940
  0.30122783399370862  0.31097964269104694  0.32121969680853074  0.33134445075311797
  0.34184091241424769  0.35266046802276463  0.36365764054909816  0.37473680138830923
  0.38485700850501747  0.39501834046523987  0.40505179288487397  0.41511762424728710
  0.42513371139352585  0.43549296796144199  0.44648724439744036  0.45759825083078653
  0.46857035391278357  0.47937762153322272  0.49006348260318539  0.50024789248954737
  0.51020458580175321  0.51992481291277048  0.53008312911032729  0.54032911192787769
  0.55037631172355961  0.56036944943432998  0.57093460795473039  0.58155094713180100
  0.59188210210740744  0.60222106268766362  0.61299351373903543  0.62374671092873424
  0.63413602521055190  0.64482891344750914  0.65582615650773191  0.66677332228762132
  0.67764617634871482  0.68842046649236555  0.69906152123790744  0.70941341114231260
  0.71913821704585701  0.72863598900394022  0.73837137065702596  0.74807143380950447
  0.75805980295505959  0.76797984990344370  0.77790214459832918  0.78782277835709169
  0.79761133432519382  0.80777074779933822  0.81746832764992561  0.82706420757976440
  0.83718889817607467  0.84805771588561030  0.85925074769827126  0.87021758467215138
  0.88100655931461502  0.89168625380094790  0.90175568965461850  0.91192064496832759
  0.92221814842673144  0.93211697404722260  0.94205311249517809  0.95278589248647527
  0.96442758248895644  0.97659941916573612  0.98823072396329881  1.00000000000000000
  0.00704718319469566  0.01563807481123047  0.02705489672778354  0.03916291445481136
  0.05047883349626124  0.06153184733332876  0.07261930604190835  0.08366423520925598
  0.09503923546572286  0.10631516589654444  0.11778478669923018  0.12896392374520893
  0.14022776022677017  0.15137529659437779  0.16217390063223969  0.17360255321126197
  0.18459908066557559  0.19556383068119446  0.20630609624294710  0.21724541275711298
  0.22832739488755546  0.23907840671173031  0.24961683028552115  0.25995073772804522
  0.27008570758181627  0.27978872150528811  0.28958392339649536  0.29978188356096636
  0.31074207428874900  0.32202010806089898  0.33380140668862618  0.34543533154219880
  0.35639665013087524  0.36664335576399532  0.37698664680373700  0.38739240637910871
  0.39750614746333690  0.40693727530709783  0.41624850645878819  0.42589586056253209
  0.43598696221412087  0.44636883410047218  0.45681007121422856  0.46748468644802582
  0.47870552885865197  0.49051724707149263  0.50273831862516050  0.51375149195328829
  0.52427782308900850  0.53381887228108837  0.54331510789775439  0.55278951855727676
  0.56271739892120032  0.57297107060322960  0.58324108385230367  0.59358491989765183
  0.60402289538412235  0.61418343319216784  0.62447193615669283  0.63433400667033057
  0.64433245598509814  0.65515328548235185  0.66608123297747979  0.67631005373643960
  0.68600073725477539  0.69591229968866664  0.70617249264216764  0.71659005715682300
  0.72732464373061823  0.73842884467308934  0.74949075089655215  0.76028801252743683
  0.77063059425605118  0.78100994246655375  0.79126529538967816  0.80121910871436464
  0.81134449161150701  0.82180356999683368  0.83259782904149193  0.84314791137234524
  0.85369981815352047  0.86385524761934607  0.87446215116111714  0.88531828064158680
  0.89604425264625032  0.90599539995982503  0.91559768013261800  0.92550242827805340
  0.93536465096209775  0.94550867386706705  0.95548048170228039  0.96493052429158999
  0.97389030905766094  0.98247882558527777  0.99193276684881260  1.00000000000000000
  0.00309156349181228  0.01210415700455311  0.02307592453309595  0.03254713473382057
  0.04206604286947793  0.05121743129901807  0.06039208348050790  0.06940587837322341
  0.07831530769518710  0.08773161020615368  0.09790147884876098  0.10873222378489994
  0.11963865557510192  0.12990754710409852  0.13987263512796258  0.15017597963281473
  0.16053006941299788  0.17107735634749241  0.18162292747716963  0.19258484292249239
  0.20316315055932094  0.21452654089979839  0.22644785064152836  0.23671632432689940
  0.24639954162284086  0.25576651076238244  0.26560036133001530  0.27545614830859327
  0.28513205447999113  0.29524671970460226  0.30588390491759099  0.31623723983117369
  0.32628471268244319  0.33651244924555557  0.34629062246758813  0.35586590856810191
  0.36531612652169920  0.37500024640649543  0.38543679883044890  0.39570937015679358
  0.40573166217994727  0.41571400288382049  0.42626285356739751  0.43718922018629830
  0.44797697446486312  0.45872164137915838  0.46924716865799770  0.47955818145016432
  0.48926233028104033  0.49899775530036217  0.50956495268266100  0.52064572806008569
  0.53174002573746115  0.54274153805218650  0.55359778741236054  0.56426592465275538
  0.57474233066908353  0.58535686050401392  0.59645941370154487  0.60788681442773485
  0.61911853755402824  0.62985707622167841  0.64028009545580766  0.65066787969643525
  0.66087633737604279  0.67094909566291361  0.68125436593704536  0.69230695483416249
  0.70345481985101821  0.71442978357530895  0.72532954852660403  0.73633749615052602
  0.74721635159778144  0.75738301113608153  0.76745616816789997  0.77787132209609211
  0.78826782844914489  0.79899787231232555  0.80975746322749920  0.82067742660463272
  0.83174763413959896  0.84259527931957767  0.85344108783729666  0.86381337491061805
  0.87472037318676454  0.88552031042773616  0.89657286387824597  0.90771724432452916
  0.91907677230414675  0.93036430736756448  0.94155396852345374  0.95265828240027628
  0.96384986298831909  0.97531330409990580  0.98729283576414428  1.00000000000000000
  0.00616994198785450  0.02007281778799266  0.03505962672005040  0.04859101187721682
  0.06112087415971764  0.07328371752974307  0.08481732847804511  0.09584807840651900
  0.10653197236625428  0.11704362843607181  0.12755168882685386  0.13783241658138912
  0.14793159325848171  0.15760535255135394  0.16713203823203132  0.17656081652567882
  0.18633174507854036  0.19668275955864925  0.20705743748990413  0.21715631460480911
  0.22700052331168918  0.23691456986035966  0.24693085564630299  0.25682939573570468
  0.26671946178319361  0.27683099652193482  0.28712026361141169  0.29745861850270938
  0.30765374155536074  0.31786853969740492  0.32812887217222431  0.33834009770804652
  0.34847995046373237  0.35877539612815212  0.36896011614111646  0.37907702847260955
  0.38921710697431561  0.39973300999982747  0.41057241681616008  0.42113076889510304
  0.43157335215594178  0.44234577030275479  0.45348514954039076  0.46460135910226069
  0.47544140172452842  0.48612136812328205  0.49673431096262238  0.50737578577108622
  0.51824316561108463  0.52926001258030431  0.54021146891469018  0.55078232385151071
  0.56095094647309662  0.57109446772918016  0.58104914604736924  0.59077709393424505
  0.60058959064331141  0.61050048071576213  0.62044548477375261  0.63030002726430889
  0.64010105877664525  0.65025002793033615  0.66050519707053523  0.67058186090729399
  0.68043668741681940  0.69038886479299288  0.70087875332147564  0.71195118198375251
  0.72353518887511648  0.73502941203704375  0.74603558207015030  0.75669425102144694
  0.76729631826649025  0.77784482736224625  0.78821399838236050  0.79855241024856305
  0.80892129837765214  0.81944109657594000  0.83017876279364211  0.84113112015484226
  0.85171604396140177  0.86188675288217875  0.87188555043337712  0.88205908831422641
  0.89250191660795652  0.90294646289824498  0.91282901885152024  0.92239277343170079
  0.93202910936265337  0.94193325312300202  0.95219594449109746  0.96241143358608849
  0.97228955559733032  0.98173400365203556  0.99100280135693986  1.00000000000000000
 -0.00008313895762096  0.00076265065005338  0.00181657061986210  0.00339533993762782
  0.00543527950506837  0.00785142716730241  0.01070036259964681  0.01423044565920013
  0.01817501674887423  0.02262911309233002  0.02725426687122460  0.03224710341585599
  0.03770488740152900  0.04331145656266375  0.04888338331901992  0.05481012246233460
  0.06106276579724312  0.06755330873567567  0.07428859119465835  0.08159018614889565
  0.08898369340368244  0.09651103609287200  0.10437396407438755  0.11242721583122973
  0.12055797802755694  0.12894695460629857  0.13789535116480997  0.14718478411559016
  0.15654274095844170  0.16571352700770658  0.17488123469667999  0.18404319336500255
  0.19300400902329046  0.20200686702404042  0.21126526519755179  0.22081176056068438
  0.23062527005623176  0.24044939896338319  0.25046801595509416  0.26055920017013096
  0.27059112091585702  0.28094756312180597  0.29172618619871432  0.30290850031114963
  0.31445602084820540  0.32642533688448616  0.33850722735976041  0.35025315815487607
  0.36157152343866128  0.37269733885124495  0.38431376878290463  0.39652104867013849
  0.40885883275227297  0.42136429942881942  0.43431898125221274  0.44678304092215015
  0.46027631282181508  0.47372403773907851  0.48696999865343427  0.49993670414495472
  0.51243208791041861  0.52511906725952040  0.53788717743041137  0.55086025633951696
  0.56366428764607901  0.57624259644263598  0.58864251060082740  0.60079977620555836
  0.61301807248624551  0.62563422607123043  0.63857708722360385  0.65219300848581541
  0.66602919608454603  0.67957020509772970  0.69297222539866510  0.70627084569513732
  0.71981974423162765  0.73367583159650263  0.74810666896974587  0.76293308383037250
  0.77759077578211699  0.79214591860278516  0.80631833355045501  0.82053738522763497
  0.83496428022778590  0.84942322633029299  0.86414401351987380  0.87895165821231225
  0.89383871626809441  0.90890281529556349  0.92441613645488296  0.93988749431883922
  0.95526740736671567  0.97040072110545650  0.98528537144185857  1.00000000000000000
 -0.00199306923818078  0.00897820553468296  0.01846654830037392  0.02821782231028756
  0.03769951953519026  0.04715158882488655  0.05706374349350960  0.06756570098502764
  0.07886901917601498  0.09045991782479157  0.10210360080533294  0.11308408741714490
  0.12355566760561225  0.13390957958148120  0.14455458393805085  0.15531751995611237
  0.16615620314167651  0.17701898200428035  0.18738353079388725  0.19734271079494736
  0.20688622198865508  0.21680049625311018  0.22694471063922586  0.23750877486151981
  0.24797272685525573  0.25808133531134098  0.26832058108636686  0.27865031318967887
  0.28949531251819477  0.30009787217270256  0.31025876738112873  0.32049195560761884
  0.33064019078352902  0.34070581346051421  0.35072560574004547  0.36099172467844609
  0.37134399807228707  0.38128049828682459  0.39098547770549597  0.40054350429344870
  0.41078237257227129  0.42125215254344350  0.43262644886527873  0.44411150859952386
  0.45524784681728520  0.46577849375137803  0.47571707315080114  0.48545502016831144
  0.49511051772395370  0.50496169528898716  0.51489003869497552  0.52464973242830937
  0.53453953922614195  0.54429892001094760  0.55413635503724012  0.56429957651698703
  0.57495126633228033  0.58583531157333824  0.59665097511147203  0.60740457135078818
  0.61802493592249030  0.62861786641425743  0.63922999636306843  0.64986977770885357
  0.66043666896811237  0.67107336832093900  0.68174362356875551  0.69271652567246489
  0.70311056906355973  0.71324391670316245  0.72329179115592490  0.73395420126394051
  0.74542768600396636  0.75687983353737032  0.76791246454420925  0.77870136297974168
  0.78921245925651140  0.79977633587137253  0.81073534305745043  0.82203824627650646
  0.83340405909776782  0.84498946162256583  0.85616332052609168  0.86696558698665915
  0.87810623874616167  0.88957391746289416  0.90091422702140844  0.91194050778962898
  0.92331862842121359  0.93427814458612524  0.94475679733245688  0.95544033458096145
  0.96671026131214377  0.97801372830739253  0.98912162727008679  1.00000000000000000
 -0.00231334387605896  0.00968905089167996  0.01956144631473039  0.02939990540437731
  0.03930652896420138  0.04931510843977888  0.05990360403388191  0.07068385109397557
  0.08142809328213060  0.09179301720437960  0.10225754487119679  0.11245084050383872
  0.12270709260054061  0.13282440618561672  0.14310646248333994  0.15345192644388506
  0.16400426321576206  0.17438495194165182  0.18465692013560089  0.19462236243455994
  0.20481749090542406  0.21560333591071823  0.22642569812554048  0.23667633499121693
  0.24643927148892905  0.25607369090003190  0.26572834609164925  0.27561545299394435
  0.28552765591132923  0.29538186442976372  0.30547419166913559  0.31564274108772844
  0.32602575307534931  0.33676301850000845  0.34739102898088148  0.35833982408182091
  0.36930744735352439  0.38061334563131854  0.39135856390271145  0.40135230149102524
  0.41090911732993241  0.42109142255908516  0.43184279396530728  0.44302290052056265
  0.45392746829850827  0.46415983020067497  0.47395537684253491  0.48349693928016624
  0.49315861932385302  0.50279743798169696  0.51261501385701036  0.52265860320848501
  0.53357917206985672  0.54458788576743522  0.55553530847690302  0.56650190572499870
  0.57694978450701517  0.58807490823054398  0.59941749952918233  0.61185412174532561
  0.62458140258830075  0.63613092949883310  0.64718250599364235  0.65751543928839606
  0.66747304432745136  0.67729590934866224  0.68758666731717943  0.69825350335230485
  0.70899555581938323  0.71964567442384553  0.73035125357089326  0.74174257064367011
  0.75261163911052631  0.76258154683547963  0.77265164394503516  0.78332261723777452
  0.79393678789898536  0.80442473701803463  0.81436434813291214  0.82459923766662602
  0.83476114260536105  0.84576600608764063  0.85715647456805966  0.86920692565635405
  0.88105068623863836  0.89316999213312298  0.90519739288310896  0.91646170024158347
  0.92663884601785640  0.93640485295223819  0.94625982501846873  0.95667109979088816
  0.96695905213878230  0.97768258688840304  0.98885464937087331  1.00000000000000000
 -0.00252542601588449  0.00961758378720582  0.01996293879437628  0.03052741027286391
  0.04100587798228950  0.05133509728523895  0.06155105751760601  0.07155863215135498
  0.08223891224484879  0.09393134079557947  0.10563178540020622  0.11677466288299802
  0.12767454141960871  0.13902210656396083  0.15031485753205012  0.16148846152646487
  0.17245900312173307  0.18338985952166650  0.19344281311774308  0.20326164207599726
  0.21327289586815718  0.22362215123829893  0.23375935186613075  0.24408034419712649
  0.25476715951910656  0.26619159737923875  0.27751630697463220  0.28895860360141878
  0.30038750086526217  0.31129329970595732  0.32169753783444138  0.33214706720520942
  0.34291965053486528  0.35348031386040540  0.36358023270150297  0.37398836382578854
  0.38514276661683217  0.39664419063748874  0.40794351934952400  0.41855217282342205
  0.42841211823599396  0.43801859482698802  0.44797629919433563  0.45850870292046586
  0.46942459267157027  0.48035347399185913  0.49147199612730191  0.50156101621432225
  0.51092000268902815  0.52012101450311232  0.53031582889981721  0.54135268550955395
  0.55210861687573864  0.56264787295997221  0.57364785990674849  0.58500266951261992
  0.59587910116796527  0.60696931009281307  0.61797163427612178  0.62896471285626177
  0.63970753500415789  0.65052133372068122  0.66142282311674938  0.67201701996148477
  0.68207320856145770  0.69190659507100882  0.70197570475401494  0.71222589570624328
  0.72260043362779058  0.73276178643071421  0.74271739404493542  0.75286407717531056
  0.76266250411746395  0.77240917774241324  0.78244907562872201  0.79264152778066976
  0.80261162542012388  0.81178511010588505  0.82129205456841836  0.83095910004633244
  0.84148124521082923  0.85220402874141254  0.86301575139189679  0.87381730689340231
  0.88432830462399314  0.89482491630912064  0.90571354996289699  0.91638390007196735
  0.92704494011507055  0.93742839918675613  0.94802326685004634  0.95835034701108190
  0.96893455447887611  0.97916714623400380  0.98973140513155111  1.00000000000000000
 -0.00259697472858780  0.00958867563276234  0.01964077829663667  0.03053847055094548
  0.04163229618410266  0.05170485551063588  0.06097283667438636  0.07078692826530961
  0.08088478111518789  0.09162229786360421  0.10203945084209781  0.11284792341113831
  0.12345102929820605  0.13475511266060100  0.14571244100999692  0.15703646024471113
  0.16793748653693286  0.17863737254655104  0.18906879809575824  0.19871117741897382
  0.20863936620774221  0.21917118613590034  0.23029884601252032  0.24171030782774480
  0.25234161714930675  0.26332799657444905  0.27422431708100425  0.28543157728594892
  0.29636169767038945  0.30726810633530105  0.31809890717254802  0.32957015727500327
  0.34106070009729283  0.35223635391615554  0.36259022549096009  0.37245770746330514
  0.38260119195806114  0.39320475083330197  0.40434425453836592  0.41548776983230995
  0.42648153300253833  0.43750688736824861  0.44861868912009045  0.45975383679672216
  0.47084631880813271  0.48228140563060728  0.49380682383096913  0.50497109690293884
  0.51550924115739649  0.52554684218402048  0.53557929603578847  0.54612974603190023
  0.55673816081544580  0.56696939035441696  0.57663097535434649  0.58622642620094823
  0.59613468700765859  0.60624155752660969  0.61672090523954848  0.62716250730820011
  0.63783682469546488  0.64808902215610931  0.65810503063011327  0.66807718039990405
  0.67808116277789365  0.68808021519303553  0.69888533500166150  0.71030539231392664
  0.72195077735720947  0.73288020919751651  0.74370800511579516  0.75428352155840139
  0.76500115035261795  0.77632495485864972  0.78762193302519423  0.79871003235307669
  0.80955039326418410  0.82051396219545303  0.83153894741470458  0.84198886659540217
  0.85190333838314813  0.86153952140037049  0.87117442899959796  0.88091802591915525
  0.89111712065784165  0.90166253495205306  0.91225635372682967  0.92209123443976848
  0.93136783446709104  0.94078450833052862  0.95034790463835428  0.96005796499389739
  0.96982081067256476  0.97954633823187831  0.98986023357865094  1.00000000000000000
 -0.00279091491321796  0.01026044590736818  0.02166748107561173  0.03287636657240153
  0.04406259344823098  0.05549328348149450  0.06694983342902110  0.07798553886216791
  0.08835036419644092  0.09849361397744903  0.10878861906199021  0.11924988546300977
  0.12990237905117083  0.14085892288055543  0.15217140028089085  0.16338032557372090
  0.17486473868208222  0.18595025605113488  0.19638437514154228  0.20645262309225995
  0.21640894997568469  0.22625242654735861  0.23623735986805736  0.24640058863386080
  0.25671792963425416  0.26736868664168645  0.27811083721038943  0.28938861764692680
  0.30013675013617463  0.31051667079512857  0.32103743383488481  0.33150623907268084
  0.34192931732752685  0.35203872144115939  0.36213007007487219  0.37291596785714909
  0.38358691929557936  0.39429133723738258  0.40438429063039083  0.41414779382404571
  0.42405717040726371  0.43416676976222857  0.44446443222529075  0.45461971777017490
  0.46503079966666916  0.47560982794449319  0.48631018628524969  0.49708689605300194
  0.50803909818048687  0.51917286046465339  0.53001480018505265  0.54090560013431987
  0.55135171824928608  0.56188982020778355  0.57260003026122419  0.58295903822870787
  0.59259469938029274  0.60224721451423557  0.61235224395629040  0.62279215878202721
  0.63350580164245196  0.64378320172369330  0.65486029794699241  0.66586883168005662
  0.67659596680244127  0.68771712584862099  0.69918392925782058  0.71109910367189855
  0.72193562945203038  0.73314665010616131  0.74421634921844237  0.75462573921379117
  0.76419479734062501  0.77378570468415919  0.78419949458033822  0.79497954182778729
  0.80572356740186313  0.81651094205601837  0.82690312210895611  0.83664692305584232
  0.84594806822227764  0.85588185814501117  0.86661190805619104  0.87678740052806470
  0.88651447522277838  0.89606577011280841  0.90586330607967092  0.91610453880019882
  0.92667627226190941  0.93786790553673360  0.94909007374363363  0.96007137716908886
  0.96999998178521296  0.98001015719655138  0.98984472215950225  1.00000000000000000
 -0.00241203025529003  0.00946602893065273  0.02006831502666695  0.03088529062932176
  0.04217220338443811  0.05298860762276514  0.06401620929922483  0.07501839732527020
  0.08610640724887197  0.09733289771903338  0.10915922596082200  0.12137478795802575
  0.13266888395658002  0.14423072890751051  0.15615363502189605  0.16797170491146798
  0.17868528029026778  0.18879090219334324  0.19869509574168040  0.20869402726990682
  0.21848986029025705  0.22802261689997522  0.23725004102722078  0.24642768578916621
  0.25611498658422355  0.26644590078559466  0.27741605165078392  0.28826916564118488
  0.29895700681331350  0.30940656261321114  0.31968670876319266  0.32999378376000799
  0.34028727532039726  0.35055429242367903  0.36112292240384186  0.37169235988560273
  0.38244368239849885  0.39333506376490479  0.40391085000023286  0.41423818465969997
  0.42437143755714773  0.43464102557672246  0.44498260227056741  0.45564873442268761
  0.46697069401406727  0.47835968487629138  0.48949217230089037  0.50043721643921291
  0.51104443664049837  0.52122503664100417  0.53089415133726581  0.54025335967330113
  0.54983295984407454  0.55962153134638271  0.57039715891459530  0.58144554589556774
  0.59216956895765260  0.60248817895314788  0.61264884338678582  0.62261029667817580
  0.63206571135136924  0.64161663787153966  0.65154451544749648  0.66233814744740793
  0.67318749399650557  0.68420815008213531  0.69486846930559443  0.70564615313391832
  0.71686740001659155  0.72804928618281695  0.73888504783942655  0.74960032443232905
  0.76060747463650868  0.77124721231542603  0.78090356461200217  0.79027589838196743
  0.79981937806302605  0.80953594033297316  0.81950579081797981  0.82987856768756096
  0.84114358138055478  0.85331144842781537  0.86499141632001020  0.87627895880147411
  0.88664921489464676  0.89676927084438884  0.90700081948705058  0.91713043017464968
  0.92701255639712310  0.93704410375635283  0.94752782755190934  0.95785219100887542
  0.96755933634251134  0.97750305654577851  0.98803227136017291  1.00000000000000000
 -0.00278831024322899  0.01005241530615314  0.02075931305007531  0.03135459969280389
  0.04193635777810451  0.05224602774630810  0.06226751757323552  0.07223956721844137
  0.08260904939787433  0.09339383813295447  0.10403739334160023  0.11464500911446666
  0.12525886892107566  0.13638315363230227  0.14821136827262213  0.16058433620514007
  0.17275073499738022  0.18425684583813104  0.19505479762641739  0.20532743510371662
  0.21540766984341131  0.22549450122821904  0.23556449092600626  0.24543019023184179
  0.25557395165058922  0.26629367832888673  0.27705786728434179  0.28717831985985831
  0.29685467145804217  0.30653951263793788  0.31662248829860851  0.32617191858325034
  0.33599842745122338  0.34633670010046458  0.35592284275819513  0.36511392171091417
  0.37440875177538679  0.38510294348019675  0.39622584569798530  0.40692390404430862
  0.41718613512878205  0.42742639427412760  0.43781093218166778  0.44820751497329503
  0.45860888345893236  0.46931144483100268  0.48015902692429135  0.49041960634562515
  0.50012383319223530  0.50962760547318586  0.51939434650938832  0.52946444826997663
  0.53923095179983016  0.54935703747045284  0.55995479431208839  0.57092843648945502
  0.58180355117063132  0.59237491771338069  0.60277301044314879  0.61304838180196020
  0.62323411309056520  0.63370479627324972  0.64409279879196935  0.65458999695738196
  0.66509066763736391  0.67595189855786830  0.68664990186196728  0.69768588115900199
  0.70951257141784485  0.72258102138913727  0.73585156092151327  0.74808119860456113
  0.75998838272312275  0.77089343645380903  0.78072284848000084  0.79022411868828268
  0.80026183551469665  0.81094964572755790  0.82132239955528707  0.83194628491234857
  0.84253724808268637  0.85322320629702142  0.86395150985184688  0.87486106479403647
  0.88545622763240672  0.89584789500021300  0.90687244740763162  0.91820836004533091
  0.92938178902057655  0.93964802269724446  0.95013864312230734  0.96045646411956509
  0.97006017019079704  0.98004107017295006  0.98983884990014115  1.00000000000000000
 -0.00219109002232622  0.00784263773066484  0.01763779787980749  0.02755309180526491
  0.03779434619707135  0.04758371137653385  0.05683366095564806  0.06585182133922325
  0.07493824610838863  0.08433404455597969  0.09409357991209848  0.10439460953021691
  0.11592000982151544  0.12794054787700443  0.13979861829853246  0.15178395045667864
  0.16350080981120879  0.17471469136876172  0.18579089698231321  0.19651813223131551
  0.20729978855388997  0.21776230930670423  0.22838199326799202  0.23862230750334412
  0.24895439883251005  0.25965305433825969  0.27071265143492867  0.28192366923598711
  0.29265372563757924  0.30329992815242440  0.31407665387866424  0.32515460776262300
  0.33639049837512303  0.34746987291756759  0.35822875603118665  0.36873609851433686
  0.37936157178753088  0.38999602599371869  0.40031435044531738  0.41033097235018962
  0.42045724279069269  0.43092705690410482  0.44141279789622412  0.45182000285732216
  0.46235098979516703  0.47342240272481795  0.48490445444732189  0.49685518937148965
  0.50958884383048120  0.52272048077707689  0.53562850574120568  0.54814176433864981
  0.56018048757260253  0.57164704118263698  0.58274915345273226  0.59367489859662559
  0.60500856899720779  0.61651930428170176  0.62817673135764551  0.63965314664966422
  0.65099896953715508  0.66239355332479655  0.67352081602088676  0.68490862153002929
  0.69587537161857993  0.70657092701218771  0.71702854505827152  0.72752841228900356
  0.73805128329353786  0.74861701683881843  0.75894513448856271  0.76918788246074188
  0.77922194302558345  0.78968631137100231  0.80069573786946424  0.81252154327420456
  0.82457663096583167  0.83613591289263323  0.84699364175332148  0.85714541678285838
  0.86676051801052467  0.87610206630358178  0.88523831954100318  0.89415906149076163
  0.90301083771484858  0.91212152283129944  0.92158520420725865  0.93086013016252556
  0.93982911547778880  0.94854178848331394  0.95755261066174635  0.96638733756584905
  0.97479209627607066  0.98296177714147992  0.99127931554455417  1.00000000000000000
 -0.00257170507735688  0.00979432055899259  0.02050252011404914  0.03084674510159379
  0.04120834029325690  0.05181441989256967  0.06313477913742271  0.07400726600764074
  0.08488089607709429  0.09564423963282187  0.10647279367853310  0.11712726874257826
  0.12777005884995332  0.13871045506912374  0.14984802365747246  0.16119526321224356
  0.17250657751348750  0.18374572135304917  0.19460974097604916  0.20521791125970415
  0.21589886574106906  0.22655480081471349  0.23712952253142228  0.24755669280779796
  0.25802811580872775  0.26843990270672596  0.27859754281958754  0.28870636533481275
  0.29892424517087346  0.30934349830549041  0.32022791331664208  0.33117284547759979
  0.34202341196266695  0.35280689176828300  0.36362755244017630  0.37419405072622269
  0.38482623793202536  0.39530038383380678  0.40540889815054448  0.41531626756311285
  0.42518066117955439  0.43495871371107031  0.44449167940823125  0.45389676011360353
  0.46387774376961449  0.47434096546540860  0.48457219353426434  0.49437645158805588
  0.50427768455937982  0.51420495539303002  0.52415655830197605  0.53386091122059531
  0.54425238449165214  0.55537913243883419  0.56612467972660563  0.57658330053801421
  0.58691289300078342  0.59727335120658509  0.60794430426606527  0.61915731101002836
  0.63038470046896533  0.64126144026692122  0.65163670928525863  0.66182618157197071
  0.67188708268126551  0.68171211403928489  0.69153240276091910  0.70153682721091148
  0.71165106781705145  0.72191419533160206  0.73209705343900744  0.74232077638463934
  0.75288620749479962  0.76350887569148440  0.77397626898260063  0.78429993343009052
  0.79499684190665820  0.80591963409375456  0.81669898490678050  0.82736671489884284
  0.83795046999250378  0.84847391988834453  0.85984153209634417  0.87194625087891708
  0.88293717253908122  0.89365885717907267  0.90435599733698246  0.91527523487248297
  0.92497022131001083  0.93457907457098777  0.94460443211748513  0.95521546662258172
  0.96603828345935749  0.97692633776390747  0.98825897780166472  1.00000000000000000
  0.07162014324372640  0.22136611996996977  0.25264253589635266  0.26672667213202400
  0.27761846248116684  0.28718107294031014  0.29618596657360657  0.30448317837276545
  0.31225346398048748  0.31978958755483700  0.32723683813623267  0.33457934889947938
  0.34173638990607447  0.34869528670642902  0.35553296735647866  0.36232084335729037
  0.36920284532648334  0.37611138610199957  0.38255411973506376  0.38891348404121212
  0.39534896129368979  0.40186853263764255  0.40830924463439089  0.41467004322029249
  0.42108887325352512  0.42756575503797123  0.43397645055841705  0.44034385756460703
  0.44666186773522515  0.45289158763700049  0.45928441268497705  0.46564021246178139
  0.47202037059885787  0.47834275223764244  0.48457140893126532  0.49062628351421117
  0.49669573285293084  0.50288490068220781  0.50930943987542343  0.51598451353002839
  0.52251371935849145  0.52849687604587192  0.53450536120143854  0.54052589591533207
  0.54645398772543452  0.55249497629271882  0.55873304996250850  0.56506950607146822
  0.57117963624137424  0.57719812855134855  0.58331010228294555  0.58968506856967706
  0.59603186167687627  0.60237824853671440  0.60860870216316321  0.61482370015404997
  0.62107867540529926  0.62722897454592919  0.63332439464453683  0.63948042974754160
  0.64573115601360687  0.65219168955845142  0.65891101369356253  0.66574355817671926
  0.67259152777906628  0.67937639786091530  0.68605261333400303  0.69299323812121616
  0.69998133984620481  0.70655039458643998  0.71286688613601423  0.71916911752844614
  0.72570686125305561  0.73250733294170345  0.73936941396268241  0.74639488145723021
  0.75359762652321538  0.76097799751474093  0.76824087795643370  0.77626936196268970
  0.78466834581143419  0.79358876326407457  0.80312960170007597  0.81277747111784493
  0.82345459407017763  0.83417684316445173  0.84495469731683370  0.85621805814708563
  0.86810172799014407  0.88019623897715060  0.89243007377893302  0.90563396447243028
  0.92027307337645103  0.93690952842995057  0.96009604794124392  1.00000000000000000
 -0.01996524014519630  0.13086498918664924  0.18069804601767092  0.21201964500553425
  0.23610643380365054  0.25724399817960414  0.27600271856111247  0.29290124464824785
  0.30805930168852758  0.32313509933097084  0.33795935898871560  0.35154518939176999
  0.36341202362105013  0.37443026572096272  0.38482277094490397  0.39502081469912870
  0.40528212132949804  0.41518121034887551  0.42447204666525240  0.43334881016629406
  0.44182463614845835  0.45016017432089167  0.45836049018116520  0.46628005546529805
  0.47405243663994290  0.48184215542167746  0.48949574882737623  0.49699640083390717
  0.50453554702022541  0.51212684517733564  0.51963534928498378  0.52698029757184994
  0.53429400835399954  0.54119399822613912  0.54778657095330097  0.55420105215864535
  0.56092853446699653  0.56732894974387538  0.57357645284712955  0.57945578928005981
  0.58521640468603209  0.59104977751571375  0.59705601406048026  0.60313793425085460
  0.60914354143550564  0.61518602629676511  0.62105762815326371  0.62692609871590876
  0.63250111753535698  0.63817814956718244  0.64356499557213553  0.64902114555358414
  0.65439349522314594  0.65975477742458766  0.66501602937302218  0.67015501688035717
  0.67522179480590372  0.68027152201056407  0.68539756530575968  0.69065544302727033
  0.69612544348599570  0.70151585444559739  0.70697475563088641  0.71223516664820363
  0.71737887388352406  0.72250521878919771  0.72768463875045131  0.73280148905978504
  0.73777689922448197  0.74289769361199554  0.74799168595829924  0.75325134912046354
  0.75863916373454954  0.76398054629075218  0.76923536822542671  0.77449615860853915
  0.77986315884282975  0.78532223951274738  0.79099312726049764  0.79706986493031462
  0.80343806301745546  0.80990833374468463  0.81640415647125975  0.82286698579053619
  0.82920597969389753  0.83590076017014625  0.84296010121950027  0.85029169600786925
  0.85801761006863386  0.86647259991791348  0.87585308869312517  0.88679621887198412
  0.89974159137519305  0.91689586319081695  0.94175614498218174  1.00000000000000000
   1.5493838487964200E-005  -1.0000000000000000     
 T F F F T F F F F F F F F F F F F F F F F F F F F F F F F F F F T F F F T F F F F F F F F F F F F F F F F F F F F F F F F F F F F F F F F F F F F F F F F F F F F F F F F F F F F F F F F F F F F F F F F F F F F F F F F F F F F F F F F F F F F F F F F F F F F F F F F F F F F F F F F F F F F F F F F F F F F F F F F F F F F F F F F F F F F F F F F F F F F F F F F F F F F F F F F F F F T F F F T F F F F F F F F F F F F F F F F F F F F F F F F F F F T F F F T F F F F F F F F F F F F F F F F F F F F F F F F F F F T F F F T F F F F F F F F F F F F F F F F F F F F F F F F F F F T F F F T F F F F F F F F F F F F F F F F F F F F F F F F F F F F F F F F F F F F F F F F F F F F F F F F F F F F F F F F F F F F F F F F F F F F F F F F F F F F F F F F F F F F F F F F F F F F F F F F F F F F F F F F F F F F F F F F F F F F F F F F F F F F F F F F F F F F F F F F F F F F F F F F F F F F F F F F F F F T F F F T F F F F F F F F F F F F F F F F F F F F F F F F F F F T F F F T F F F F F F F F F F F F F F F F F F F F F F F F F F F
  <DiscreteSampler_grid>
  grouped_processes
  1 # 1 for a reference and 2 for a running grid.
  10 # Attribute 'min_bin_probing_points' of the grid.
  1 # Attribute 'grid_mode' of the grid. 1=='default',2=='initialization'
  0.0000000000000000 # Attribute 'small_contrib_threshold' of the grid.
  0.5000000000000000 # Attribute 'damping_power' of the grid.
 # binID   n_entries weight   weight_sqr   abs_weight
    16   10   1.799499105256109E+003   1.618016696735655E+007   1.799499105256109E+003
    17   10   1.799499105256110E+003   1.618016696735658E+007   1.799499105256110E+003
    19   10   1.799499105256109E+003   1.618016696735655E+007   1.799499105256109E+003
    20   10   1.799499105256110E+003   1.618016696735658E+007   1.799499105256110E+003
    22   10   1.793576902715993E+003   1.606157089679320E+007   1.793576902715993E+003
    23   10   1.793576902715996E+003   1.606157089679326E+007   1.793576902715996E+003
  </DiscreteSampler_grid>
