  0.00315213042859889  0.01209962893361002  0.02224132215999411  0.03271158917539312
  0.04287020984969903  0.05304384327588241  0.06323448340364088  0.07323201115581653
  0.08346062033225929  0.09374917210288675  0.10410772791223180  0.11448028717442767
  0.12488834372648241  0.13538131665114164  0.14570573832297898  0.15611810205661161
  0.16653060809698292  0.17708345059850827  0.18752278265950073  0.19795489514125411
  0.20842427853904172  0.21908129064593254  0.22985465329873953  0.24076375998047445
  0.25169761772655691  0.26280841568937113  0.27366368294304905  0.28414289200342885
  0.29438417184469501  0.30460596856040090  0.31517619753630788  0.32562713492784146
  0.33620252001565848  0.34690702701450277  0.35759449157217654  0.36820095898020755
  0.37846337588818696  0.38862287384958549  0.39891032568442292  0.40931835784056625
  0.41977214661648599  0.43016223758533684  0.44056135371973637  0.45110957954459752
  0.46168336443185221  0.47208280571326744  0.48235356845532867  0.49257458699866163
  0.50284862243789652  0.51333146641771144  0.52370631079781893  0.53402762006923521
  0.54421475112297168  0.55440434142796824  0.56470010610796273  0.57513755793307175
  0.58569902588666711  0.59630458241521234  0.60690745043778449  0.61732990607656890
  0.62756769339771723  0.63762298884337110  0.64779095708253898  0.65803643180340676
  0.66829452987363380  0.67876463297947653  0.68932439665283574  0.69998077743139275
  0.71042775069819109  0.72087488862717863  0.73119794081543454  0.74159081402492066
  0.75187660761183595  0.76236878011018372  0.77295914105178032  0.78360313227094114
  0.79403853660865087  0.80430356146533644  0.81497586098281005  0.82586452959595602
  0.83684441079635419  0.84761529155124382  0.85820391770012150  0.86878339475316446
  0.87931991887482286  0.88983706136114349  0.90021678267571559  0.91037048440090784
  0.92097697770876008  0.93191261706991491  0.94274323473433519  0.95334995775740172
  0.96422827926514187  0.97586620349082032  0.98774563086613232  1.00000000000000000
  0.00690383355173090  0.01653584225784450  0.02785870497861252  0.03947182123572315
  0.05064388863691024  0.06181456835541140  0.07272379540976086  0.08370775251576719
  0.09465828804405317  0.10550171170167612  0.11620225938375701  0.12692961132191549
  0.13779216302343492  0.14854998056777316  0.15910348554353237  0.16990159685922929
  0.18080083241618408  0.19167083735555906  0.20220864222127974  0.21309779803382370
  0.22426425134658645  0.23550473647484152  0.24649367586367815  0.25738988047447015
  0.26828817046547782  0.27879602785428120  0.28906697180841928  0.29925592972308263
  0.30958320887029711  0.32009223431565209  0.33065729671519117  0.34116513573804325
  0.35157953188502972  0.36181918168383309  0.37191723454374315  0.38204158816356021
  0.39234038543323041  0.40271246240647435  0.41307646901473277  0.42354625518550459
  0.43427121644554378  0.44508495588910002  0.45584822000978525  0.46653489027931000
  0.47715024810527223  0.48758339830558123  0.49784571211381062  0.50813806573085651
  0.51853485962567558  0.52912115211197419  0.53983281350480572  0.55046576996096275
  0.56086027330175370  0.57103562184442025  0.58126291978069022  0.59163074814087657
  0.60212843439229013  0.61247961092569947  0.62264126449511747  0.63256287006184553
  0.64261587582807700  0.65286706779955328  0.66338357518727864  0.67399122786650911
  0.68467434385417969  0.69538142131768632  0.70609809950768121  0.71667001835653243
  0.72693291927445725  0.73723961017269446  0.74766871025959691  0.75832331079278814
  0.76883572885995044  0.77933182033130122  0.78973284949883282  0.80019269810941385
  0.81071970448150510  0.82120068894399456  0.83178194014994233  0.84238301363090895
  0.85306625486869536  0.86349636867914281  0.87382619976805664  0.88408287341913372
  0.89463081628893981  0.90500830401759280  0.91528403301328654  0.92543003240366384
  0.93536167761396194  0.94511067822440764  0.95480736557729129  0.96462471698175312
  0.97431543939022613  0.98298196427358175  0.99185885651863293  1.00000000000000000
  0.00336836474648032  0.01127518595603611  0.02133765205519996  0.03115610064696369
  0.04105914906163542  0.05076090526446390  0.06059339669584377  0.07062865693616699
  0.08071636982885391  0.09101920666623621  0.10128659518072114  0.11178420260808539
  0.12198184890157508  0.13227535378732511  0.14223985441453857  0.15234478097659870
  0.16245474520807276  0.17295664978436548  0.18334100564077477  0.19340104954541390
  0.20337931863829833  0.21345297752630435  0.22382388977486023  0.23409281972345536
  0.24444391970974769  0.25505097095757251  0.26562297002182189  0.27607124286401741
  0.28659562566550340  0.29715235547146895  0.30755723296115978  0.31777024562354927
  0.32791963355739523  0.33811461526890257  0.34832639350030847  0.35879168584460885
  0.36936274476123482  0.38010765580084555  0.39086270662178013  0.40165145602911684
  0.41219539539654126  0.42248972048873396  0.43280969248017392  0.44323371540079254
  0.45357750142878911  0.46383719698745884  0.47394096960925242  0.48421696488553484
  0.49428077279722166  0.50444290805251135  0.51462824011054764  0.52522447154499896
  0.53572546853074221  0.54596414717525332  0.55631343619513662  0.56676979855241705
  0.57752413961165039  0.58797121425601018  0.59822344615375700  0.60843991430209177
  0.61876068220452718  0.62932966163783177  0.64002955670827300  0.65115859164673506
  0.66244146085199462  0.67351255705965452  0.68442671486561812  0.69527044870031951
  0.70632828898999023  0.71693945141851512  0.72796598384109179  0.73868092186983791
  0.74973635590034549  0.76053187914536924  0.77151949426864919  0.78246037575654914
  0.79329954476604292  0.80419174864958087  0.81517311287976246  0.82619092866157307
  0.83673133762073937  0.84691882432511656  0.85722956409796591  0.86779341904472029
  0.87861454387563998  0.88924421676096188  0.89985612380437641  0.91051227332266471
  0.92124428312718676  0.93203002485671282  0.94272981442609916  0.95324209590844811
  0.96418249688480340  0.97529313430264852  0.98751632394272937  1.00000000000000000
  0.00547479708400159  0.02125530536922860  0.03632047916667756  0.04917299677866324
  0.06083081457640634  0.07221278030275062  0.08337409709949059  0.09430806889689988
  0.10513820009470673  0.11596456347458531  0.12672972568866503  0.13786747805918981
  0.14884730184883999  0.15965849671915647  0.17012143932217313  0.18049312760327965
  0.19088841368980583  0.20125545791944457  0.21187052525389147  0.22295866222200400
  0.23420099453510967  0.24519737897702668  0.25601762877936263  0.26661100574314056
  0.27737102116026974  0.28803590855589223  0.29886029752534887  0.30952152480792672
  0.32006104777998001  0.33030851930324684  0.34063572893606658  0.35110071386430047
  0.36173770908637409  0.37202823456643458  0.38219972166939842  0.39245519866982420
  0.40284698804425439  0.41313416859869528  0.42311902811022639  0.43301963057138243
  0.44319337474949788  0.45341552442472938  0.46390552975203003  0.47407378952750512
  0.48411295337407029  0.49398297257591206  0.50399943598624708  0.51435447328491080
  0.52473962719694500  0.53512454031679957  0.54548160737156848  0.55586105419371390
  0.56644296939212402  0.57684819642200558  0.58711682214744954  0.59733755133606725
  0.60777131160398612  0.61843908512311985  0.62901705311718781  0.63951769068928899
  0.64982050250677836  0.65996738333371685  0.67007899373648072  0.68006305035437375
  0.69015931269219311  0.70035853678622551  0.71084366842382507  0.72157694891190904
  0.73213904491262904  0.74239170045188996  0.75249519712725321  0.76255872449903006
  0.77252386116102478  0.78242734899323552  0.79235759264126415  0.80249685716781893
  0.81271503519465982  0.82294887602942757  0.83312247423436303  0.84319721891913779
  0.85354704477799903  0.86425185249923309  0.87493882873141182  0.88523075349864655
  0.89526674246581261  0.90533804284496266  0.91556869399878371  0.92570524996150949
  0.93590702217680222  0.94612655442190352  0.95634142952648216  0.96585200538076110
  0.97483592856121837  0.98359215134369093  0.99170840118598602  1.00000000000000000
  0.00000009667689711  0.00000694010117216  0.00001217549297284  0.00001682453776238
  0.00002127485097157  0.00002561926553569  0.00002987204548088  0.00003407961729524
  0.00003830621037700  0.00004237190604817  0.00004640019240448  0.00005043844166379
  0.00005453412958238  0.00005869353970129  0.00006301941745101  0.00006746408959270
  0.00007194470717734  0.00007648387336688  0.00008108277473210  0.00008577653801542
  0.00009059885682860  0.00009549643885694  0.00010058425564024  0.00010600136224538
  0.00011154277713090  0.00011723316562485  0.00012297848174143  0.00012890205525765
  0.00013515286329040  0.00014171430992825  0.00014852355674235  0.00015564027915123
  0.00016313005711194  0.00017101990075309  0.00017930681971338  0.00018788008461173
  0.00019659750755794  0.00020546731230390  0.00021457917883503  0.00022402108991466
  0.00023379252619855  0.00024378014233954  0.00025407430991697  0.00026473947414528
  0.00027584258727828  0.00028741443049575  0.00029931974198393  0.00031177740688061
  0.00032483665018979  0.00033840864699845  0.00035249418307609  0.00036718483771307
  0.00038231188928043  0.00039834066471455  0.00041509440705320  0.00043295387831178
  0.00045196062602718  0.00047167839998921  0.00049283386500530  0.00051460568309475
  0.00053789453732787  0.00056258582511154  0.00058897166233744  0.00061800116838376
  0.00064858010959264  0.00068166369476841  0.00071658181093035  0.00075291788631117
  0.00079187228335276  0.00083308114758151  0.00087741288882561  0.00092575299146215
  0.00097671991854269  0.00103288276958369  0.00109379193688438  0.00116071089175272
  0.00123049685112227  0.00130730640751068  0.00139451405251738  0.00149147199310417
  0.00160142620542981  0.00172928370269698  0.00187185076595590  0.00202787980356282
  0.00220462330505201  0.00240586663172089  0.00263648099445830  0.00291965803712062
  0.00330208774506198  0.00378891574718798  0.00433238773910391  0.00505353330692175
  0.00629774305818481  0.00779904752552308  0.08932315783062915  1.00000000000000000
 -0.00254946160344110  0.01025423372058633  0.02104804876325153  0.03213522226927057
  0.04327711053097107  0.05388450105708967  0.06435921341212449  0.07438402003410445
  0.08486838806190547  0.09543694858422154  0.10582757193271493  0.11680511586236633
  0.12763243906246233  0.13867990173143499  0.14923571624960336  0.15980834019014467
  0.17053968194950814  0.18161944086215132  0.19286442058340114  0.20405417070304363
  0.21519355599011125  0.22626943599468302  0.23723607181212103  0.24812613512503626
  0.25878383941726435  0.26926653863418776  0.27961964911031967  0.28997726165725701
  0.30059381676305691  0.31139864249888560  0.32222419473662106  0.33294384188023396
  0.34347062225123670  0.35406935020423808  0.36447778003759934  0.37499760937592214
  0.38559263940215704  0.39627714377909629  0.40709098990013198  0.41794865261891045
  0.42877232079301381  0.43937564823250691  0.45008095614270821  0.46086867062306064
  0.47161096513790757  0.48225156704396610  0.49269186104373636  0.50291922533096767
  0.51289532890140099  0.52281865421566376  0.53284559737683734  0.54297457337786414
  0.55328514762355052  0.56377568933439437  0.57427676856465881  0.58450716238275713
  0.59508061084623110  0.60594176251781262  0.61740276694287055  0.62856380301730808
  0.63950767184585000  0.65045498028628901  0.66144668495026293  0.67200191401623655
  0.68227217232762127  0.69251697260797196  0.70288231748073304  0.71326408757400594
  0.72344229890363143  0.73347967020462279  0.74358083255341656  0.75377723674283559
  0.76406075770881188  0.77430679744481690  0.78463840096734383  0.79472118937767633
  0.80476210139180171  0.81480235722201477  0.82513678490061571  0.83527257211461137
  0.84535222084395367  0.85545263328246435  0.86580499310525527  0.87636703230989421
  0.88666080152166526  0.89729186088151736  0.90789453763430950  0.91848860489836870
  0.92890099616640998  0.93912739119799726  0.94930317320620516  0.95954071429181398
  0.96959691718628949  0.97987042052386619  0.98975566423922157  1.00000000000000000
 -0.00258295233939945  0.00997599580013224  0.02031515099120701  0.03090684445993638
  0.04132870883444344  0.05175718538362236  0.06218165899335907  0.07280847895948880
  0.08344635388330553  0.09393574282513155  0.10441126159966702  0.11483625524449526
  0.12516079862931553  0.13542946220358132  0.14583622920855771  0.15637171781289799
  0.16687868523721089  0.17719472722161397  0.18744433495274326  0.19765979230129949
  0.20779195024050587  0.21789656974228300  0.22806001131251077  0.23850633963680484
  0.24908908485181572  0.25991150718386308  0.27051052339734166  0.28103562331737525
  0.29154033731889445  0.30240230715269190  0.31338157656996007  0.32414911765871540
  0.33474571007846010  0.34529356428234920  0.35579236593925506  0.36620305918234475
  0.37685752689353913  0.38785739595906643  0.39863296241722862  0.40919914230560422
  0.41983895329050658  0.43069811003868413  0.44131331136961377  0.45155458366100076
  0.46183683215256066  0.47238270895406237  0.48308901753936279  0.49398088408399743
  0.50462701582325298  0.51510484426340852  0.52564214258183417  0.53625702932952235
  0.54707313835444338  0.55758694688765220  0.56805404678969429  0.57859940844587587
  0.58920944918713303  0.59975339608332179  0.60989833347347799  0.61994099359538513
  0.63009998663020816  0.64044863974390953  0.65077806475034028  0.66117659254847305
  0.67184974311093393  0.68262202191015620  0.69348974494792670  0.70426684852673593
  0.71509640847107547  0.72595229883389467  0.73690206148225379  0.74771077591857993
  0.75832562613166599  0.76889414254094002  0.77956586112908555  0.79020241951160852
  0.80083400071991062  0.81141416121015930  0.82197307792646002  0.83257510691817405
  0.84311995351346436  0.85355009586876684  0.86374571181296567  0.87397161966902748
  0.88448877846424911  0.89512828885145224  0.90586879628107497  0.91653522770561291
  0.92715149462902668  0.93758465507761068  0.94802265012130549  0.95856189768348721
  0.96897118741721489  0.97928186772580994  0.98959872149763828  1.00000000000000000
 -0.00236634184032425  0.00964167085383594  0.02024964656304030  0.03086953988913682
  0.04148429839744465  0.05189952944384850  0.06258585347012686  0.07303584429050333
  0.08363400922287782  0.09423577503818659  0.10491769336819118  0.11549672512210676
  0.12636686553529289  0.13745525681645968  0.14834307922147538  0.15896599521511753
  0.16924892668009550  0.17979822075688404  0.19029848849349340  0.20076832380671589
  0.21099483242428119  0.22132852999823566  0.23160755531764760  0.24204144252717982
  0.25242256453333350  0.26277168327000899  0.27298874445925952  0.28346417167355675
  0.29386079322710418  0.30424094303776972  0.31449952024891392  0.32493738479650947
  0.33536186829564102  0.34582565513306185  0.35632083873071896  0.36715885371050783
  0.37787699628206106  0.38839692896526190  0.39863713418209157  0.40867681631473030
  0.41889888995996238  0.42914959685882281  0.43938448911227501  0.44980560548520288
  0.46050222014475944  0.47147221988684063  0.48222070036206593  0.49290959491055097
  0.50370786164943593  0.51439163593870962  0.52486266914646085  0.53516280150626760
  0.54544280149754210  0.55584536603241286  0.56606565415256804  0.57618948925342794
  0.58616725053157182  0.59627410337314990  0.60656318617158178  0.61686942117649912
  0.62716083641372067  0.63733447850795077  0.64750323070824622  0.65771744423163914
  0.66803533337881704  0.67858832292354210  0.68935971454527645  0.70022241545152553
  0.71107419965524832  0.72182563473364003  0.73259426264198668  0.74349876201366061
  0.75419878100440374  0.76482292395464546  0.77527603124831279  0.78610182494309955
  0.79694442930350196  0.80784339856259535  0.81855638208739712  0.82944744492369626
  0.84055645444735205  0.85169380896920988  0.86252604488944107  0.87345308461356297
  0.88401096652374889  0.89474667113413908  0.90500461771012353  0.91538566473567240
  0.92581570022641013  0.93661017425973547  0.94707074384437218  0.95749589665164692
  0.96788744417561512  0.97862887799216058  0.98941430771387251  1.00000000000000000
 -0.00241512805259869  0.00986178686430665  0.01994151895510474  0.03059237863154195
  0.04119992613185122  0.05219136310780553  0.06292522285820315  0.07382686636655277
  0.08452248718090818  0.09539728011816742  0.10611093158179681  0.11680758844284134
  0.12761209831638770  0.13834647927024951  0.14899227849151231  0.15908579086412963
  0.16956364025185694  0.18001430517207589  0.19045145444182698  0.20073679264114380
  0.21168016762930467  0.22281529381851567  0.23387171938274648  0.24417038318667564
  0.25431202774324724  0.26416562664618259  0.27442829130516172  0.28471651499857820
  0.29523485602597016  0.30580376187525765  0.31666465604811389  0.32739831937974456
  0.33790537197748016  0.34817234235522160  0.35837047094342406  0.36859952125796458
  0.37896555964468698  0.38965267146996807  0.40015746949578468  0.41078154079015428
  0.42133317870668080  0.43220306156098426  0.44270346181024095  0.45301669330983507
  0.46360241450088441  0.47432345987428670  0.48496911466044257  0.49547545200185877
  0.50610055947693167  0.51695485054091028  0.52758104487981961  0.53823996089136394
  0.54883566144354279  0.55937446567392146  0.56967693525986041  0.57987790501251057
  0.59012181132183050  0.60052410150564339  0.61113714791098195  0.62182151121436480
  0.63248965935745227  0.64287780870669042  0.65331302721777884  0.66384578538810979
  0.67487017579098985  0.68570946948210898  0.69631359572099938  0.70665170870632754
  0.71697177115431932  0.72724770418906526  0.73757972102198399  0.74796162232161068
  0.75843130467042263  0.76919414551785614  0.78017456074695446  0.79123501679328345
  0.80206167434921205  0.81280544155106615  0.82349315990319960  0.83397019998532507
  0.84423731778948008  0.85452251051021988  0.86494554288706404  0.87562362794178394
  0.88617856712396170  0.89646437808029422  0.90653046642253687  0.91658376550348608
  0.92671248543272988  0.93670847270673874  0.94700361844824688  0.95733696818687330
  0.96817002974982269  0.97867506093465340  0.98944787951870661  1.00000000000000000
 -0.00237245441853995  0.00931849545670079  0.01948588442236630  0.03012188330002889
  0.04049290600078369  0.05075910437540432  0.06081776130946777  0.07089951316874789
  0.08088061001013230  0.09094302911691919  0.10116455872334637  0.11158312547153348
  0.12200753980862285  0.13224850786513537  0.14255904418072024  0.15297095335157915
  0.16346436599165726  0.17409810471617221  0.18478799304376833  0.19544181472532937
  0.20584780366231537  0.21610384228111326  0.22624785945231526  0.23647106935510240
  0.24662246540952387  0.25681312885505192  0.26696880698973680  0.27722570829010185
  0.28731458092625600  0.29709724834571538  0.30673230958911440  0.31650552658635378
  0.32643741823183819  0.33664021588294074  0.34716427140623035  0.35786920140758816
  0.36874668330161053  0.37949111741050406  0.39021070172203343  0.40061047950944928
  0.41084600710589309  0.42151111895733784  0.43219824839311705  0.44259001964775274
  0.45265807593171176  0.46283802163052318  0.47313160463848203  0.48362789811851808
  0.49398121478307089  0.50449919677959121  0.51483314068188990  0.52555043743249485
  0.53646158213484130  0.54722745253551541  0.55768520607919481  0.56801936905673212
  0.57883407329825043  0.58959958659820333  0.60054678858328903  0.61147836187361204
  0.62244152778752460  0.63303534735774358  0.64351732077596957  0.65425677006314253
  0.66508745649005940  0.67576325785227853  0.68641341035302827  0.69705931248149766
  0.70769023140521181  0.71848541884877271  0.72915430379305490  0.73980611587926159
  0.75038678883012722  0.76143283622616775  0.77228805219906860  0.78265915646999829
  0.79296724455538048  0.80367213579495000  0.81488393530239867  0.82599829947571834
  0.83669783673873477  0.84740493375285597  0.85861521498598747  0.86992282393029119
  0.88090825564842024  0.89162987104049896  0.90262781304813999  0.91332122090731505
  0.92397336419332554  0.93467595564444084  0.94566675558519075  0.95663053319970792
  0.96741167067772516  0.97833983320496187  0.98915493038757296  1.00000000000000000
 -0.00222390823937040  0.00887787764197736  0.01901839133584183  0.02980535757494164
  0.04081561825998964  0.05113807003072438  0.06142656906032151  0.07170239503570042
  0.08203130802824395  0.09233512239879141  0.10265483003108469  0.11292824501527951
  0.12342727800901178  0.13392928412594624  0.14416379167862273  0.15440228199823805
  0.16478313127910069  0.17581801735479202  0.18689705748540597  0.19785061901531539
  0.20853752080166241  0.21914919014516115  0.22973890756928592  0.24068596275434681
  0.25142273874800686  0.26192119716698614  0.27234407923525755  0.28254820699603794
  0.29262879984614132  0.30270308963038661  0.31296873511537709  0.32340683274695364
  0.33381384465892250  0.34425618921065221  0.35480006271801712  0.36538375704576120
  0.37614783823082554  0.38722477478551109  0.39840446551574754  0.40924462491266422
  0.41991736136892294  0.43057775911981455  0.44131459184642663  0.45196294215911581
  0.46245828314318288  0.47294876395588925  0.48343036107924192  0.49403208674292109
  0.50494940850744474  0.51587866578061392  0.52661333906493202  0.53714381379898934
  0.54783625025601568  0.55871789179444686  0.56979302281089428  0.58078608067507231
  0.59174300894514520  0.60260311524673293  0.61340016899832972  0.62395480565277717
  0.63430209546339744  0.64471800431048487  0.65511594507174253  0.66553564745082949
  0.67566708053334934  0.68591683502827094  0.69629351866733846  0.70692262600380129
  0.71776543479583588  0.72814660368675543  0.73847276557521147  0.74881179129664643
  0.75918581395826490  0.76966884435248073  0.78003033847257397  0.79056509268220121
  0.80089387247364108  0.81106309877132010  0.82119597335811390  0.83136772783954938
  0.84188245380769311  0.85264639756196337  0.86334630380320909  0.87381145480754574
  0.88441285144151160  0.89504943104508283  0.90580043837409296  0.91645223138345133
  0.92706863913924897  0.93746047096590879  0.94762680126809107  0.95801190462862496
  0.96869103792688249  0.97916862996865339  0.98972449026741915  1.00000000000000000
 -0.00246136424317639  0.00963418029619129  0.02004613183850240  0.03067947712094418
  0.04146307666394848  0.05240960496119528  0.06339784278521499  0.07442867688615083
  0.08543041149759117  0.09637563820474261  0.10720423411813143  0.11756429508750860
  0.12788835030348356  0.13824560467369337  0.14879904147795786  0.15947258840159478
  0.17011888850938434  0.18117373068952275  0.19217568237327751  0.20300725563590549
  0.21351860650204837  0.22403261717888623  0.23451740370496757  0.24494110373681430
  0.25530790872155162  0.26560738629194564  0.27596580442839574  0.28656265499167699
  0.29718353851851648  0.30771932382868933  0.31782192863702036  0.32789340815404122
  0.33810395677668770  0.34841137785267612  0.35848438356274098  0.36843907161791656
  0.37868173949159867  0.38890626460112138  0.39908266273555210  0.40925147827074609
  0.41942039761297695  0.42957527078739621  0.43971765692928155  0.45000276909589887
  0.46036077452753676  0.47080068377159245  0.48126065578456229  0.49168832513676403
  0.50209857269168756  0.51253512667917800  0.52313996845072097  0.53368579665946414
  0.54432110392742938  0.55522713633453469  0.56608828170273395  0.57718835193991858
  0.58774746483209162  0.59834915233922326  0.60896241230248627  0.61968132712614354
  0.63023380579560384  0.64095189079101744  0.65180757660906941  0.66276630616275722
  0.67368301776651252  0.68440840872437092  0.69488524005135632  0.70523486935265811
  0.71574308713755019  0.72618076633886441  0.73661514286876228  0.74699310114477968
  0.75786404615365699  0.76867056452511107  0.77929099571922411  0.78985048697660365
  0.80067951945043481  0.81153297974235283  0.82202817461178845  0.83262079343086270
  0.84336750777872149  0.85391772561603185  0.86414696397106172  0.87440635917817278
  0.88507809379349955  0.89572337027848936  0.90615505931327311  0.91638499356082892
  0.92696598963919630  0.93749519831918571  0.94781860738894896  0.95831186420528414
  0.96874436613400516  0.97925486564700748  0.98954139754614634  1.00000000000000000
 -0.00260992150073048  0.01007724589042456  0.02056820145581896  0.03110837048387664
  0.04154243436868119  0.05194969381026668  0.06234876492650939  0.07238683678371767
  0.08246882202259727  0.09297752583048165  0.10372967671402328  0.11450580286852224
  0.12506380119389501  0.13571975173043685  0.14618892527742877  0.15685985566160579
  0.16758563275693686  0.17834447498974210  0.18895692438352274  0.19933582804385022
  0.20968440207766567  0.21976531924781240  0.22971904691885892  0.24011140368689871
  0.25105170548286015  0.26187421769997088  0.27263418290886321  0.28331612769353876
  0.29411904158364383  0.30479911611090993  0.31520316072765359  0.32566430939358748
  0.33596880860279837  0.34643239200167270  0.35674779705275023  0.36724214003006739
  0.37771608661735839  0.38833786031773398  0.39894533927189457  0.40967218948989836
  0.42042218426327466  0.43121824685918347  0.44207896423545939  0.45286191134761594
  0.46371948984541872  0.47416526260493347  0.48461742846761380  0.49473313601296193
  0.50515768709933306  0.51591963335287505  0.52658333326133533  0.53728846532332331
  0.54801922477728304  0.55895267348296040  0.56993898138586863  0.58078294210874637
  0.59156041656763225  0.60215733150489248  0.61278379035767949  0.62318272379225026
  0.63338249802541369  0.64352421364929757  0.65393659073491528  0.66440544529336032
  0.67485912197021325  0.68527865503090202  0.69570873459789551  0.70624634126971852
  0.71681762043586894  0.72750524096979186  0.73799997660398309  0.74871187138425288
  0.75950797399776415  0.77023529947052860  0.78061236425447300  0.79091675968251507
  0.80127535603094802  0.81164540030305554  0.82166530291391038  0.83197134918681936
  0.84246892168409415  0.85342068958762640  0.86420427320085347  0.87471853733491678
  0.88513081649764858  0.89539355144823396  0.90593158426302700  0.91651998643431620
  0.92735700074697835  0.93804746652874571  0.94868609270958348  0.95906282440967361
  0.96937555366668759  0.97959970167027233  0.98979049743178082  1.00000000000000000
 -0.00244337630872607  0.00976276950060189  0.01970271352463789  0.02993666485568453
  0.04008918460150116  0.05066742560252158  0.06169132050444659  0.07237094761033823
  0.08304479851572620  0.09341445412757611  0.10388908520245538  0.11418597014566746
  0.12438097897966317  0.13461273327044693  0.14476929996596291  0.15498225044142372
  0.16532968919955207  0.17591217238035789  0.18656457918109257  0.19715830894956426
  0.20740301774801032  0.21772690601651407  0.22815348611611413  0.23889020251278190
  0.24937074842074780  0.25956187918384460  0.26969366873889855  0.28014198722612466
  0.29092219172738276  0.30163451450152762  0.31208488094752113  0.32222238697559080
  0.33259613794281773  0.34295544021813912  0.35355781047322316  0.36393175172320907
  0.37456368967933096  0.38491790250731978  0.39535870879367291  0.40560245387048566
  0.41593881903230223  0.42622139541572263  0.43643556895644725  0.44681110387410261
  0.45727076491670887  0.46796880170880056  0.47867728090267148  0.48918878023622964
  0.49960097884295540  0.51015794709726703  0.52075811014168061  0.53129914246565346
  0.54204307672187346  0.55286897126125367  0.56348418796156230  0.57384950645585331
  0.58419745786620481  0.59475005898892408  0.60504258473206785  0.61535742042623487
  0.62560452677204204  0.63655231702995563  0.64720879695506484  0.65805612158172255
  0.66871827320760324  0.67955285385800712  0.69021034377853097  0.70043897958573986
  0.71093619057670854  0.72147524649971573  0.73205020010344779  0.74285954292915790
  0.75365517450329711  0.76449609227855697  0.77527295556733122  0.78625112091540539
  0.79713864644395083  0.80785581160135234  0.81840818069181864  0.82912853986496438
  0.83990913902571451  0.85088904020860523  0.86191175725260016  0.87282385960852193
  0.88340451471091463  0.89398753446699908  0.90432419804460917  0.91500193273301622
  0.92540412713558362  0.93583745449708222  0.94621729211064154  0.95679130435103665
  0.96775661496456311  0.97854899252891336  0.98928794664611952  1.00000000000000000
  0.02139123241174030  0.24437971307621473  0.27263082268007832  0.28872798300776403
  0.30207744617546217  0.31404548380939284  0.32515146530383876  0.33551075452707330
  0.34541116058647209  0.35483544795723049  0.36398827414049945  0.37290145320690049
  0.38157955856773484  0.38993427162166400  0.39813672148546375  0.40600575750297369
  0.41358639232187533  0.42092279574828606  0.42810602796868213  0.43530365570346152
  0.44223668613979095  0.44899101111807105  0.45572966457690056  0.46246970951656902
  0.46917446508564675  0.47595049925335137  0.48249032903161687  0.48897590812794567
  0.49538825140845527  0.50166819467456147  0.50791093731107029  0.51404550629133949
  0.52014917353011858  0.52618959516420460  0.53219924168543442  0.53820932134852317
  0.54416375194687805  0.55014824985244826  0.55614680082221268  0.56225421447612423
  0.56840166143081061  0.57448106379725727  0.58045599949219429  0.58631880344219800
  0.59213072661212418  0.59795186667543809  0.60374837167807127  0.60945360942403615
  0.61501391794764915  0.62065601547508931  0.62637498700432503  0.63216131329298808
  0.63803015802715013  0.64386896897401413  0.64970972770095048  0.65543313980542695
  0.66113897777408903  0.66690358106057379  0.67264049114637214  0.67840233473857381
  0.68403000743195996  0.68970622156177219  0.69545990460103357  0.70129512747001044
  0.70713706977642066  0.71300626566848746  0.71888228393113796  0.72478521472573743
  0.73086531405078037  0.73710079922043870  0.74338729794809133  0.74977904872231216
  0.75626435231480249  0.76280081558041457  0.76938727798919582  0.77603872162983623
  0.78278243138531489  0.78953921626519696  0.79620096930143847  0.80288036963126030
  0.80981695014641419  0.81711492321368528  0.82467355000895171  0.83229316846054191
  0.84011815563425563  0.84831209013552489  0.85681335079365439  0.86555872208442897
  0.87464908596058843  0.88444348570401965  0.89514661588543409  0.90694157104439532
  0.92028254229715678  0.93601584279780481  0.95857235061038815  1.00000000000000000
 -0.02437618636273619  0.12222364204231215  0.15863556122280889  0.18046347586204631
  0.19724859144353790  0.21128309803625259  0.22409940500153536  0.23589962487409583
  0.24681712949075743  0.25695397030012090  0.26639001185446332  0.27541375630421089
  0.28402104679307760  0.29233927102143886  0.30031131669082528  0.30798692664187366
  0.31545586944269549  0.32268945427829998  0.32980189413585947  0.33680826335388719
  0.34345202723121149  0.35004129130445011  0.35649376728450144  0.36291395175718760
  0.36934830764850807  0.37567757036055949  0.38188364706995659  0.38795813194594553
  0.39395027724567977  0.39993877373515974  0.40590400767113449  0.41173645282556365
  0.41744268173426863  0.42300499413023412  0.42850753693786336  0.43404400133698146
  0.43960024799362790  0.44511760462026445  0.45059228135929968  0.45607876661478880
  0.46155744510592372  0.46694199781938334  0.47222317289918625  0.47755372388706191
  0.48286937594931911  0.48822142442088068  0.49351910718887587  0.49879736470485958
  0.50401841005550863  0.50932200454468723  0.51456909861416822  0.51985571973151457
  0.52512211103779116  0.53045883098053981  0.53584855024206102  0.54133341542215674
  0.54687419770025114  0.55238522043504013  0.55785276671369732  0.56335333056970560
  0.56897617642549014  0.57463653783227231  0.58031176159007769  0.58606709047131189
  0.59167432989368796  0.59734660966315312  0.60293819321054221  0.60868579483641572
  0.61459988063747539  0.62061289892788929  0.62672983919830250  0.63287750228426976
  0.63909612555877149  0.64539895867397679  0.65180669671105929  0.65821981844535227
  0.66476872125718200  0.67148979942998788  0.67846160574688930  0.68558536533102943
  0.69297416975930448  0.70050694737336938  0.70824731300347465  0.71643229038265466
  0.72506683325437971  0.73416668646567418  0.74370144679318761  0.75355771046894682
  0.76404506573476949  0.77530390255511183  0.78779057810671060  0.80191658840145374
  0.81898138250914776  0.84095229472863364  0.87728757798205104  1.00000000000000000
   4.8678782854777766E-005  -1.0000000000000000     
 T F F F T F F F F F F F F F F F F F F F F F F F F F F F F F F F T F F F T F F F F F F F F F F F F F F F F F F F F F F F F F F F T F F F T F F F F F F F F F F F F F F F F F F F F F F F F F F F T F F F T F F F F F F F F F F F F F F F F F F F F F F F F F F F T F F F T F F F F F F F F F F F F F F F F F F F F F F F F F F F T F F F T F F F F F F F F F F F F F F F F F F F F F F F F F F F T F F F T F F F F F F F F F F F F F F F F F F F F F F F F F F F T F F F T F F F F F F F F F F F F F F F F F F F F F F F F F F F F F F F F F F F F F F F F F F F F F F F F F F F F F F F F F F F F F F F F F F F F F F F F F F F F F F F F F F F F F F F F F F F F F F F F F F F F F F F F F F F F F F F F F F F F F F F F F F F F F F F F F F F F F F F F F F F F F F F F F F F F F F F F F F F F F F F F F F F F F F F F F F F F F F F F F F F F F F F F F F F F F F F F F F F F F F F F F F F F F F F F F F F F F F F F F F F F F F F F F F F F F F F F F F F F F F F F F F F F F F F F F F F F F F F F F F F F F F F F F F F F F F F F F F F F F F F F F F F
  <DiscreteSampler_grid>
  grouped_processes
  1 # 1 for a reference and 2 for a running grid.
  10 # Attribute 'min_bin_probing_points' of the grid.
  1 # Attribute 'grid_mode' of the grid. 1=='default',2=='initialization'
  0.0000000000000000 # Attribute 'small_contrib_threshold' of the grid.
  0.5000000000000000 # Attribute 'damping_power' of the grid.
 # binID   n_entries weight   weight_sqr   abs_weight
    10   10   2.123483386284614E+004   4.383217200030424E+009   2.123483386284614E+004
    16   10   2.123483386284786E+004   4.383217200031143E+009   2.123483386284786E+004
  </DiscreteSampler_grid>
