  0.00334362700342395  0.01127455865063870  0.02157461672834892  0.03187043344442461
  0.04236574447280249  0.05301307043850009  0.06350021026705768  0.07371727216897346
  0.08403967344501523  0.09456687411946194  0.10495874563345065  0.11513753992917067
  0.12518774960503906  0.13519224486023243  0.14527775799971654  0.15548007290131302
  0.16617155063906680  0.17690806719404201  0.18712812450833222  0.19696711673625372
  0.20660817133881734  0.21658068268811800  0.22642503886308774  0.23661605562630686
  0.24669197273139171  0.25692107101322093  0.26729728985370227  0.27793111901336459
  0.28861022968180605  0.29943091718464870  0.31040364568496398  0.32121994666541670
  0.33187725510713767  0.34250211410167686  0.35294840885219442  0.36310981233263406
  0.37339108524923220  0.38398504805296946  0.39474776212613633  0.40502366023698944
  0.41530510435230927  0.42552956408072340  0.43583881057367618  0.44634652052495299
  0.45697214592118807  0.46779396761858744  0.47840617915927197  0.48894799183149096
  0.49954704064677546  0.51048805563445243  0.52130304467229038  0.53165875696175613
  0.54177074907387601  0.55176192354580922  0.56183356255106542  0.57176449876453783
  0.58184188800256575  0.59217519119428397  0.60265715627776784  0.61355419474965800
  0.62448062151274253  0.63550711115259628  0.64637244961190321  0.65732755991303315
  0.66834575584393630  0.67928618913977556  0.69021935007187118  0.70104029917915722
  0.71171770039401538  0.72235319181830182  0.73295845169288332  0.74350632025094487
  0.75408718459342350  0.76491404350576775  0.77586399264087225  0.78645317031546225
  0.79701031209211315  0.80750861562995180  0.81832397015134684  0.82879754757662960
  0.83931995680089366  0.85008963236435287  0.86099755238239395  0.87153549307391165
  0.88176100763046461  0.89202357753028494  0.90284963457749345  0.91385948533405048
  0.92484132047174661  0.93569585445134862  0.94637516043694525  0.95681718951541284
  0.96732682856204422  0.97819551599784937  0.98926780490631150  1.00000000000000000
  0.00700035105670131  0.01598900246960045  0.02747562075789388  0.03959837510285706
  0.05089351789534639  0.06184100006894307  0.07264256434496791  0.08379809256190753
  0.09498960081471094  0.10647938476657781  0.11791428008018837  0.12912274775700952
  0.13992074722500411  0.15102022880150545  0.16200309278725275  0.17263724984253859
  0.18288047180739550  0.19313479204021761  0.20340246615197646  0.21361046884522933
  0.22376124847218404  0.23405293879496175  0.24452168282488759  0.25498847737180852
  0.26543234918241482  0.27558408868185935  0.28581816061881388  0.29621086303069405
  0.30685765679668620  0.31749511296246336  0.32814206789353700  0.33878197725841708
  0.34943537131192393  0.35992475458836154  0.37019871587706471  0.38050509233751889
  0.39077716933009971  0.40110368393257972  0.41153830703228067  0.42196652959361258
  0.43242193156128222  0.44267677492098517  0.45274188840365381  0.46273697167456307
  0.47269265356635948  0.48267126175372732  0.49254720692369036  0.50241500718587806
  0.51227665651716447  0.52214294774276293  0.53201563816496911  0.54202689619334676
  0.55212223741137678  0.56230366006571364  0.57261192205162215  0.58297260045349342
  0.59341774772846378  0.60387366523375630  0.61427277419516912  0.62459161313151668
  0.63452133523697152  0.64412188732932996  0.65375531729937908  0.66355471850173586
  0.67358392158194602  0.68367891537965630  0.69384234289525348  0.70400105580389671
  0.71407442743993388  0.72422742344553459  0.73448686949215092  0.74487798076256140
  0.75522842678289592  0.76558054394237440  0.77614058189123125  0.78674606057111962
  0.79722499701739946  0.80751902442836299  0.81774584132938988  0.82812934054068277
  0.83867934447435255  0.84937866972150133  0.86010004151900343  0.87060715883373330
  0.88090413236164467  0.89110800603122786  0.90141324969689229  0.91185195867666724
  0.92226562401979661  0.93261708315739489  0.94294854824267094  0.95337964783186424
  0.96362599055044384  0.97348840797547775  0.98265597908278113  1.00000000000000000
  0.00339669987035916  0.01151586122961721  0.02143551060451631  0.03129829462999612
  0.04145402105770769  0.05133462598321205  0.06108321816788148  0.07095805002943489
  0.08083720575006320  0.09120244895833247  0.10157405747412421  0.11222969007717434
  0.12288114801300218  0.13368750248606850  0.14421738157160302  0.15476425922364134
  0.16499138415641224  0.17538435634477562  0.18564670246856962  0.19610787206619743
  0.20654185701921995  0.21688933839308561  0.22718690178272177  0.23756590087296234
  0.24810774413313433  0.25891512882848156  0.26988178562813514  0.28089728297840333
  0.29194353092283282  0.30295257336425691  0.31373941634081687  0.32428576740951487
  0.33469222075651628  0.34507303267126815  0.35573554308352556  0.36641300009821454
  0.37710642503981701  0.38780533898895936  0.39855653598295654  0.40928424520409867
  0.41985759658225630  0.43027762533579733  0.44056071936941754  0.45076400266635508
  0.46097886161626439  0.47132857747761198  0.48180488909201685  0.49224094634081667
  0.50255198178567673  0.51282293353926545  0.52324475474436161  0.53381746621952053
  0.54407174166659089  0.55424955517265273  0.56451126396687545  0.57515074081315709
  0.58580912020100917  0.59642449402824493  0.60682753141265444  0.61705214278233300
  0.62708136070370901  0.63714060177912435  0.64733233496741305  0.65761044087400955
  0.66795625875789455  0.67820541338930318  0.68834439785419355  0.69852294533448800
  0.70885208081088991  0.71948909764381874  0.73042561441698639  0.74147564863966975
  0.75267932635815482  0.76349761714623010  0.77415395605695803  0.78475157433334752
  0.79547988374845102  0.80657381170257758  0.81756316590498423  0.82833535951965187
  0.83892912010445653  0.84933416140848250  0.85960802939841485  0.86963815419652812
  0.87981943281865616  0.89035804623183501  0.90083525980945478  0.91119580959648794
  0.92199772965650639  0.93301559532894895  0.94372879243555752  0.95397151021894377
  0.96484841727443471  0.97597013774887542  0.98774764211895705  1.00000000000000000
  0.00569804708133864  0.02063876813232545  0.03526051000488727  0.04784281516864596
  0.05951465520950102  0.07100854598641929  0.08185053926539589  0.09262216121474755
  0.10314873075774743  0.11368787845255920  0.12425464744632150  0.13526338843032068
  0.14639698966066711  0.15746973342760176  0.16838814250154419  0.17885939129220393
  0.18913347654017845  0.19941307285681950  0.20993311634164283  0.22046140019552418
  0.23099995206312063  0.24168939932619921  0.25238644811250843  0.26301154431559415
  0.27360267478552874  0.28420170726472332  0.29458311800565723  0.30489585280315862
  0.31533147379123727  0.32581748841031200  0.33614472154753539  0.34623107609857906
  0.35635569800464456  0.36663286370852566  0.37718533720847391  0.38781776888543373
  0.39851415131868373  0.40916242188660440  0.41975767071402031  0.43021773794647006
  0.44061632993142091  0.45121057417672755  0.46187566737014107  0.47266273870246489
  0.48341592737595002  0.49413851866662317  0.50453841891177520  0.51457476912313593
  0.52461172681554635  0.53470266561434243  0.54481705821779369  0.55493255209940628
  0.56494665755616713  0.57502030262392212  0.58490932802785711  0.59504462427837668
  0.60530231546697466  0.61549728445911334  0.62555612588790688  0.63564982098819645
  0.64589824007598140  0.65605176542647836  0.66619491139125142  0.67603217082744194
  0.68606911669771220  0.69614001571225148  0.70643241192648887  0.71681974059736209
  0.72728864350968958  0.73781563235452763  0.74839517247524001  0.75905842500402509
  0.76969953305412164  0.78020351929617937  0.79067086279986409  0.80109775601920541
  0.81162735242365636  0.82225450868904815  0.83297018048395832  0.84358995169044193
  0.85407641377832089  0.86445453267086891  0.87487613693702604  0.88518794750552743
  0.89562565540984862  0.90587510507056201  0.91610915437577967  0.92621695447735908
  0.93615112487686769  0.94597090942464368  0.95564550156043171  0.96538127146240527
  0.97479488480453225  0.98332173493867692  0.99184740856181786  1.00000000000000000
  0.00000280876004966  0.00000613429413552  0.00001228165472300  0.00001700049989624
  0.00002135981534701  0.00002574336212143  0.00003023378948593  0.00003474006686578
  0.00003912335919812  0.00004333387149881  0.00004745609496478  0.00005159983338506
  0.00005580432439722  0.00006008935344601  0.00006445249642398  0.00006894126798398
  0.00007354208278015  0.00007813272865697  0.00008277522005736  0.00008749213741688
  0.00009230965178056  0.00009724255685130  0.00010235350916549  0.00010771933478573
  0.00011323491210428  0.00011891880732030  0.00012473627954641  0.00013069385943541
  0.00013692437968559  0.00014334110769400  0.00015065789945819  0.00015833777818881
  0.00016637635372097  0.00017457029730045  0.00018293512503605  0.00019155503150409
  0.00020040195271930  0.00020945836967355  0.00021873003877469  0.00022825878243380
  0.00023834984543568  0.00024868339038277  0.00025939505045125  0.00027028146888711
  0.00028179678891699  0.00029398882243086  0.00030638211434526  0.00031949200786159
  0.00033270748592495  0.00034698650086381  0.00036185535463840  0.00037753521551657
  0.00039401117661767  0.00041120193249338  0.00042926037383599  0.00044815776466634
  0.00046807693885966  0.00048923306598214  0.00051178970644073  0.00053582812168756
  0.00056132326461931  0.00058835851285497  0.00061718494055815  0.00064782223748219
  0.00068098663417464  0.00071681429885883  0.00075552988241687  0.00079581191353900
  0.00083790282512516  0.00088431577764448  0.00093594116475155  0.00099369595632015
  0.00105589668687265  0.00112276948039922  0.00119443204024792  0.00127245610911060
  0.00135683664116590  0.00144914299850658  0.00155012435562656  0.00166243616486197
  0.00178573277210392  0.00192479944438812  0.00209216931060161  0.00230228233002856
  0.00254803843886063  0.00280899683550736  0.00309733408130668  0.00348231732653260
  0.00397117630049134  0.00458285128963412  0.00528966106524537  0.00624259120045786
  0.00793221781273023  0.01109574399438253  0.54198662635351169  1.00000000000000000
 -0.00229677697394913  0.00927642464641635  0.01925078689489982  0.03026194318766832
  0.04114355433294152  0.05218825459602128  0.06327581546230460  0.07444416361586276
  0.08543244875247710  0.09600423227433368  0.10661942221402208  0.11790511878620384
  0.12916669575789808  0.14012679840621020  0.15073700921692545  0.16138136143261339
  0.17204184775365797  0.18266853927345933  0.19350237579697774  0.20445586081064798
  0.21509505937434700  0.22558257858840366  0.23610928731317593  0.24680621818012688
  0.25763720641561855  0.26845206698723700  0.27896642503433827  0.28930597003874409
  0.29967466601497150  0.31014144207759714  0.32060938133171157  0.33132334739680502
  0.34208200011912632  0.35276657322791333  0.36304043225543031  0.37343624014126559
  0.38388182950838273  0.39452918653093005  0.40504184183523428  0.41552960538748196
  0.42597903665111514  0.43651601575035787  0.44707842724377583  0.45777032965673442
  0.46860844994757594  0.47955102753167334  0.49055744503319182  0.50153980995095404
  0.51244779792017103  0.52294560811806201  0.53299398235171980  0.54311824885106763
  0.55337887219966841  0.56374136203547243  0.57397311215015090  0.58441980347168598
  0.59507630535402467  0.60586893404669617  0.61666165130853778  0.62730776970233859
  0.63819358419023597  0.64883102013026739  0.65949429413434790  0.66986487123913718
  0.68037889976848254  0.69095582159717428  0.70134229261837233  0.71158323411902480
  0.72177519961588599  0.73240150127272763  0.74282265868700759  0.75342301478783424
  0.76353183446142270  0.77376972678614619  0.78387757579509254  0.79424824914716996
  0.80489863752538260  0.81548258229437887  0.82572784747322558  0.83581143801927427
  0.84574336058238886  0.85594960412047016  0.86617279858486262  0.87669360751962511
  0.88746831973980156  0.89825480650633449  0.90886067459423459  0.91912051461118305
  0.92952160580809595  0.93964729568104455  0.94964156692978829  0.95965157373279164
  0.96959435687905804  0.97970562952824425  0.98981359718344453  1.00000000000000000
 -0.00238169711665727  0.00921994494188791  0.01958161764104191  0.02992889006108209
  0.04033553903474494  0.05060454242449008  0.06102901708308572  0.07160493638422744
  0.08201330120632899  0.09216474011385475  0.10201259412139926  0.11225037726670509
  0.12241835801577447  0.13286680224059827  0.14324212838992800  0.15403195239907502
  0.16451661094474954  0.17501824243920214  0.18557116172816995  0.19637913572592020
  0.20691409425986984  0.21725503405310218  0.22756473170833436  0.23812012365529867
  0.24854056014218404  0.25896773639848852  0.26957093256379083  0.28053562486336275
  0.29114911258343862  0.30156123808337409  0.31190051920050793  0.32249323242029221
  0.33310571337912087  0.34365335368991212  0.35421661684048039  0.36481215157436081
  0.37537020629542250  0.38607262170472612  0.39693972021566143  0.40818768119625642
  0.41909653528661978  0.42964855234104482  0.43993846149719584  0.45006265775394128
  0.46011124180837043  0.47021873628464361  0.48029698597890397  0.49079971396239458
  0.50118878372211584  0.51187438943563024  0.52249715291326648  0.53297977223635939
  0.54327105382371610  0.55366193570574229  0.56407493341002479  0.57470457511409156
  0.58536075057439652  0.59632903083377664  0.60713963638952884  0.61775256524628119
  0.62799309655086477  0.63856633197466728  0.64924774378455086  0.66020726918607953
  0.67132392926410711  0.68224132443283858  0.69299202241693492  0.70350952251305821
  0.71432202309704862  0.72542843143699420  0.73622475339252003  0.74718483253843837
  0.75814427106784765  0.76906703768875362  0.77965630930799712  0.78980766965457372
  0.80014297112209198  0.81050775847317802  0.82098348057157189  0.83160626797030379
  0.84183061173211238  0.85220657089516660  0.86244299848612282  0.87297881663698762
  0.88337191115227331  0.89398450357426529  0.90439762868077800  0.91487501076561462
  0.92540437889167138  0.93587287517829232  0.94624860324133309  0.95656896303228889
  0.96721316333014584  0.97813975542025577  0.98890688709013697  1.00000000000000000
 -0.00234017945994362  0.00932140029401896  0.01959973743951220  0.03006183528854892
  0.04058261005375616  0.05075740716201898  0.06106031953476188  0.07148403705871989
  0.08207189283092525  0.09265465461311695  0.10321414663016144  0.11349178005085386
  0.12387593197480327  0.13447247102604334  0.14528041445802969  0.15589992176922676
  0.16638890087991820  0.17696023731493463  0.18737063637916596  0.19773881590816261
  0.20803989439951526  0.21849995207457387  0.22887591022520593  0.23886109288028934
  0.24890187292333832  0.25875238721668159  0.26884375862275733  0.27917306845666806
  0.28944396145646478  0.29973513215025871  0.31008661466151666  0.32053049766350888
  0.33108780324080639  0.34185287966368438  0.35269932140296339  0.36337280838912156
  0.37405526729704042  0.38479327352791654  0.39595533100538088  0.40662727655103420
  0.41717947384295928  0.42758297167846160  0.43824843440820865  0.44863434154853260
  0.45920681951476044  0.46989041622112770  0.48096355516582423  0.49180609210135962
  0.50256039701287381  0.51322253042234345  0.52380599416238238  0.53447707795169119
  0.54503971907101956  0.55552481874152215  0.56594646919856129  0.57637271532169487
  0.58674489843355582  0.59719217245907052  0.60782956384470299  0.61835947745675446
  0.62885373002858502  0.63952959078907923  0.65020677388844916  0.66128523530402483
  0.67215196025771806  0.68324027907242391  0.69398197833739994  0.70442299283319398
  0.71448763712633412  0.72449154067103250  0.73474138992408611  0.74535044400141659
  0.75597661155986595  0.76673303225249911  0.77756274110664092  0.78854175763048473
  0.79942375921221875  0.80997797501013080  0.82057453716550088  0.83102013419612530
  0.84155070890071504  0.85203801496113241  0.86252564280682231  0.87313932379495351
  0.88358139539013347  0.89400104660571944  0.90442389192866612  0.91482417193791954
  0.92552056107994574  0.93623427354994970  0.94730996875695928  0.95828393915377741
  0.96888912234548463  0.97934016085161490  0.98954766543866124  1.00000000000000000
 -0.00254730258644011  0.01025728844363067  0.02077145141376530  0.03145079512246694
  0.04209103233552543  0.05261248477153413  0.06298983240340771  0.07332013078025069
  0.08373972918203552  0.09443497513453114  0.10516120283909151  0.11551541093717432
  0.12574796342815647  0.13620337198340543  0.14649335605279959  0.15670897791995778
  0.16695106110253280  0.17739488842716022  0.18812481372757611  0.19892245882874460
  0.20999485682075897  0.22096442450366433  0.23171346157849937  0.24240214478900787
  0.25298778107814263  0.26355120669555654  0.27412570026392602  0.28478834805980408
  0.29534265836498247  0.30576478317373046  0.31659724589836413  0.32753383988911600
  0.33844050134688031  0.34907037571718219  0.35982281674716116  0.37063613209659374
  0.38110768730535927  0.39144896391847506  0.40180351165329209  0.41227561334498752
  0.42278735562379927  0.43336047035084030  0.44391932688468616  0.45463900375004451
  0.46531888714375141  0.47605428695488949  0.48690108482865380  0.49776377421762646
  0.50840109562219626  0.51881526226870078  0.52921431676957020  0.53954514830676459
  0.54968294656302608  0.55970149805970726  0.56983234470565769  0.58009524207428798
  0.59035645362356126  0.60075147295828812  0.61121954840490789  0.62171071576652259
  0.63239175432058881  0.64314847970136413  0.65376526165569904  0.66423069012253433
  0.67463199798130136  0.68530412612864466  0.69588530313103547  0.70624688865617902
  0.71657049613692969  0.72709688399372507  0.73790428109782469  0.74856424684291456
  0.75926892220594666  0.76981493533439138  0.78036623750585510  0.79074541850083124
  0.80108066802143396  0.81165456436079153  0.82214640730440192  0.83254998161531879
  0.84300432226503663  0.85351695395129279  0.86381855671858676  0.87394743663945373
  0.88427303541720848  0.89490303843418706  0.90549506667887059  0.91637845685673947
  0.92688758598733156  0.93756451726719714  0.94758463317726049  0.95790104248679298
  0.96841122539908531  0.97890660761818005  0.98961284588255405  1.00000000000000000
 -0.00238171094485815  0.00930134122907196  0.01959829078995746  0.03038959190304669
  0.04118183113829047  0.05179937598963412  0.06218480484758795  0.07242411588422439
  0.08243726924980627  0.09251381551708808  0.10269038175454179  0.11278893184352529
  0.12256671199724745  0.13236652119826978  0.14234864271388234  0.15289148318599502
  0.16345318189994507  0.17361388795519248  0.18367265681155209  0.19383905747208974
  0.20408211348730798  0.21408396951700182  0.22386514763029872  0.23421521099145992
  0.24453540847982802  0.25466062417805152  0.26445109444594966  0.27435923818874874
  0.28449014510836890  0.29470824343227892  0.30507052410644842  0.31540953220666740
  0.32601520917561905  0.33655503029311434  0.34707864558181412  0.35761444516786917
  0.36794770669835031  0.37849085017098066  0.38907264470046815  0.39947676243540381
  0.40977923434708841  0.42014331962403639  0.43065511578501753  0.44116797954116288
  0.45169186632927821  0.46218582057045221  0.47260035870931177  0.48299116103384460
  0.49320629670398802  0.50350435062403909  0.51367245818280516  0.52389345910353069
  0.53405187240769403  0.54438617454614491  0.55518808992838564  0.56588463010552437
  0.57656179718585088  0.58714023862023557  0.59779713021533443  0.60835110419460259
  0.61874880004569954  0.62931568799783288  0.63988901406904730  0.65055099903389546
  0.66110132974473534  0.67170794469847439  0.68209620237362512  0.69247785658291539
  0.70286954101872634  0.71360148030024861  0.72460224996269262  0.73582772338658342
  0.74707317748439117  0.75808730727285878  0.76905730386439652  0.78031418184067147
  0.79174677522199577  0.80288685298255158  0.81389147996344013  0.82493815595772724
  0.83588418610759552  0.84651906042568137  0.85759201291472564  0.86901973764551133
  0.88066226048180363  0.89170083394364519  0.90260198018782001  0.91358049993265011
  0.92461364899299092  0.93550009051411387  0.94606460262403702  0.95659908446458242
  0.96732562119473664  0.97826937297610272  0.98920459757800638  1.00000000000000000
 -0.00227995092209929  0.00917022594564867  0.01955541616158724  0.02999273379758616
  0.04085316037317808  0.05146315903275424  0.06222020613132282  0.07288847107082871
  0.08384519192131333  0.09472312403085420  0.10527755027810994  0.11593127684304910
  0.12662840803455369  0.13758322427464867  0.14868034567282232  0.15988392771389093
  0.17075720942463740  0.18147578128267314  0.19225632403333190  0.20308533225456590
  0.21359293524023487  0.22393235577894777  0.23439908977622781  0.24483177803098236
  0.25545016013177152  0.26617658499449909  0.27716075747564778  0.28804838287762058
  0.29891273097223064  0.30984795560916256  0.32074714486406453  0.33156506927355506
  0.34223609566620344  0.35285772558389222  0.36353477163444059  0.37405173540792197
  0.38457191222119819  0.39508713119342176  0.40588221065697117  0.41646181927260262
  0.42688529070457204  0.43723116975696735  0.44757981289119914  0.45800106898469239
  0.46847435177376973  0.47895083108385617  0.48950853093239305  0.49994381697964563
  0.51065698246836055  0.52135912007465746  0.53223956373781989  0.54295045716421497
  0.55355375477271129  0.56413399308225753  0.57465971156612683  0.58509096032597763
  0.59516511648604853  0.60524488964304701  0.61543706719862323  0.62583527104487180
  0.63649282221359993  0.64701172638995563  0.65744713908028340  0.66779754594764440
  0.67850372799202474  0.68943345039578208  0.70046568378583374  0.71105444597996659
  0.72139622993683516  0.73152378907990079  0.74174737370462385  0.75232913410083824
  0.76319859727702921  0.77396180314395624  0.78449028872787829  0.79494631302850849
  0.80559914069867489  0.81602299099462772  0.82623973175874843  0.83626880757144095
  0.84631105795049621  0.85630986409362686  0.86615952828890541  0.87591790005994630
  0.88574564028178648  0.89586317220568745  0.90628887739983066  0.91663960064356675
  0.92674992454652649  0.93665089136289670  0.94685465296387084  0.95742940004287869
  0.96817008004709426  0.97891554763036837  0.98935674024745934  1.00000000000000000
 -0.00230783081469226  0.00917386943133242  0.01912918103883301  0.02977371927793199
  0.04036302590932862  0.05100875751549189  0.06158597735435311  0.07226912706023542
  0.08259488297732472  0.09316246714009226  0.10386719784835781  0.11483175682411675
  0.12552623697132387  0.13622775148417482  0.14647865975507671  0.15669565272817068
  0.16685647826978156  0.17732031261294295  0.18804129564355615  0.19868658918235024
  0.20916193137140024  0.21933511760696237  0.22974424536823421  0.24034236383500390
  0.25099198186163058  0.26108349593744123  0.27105731889492152  0.28118638164417414
  0.29148806475755595  0.30211536230311542  0.31258183126970879  0.32327296097397690
  0.33380861446023857  0.34438888485978714  0.35496603978601177  0.36541717928858630
  0.37601737942622732  0.38665904789550770  0.39745359058516339  0.40781311896687966
  0.41802617085831761  0.42822947177422832  0.43864855896111665  0.44909353333647989
  0.45956167089348965  0.47003165793281637  0.48027145188462717  0.49069928890918285
  0.50096920147164492  0.51137935495819309  0.52178364210754191  0.53246258266419011
  0.54315951498910664  0.55373613786440434  0.56417117873281053  0.57469639417156737
  0.58506037055650606  0.59558101740690950  0.60602268807039517  0.61668355915177964
  0.62725987145773010  0.63807139652980782  0.64891233300870510  0.65987654999104961
  0.67068386621487830  0.68112971936813005  0.69164793163835336  0.70248468192054792
  0.71315839705435380  0.72360930544341595  0.73414755676748311  0.74462537846387544
  0.75492251099772423  0.76500417461677761  0.77533721020646151  0.78587204227006602
  0.79627313521255583  0.80670568591582958  0.81718349929880452  0.82777488588014392
  0.83868400543867516  0.84927740079519887  0.85969322780401658  0.87024488183330762
  0.88118351031099307  0.89264562824793980  0.90363921492625454  0.91470963926786264
  0.92556687850765096  0.93636693040283792  0.94706747914738465  0.95786695141332412
  0.96852073988303700  0.97933267443268657  0.98965290159247521  1.00000000000000000
 -0.00220758843696656  0.00887877031521863  0.01873218901203744  0.02875630687522119
  0.03942663045105219  0.04984577470592443  0.06010393577520322  0.07030876974730010
  0.08062203721448492  0.09113559641560499  0.10138786834631948  0.11197937492898911
  0.12263615713539268  0.13336864894773698  0.14387667474769583  0.15438492296914819
  0.16484217792516820  0.17518776446497264  0.18540175504470516  0.19570765140182281
  0.20611293947838846  0.21637099175619329  0.22676667893023247  0.23734639251857556
  0.24808277321617861  0.25835244966197307  0.26863153042439680  0.27903824439980990
  0.28965511615367123  0.30034858377034312  0.31105120009122955  0.32143603175461022
  0.33170093242847570  0.34213161248407831  0.35271588209662569  0.36322616163356664
  0.37356504981362765  0.38391964924854954  0.39429261832888685  0.40471544667345627
  0.41539387831550478  0.42622765884786767  0.43702965473751465  0.44749881837000466
  0.45812477854994738  0.46880106236485414  0.47949663010528049  0.48990376822401788
  0.50030404316857824  0.51073120721268206  0.52111604928894628  0.53129994152155702
  0.54151505777639675  0.55183931203945602  0.56236781008685255  0.57324883063875620
  0.58420761490995676  0.59482659166461394  0.60521167760637473  0.61542769131031683
  0.62573415284457667  0.63622706910571092  0.64662663918042185  0.65717217522010352
  0.66787772756263286  0.67891781092253300  0.69007171106705278  0.70110630113637606
  0.71162127604199898  0.72188373866946576  0.73202157200128248  0.74230563276696593
  0.75254347956027312  0.76296380017893040  0.77351975254515692  0.78420443756874492
  0.79480779487562003  0.80529387392454055  0.81564734670382766  0.82599066845294977
  0.83650181235985077  0.84765318967267889  0.85887228829622819  0.87022993247721581
  0.88143127219491268  0.89254711769302486  0.90349025970760966  0.91425850750366877
  0.92505600915685415  0.93566468246136869  0.94646114876877863  0.95685977545026468
  0.96749486492957493  0.97815902903307639  0.98905043547111482  1.00000000000000000
 -0.00231886265231352  0.00935234177728253  0.01967953077504962  0.03022314519688519
  0.04074239851697084  0.05098503362926726  0.06151933540616359  0.07210246602361234
  0.08254842144639010  0.09251044629758985  0.10264216783362923  0.11305567575880517
  0.12349235066660312  0.13386895505103358  0.14425245724977193  0.15531968249849296
  0.16635628226788909  0.17719501870900711  0.18802495604129810  0.19879421012674678
  0.20991478807548822  0.22082355753949759  0.23149335427732390  0.24200384112758552
  0.25263586931603854  0.26372617004512688  0.27465743000431198  0.28532856577789634
  0.29600481414681351  0.30680025274937400  0.31752308900025167  0.32776987769604593
  0.33788043916451588  0.34816479484762869  0.35851930535531984  0.36860176255673260
  0.37845589132458091  0.38840236093566538  0.39861458994677390  0.40898756490196048
  0.41938676462635388  0.42971395256103095  0.44008496692729443  0.45054968636293519
  0.46120867010138039  0.47209421839723670  0.48296958136345003  0.49387028788715603
  0.50447907806437275  0.51494754951726707  0.52522141275816003  0.53576289461793747
  0.54656673633485020  0.55755749017489531  0.56846851235691143  0.57921799917960959
  0.58974692067427736  0.60027822356085381  0.61088665910623952  0.62169297360626652
  0.63248193691055210  0.64327719461128852  0.65388120902862301  0.66445551072970188
  0.67495397966253667  0.68566406021261350  0.69663467755206121  0.70752404744032493
  0.71801347167324581  0.72814449550043436  0.73807573201499888  0.74801124224420612
  0.75809511399670948  0.76857244181264517  0.77947762809104504  0.79031305804254226
  0.80087213340639585  0.81143273184103293  0.82227664817833013  0.83280468546710029
  0.84294923201532457  0.85310598040588514  0.86360386545436452  0.87441723933103233
  0.88496653453234420  0.89532574384170294  0.90537581199077821  0.91533457928026707
  0.92558927596736096  0.93580604605449069  0.94626101432980447  0.95660821179582545
  0.96714894317886857  0.97779598673736334  0.98888451397972810  1.00000000000000000
  0.09765558442360955  0.24542790178606616  0.27395718042599654  0.29060501218202428
  0.30441295275773317  0.31666013160750400  0.32784277221965541  0.33842509548703992
  0.34849740461916973  0.35799650895798546  0.36697031754678133  0.37555177200662182
  0.38366437556164890  0.39163592907071582  0.39962775236897019  0.40764382889497575
  0.41553541119738169  0.42315889153427944  0.43064729953618130  0.43788858552023019
  0.44485643662854663  0.45159052435203983  0.45831008259945255  0.46493761523071436
  0.47157572840457829  0.47821317289740861  0.48475620749715354  0.49116232779401003
  0.49747137693421639  0.50362650831208711  0.50978908352760410  0.51593207545714970
  0.52199012382520515  0.52809637007349897  0.53416011755433579  0.54009784718208298
  0.54592788125816016  0.55165234977384292  0.55737277329207746  0.56315841060007843
  0.56903452492710105  0.57485252410800824  0.58057915078193945  0.58633999277606896
  0.59219293240346726  0.59810729065860591  0.60401056024634869  0.60980623146926305
  0.61552000882617097  0.62129391982855953  0.62720260053155374  0.63309430182539517
  0.63905898296914576  0.64502350504883965  0.65094722951741391  0.65690132868771434
  0.66280844422975382  0.66859696838721139  0.67427625630589683  0.67991575931193760
  0.68562075312943549  0.69133624519919723  0.69707881728398513  0.70282198798455031
  0.70862685684954307  0.71448481602659930  0.72044347479763615  0.72653766151816324
  0.73263447600496268  0.73871089614149288  0.74479558632458143  0.75101581503939674
  0.75738426724068963  0.76371633536208527  0.77004516987192795  0.77655109721655180
  0.78320135502212929  0.78993735126182563  0.79681304741992542  0.80375823722068040
  0.81075495894962024  0.81791129710416377  0.82530779611531768  0.83298846223266265
  0.84084739530038011  0.84892628480450349  0.85736266289142449  0.86629643300343773
  0.87567836221381312  0.88570664171663815  0.89637974838706824  0.90791145029484144
  0.92102920738976701  0.93704760596773939  0.96004402850854786  1.00000000000000000
 -0.02519727763265644  0.12123872139555741  0.15724523072381683  0.17887408729779689
  0.19604623340474667  0.21077157756340065  0.22354666954839891  0.23502052514289606
  0.24574320399183874  0.25578757032666238  0.26504084232584552  0.27393895422106551
  0.28252634818751982  0.29103138165357495  0.29920533099004160  0.30710810750650563
  0.31474465465771612  0.32210668969015838  0.32936252493282647  0.33644704366541733
  0.34337009268919799  0.35021385211540412  0.35679670984264455  0.36313315441727129
  0.36938762210230086  0.37549667045185847  0.38147569671289483  0.38736791645521973
  0.39316372207602290  0.39883082401546166  0.40442294295640324  0.41000118808482849
  0.41565874021206495  0.42125410535234531  0.42675794246007986  0.43215621742402660
  0.43742337992382679  0.44259673818254430  0.44771088200180970  0.45278901891120987
  0.45787651755925635  0.46301933521752553  0.46817140621164643  0.47333786533165340
  0.47854029713165919  0.48380017597494729  0.48907530962864448  0.49428627188316948
  0.49949871383447236  0.50473097077815943  0.51024422601539898  0.51557187155534689
  0.52086871827165404  0.52616504689741850  0.53151025202636171  0.53691311434355105
  0.54232657847896437  0.54772083567836849  0.55316799459539656  0.55868666880798035
  0.56424046714618026  0.56976171015442834  0.57522565950959492  0.58073828750477996
  0.58633655616189939  0.59204906842027649  0.59771872650812030  0.60344949391634295
  0.60925305769777260  0.61514770310804989  0.62113526148734732  0.62728710600253235
  0.63360619066151003  0.64005907730756584  0.64660550871179157  0.65328905407488214
  0.66003566392863711  0.66679579075947237  0.67389955628117915  0.68121875268508436
  0.68880703969222878  0.69670737353950007  0.70480493362799057  0.71337403757523810
  0.72229402078145688  0.73157621128428774  0.74116856247384677  0.75132671836911002
  0.76211471040063594  0.77364873774004883  0.78637891337586052  0.80094168649670872
  0.81843961656325104  0.84046750445205620  0.87638996791040624  1.00000000000000000
   4.8685034494666156E-005  -1.0000000000000000     
 T F F F T F F F F F F F F F F F F F F F F F F F F F F F F F F F T F F F T F F F F F F F F F F F F F F F F F F F F F F F F F F F T F F F T F F F F F F F F F F F F F F F F F F F F F F F F F F F T F F F T F F F F F F F F F F F F F F F F F F F F F F F F F F F T F F F T F F F F F F F F F F F F F F F F F F F F F F F F F F F T F F F T F F F F F F F F F F F F F F F F F F F F F F F F F F F T F F F T F F F F F F F F F F F F F F F F F F F F F F F F F F F T F F F T F F F F F F F F F F F F F F F F F F F F F F F F F F F F F F F F F F F F F F F F F F F F F F F F F F F F F F F F F F F F F F F F F F F F F F F F F F F F F F F F F F F F F F F F F F F F F F F F F F F F F F F F F F F F F F F F F F F F F F F F F F F F F F F F F F F F F F F F F F F F F F F F F F F F F F F F F F F F F F F F F F F F F F F F F F F F F F F F F F F F F F F F F F F F F F F F F F F F F F F F F F F F F F F F F F F F F F F F F F F F F F F F F F F F F F F F F F F F F F F F F F F F F F F F F F F F F F F F F F F F F F F F F F F F F F F F F F F F F F F F F F F
  <DiscreteSampler_grid>
  grouped_processes
  1 # 1 for a reference and 2 for a running grid.
  10 # Attribute 'min_bin_probing_points' of the grid.
  1 # Attribute 'grid_mode' of the grid. 1=='default',2=='initialization'
  0.0000000000000000 # Attribute 'small_contrib_threshold' of the grid.
  0.5000000000000000 # Attribute 'damping_power' of the grid.
 # binID   n_entries weight   weight_sqr   abs_weight
    10   10   3.767379127947324E+003   8.033304675800510E+007   3.767379127947324E+003
    16   10   3.767379127947318E+003   8.033304675800481E+007   3.767379127947318E+003
  </DiscreteSampler_grid>
