  0.00365142978243050  0.01125050484843451  0.01983392874370503  0.02893382924125905
  0.03805154825106313  0.04780793903527842  0.05845354477958774  0.06846256269142309
  0.07797974843808755  0.08751984518309003  0.09747662836090867  0.10767973002586438
  0.11776208170001101  0.12772631489587336  0.13770720190746058  0.14747402818725652
  0.15697150725373529  0.16590067163900526  0.17492666418248826  0.18377832697851099
  0.19240697551374186  0.20147160260764677  0.21089394133744457  0.22187558700763912
  0.23275748716574629  0.24295196920716672  0.25260281007806307  0.26205163847874757
  0.27201674339621840  0.28246250761338942  0.29365916835650230  0.30462582539260752
  0.31529344462067388  0.32600292101029932  0.33677489787844528  0.34752983900301626
  0.35807517848763448  0.36804023413197490  0.37776870497321657  0.38758190579629276
  0.39770242982473986  0.40764926600248891  0.41770786740954147  0.42785075909961745
  0.43764205284335644  0.44741998081009993  0.45689023893975711  0.46658823564392538
  0.47685802937307886  0.48735342153896616  0.49795534791309415  0.50847933142560664
  0.51944073028689430  0.53036120604254444  0.54124909096711238  0.55176998243236497
  0.56254022889215805  0.57356372613426942  0.58463849213466867  0.59561189346310894
  0.60796160519830023  0.62175254928634049  0.63548917490801937  0.64900790458923396
  0.66141109392522746  0.67235860713456552  0.68220884388805925  0.69207522492832863
  0.70284869086221335  0.71384592581748740  0.72455713817091083  0.73601036814533582
  0.74790898451237098  0.75968823066796232  0.77122503288670974  0.78242346165571097
  0.79358780719484201  0.80411376005347013  0.81385561761857250  0.82312353958394158
  0.83254611892258878  0.84320617500113648  0.85456294924803711  0.86648068257538957
  0.87821934884041686  0.89016339491239937  0.90139146339467213  0.91236499100970925
  0.92342107474929802  0.93406587007434461  0.94433750615797218  0.95433285078538599
  0.96498496496722619  0.97582360405363666  0.98747078029690494  1.00000000000000000
  0.00670794185548162  0.01790182536551510  0.02968953124514921  0.04094271667210979
  0.05262130631330084  0.06371175597432201  0.07372482780068233  0.08319103312362137
  0.09219528222025625  0.10100432497312259  0.10979996892794913  0.11975431351838188
  0.13044688042633792  0.14134822246321782  0.15188812778010591  0.16250283259735190
  0.17324598244371911  0.18404848594690812  0.19472518486610668  0.20516401204361806
  0.21569590759197851  0.22608888769607874  0.23678976434556348  0.24710130103435396
  0.25723970777668603  0.26765622296562608  0.27804127715213450  0.28766233699375199
  0.29740049534211538  0.30714779011046650  0.31777350101956048  0.32808402578620799
  0.33874768603635969  0.34976498331865852  0.36202806094913859  0.37452974209540818
  0.38580899934486079  0.39617553448869036  0.40645645924222940  0.41668636626403432
  0.42725160331574735  0.43803474186323249  0.45064177244206421  0.46226736855312645
  0.47367720236714600  0.48531389731518076  0.49754468364764959  0.50924839176785630
  0.52006331087250657  0.53081910386698206  0.54243990792125318  0.55444896933999066
  0.56602937542280196  0.57764561294723049  0.58834902018903124  0.59835290888078385
  0.60837088850006715  0.61761691235758209  0.62702367518799795  0.63593185020274423
  0.64576948381513266  0.65625632118638100  0.66703960160571973  0.67788881886583818
  0.68845526059605067  0.69819974219788339  0.70735312918117466  0.71600136954848537
  0.72426826023285129  0.73287393124142541  0.74187631194724823  0.75156678805659927
  0.76149599804569268  0.77201804348187808  0.78306493406111910  0.79456518480433347
  0.80606863313188160  0.81724233953218339  0.82834392244331767  0.83949051231610328
  0.85047136083877239  0.86118083190039452  0.87208412714501815  0.88353390728312253
  0.89524020055547526  0.90629431754533940  0.91682780239803097  0.92733804818002263
  0.93757630061438657  0.94688744358285515  0.95573168871797376  0.96537316509423055
  0.97447467242714436  0.98368979585068417  0.99159566769780816  1.00000000000000000
  0.00328421639738064  0.01228037629812249  0.02177764007429218  0.03208700687911382
  0.04245033346346472  0.05254546666612327  0.06227044257879366  0.07212870649080122
  0.08246999620754730  0.09331750380853197  0.10382831762537929  0.11381599133353779
  0.12322809021234912  0.13249084236622022  0.14211702454772415  0.15272058511150496
  0.16385424983102315  0.17431369140838959  0.18477303051369254  0.19597939804461406
  0.20670969196308395  0.21682428601550249  0.22654582580475932  0.23649248995062472
  0.24644186250718686  0.25593791334866756  0.26478996010482336  0.27388499020244833
  0.28313545243581606  0.29359990684892051  0.30595709513125163  0.31760959300498098
  0.32884497395521167  0.33885293760415219  0.34863156439355136  0.35835543674988896
  0.36807618598909031  0.37788522442409922  0.38763410686026667  0.39642319520238284
  0.40504689381248171  0.41345449779918292  0.42242219550210358  0.43080464074901620
  0.43887348816585270  0.44684124075335940  0.45485873830418838  0.46413905935735944
  0.47353400762754261  0.48322653861043202  0.49359398334344018  0.50481935864137006
  0.51647225337649560  0.52783653731357016  0.53899533369749031  0.55095615333804671
  0.56360439046221278  0.57590234338097746  0.58815691223236966  0.60084498848065659
  0.61163323599954311  0.62245288166475743  0.63240310716570136  0.64239153927973702
  0.65312298749420128  0.66440163621227499  0.67669682653690966  0.68888054838121926
  0.70082081732166734  0.71167559837508432  0.72213568946278472  0.73251293070724433
  0.74323179283105623  0.75345572821450080  0.76353048154647363  0.77371693713036549
  0.78437847258327964  0.79523484038415471  0.80581834829476806  0.81669218758124762
  0.82842970563374108  0.84015428884029786  0.85201308566858369  0.86327405629629739
  0.87425082587677039  0.88461538153509434  0.89504596220132737  0.90586117985464665
  0.91686210573211602  0.92770162924170574  0.93966140351774519  0.95072829758828670
  0.96113118258465313  0.97120958770716204  0.98149370077657605  1.00000000000000000
  0.00662839845569651  0.01906492632433847  0.03319446765563185  0.04601913073266429
  0.05766309950055581  0.06835151087708462  0.07859063359492929  0.08898739551257280
  0.10010868793161325  0.11173837177830835  0.12363743793134735  0.13588854238778417
  0.14828131876873649  0.16071703231505108  0.17504885994776545  0.19119249690606022
  0.20473691009194173  0.21564113127270768  0.22639644948900695  0.23735413938328043
  0.24896154806543305  0.26017234878985146  0.27069304051766530  0.28105587820317229
  0.29103614941463024  0.30051028039844224  0.30994136987502457  0.32022111553126126
  0.33098810521047889  0.34200174425539792  0.35248364384044106  0.36300651312741855
  0.37305582796554781  0.38227569026377090  0.39138826764683970  0.40069054460115705
  0.41067119255862017  0.42198620504812434  0.43426888215099235  0.44609852290732549
  0.45692894156640035  0.46731152025118111  0.47753090613958715  0.48728018250096811
  0.49631005530579458  0.50528417611567999  0.51470575925212980  0.52485092257848931
  0.53482546327019842  0.54398750415984165  0.55235599317177730  0.56078287235561808
  0.56999063956255513  0.58007402452513379  0.59043444561554870  0.60099988830877038
  0.61070162374099135  0.62070730097806159  0.63087970929625325  0.64126600741066764
  0.65066025315889542  0.65998454707881693  0.66901617186349815  0.67824712154010069
  0.68706108886706296  0.69663849987351290  0.70702013148221576  0.71740438314026989
  0.72746151009917237  0.73792056217372248  0.74835249198718368  0.75773559047109507
  0.76641351907753219  0.77542706911724069  0.78517192967171978  0.79471039360937867
  0.80397608464072967  0.81315982334604620  0.82356942971810287  0.83393874272308832
  0.84363574615629189  0.85319642132590956  0.86312570049433868  0.87352625686727658
  0.88365403582002411  0.89371586845708528  0.90329756161979691  0.91357306299938879
  0.92405081872335659  0.93482339337525255  0.94466077509748436  0.95482184963525496
  0.96553213042425257  0.97675154115245155  0.98842567834671913  1.00000000000000000
 -0.00008100301720256  0.00069222940535862  0.00163581151645163  0.00315593847937540
  0.00513769797159885  0.00753835654035516  0.01023724979763725  0.01349797056785253
  0.01708672373255180  0.02111406800164202  0.02564969645250360  0.03047696030005380
  0.03544067379193200  0.04070356698141563  0.04602296657728404  0.05138225803406471
  0.05701777668596791  0.06316775882441833  0.06960182100894226  0.07693585364652207
  0.08438258640744109  0.09189187602772692  0.09931063749549240  0.10736657396737966
  0.11581946881938794  0.12455589958657941  0.13310321790435675  0.14161378065551611
  0.15052556946958875  0.16007537657226711  0.17020222540672700  0.18087315269939772
  0.19175536201641047  0.20218838208653281  0.21195498598608828  0.22143383442439712
  0.23103801231479945  0.24058468145324380  0.25013956264091841  0.26016222100285230
  0.27018108974219135  0.28125471451177120  0.29217918463311904  0.30298078329077466
  0.31399006601056800  0.32460219536177337  0.33552894218390150  0.34627435112103455
  0.35693218282691175  0.36739978775247861  0.37833668925942199  0.38999008770247845
  0.40221314800432079  0.41460147715251594  0.42655054720630509  0.43892526518103137
  0.45155705907717808  0.46503887684326423  0.47923439717996269  0.49377881877035917
  0.50828970904535309  0.52240364977058595  0.53584194379789218  0.54865680254290849
  0.56158076568695792  0.57460432183815646  0.58770747102612508  0.60223588035012021
  0.61694548979565134  0.63044143805714836  0.64379324081564282  0.65670817077948018
  0.66946579991666710  0.68259957677720851  0.69652486761840871  0.71115252017981712
  0.72625661824474297  0.74163189795351103  0.75645269379303892  0.77100563845718861
  0.78579148245179997  0.80098675425363952  0.81609952523826990  0.83016594854381676
  0.84353524250242629  0.85648691627890416  0.86935243407419205  0.88340769954005993
  0.89794113995236313  0.91273714282623797  0.92779281945088909  0.94336714549867828
  0.95762750034291466  0.97175270730726637  0.98585086491909180  1.00000000000000000
 -0.00280109586065081  0.01238471198415139  0.02340323873391204  0.03422918677676563
  0.04497538971495303  0.05471190256730606  0.06538599702841935  0.07637799667923235
  0.08751075621559612  0.09739905098576694  0.10725231259246661  0.11871679868512504
  0.12982016562040116  0.14008177787051462  0.15040833602125611  0.16060925938453105
  0.17088368048263586  0.18109712874585196  0.19095393486300286  0.20053772072091447
  0.21023437278993951  0.22017382962258367  0.22990436751042773  0.24065280065911784
  0.25163879856877808  0.26343309235334222  0.27389754113773257  0.28300935603272653
  0.29204191449255562  0.30131134200086279  0.31123405805228427  0.32180882582201625
  0.33174223637190348  0.34301524105013831  0.35405306595123870  0.36536225394582539
  0.37617335687327053  0.38808416382392030  0.40043246240421249  0.41218781232567758
  0.42421354710062603  0.43599007711239823  0.44784051731567903  0.45947905813678425
  0.46987521560044276  0.48018216012376752  0.49043115180491204  0.50040070136383008
  0.51026631109155085  0.52059672275231994  0.53184858434395488  0.54343719864672457
  0.55422172864725094  0.56393375694780679  0.57305658273823346  0.58288072527318935
  0.59301805105123206  0.60251905263823458  0.61217841394557637  0.62228857673887861
  0.63294238790873314  0.64359191281043893  0.65421533241471408  0.66513971059492727
  0.67626189075030485  0.68744592492858780  0.69926301138516600  0.71068810175604269
  0.72105756283805189  0.73146465753710743  0.74205833475847871  0.75247122015198487
  0.76307342324978222  0.77420613361854740  0.78614790237785326  0.79715314911367441
  0.80738824598387293  0.81734477402838612  0.82693256178908181  0.83684965384428589
  0.84731331625329809  0.85742859023858919  0.86790592520852317  0.87839733468561065
  0.88914693681593493  0.89980746983624904  0.91024582234212703  0.92029046456950658
  0.92989018682959823  0.93843506222258277  0.94734929743897267  0.95633089735372379
  0.96715345503207606  0.97861150114867113  0.98929686926175142  1.00000000000000000
 -0.00176395824816261  0.00846845861967649  0.01705304816314102  0.02599643256088408
  0.03488649785781785  0.04388783674593622  0.05369191589079888  0.06442407019123139
  0.07636017300229167  0.08734026541557757  0.09733062444700218  0.10732633404826533
  0.11742273151840303  0.12835608024540388  0.13949253457416894  0.15004952825720355
  0.15980355261176893  0.16897078350001510  0.17803818748043831  0.18693649899015413
  0.19578880111076361  0.20473363669744449  0.21425498248847624  0.22450134237541208
  0.23493142414655055  0.24475634954620903  0.25382875707744285  0.26233008130666124
  0.27071209030478149  0.28002868834360667  0.29075851764308897  0.30304200654192481
  0.31691440781994440  0.32912158711263595  0.34108035229833605  0.35233558155084543
  0.36287308965144760  0.37314314023146439  0.38313301678668299  0.39341455393574498
  0.40379470223765135  0.41455416210467755  0.42585382263676907  0.43744934703152144
  0.44847537183674480  0.45947239885283875  0.47088353713808551  0.48252761139751399
  0.49322585184546736  0.50509761564329381  0.51737449911817923  0.52909580320770011
  0.54042662750368131  0.55162799668150142  0.56294948301204462  0.57456999729094638
  0.58618045700879762  0.59699028305296076  0.60698710333021189  0.61679904593393264
  0.62718884722620560  0.63862085630901211  0.65065118314083892  0.66326300747056577
  0.67589458500406308  0.68793663992326304  0.69937364816024383  0.71074706963427015
  0.72257511891545478  0.73427211886785082  0.74507310552219497  0.75671076563054573
  0.76806775863370302  0.77821239641660966  0.78724207284538206  0.79734997595261037
  0.80772154520455086  0.81767839117429320  0.82716617423740268  0.83703341971655520
  0.84690730952353133  0.85667642587296311  0.86558918351932845  0.87462113820078324
  0.88341152351402608  0.89249451407026570  0.90179550100866368  0.91138113357793071
  0.92114030576572004  0.93125162613796963  0.94237540953872390  0.95379637235270331
  0.96493532547116578  0.97546998006506358  0.98778821159782082  1.00000000000000000
 -0.00267318118806081  0.01140226032723483  0.02258107128411237  0.03286686084174078
  0.04361541796573226  0.05408484049911360  0.06380611237351089  0.07176673261804090
  0.08031116456660926  0.08963203670301173  0.09972144204766936  0.10964311407604087
  0.11991241441720929  0.13021499244490467  0.14138932307176735  0.15233457318072730
  0.16370269474131605  0.17475964942257685  0.18627327015058370  0.19746254627195725
  0.20908980022229295  0.21967955577369697  0.22962515004516831  0.24030400639465146
  0.25123163170966367  0.26337950113079728  0.27479068665192574  0.28695567183173576
  0.29739818592586492  0.30738102418696822  0.31801166807754100  0.32901914776367208
  0.34022472884628358  0.35065245026274577  0.36223909685813072  0.37489785907051848
  0.38756601246608419  0.39918604599535601  0.40937712313650904  0.41888791843285172
  0.42795713374670669  0.43738369761346851  0.44759537950929457  0.45846522691023511
  0.46940504172723058  0.48035038475670316  0.49145202203548544  0.50215106528840392
  0.51257601951028842  0.52364000504201591  0.53513687483928174  0.54573732022614885
  0.55547026864731164  0.56517838702500589  0.57521582677988947  0.58552180431670831
  0.59516437368820130  0.60355635845692535  0.61201320265036918  0.62114702090211149
  0.63115042634052432  0.64088065627851776  0.65170779169671234  0.66310701383514670
  0.67365936962896678  0.68318332216751154  0.69352212763380294  0.70436895237867481
  0.71503712708275879  0.72575563789713471  0.73665831657096148  0.74785822677931790
  0.75826882332169432  0.76881417132233887  0.77934279704383169  0.78959209289601506
  0.80006879324411506  0.81094246943977744  0.82092721117059353  0.83113311685433267
  0.83980231972128705  0.84895798615312223  0.85767039408438561  0.86695378563843684
  0.87650724426249405  0.88767588421203314  0.89997366976252313  0.91332366480868588
  0.92614918689417336  0.93789213096029378  0.94916127136929840  0.95996626300240528
  0.97042616815984539  0.98074075405929362  0.99032246771213372  1.00000000000000000
 -0.00220925890575600  0.00913070819962761  0.01795120892622087  0.02746792090201745
  0.03714556369925662  0.04762920488525492  0.05814959622677431  0.06718383541298659
  0.07567471713493727  0.08439404227945070  0.09383131374188591  0.10395791647284124
  0.11423087693824624  0.12431262235824310  0.13522883731516652  0.14639869804302968
  0.15781224725350970  0.16920067999322264  0.18055712232793575  0.19192035066950244
  0.20283944496307574  0.21453001825525631  0.22642525122280346  0.23756444951567654
  0.24871136896927198  0.26025937371923785  0.27255281453456115  0.28502494311096449
  0.29810578989508951  0.31088026008546160  0.32290579492089994  0.33454136340885049
  0.34644029782780728  0.35822551915468454  0.36958151219145602  0.38035692139721355
  0.39082829855561579  0.40136243968940871  0.41228380894113331  0.42314243243549471
  0.43367912682001630  0.44465003406164649  0.45598745389850226  0.46723671714402509
  0.47818642068512834  0.48916033077208632  0.50031710173595534  0.51134816641184067
  0.52233045931843247  0.53375273120059730  0.54562959983123660  0.55721579640982832
  0.56778134629761379  0.57759876857807912  0.58741246934747848  0.59693566698663847
  0.60665890502057307  0.61595853043962878  0.62489720725144049  0.63443423377646446
  0.64484338781535777  0.65595819521680665  0.66728538408051130  0.67843543908602144
  0.68998721531848051  0.70166900314442660  0.71342446631139977  0.72491147918459264
  0.73568249991718770  0.74639281346400366  0.75705265288437418  0.76732036940354997
  0.77779996000313378  0.78856031968632445  0.79954510537041901  0.81033501115734452
  0.82088437643008116  0.83169897752833144  0.84315211201601714  0.85455724832290925
  0.86550773529614455  0.87566535493941766  0.88560744208596698  0.89545735287178796
  0.90503307132604816  0.91471070218051054  0.92457978858327161  0.93393545347030604
  0.94221108206167203  0.95068421988324492  0.96005205964463702  0.96943863372553662
  0.97778213952261184  0.98527033521331786  0.99246911403102345  1.00000000000000000
 -0.00226758351396742  0.00900950771197102  0.01909733769901738  0.02969294525829944
  0.04004649689640579  0.05030174816974819  0.06070696984047655  0.07140690595414367
  0.08223516910969406  0.09245819767882940  0.10274393828909932  0.11322906124904403
  0.12423401646410558  0.13579660653675865  0.14845864782210932  0.16135931845970430
  0.17392586139756341  0.18531167117725328  0.19595140961589508  0.20615033244457770
  0.21589840713416683  0.22551820823423904  0.23507033363015456  0.24448355183401274
  0.25417407454113794  0.26398352569560152  0.27558159304994034  0.28816186920025755
  0.30089922527252272  0.31308448961687974  0.32403468671592250  0.33482762053607013
  0.34417319136196522  0.35333543922440319  0.36207199748610530  0.37159122823565555
  0.38219854468588993  0.39281114268651768  0.40361182147909508  0.41463893324549461
  0.42516057268896018  0.43565318475886056  0.44587775327367329  0.45570859827721094
  0.46569964668721076  0.47595176463971045  0.48608438199487514  0.49597494943384313
  0.50587652710883269  0.51628469189897375  0.52652103775048631  0.53668733938246671
  0.54697489256825871  0.55734605191803011  0.56740860515715130  0.57665280082863046
  0.58574682432894210  0.59519292689627690  0.60526621188009910  0.61560764586902517
  0.62546824241842591  0.63561326132398388  0.64579592144143394  0.65630571672768634
  0.66660972154013098  0.67692140321154193  0.68675134118635062  0.69646744860381327
  0.70616990409667080  0.71575911907410361  0.72503455653213289  0.73467484421506080
  0.74475742019517799  0.75577955262961938  0.76741999412917949  0.77856399682698774
  0.78961615623251047  0.80045913402217062  0.81130782618556940  0.82292115307876235
  0.83489456063610723  0.84677561537532997  0.85816206619206392  0.86848538178388890
  0.87850658853516717  0.88817312350810318  0.89869561665921127  0.90999742619782809
  0.92297474699510118  0.93598164175553189  0.94755105473421131  0.95858411432744217
  0.96943589395041307  0.97995262994424681  0.99000945867590073  1.00000000000000000
 -0.00242871372688231  0.01016005266594957  0.02010686033822821  0.02988896918419608
  0.03969475486215312  0.05011613609701973  0.06044406075326805  0.06999627438488137
  0.07937346482275576  0.08946052803274047  0.09986966092337014  0.11048494878270336
  0.12066633183607138  0.13151827088285351  0.14287682629588308  0.15448096624707161
  0.16569262015135050  0.17741930630599370  0.18981732543251206  0.20306163789053980
  0.21647116517327253  0.22904108468891646  0.24044492412455956  0.25141385171970432
  0.26238542020320849  0.27404131575134977  0.28533216478111434  0.29556560592669728
  0.30603727503180406  0.31633595126581321  0.32729725278044169  0.33763054235308287
  0.34847087652784814  0.35994758398142740  0.37055650999713141  0.38102433887715376
  0.39210278826681016  0.40591700316995433  0.41936747033944638  0.42970460464347426
  0.43988608325903972  0.45033850471647657  0.46025156869885042  0.46929766447754545
  0.47811372440485894  0.48692318071841217  0.49578012386962306  0.50484839579446017
  0.51440156389263869  0.52482601798045958  0.53618469446330219  0.54730259601387654
  0.55793932892251707  0.56859556341833661  0.57932832068992390  0.58979946932870542
  0.60024341591915886  0.61129167752613778  0.62369998606337163  0.63640322249609271
  0.64821110049048591  0.65871106672836166  0.66844026178859073  0.67827425704895483
  0.68885814582699689  0.69960979468568185  0.71022098935099631  0.72043996151168932
  0.73049074333780339  0.74040679216788041  0.75004612608747401  0.75939483452005563
  0.76872014618635853  0.77882291516221869  0.78932872023846246  0.80010588249869674
  0.81077313714788557  0.82114370567526040  0.83157333709836145  0.84202249286062281
  0.85231583523797638  0.86260992104242717  0.87318029584521395  0.88480738704727924
  0.89599147332564033  0.90562761477784470  0.91472650063718808  0.92363243291028208
  0.93256809308515232  0.94143835197377879  0.95044310731145043  0.96013533206353607
  0.97098836352780671  0.98143686320302426  0.99114776748455957  1.00000000000000000
 -0.00370821646197548  0.01041421609467037  0.02226288065945226  0.03335740702134683
  0.04468831175938031  0.05604721938738239  0.06767993401971142  0.07848834404284638
  0.08839498561728384  0.09765364460468312  0.10668514395543204  0.11548691070980055
  0.12471789632600651  0.13464386745076773  0.14416364972510451  0.15383919854775024
  0.16441392895200663  0.17746892522807281  0.19178957370086436  0.20522616720221290
  0.21689175150934228  0.22747139899793048  0.23813056946210692  0.24837827748040531
  0.25846401150506387  0.26869333277930774  0.27965979741805036  0.29034745018694508
  0.30002410615234720  0.30960401112029606  0.31963743259634364  0.32980620619249157
  0.34060709703595171  0.35159884814165759  0.36244326842369262  0.37306661585171852
  0.38407822603600023  0.39461458322545884  0.40370767674500574  0.41226783389501165
  0.42128986547325570  0.43072902721865675  0.43997021191203139  0.44860281869369567
  0.45780544496614672  0.46832147711914635  0.47919789577298827  0.49067610153085922
  0.50217253988623078  0.51328600019597204  0.52392242714597326  0.53435986997960339
  0.54507622730311578  0.55602627352807799  0.56749746365315290  0.57896139563203286
  0.58975930932306575  0.59975775459962255  0.60974254757279012  0.61959462386054875
  0.62974875717445455  0.64035719644548172  0.65165260079989773  0.66324836541918475
  0.67437632212854404  0.68514202579641836  0.69519184517482058  0.70465848794724939
  0.71394984820191121  0.72311965491398611  0.73199287058473017  0.74066306726878683
  0.74918336272929242  0.75890979120826185  0.76895452875988990  0.77966297853153343
  0.78900005742477641  0.80125530519712740  0.81393242988889103  0.82656194595619925
  0.83980237585715178  0.85320627322773979  0.86537960646071643  0.87653271406287692
  0.88786457674236874  0.89958319146784405  0.91169565770179173  0.92332988020200224
  0.93417565499196975  0.94408020935099879  0.95382870635922223  0.96367883034325830
  0.97388233521997702  0.98337614609993762  0.99195530003421295  1.00000000000000000
 -0.00230977230894393  0.00906658338181279  0.01914207244732587  0.02870304826850414
  0.03847606164328415  0.04841785345362327  0.05953287596629551  0.07001829913134826
  0.08025939231605908  0.09020223142983907  0.10057343673484373  0.11004032882926726
  0.11948147683120194  0.12898432792120118  0.13872185478489885  0.14827248694112430
  0.15751041855115624  0.16688715901960330  0.17656340523017897  0.18793304849614628
  0.20003621519031087  0.21103424348838104  0.22102724250685041  0.23103194496539670
  0.24168981883438306  0.25199219873526235  0.26149145286613334  0.27051602257907886
  0.27947780732416444  0.28841640507321098  0.29734670635011795  0.30630831866346381
  0.31578609699389376  0.32590289047012511  0.33640660951831691  0.34754377007755449
  0.35817442789057591  0.36851511062542197  0.37907436773255249  0.38868868907398757
  0.39807600650701458  0.40748716123042661  0.41773900522923157  0.42851878626387313
  0.43985448822938505  0.45239505499405275  0.46576246998722937  0.47924573916691449
  0.49257183659569070  0.50519564535165051  0.51686460700120906  0.52801072585888376
  0.53940069277081892  0.55157439707177636  0.56349934721597783  0.57442582138176068
  0.58543816870336085  0.59692085861876143  0.60856031759592988  0.62024238975593460
  0.63200595913365365  0.64364078423814541  0.65501096460607655  0.66672165335809397
  0.67908636459988025  0.69178980350853525  0.70459649252108236  0.71666574397347460
  0.72735013828085582  0.73700842532239907  0.74717646269637394  0.75795074786297978
  0.76915786363068617  0.77980468864177399  0.79024071270350915  0.80011215366338662
  0.80983654450822096  0.81980121033580733  0.82984507838063792  0.83926745197292441
  0.84792540008458206  0.85709149472646284  0.86708308792294353  0.87650649148557769
  0.88575365111349202  0.89493586190836072  0.90470014052585523  0.91468784008644077
  0.92451934183666484  0.93378439190894869  0.94310084296168351  0.95234475886669756
  0.96203644677678923  0.97275997998068631  0.98486346710808481  1.00000000000000000
 -0.00243025570872025  0.01218725885004396  0.02368547076040649  0.03361730730531091
  0.04341022935717002  0.05350863189798729  0.06323356463182465  0.07248912981543415
  0.08179603183391582  0.09272411882309389  0.10495254033620223  0.11524022549926714
  0.12497477753063189  0.13452470112083667  0.14448903675038605  0.15457787164072562
  0.16489534460994965  0.17561457946353140  0.18657398884235185  0.19740298441383819
  0.20844232742576566  0.22012044171322789  0.23247385604984355  0.24460110516306488
  0.25733685172410203  0.26958012777287027  0.28363747964956937  0.29835417667255792
  0.31271608703881365  0.32579594823494440  0.33675376171199817  0.34709531144129646
  0.35711812871475729  0.36667460005196262  0.37599443879631350  0.38521725986969768
  0.39532941938918764  0.40620086797093607  0.41674313614569197  0.42748753436053899
  0.43800180663287996  0.44847684565831586  0.45844986122854209  0.46871124901765931
  0.47924086749305617  0.48967164979232403  0.50012055426684232  0.51045129874590078
  0.52013125877635735  0.52927730999332356  0.53883923935779010  0.54921964837374437
  0.56019997739300853  0.57130211377257678  0.58100192912999638  0.59212426572463117
  0.60358921409502109  0.61585347045578842  0.62697660111610620  0.63712244169987575
  0.64688455295483172  0.65658452277146129  0.66631888500345604  0.67614674713075340
  0.68591361926478400  0.69568782635967141  0.70491613947678278  0.71470983067482663
  0.72486180149745627  0.73481443320040418  0.74462574977826179  0.75459301303301474
  0.76423680556278084  0.77332346108266592  0.78208753347291060  0.79104928909667771
  0.80065611759835775  0.81017675564943237  0.81950497267257827  0.82954808449228834
  0.84099923253789644  0.85136886943103218  0.86156931197561371  0.87228442589540367
  0.88278204981174757  0.89270527533899124  0.90192147773408937  0.91114839897449817
  0.92106831898392505  0.93145431065532502  0.94205300934632152  0.95329554555390983
  0.96460452743950542  0.97630009788766536  0.98827716767115725  1.00000000000000000
 -0.00651160607030703  0.22932024075383575  0.25384960013985658  0.26900612345304936
  0.28025509121218478  0.29005395940022843  0.29894294973131497  0.30769055001250961
  0.31560273084849799  0.32284625515427273  0.32979659763328778  0.33672063745732228
  0.34335838783938050  0.34965936463013386  0.35559652755938914  0.36117657774478773
  0.36667321107948836  0.37218903125775787  0.37785007710989582  0.38399202237835794
  0.39059789171020848  0.39712707012781318  0.40282973103704500  0.40824570319767556
  0.41361023071691072  0.41936577070140557  0.42511634831816536  0.43078188840183240
  0.43638624222232597  0.44176222141197302  0.44712860730194398  0.45257870626842639
  0.45806415935796674  0.46371393367221109  0.46917024177772076  0.47440419651661353
  0.47961775923078864  0.48494183418057918  0.49036259690985673  0.49572030313109633
  0.50096874538644687  0.50621947826212232  0.51127960142784912  0.51636712214534086
  0.52176689026472567  0.52777589315384210  0.53403250461721685  0.54002283581084776
  0.54567470065386559  0.55113000601776230  0.55643660150973562  0.56184077199052440
  0.56753446381211881  0.57341991546526305  0.57930520811402231  0.58495661247714492
  0.59031277854137132  0.59566273613819209  0.60130536471078166  0.60716275013000320
  0.61365788785889641  0.62047689073468737  0.62697791840567585  0.63358970601664977
  0.64006876301770199  0.64662206640052922  0.65327406084739026  0.65986503282993225
  0.66638901804680339  0.67280837390474380  0.67943726930980686  0.68688779646448395
  0.69553049971849712  0.70437847526782771  0.71226518737678890  0.71925436296521006
  0.72636471868924324  0.73345798667929529  0.74060404309600381  0.74812460468694275
  0.75622728956479146  0.76440104991422142  0.77242956508362393  0.78115010438841637
  0.79023556073820644  0.80032208068424393  0.81095525255412049  0.82219847152633252
  0.83399698826578372  0.84630236568359785  0.86000413828251632  0.87542131726660988
  0.89351424248961375  0.91448214303970699  0.94295720537589067  1.00000000000000000
 -0.01863866296119859  0.11013614573253228  0.14395813077126923  0.16570956030725933
  0.18264636722609914  0.19734236287095144  0.21134166782626199  0.22520297314932061
  0.23768801367641909  0.24883031533266811  0.25857744893087686  0.26809015753014631
  0.27709958517571320  0.28587200976082933  0.29390970377285625  0.30151423779764169
  0.30882095664909898  0.31597247106233228  0.32322128505092262  0.33022976978705998
  0.33708732833404442  0.34386524292204351  0.35078344127464339  0.35798762398156792
  0.36526478163540432  0.37235395573567531  0.37889377379241307  0.38564321171521770
  0.39204716503985687  0.39824825702230382  0.40410256134603162  0.41042672405276720
  0.41655267607931729  0.42274899824019063  0.42856911541466025  0.43415304101311142
  0.43972793263738663  0.44567062677903924  0.45192712550081621  0.45839863450218060
  0.46506347330079684  0.47161508551471493  0.47789007346211348  0.48405278660977036
  0.49014087134038997  0.49614426843071119  0.50165460989544808  0.50701827931613563
  0.51246313579470060  0.51793783332546417  0.52330294267073663  0.52860112648669200
  0.53398718812949386  0.53945877627994676  0.54509091709777169  0.55072176390896244
  0.55584964504113066  0.56094413300044721  0.56627758477606893  0.57198978614609786
  0.57786564007293917  0.58371961997996524  0.58964244442085234  0.59578722294697750
  0.60221107078228386  0.60873255622651268  0.61526013247154143  0.62161408260340445
  0.62746018288367111  0.63288083972429543  0.63835171953143743  0.64387658710025564
  0.64944599980259565  0.65511840170798252  0.66076314992492735  0.66647441021653275
  0.67238307029158906  0.67853202149930592  0.68492248608509432  0.69180350550427472
  0.69935311001343958  0.70756138972658833  0.71646007150717672  0.72599449912891467
  0.73587281321164089  0.74629588511031286  0.75727386445659983  0.76854699077989197
  0.78001169785390190  0.79164115835492532  0.80397960801889701  0.81832980978105985
  0.83412663651214924  0.85301123052138716  0.88875627554744085  1.00000000000000000
   4.0744686740162046E-005  -1.0000000000000000     
 T F F F T F F F F F F F F F F F F F F F F F F F F F F F F F F F T F F F T F F F F F F F F F F F F F F F F F F F F F F F F F F F T F F F T F F F F F F F F F F F F F F F F F F F F F F F F F F F T F F F T F F F F F F F F F F F F F F F F F F F F F F F F F F F T F F F T F F F F F F F F F F F F F F F F F F F F F F F F F F F T F F F T F F F F F F F F F F F F F F F F F F F F F F F F F F F T F F F T F F F F F F F F F F F F F F F F F F F F F F F F F F F T F F F T F F F F F F F F F F F F F F F F F F F F F F F F F F F F F F F F F F F F F F F F F F F F F F F F F F F F F F F F F F F F F F F F F F F F F F F F F F F F F F F F F F F F F F F F F F F F F F F F F F F F F F F F F F F F F F F F F F F F F F F F F F F F F F F F F F F F F F F F F F F F F F F F F F F F F F F F F F F F F F F F F F F F F F F F F F F F F F F F F F F F F F F F F F F F F F F F F F F F F F F F F F F F F F F F F F F F F F F F F F F F F F F F F F F F F F F F F F F F F F F F F F F F F F F F F F F F F F F F F F F F F F F F F F F F F F F F F F F F F F F F F F F
  <DiscreteSampler_grid>
  grouped_processes
  1 # 1 for a reference and 2 for a running grid.
  10 # Attribute 'min_bin_probing_points' of the grid.
  1 # Attribute 'grid_mode' of the grid. 1=='default',2=='initialization'
  0.0000000000000000 # Attribute 'small_contrib_threshold' of the grid.
  0.5000000000000000 # Attribute 'damping_power' of the grid.
 # binID   n_entries weight   weight_sqr   abs_weight
    10   10   5.441387543837361E+001   7.346356217769307E+003   5.441387543837361E+001
  </DiscreteSampler_grid>
