  0.00353423677715179  0.01092310485889678  0.02052132303255444  0.03034237209495914
  0.04030237498939240  0.05080311763483128  0.06129785671027306  0.07162995345693700
  0.08177118470970704  0.09212372445974927  0.10284693064652996  0.11353993511300423
  0.12448497091929035  0.13499579116808733  0.14564400889166473  0.15580251890253258
  0.16602618662486901  0.17623672501844923  0.18654657946352432  0.19733397007724379
  0.20784589252556152  0.21819159628385626  0.22831744665204753  0.23877722350107003
  0.24924906596611146  0.25966269549385290  0.26992574823200832  0.28030026969478633
  0.29080736696066661  0.30098704798135523  0.31137029667514166  0.32164922298167847
  0.33216792968374448  0.34278030695272060  0.35342353409709115  0.36413278097560919
  0.37491087458019196  0.38564471311664744  0.39616302879332588  0.40643666861442762
  0.41666172845397037  0.42705827209491953  0.43733293888829550  0.44761048811850618
  0.45797387226096503  0.46876143690081745  0.47925784408847089  0.48942824173377963
  0.49962543873436921  0.51011931059946880  0.52039956275144450  0.53039492865397175
  0.54022019507344277  0.55037542091378666  0.56060084197997673  0.57104156035340581
  0.58137212146816053  0.59164835083750045  0.60198683398622910  0.61242968333832171
  0.62305712692760518  0.63366023976493990  0.64425948313515824  0.65477753956387752
  0.66542519576341497  0.67617535410616891  0.68700945631148336  0.69783847583624059
  0.70852526414645634  0.71894109901621983  0.72941967266300378  0.74011517195571574
  0.75076378085519713  0.76116347851251309  0.77168554071966033  0.78208075242516495
  0.79252024324184989  0.80304286446127027  0.81389050448802058  0.82498876506920193
  0.83615963547741490  0.84732104791901974  0.85814368972625832  0.86890984910279412
  0.87973328653132399  0.89076653247927584  0.90160974606886457  0.91221688700455439
  0.92257437473585024  0.93305525747906259  0.94359004813748815  0.95420304947829671
  0.96500588783233454  0.97592431842850158  0.98750958461212468  1.00000000000000000
  0.00700396507270511  0.01595090264211927  0.02702794643764415  0.03856146293378140
  0.04970458176793902  0.06079013233316237  0.07173088691195267  0.08272010942034201
  0.09378652198313454  0.10495617500317216  0.11609957058525354  0.12721373500444871
  0.13794531747497435  0.14860738828819919  0.15922487518240508  0.16980451648324824
  0.18012719647473432  0.19057454519831862  0.20097420047804926  0.21162142310932283
  0.22193812100620738  0.23234382858132874  0.24284882753506234  0.25362327695586523
  0.26459338279315464  0.27549765865770953  0.28653750610333756  0.29749002886649784
  0.30834344261112345  0.31916966095944971  0.32972102931098812  0.34017846437251464
  0.35045719345806070  0.36078921002403558  0.37135641877226988  0.38166757881135716
  0.39196916960017059  0.40242865355146068  0.41314633752155044  0.42402859653812613
  0.43463996934691163  0.44516869487045613  0.45565356246150079  0.46595840937792010
  0.47608253688636321  0.48609538315913914  0.49648639435536024  0.50706573316853332
  0.51792675362927598  0.52851514049761195  0.53927511173930243  0.54987178383542479
  0.56031726861475561  0.57071522899241878  0.58124224744107711  0.59168634175571766
  0.60204463151106047  0.61223227237800582  0.62253172826759040  0.63276703952150182
  0.64316474613199992  0.65364422174516157  0.66411082277131595  0.67459180827879228
  0.68512131946599297  0.69596529057842482  0.70685249844177034  0.71746752967705663
  0.72758866470356021  0.73766220351054845  0.74768185986296176  0.75806591410314628
  0.76821875617509261  0.77841600059472160  0.78846910642511725  0.79839163316960915
  0.80844345434929410  0.81858715671746229  0.82870226215041864  0.83897712355387311
  0.84939932695004194  0.85994370317129254  0.87044342251497175  0.88090453310993955
  0.89164509007885984  0.90244766388341091  0.91292196374831169  0.92344184081836178
  0.93373357585524186  0.94409374197063656  0.95404953058362696  0.96374987277149549
  0.97340089599166135  0.98285104818903157  0.99180378403825065  1.00000000000000000
  0.00336865605649758  0.01126480384576586  0.02121066164602931  0.03121209192769139
  0.04160893114561150  0.05192275130929475  0.06235383441943598  0.07308586738899377
  0.08363047476185301  0.09413894048715581  0.10428279333772476  0.11490991794238437
  0.12515265055364402  0.13573817512897926  0.14626000749488685  0.15742052886261268
  0.16812740102200835  0.17867894073191742  0.18905193386614916  0.19938769458516672
  0.20963573424670215  0.21987369135336057  0.23009625313266568  0.24018328435826178
  0.25033997559132826  0.26081824060916875  0.27144947225106175  0.28190069314993871
  0.29239992629389311  0.30299859453842715  0.31337872296933661  0.32362947705804024
  0.33395087817831309  0.34437533736741310  0.35476552265945205  0.36529192354675455
  0.37611806992000402  0.38718564194897032  0.39819131036034816  0.40899967689514366
  0.41976279597955074  0.43070204010626328  0.44169214690595426  0.45284313607879489
  0.46386137734906563  0.47470108130363714  0.48532878064555779  0.49592149053225060
  0.50654625211394155  0.51704458387108221  0.52749894629061622  0.53779859863226120
  0.54817109300835198  0.55854308097377803  0.56900257573084856  0.57934330362275233
  0.58965877035632963  0.59986024547280825  0.61021662243261121  0.62050134025495596
  0.63102387904071389  0.64138744393547842  0.65175102601667434  0.66208330222740530
  0.67262195761700705  0.68318706757838643  0.69364137305228735  0.70397928656103514
  0.71445437583942117  0.72485757240044035  0.73529414279764260  0.74587389916588698
  0.75663338961539939  0.76727593561553709  0.77744094492423566  0.78760281981456826
  0.79770208831047817  0.80806832419743191  0.81856552727679488  0.82903732279546682
  0.83940945795790722  0.84993400391248486  0.86026190353955478  0.87072822270697492
  0.88103936693205087  0.89159080258848111  0.90207949402824150  0.91259860579275820
  0.92310378647331537  0.93370552696052400  0.94439957908196459  0.95508224127188579
  0.96584466475745345  0.97698987890090294  0.98832269777810744  1.00000000000000000
  0.00572661759145875  0.02071325990102391  0.03601332080622712  0.04888933300271613
  0.06048696123547743  0.07190231759519398  0.08308157965421784  0.09397564703607501
  0.10483615949809146  0.11580945820019652  0.12685288388485033  0.13757954799782363
  0.14830322440609425  0.15906157410578994  0.16990791333782246  0.18054802512213394
  0.19127178801406608  0.20203537736334021  0.21276446180992054  0.22319372023170614
  0.23376869831737199  0.24415011956547256  0.25450106017988255  0.26469976553790830
  0.27487014788421588  0.28508542082351995  0.29506401278934341  0.30555045219801968
  0.31617408034736522  0.32706230625729926  0.33764563444912243  0.34782237477710920
  0.35802177136239749  0.36817899384019603  0.37864657557922055  0.38907729969606886
  0.39953932951839671  0.40986185101227390  0.42014683585065071  0.43052592736325035
  0.44103868199031632  0.45157514841548635  0.46206655791651119  0.47237204596027710
  0.48288627102350634  0.49339496234503066  0.50362205844550800  0.51371154568422750
  0.52386421582216114  0.53457903695576348  0.54534568596447675  0.55596790007229602
  0.56633774769199385  0.57670346415957097  0.58666102188899394  0.59692972711032977
  0.60715134787229497  0.61748895328670750  0.62787714428411878  0.63827696768646724
  0.64860873015013965  0.65883774750854873  0.66904739992051310  0.67941565070284071
  0.68992835599056224  0.70011491002631820  0.71038476929702354  0.72036243364179187
  0.73062829787901384  0.74068207690027954  0.75094559891094936  0.76136087072512060
  0.77155089109933728  0.78207521364298560  0.79232413826598824  0.80350012767711421
  0.81397407890337659  0.82467089829910334  0.83504030569767462  0.84530082411286345
  0.85535175722818413  0.86522003618520327  0.87542791266381137  0.88595130290479396
  0.89631381210550076  0.90675979145331620  0.91688573699851217  0.92715167986258196
  0.93689826739509807  0.94661003391804643  0.95639701532667287  0.96608158545522249
  0.97539072718842468  0.98402179705813164  0.99155073510617597  1.00000000000000000
  0.00000225950300000  0.00000814640395940  0.00001219226845574  0.00001623142588821
  0.00002041643851254  0.00002485193807110  0.00002924983956037  0.00003345973541637
  0.00003752766734435  0.00004155108828363  0.00004556502543958  0.00004955166685602
  0.00005362311547533  0.00005775750416319  0.00006202474357458  0.00006645087034934
  0.00007098097522533  0.00007562722683043  0.00008029584492350  0.00008496267463694
  0.00008973655581623  0.00009473332102318  0.00009993199736732  0.00010526736247732
  0.00011077370699265  0.00011640473815296  0.00012214453847531  0.00012796655925002
  0.00013411153788457  0.00014066346479151  0.00014755030814154  0.00015475758608221
  0.00016233758959232  0.00017017808944678  0.00017855249980793  0.00018727788629780
  0.00019607437540427  0.00020526430801223  0.00021454282165942  0.00022438716894804
  0.00023462719225070  0.00024509454381759  0.00025604169478537  0.00026721727517951
  0.00027900622553282  0.00029128836651080  0.00030406599805803  0.00031750073853766
  0.00033148265396640  0.00034609107857552  0.00036114007216661  0.00037677926171382
  0.00039307426024601  0.00041010199927244  0.00042800398112672  0.00044675537751331
  0.00046681073268574  0.00048809867146675  0.00051075555642775  0.00053471284878528
  0.00056013262475653  0.00058752003385231  0.00061658839783111  0.00064735457554923
  0.00067941458157964  0.00071332619006086  0.00074943693282679  0.00078855450091731
  0.00083095152961474  0.00087649634004782  0.00092636099707061  0.00098223758692995
  0.00104301544261819  0.00110594764630789  0.00117299595424572  0.00124867383407848
  0.00133186071540670  0.00142237935125227  0.00152668519734175  0.00164359614343798
  0.00177168378391089  0.00191889767103806  0.00208920668586854  0.00228556628751479
  0.00251207806589888  0.00276681819495517  0.00306726798069115  0.00342855592323789
  0.00388470888091955  0.00446403534726904  0.00517932829721189  0.00618630207693001
  0.00870065350992823  0.01515409557062746  0.13268540178629981  1.00000000000000000
 -0.00253914141759637  0.01000067557297599  0.02047452836864061  0.03079548350186325
  0.04160363144308095  0.05257618807905997  0.06342016940577791  0.07378143136365983
  0.08405713051312411  0.09453849467386009  0.10507825319301416  0.11560782400127763
  0.12629588537833247  0.13719492770599051  0.14805819938934670  0.15882167048840623
  0.16961283473629757  0.18066648869197482  0.19151065589967228  0.20213999234159838
  0.21278145453511910  0.22369627711817672  0.23467433529455345  0.24560547324020676
  0.25664201925591157  0.26784749363504801  0.27907690616840064  0.29025092146324627
  0.30114099527289140  0.31177168685755280  0.32231550292152994  0.33309678519784319
  0.34386472828657805  0.35447612973995474  0.36495953581805318  0.37548083807763949
  0.38606511706513563  0.39655067397185423  0.40692267329095999  0.41722323623522384
  0.42781711695156838  0.43868650391855540  0.44956354804573584  0.46005964620288226
  0.47053903176649725  0.48111864709465324  0.49191527951762182  0.50242514029630247
  0.51292912900867038  0.52336419900462561  0.53402652821687302  0.54486351083989670
  0.55581843166993772  0.56661591123072508  0.57738116558997565  0.58804482278521919
  0.59872467725960798  0.60923105608936290  0.61968948881290020  0.63024544893500634
  0.64070511266062058  0.65131427534561281  0.66182201705667354  0.67226042433053690
  0.68262349333209660  0.69313458082512791  0.70383351056611665  0.71399377856096169
  0.72369646215727990  0.73328823906775742  0.74337795864115608  0.75355523352441933
  0.76365376105679517  0.77381409554373104  0.78432874991364365  0.79513722479817406
  0.80562744744527159  0.81600632871627488  0.82626689869123893  0.83647694959188168
  0.84664905029662996  0.85696191347553941  0.86735767370234373  0.87793628874511087
  0.88843050838487481  0.89887608966123411  0.90900177056288201  0.91917213919651608
  0.92936728726077600  0.93950935103692890  0.94944184939662535  0.95940971964755206
  0.96964902786326079  0.97992943905760954  0.98993365827253299  1.00000000000000000
 -0.00215854295671917  0.00978649385352720  0.01982485517993097  0.03047051341168557
  0.04086675292491170  0.05146715807443997  0.06187026978005695  0.07260734350640287
  0.08315912062387894  0.09385017683482137  0.10442170814897860  0.11516567987096182
  0.12611234801079849  0.13682800455131400  0.14750283120073435  0.15803149726493099
  0.16853371894874603  0.17916357663165478  0.18973267886284512  0.20024615494246845
  0.21071950834335593  0.22125815744232283  0.23164378036975128  0.24209038371617608
  0.25266658268049846  0.26326282715407379  0.27369838209539860  0.28432449122625941
  0.29514155434342665  0.30588247554552445  0.31643798926186140  0.32682534334585656
  0.33731431070797796  0.34783059435728869  0.35849116050956337  0.36925914741233296
  0.38002415985852450  0.39057366597978987  0.40108310752333526  0.41160105860700957
  0.42211570559096534  0.43247960621964743  0.44268245874803236  0.45300297340612505
  0.46325183740642062  0.47347669525664327  0.48370053322229484  0.49400772742460236
  0.50431550100755196  0.51457318731182278  0.52513671493342495  0.53581004953788469
  0.54648815097317360  0.55708458961242013  0.56766482584149636  0.57826873333591444
  0.58876315403029322  0.59914434672148664  0.60954489797757949  0.62029211103818738
  0.63135317977365957  0.64234862887063049  0.65305007044192964  0.66344386839227565
  0.67369752275647821  0.68361289300457428  0.69378826605561805  0.70411073400704383
  0.71488904090350502  0.72572986805805451  0.73660538915285378  0.74716629187091621
  0.75752177278209343  0.76763348569820966  0.77786517137102462  0.78808141974061952
  0.79848638825924667  0.80916492317123601  0.81992911321083850  0.83068692921119303
  0.84155698951061597  0.85232984752818974  0.86324177137934988  0.87420888878047998
  0.88532710070124743  0.89639305423953786  0.90685485074711880  0.91752595442095619
  0.92829747581123856  0.93882015424070053  0.94899641885505071  0.95901520892134917
  0.96935997479820168  0.97967210396560334  0.98976516013421867  1.00000000000000000
 -0.00248108160277657  0.00994294714918739  0.01970706735390393  0.03047383346818137
  0.04087443409192031  0.05151248288681092  0.06211761728381383  0.07254883831457269
  0.08268259131104083  0.09260320144809511  0.10281710968102345  0.11343965253663726
  0.12382081562982974  0.13404858091789110  0.14426614096775858  0.15476628747414270
  0.16518880212880510  0.17588821814865885  0.18681651877539174  0.19780575364493719
  0.20853427647490022  0.21877177769255307  0.22894169488191066  0.23922317817085478
  0.24949100359061993  0.25997478034739741  0.27041183567557092  0.28097126318287774
  0.29125096996831362  0.30129606366149769  0.31124679217845436  0.32156341530547045
  0.33203399864283362  0.34257118277812271  0.35293091629959267  0.36356373349569282
  0.37433983329923431  0.38485424502598170  0.39533841385189294  0.40551190185561081
  0.41588856767691268  0.42622475924219655  0.43665150093331367  0.44666510033244455
  0.45657319663075474  0.46677130664088040  0.47745462968043162  0.48824252059797324
  0.49907371966311703  0.51012548175939676  0.52124936796944299  0.53193576588017355
  0.54270433445547062  0.55301574974055157  0.56358804982518618  0.57399141546620780
  0.58449701607141902  0.59523264279433996  0.60608408086266374  0.61716977929549510
  0.62797814605605107  0.63876206023445248  0.64945749465886216  0.65986254574769010
  0.67014206664540732  0.68061713648652844  0.69150285314969373  0.70229193776454379
  0.71303050713370453  0.72409769490953835  0.73524952298506030  0.74655504884076285
  0.75774395741087008  0.76889636919395432  0.77968331324119189  0.79053878975902803
  0.80073205342147225  0.81084641581839956  0.82094329030491586  0.83111014879883460
  0.84138178535710484  0.85146491441274297  0.86184585897402799  0.87244111466800045
  0.88306471276642440  0.89358258054612372  0.90387536768020138  0.91413974622190097
  0.92471651606440375  0.93497329455804301  0.94556876022868952  0.95615015464142594
  0.96734704982659692  0.97839627363890824  0.98929669050765490  1.00000000000000000
 -0.00219802736119961  0.00874756754786662  0.01831703240005515  0.02869467265157735
  0.03943292725395171  0.05028211341499886  0.06104715915018744  0.07144307964263963
  0.08159724356692394  0.09173866347526163  0.10199917704064627  0.11247134646789245
  0.12294132885997026  0.13398299809740727  0.14516739890603206  0.15602130533400510
  0.16659152531213223  0.17695113653059166  0.18745818483620172  0.19805295341044016
  0.20854842482045211  0.21881208845482700  0.22898019140411555  0.23940829083429185
  0.24997379064375863  0.26039161472667488  0.27077177461169721  0.28115515971753158
  0.29178849338582385  0.30246322212661403  0.31335433942698648  0.32414803397448178
  0.33469426704677790  0.34482431174083267  0.35477347990618330  0.36492481273787897
  0.37534595852499597  0.38589372358259760  0.39638403484547752  0.40672096802458990
  0.41714880582198899  0.42764703575110136  0.43823270564523320  0.44872466824252749
  0.45927984857286486  0.46984275597715119  0.48053513843702628  0.49103423857517153
  0.50141259169947028  0.51174180069835218  0.52228343231691599  0.53315261309228013
  0.54415327052717311  0.55485609249114398  0.56553112077706480  0.57592920758533706
  0.58644457188620047  0.59681740188952859  0.60722922739193919  0.61801722871758658
  0.62909274637123025  0.64013870554558450  0.65071507783802363  0.66107096786366448
  0.67160025802981593  0.68226511298578407  0.69292405790286793  0.70327540446259795
  0.71369983020473560  0.72408092465724982  0.73477173834202991  0.74532573940370772
  0.75614353230854103  0.76695629033788204  0.77772864423563526  0.78848505006916447
  0.79922520144319942  0.81025439219919870  0.82117205114814973  0.83193792345409046
  0.84193631135377345  0.85209903176349799  0.86235325613459457  0.87280910326067007
  0.88323889901821218  0.89364865778615221  0.90385888365799438  0.91397992795992022
  0.92421790518936109  0.93488904147034924  0.94569100794180261  0.95650519383548260
  0.96724665675233623  0.97819432910037951  0.98882882008611050  1.00000000000000000
 -0.00230563075340342  0.00919672981771285  0.01887189524966154  0.02893204756358689
  0.03894805617291005  0.04908770852377775  0.05919291063218785  0.06940353024807346
  0.07989521438583305  0.09038296541584508  0.10101593256765642  0.11130856300002848
  0.12158291943350104  0.13148945150991992  0.14152133834094302  0.15159098610892652
  0.16161051597166093  0.17164462862919336  0.18194842603733247  0.19239919373505246
  0.20295788350449642  0.21337634470583661  0.22384000950446048  0.23409488619513716
  0.24431185952662429  0.25449716984436982  0.26492337610596950  0.27545741311381716
  0.28592473600481555  0.29620750678931346  0.30620600882301524  0.31621559236068558
  0.32624959521117775  0.33673900895424397  0.34737388676317560  0.35805457842070032
  0.36843450514522402  0.37886300891058411  0.38930787451803978  0.39995550645157885
  0.41043151691548668  0.42073251363589359  0.43100721902423905  0.44129001080227725
  0.45182341554147787  0.46221329335409228  0.47266303269068460  0.48334262741978290
  0.49418069874701170  0.50488908684521205  0.51523832614414233  0.52564569189233457
  0.53625817882457982  0.54668574936459180  0.55686067010930118  0.56718414117115679
  0.57773478242725762  0.58839103445085161  0.59902835400882171  0.60990697550080875
  0.62086721979541559  0.63120097762887317  0.64156188615648446  0.65217359667234232
  0.66334779720590387  0.67408263774666033  0.68470961284899756  0.69537382298525752
  0.70602377952237683  0.71616889923582627  0.72635814725706027  0.73676335364419765
  0.74718376987920476  0.75793991790877469  0.76900592964739867  0.78072648951816204
  0.79197228234113104  0.80317238281740166  0.81401007331675512  0.82507947698333439
  0.83586940357145600  0.84678563926647410  0.85758441197904944  0.86823993662785615
  0.87908332978125947  0.88982085367652397  0.90104139236471081  0.91229360083105959
  0.92350413889810723  0.93473026015598182  0.94552702274436273  0.95621012730543486
  0.96696462658075077  0.97780513038461603  0.98890016810512027  1.00000000000000000
 -0.00251527028148738  0.00955654635897910  0.01979097666546470  0.03031116768353418
  0.04049575744111254  0.05110640583610985  0.06185923905006800  0.07264615749183878
  0.08309246181231922  0.09386537868421140  0.10456538162614158  0.11540836059913182
  0.12603845428468255  0.13679610596737080  0.14751655143853279  0.15849846105939502
  0.16943405003426776  0.18028770434971228  0.19084288025848828  0.20131278693726698
  0.21193034802483540  0.22263604826916139  0.23325756698953518  0.24368998035086409
  0.25409831884644052  0.26459205397924596  0.27508041918684978  0.28579842155384527
  0.29649803889612014  0.30730836183159738  0.31801642585660600  0.32866564549209010
  0.33909583793344983  0.34942951237294645  0.35995951264453746  0.37047673451807445
  0.38137802828461353  0.39237497804619348  0.40302190192640458  0.41329135024468699
  0.42351930530274862  0.43383563503039629  0.44440531843158348  0.45494869710842628
  0.46561782754736941  0.47629858443251427  0.48699065675479447  0.49782828492564724
  0.50835316638900174  0.51889370529170209  0.52924873541185313  0.53991843538924600
  0.55063301869460546  0.56116525725982447  0.57213940746645442  0.58288836770084862
  0.59382723579206464  0.60472517080246846  0.61533775491763854  0.62586881075919987
  0.63610756303968607  0.64669620713419718  0.65729459388922518  0.66773894259378841
  0.67818108306955127  0.68849473149692342  0.69865047810746317  0.70866160609118034
  0.71884998522705668  0.72894482030742203  0.73959622249365864  0.75006029517986117
  0.76087468357077248  0.77134770436019284  0.78183484105068013  0.79245233543372540
  0.80292711737584310  0.81347260974268742  0.82401710486988067  0.83464095506572500
  0.84495610706139945  0.85537419563094796  0.86562749355029045  0.87598955608681772
  0.88594613909330167  0.89599479362064371  0.90603656965070989  0.91604987675254468
  0.92600319707139389  0.93610957904576586  0.94677125080144342  0.95764247591552720
  0.96832638955122508  0.97898330783475329  0.98953637594980848  1.00000000000000000
 -0.00234439050318622  0.00918447136436950  0.01886910069923387  0.02922328840508895
  0.03947056259077304  0.05057180786908438  0.06152298219293793  0.07234590091288018
  0.08315838407847383  0.09425753630512364  0.10527216919266927  0.11640263003738512
  0.12732214226427435  0.13785951972908941  0.14814332902805830  0.15863084440574085
  0.16946048879635009  0.18009326904040490  0.19064095219674079  0.20107963015900918
  0.21166276791409619  0.22242120796724446  0.23330409642702629  0.24417756380627698
  0.25487748626345302  0.26557479073029167  0.27619911668394798  0.28695577850209464
  0.29773733814000408  0.30819953475021072  0.31846223430442244  0.32871953652032049
  0.33920762944901250  0.34983633961680055  0.36038889186427714  0.37095269240776946
  0.38135608253638165  0.39188785194470593  0.40265806543309574  0.41350427638221121
  0.42412729892410383  0.43444951224748274  0.44460119143586535  0.45484701404052874
  0.46515452917412520  0.47592193094620333  0.48659503054219011  0.49718218419439669
  0.50730183089467451  0.51747745390934441  0.52801787881011009  0.53871349425857618
  0.54916875568114909  0.55940001661217542  0.56996025458368371  0.58070810806344764
  0.59131192442248592  0.60163225561310640  0.61181358325192969  0.62220903125545557
  0.63249592790505638  0.64304479539442538  0.65352370243171198  0.66417154653156207
  0.67450444327636450  0.68494865009804207  0.69563494749749821  0.70615631413615543
  0.71625044257355008  0.72626142920730052  0.73640988419090792  0.74684270502720773
  0.75695532305223545  0.76735071318753989  0.77755004354417334  0.78804185855002373
  0.79834600255169863  0.80878963959419858  0.81911115040648041  0.82959274559443563
  0.84006149576080358  0.85090607641015614  0.86177858626094961  0.87283632885888018
  0.88360364065052843  0.89467652331098180  0.90497605516505952  0.91554546990579178
  0.92615070666592747  0.93687233579882689  0.94737120178892742  0.95775137258374965
  0.96844433503285265  0.97914610061586205  0.98969735138477155  1.00000000000000000
 -0.00259442819982579  0.01018139568894711  0.02086818296537959  0.03130054238101933
  0.04153377378688324  0.05213998695888473  0.06257557797515595  0.07302968866182519
  0.08313255410016747  0.09364788149689034  0.10428424121497878  0.11492077372811735
  0.12550566749359654  0.13588437752803373  0.14627257789451295  0.15671268586369619
  0.16743072633834294  0.17817855944844774  0.18865526720768039  0.19943230715335550
  0.21021199983937791  0.22127652918969609  0.23202915413649258  0.24300154553775569
  0.25391124670921134  0.26451385392481019  0.27511645390314282  0.28591220840603687
  0.29667143156843911  0.30754796023290393  0.31822616555431410  0.32923408206271493
  0.33940671529677324  0.34961940363436511  0.35989685111650654  0.37046274467011353
  0.38088424181213759  0.39101208197517223  0.40120105413563573  0.41160141319285770
  0.42187032194767726  0.43221837951533626  0.44244806014858323  0.45291010593159808
  0.46336845955393713  0.47437750049510197  0.48574115812488167  0.49682757032514840
  0.50728555222721916  0.51751855919075362  0.52790666397629937  0.53808439226666316
  0.54839581743514676  0.55862982905208580  0.56902275834547456  0.57939833165658150
  0.58971290787385522  0.59996855391127191  0.61031736864404740  0.62074662166324146
  0.63122809747635689  0.64165149233451002  0.65206782147111930  0.66293988593807707
  0.67366396321478395  0.68437363463221523  0.69494949094871172  0.70546308321011153
  0.71585852601435218  0.72613254389459403  0.73663982171126596  0.74729763896571721
  0.75805530533178822  0.76877103359750620  0.77933432645026213  0.79003159830487502
  0.80025340508958620  0.81080089380461118  0.82116239801855673  0.83154048180498163
  0.84194675555067455  0.85252578919696609  0.86337094630530586  0.87389882281955267
  0.88411155377268003  0.89418667577349376  0.90437431788460421  0.91466745113038672
  0.92518600363528936  0.93576948664185333  0.94639471328243940  0.95705570935361317
  0.96762255428287280  0.97827066513842709  0.98901033546457306  1.00000000000000000
 -0.00221421195812869  0.00892595662892490  0.01869977114857622  0.02885096003905376
  0.03904716778974440  0.04941835318730183  0.05975825415594790  0.07016986538384040
  0.08063857606294376  0.09116843860595050  0.10164924284161868  0.11212425220815012
  0.12273833141239623  0.13343265892236897  0.14411197635538764  0.15474036076326808
  0.16532855030652480  0.17593978062633167  0.18629755496443520  0.19692943017351003
  0.20754404551312439  0.21817072185525585  0.22862819504861534  0.23862821384338112
  0.24866642746942147  0.25874624050021100  0.26925893356782310  0.28015133404805098
  0.29123643895629098  0.30207376449840567  0.31264366686608491  0.32295058916015040
  0.33337524731853291  0.34404294038039585  0.35475449759762978  0.36536256926348321
  0.37564198892252526  0.38582707350932605  0.39613403710717093  0.40647551504853852
  0.41691627576622958  0.42726153630444930  0.43776622599643106  0.44816405823089545
  0.45844561634898817  0.46866919312235034  0.47877453858133417  0.48924942422112261
  0.49982233278173005  0.51082408359234843  0.52177092985909590  0.53273219727101784
  0.54369739592961730  0.55440878995916931  0.56526649219211822  0.57562240030969913
  0.58600684507633483  0.59650877865708396  0.60724177136126822  0.61809249052087245
  0.62862275259938594  0.63926164076803393  0.64996426546834807  0.66083162610424395
  0.67163384533316084  0.68247810187106095  0.69328090503160111  0.70427155345887271
  0.71490927025301743  0.72536433727541827  0.73576433559089316  0.74643219130675009
  0.75712416275634120  0.76754065656309522  0.77784740333991198  0.78804239552167599
  0.79835657294366880  0.80886133630705093  0.81932129175000235  0.83011667325493210
  0.84066909043455318  0.85157095964177898  0.86232549481824250  0.87322287046734393
  0.88397826587813000  0.89499556652966361  0.90519861453407491  0.91532791795019874
  0.92548686132902569  0.93597706997296326  0.94689339584198473  0.95763976055877320
  0.96842983975190899  0.97900913241540732  0.98941619736416930  1.00000000000000000
 -0.00644997163128717  0.23921938537787416  0.26857726465721421  0.28633977572791658
  0.30036177661501751  0.31261524227184206  0.32386070252838467  0.33455051376628747
  0.34447977103384581  0.35396406016455889  0.36303240197498099  0.37178324946386082
  0.38013605525742600  0.38813461827575663  0.39600710652725524  0.40367273297852324
  0.41122847106951271  0.41860919686194387  0.42571254389712432  0.43274845502110182
  0.43968785024033941  0.44674036548939589  0.45368806785387972  0.46053794817921279
  0.46728037911334114  0.47403908663961142  0.48065485168099265  0.48716216155217024
  0.49352601309632377  0.49985366401407927  0.50606700523543047  0.51223202015056302
  0.51841522066108414  0.52462294558938471  0.53079180911969415  0.53684307861860314
  0.54281318989985416  0.54877800851886660  0.55477464625506534  0.56078822707113885
  0.56673852590986395  0.57257554289851220  0.57836626181247075  0.58416943001724697
  0.58999199360700072  0.59585982700651263  0.60161794586318229  0.60733544143622298
  0.61303702198898324  0.61875392162520548  0.62443388875804395  0.63013191250816869
  0.63581212735500936  0.64150533555399136  0.64723857168355503  0.65297239881728664
  0.65881000913289067  0.66467794817796733  0.67067022690935896  0.67671138521603891
  0.68274089460862086  0.68874486156757986  0.69459833703061835  0.70044682471963426
  0.70622937521625961  0.71211042273363945  0.71808081545369717  0.72410224312694604
  0.73016201506627842  0.73622025213527786  0.74227329036428535  0.74842789359123796
  0.75481268654369571  0.76139459461916470  0.76802918284861710  0.77471378335424890
  0.78151057952572589  0.78837547667261754  0.79531184976660196  0.80222218021756520
  0.80909074987560525  0.81618649865110215  0.82353977925054211  0.83120616703311412
  0.83923304168450796  0.84760741395857087  0.85632768581419771  0.86530580800734802
  0.87454579392429976  0.88439007310027384  0.89520935289439885  0.90722452871954606
  0.92040412278427497  0.93586374113975057  0.95862692845132746  1.00000000000000000
 -0.02513540519876780  0.12298454450017200  0.15883507096486882  0.18015196443486742
  0.19694095932251776  0.21144018161865849  0.22419157970381998  0.23559873017047619
  0.24653553767852063  0.25676527138158062  0.26632386860160057  0.27542888443963892
  0.28415904761834188  0.29242382843726594  0.30023426229309719  0.30788584882788689
  0.31539790980133436  0.32284830877656201  0.33017016177349362  0.33723553136020901
  0.34394756216473088  0.35038607789286841  0.35664265484586144  0.36288652376577146
  0.36912208615005948  0.37520586834557668  0.38112933410573796  0.38688838126067027
  0.39265866609726746  0.39842922938128961  0.40416995783152321  0.40985407059004902
  0.41554003314108545  0.42110036217404945  0.42662609849657751  0.43212752011873329
  0.43760205768602484  0.44303652978771346  0.44843957947406510  0.45382576126928575
  0.45922735570602347  0.46462867798357554  0.47000733869190431  0.47540137530565563
  0.48080455659507065  0.48622790069480609  0.49173451534921625  0.49725667737364254
  0.50261333553485388  0.50786942428484227  0.51306467470673600  0.51827174600643156
  0.52347263402382083  0.52873579626740619  0.53402179269484706  0.53938030155221994
  0.54479913668720481  0.55026149662168566  0.55572526107063480  0.56123231594129219
  0.56685777650910363  0.57249658081070942  0.57803294958902218  0.58355968818918769
  0.58918546609202616  0.59498406417370175  0.60097094573080423  0.60708376705032774
  0.61328398492522807  0.61949351029925881  0.62564588488382378  0.63181872408295647
  0.63792024036250250  0.64421083322146633  0.65076861898357563  0.65753735393531654
  0.66427876951218978  0.67117694065819444  0.67818557773856991  0.68552393066670780
  0.69298847099522842  0.70066686294740488  0.70845261617919320  0.71667598363306728
  0.72514571746786138  0.73405779047650666  0.74334123468052316  0.75336727712509544
  0.76427853941905777  0.77589457584751553  0.78859988028070860  0.80318424274286659
  0.82038704082480629  0.84175466744909277  0.87743832758174911  1.00000000000000000
   4.8442560981162783E-005  -1.0000000000000000     
 T F F F T F F F F F F F F F F F F F F F F F F F F F F F F F F F T F F F T F F F F F F F F F F F F F F F F F F F F F F F F F F F T F F F T F F F F F F F F F F F F F F F F F F F F F F F F F F F T F F F T F F F F F F F F F F F F F F F F F F F F F F F F F F F T F F F T F F F F F F F F F F F F F F F F F F F F F F F F F F F T F F F T F F F F F F F F F F F F F F F F F F F F F F F F F F F T F F F T F F F F F F F F F F F F F F F F F F F F F F F F F F F T F F F T F F F F F F F F F F F F F F F F F F F F F F F F F F F F F F F F F F F F F F F F F F F F F F F F F F F F F F F F F F F F F F F F F F F F F F F F F F F F F F F F F F F F F F F F F F F F F F F F F F F F F F F F F F F F F F F F F F F F F F F F F F F F F F F F F F F F F F F F F F F F F F F F F F F F F F F F F F F F F F F F F F F F F F F F F F F F F F F F F F F F F F F F F F F F F F F F F F F F F F F F F F F F F F F F F F F F F F F F F F F F F F F F F F F F F F F F F F F F F F F F F F F F F F F F F F F F F F F F F F F F F F F F F F F F F F F F F F F F F F F F F F F
  <DiscreteSampler_grid>
  grouped_processes
  1 # 1 for a reference and 2 for a running grid.
  10 # Attribute 'min_bin_probing_points' of the grid.
  1 # Attribute 'grid_mode' of the grid. 1=='default',2=='initialization'
  0.0000000000000000 # Attribute 'small_contrib_threshold' of the grid.
  0.5000000000000000 # Attribute 'damping_power' of the grid.
 # binID   n_entries weight   weight_sqr   abs_weight
    10   10   1.829430836990075E+003   2.227871464344885E+007   1.829430836990075E+003
    16   10   1.829430836990076E+003   2.227871464344888E+007   1.829430836990076E+003
  </DiscreteSampler_grid>
