  0.00268059865618288  0.01329436673667908  0.02431624289179208  0.03480124056245519
  0.04501901933130563  0.05445365151623482  0.06430356893522066  0.07302244714865297
  0.08204773961192033  0.09225960204340827  0.10154595459870824  0.11182837325224010
  0.12169266168805198  0.13103998574652506  0.14021434366505264  0.14977217736873538
  0.15973380061108769  0.16970149574866486  0.17930182203494283  0.18979774348497952
  0.20078965051631240  0.21102664043624825  0.22102052464955008  0.23129668895256378
  0.24231495020407470  0.25347449397613886  0.26504836957200989  0.27600038118202208
  0.28662770761331996  0.29685955088034416  0.30719960327508028  0.31777828656700674
  0.32832201118873511  0.33900957483027050  0.34993097943942775  0.36031399312410706
  0.37021110114563716  0.37961449576780515  0.38865749032857333  0.39792546749573754
  0.40738968836211270  0.41702612089345231  0.42755417748524571  0.43838662232487724
  0.44920860021800485  0.45995401799530039  0.47060624354775443  0.48088179816452764
  0.49080222105944349  0.50109550472631947  0.51188879345632354  0.52278817779437980
  0.53354777790142094  0.54393944550232121  0.55478048053790419  0.56512974744921562
  0.57462394062335631  0.58444311918126612  0.59485175803375046  0.60536741763081003
  0.61596813129594652  0.62688620954889129  0.63792737668653643  0.64905551913695581
  0.66046158134528565  0.67238095289150746  0.68474783112255733  0.69653359492974620
  0.70789990516030521  0.71820612147820351  0.72831096105971671  0.73886963841794717
  0.74957105807433944  0.76011524531557473  0.77050702509474156  0.78143152110390512
  0.79260036917473564  0.80441999623647897  0.81627173545839893  0.82840789782577928
  0.83952683669318973  0.85011812512185969  0.86041508438276892  0.86992876614548142
  0.87976083299686791  0.88909861264829582  0.89910626659993653  0.90922168219232780
  0.91999044492792204  0.93123396033433337  0.94194554821686294  0.95235020482232191
  0.96291649589913253  0.97503966045290014  0.98718985149100336  1.00000000000000000
  0.00713064258599790  0.01610167576446896  0.02717916050062312  0.03740833122283675
  0.04769498122527639  0.05829606552689304  0.06893680001307786  0.07966776947710826
  0.09070697301948806  0.10174980501729659  0.11243193797069322  0.12294642811107476
  0.13328087841368921  0.14332728162960631  0.15389038077426512  0.16488447355353766
  0.17615590935714223  0.18759921324460563  0.19900823946735363  0.21037813632755809
  0.22155407237178190  0.23239391475047763  0.24362618792306492  0.25411394258726838
  0.26461614942414036  0.27454620005443436  0.28541327256468840  0.29589736989846238
  0.30671739669364206  0.31732003660096225  0.32870501472289332  0.33916538832670751
  0.34953096764803937  0.36069290719934283  0.37209569114568614  0.38233892974689260
  0.39221366126020796  0.40287886736327555  0.41436721836803969  0.42527454869214149
  0.43623230570754234  0.44740978563025668  0.45898364934134117  0.46997707778526127
  0.48035054691101292  0.49052432316137734  0.50048717126008846  0.51050569850404381
  0.52006972823536057  0.52953940199574434  0.53910259313802200  0.54916682075211576
  0.55931605820403807  0.56959042917456704  0.57980163379044858  0.59002272080971740
  0.60081274141708785  0.61092835881781982  0.62133729402130733  0.63178845659778415
  0.64221437222440525  0.65268854290403600  0.66324808685976278  0.67375740976516740
  0.68435737567346988  0.69465813937808985  0.70482112962136789  0.71463969371956249
  0.72424752212938603  0.73384444690821737  0.74369123001534421  0.75391698195098666
  0.76450481248740332  0.77572080933979537  0.78747355667210839  0.79836282136788495
  0.80856196880185460  0.81857943524406440  0.82876228229045656  0.83946682230497627
  0.85055866292024773  0.86211354055253220  0.87397506295856053  0.88501838862512616
  0.89567886641445782  0.90590235909441119  0.91583076729690738  0.92618395400988041
  0.93664223685031833  0.94792064504096885  0.95867867719720157  0.96805867325881267
  0.97718427740511149  0.98563521181266323  0.99104049938684546  1.00000000000000000
  0.00324585945700414  0.01190108740553792  0.02233077519249916  0.03220202512686116
  0.04238320781680124  0.05300405575713876  0.06398578695033241  0.07520950591211122
  0.08613544134985393  0.09734346353274570  0.10817355226987999  0.11876763095430268
  0.12881734407386736  0.13853428819863739  0.14845042596873254  0.15827538577745040
  0.16844364668386522  0.17837016526191457  0.18812479233737342  0.19803958587974105
  0.20876851556977621  0.21938313081136895  0.22993401467101018  0.24021331069673521
  0.25030542854466958  0.26023103725692409  0.27029266950993475  0.28076542949009176
  0.29148916394957691  0.30228429458503542  0.31291703095299872  0.32339231338944119
  0.33351645265094249  0.34458895673088635  0.35556506460177051  0.36600191569502494
  0.37661491259532265  0.38705467102629154  0.39822295300812188  0.40905579395880848
  0.42027097401846536  0.43189065809668720  0.44291486902964844  0.45348797478012820
  0.46433569324585688  0.47529019669509659  0.48653316124727353  0.49794924427960457
  0.50976151488630139  0.52188012692114294  0.53393087133315786  0.54579667993153680
  0.55759228655499060  0.56899856032856522  0.57958122635357234  0.59029833886084981
  0.60084503941344092  0.61072512619568198  0.62089567104107002  0.63085008976206924
  0.64118636786732941  0.65157408504825587  0.66171420373583345  0.67200387420888286
  0.68198329331325303  0.69196525884483173  0.70208500403478735  0.71241098733343156
  0.72254204855873461  0.73230840834039657  0.74183909474138254  0.75138439381777056
  0.76090388943124487  0.77049656363365659  0.78040647674009300  0.79061422062551556
  0.80096915598235852  0.81151347324916601  0.82218816999092181  0.83316844755337294
  0.84456164017343094  0.85613269474761966  0.86742202600793694  0.87810359559701134
  0.88844117200099970  0.89880290293075993  0.90890576028939662  0.91913801494215375
  0.92865112229989066  0.93875952434762233  0.94926942891504340  0.96048003203842480
  0.97140099114453260  0.98260890138194701  0.99280044248211941  1.00000000000000000
  0.00576739224110400  0.02022474590541766  0.03440721646920292  0.04704415961593471
  0.05898229847127149  0.07082596344570216  0.08249429464974151  0.09430525957776527
  0.10575182820784292  0.11665259335269272  0.12726639549224950  0.13773894642357967
  0.14843415321087874  0.15963982515028680  0.17121673014463412  0.18303178486896615
  0.19510179859055771  0.20721771266314312  0.21896287188121727  0.23031482142710910
  0.24134531347132190  0.25227582946710497  0.26281956717649674  0.27292933005709341
  0.28289726456963882  0.29326756292163580  0.30419566299668815  0.31569644326517510
  0.32744920784065146  0.33880889066353731  0.34953532312953817  0.35992046572458042
  0.37012740899703922  0.38000555600339275  0.38986451334053684  0.39973822511705115
  0.41042415119601622  0.42146729151399254  0.43345565327100266  0.44390196001148091
  0.45309010543554851  0.46179629981634174  0.47056077327709606  0.47969104758832426
  0.48884434847758207  0.49789424137701166  0.50741509988735656  0.51724051805492188
  0.52745586198499028  0.53793768837616240  0.54861745358388070  0.55969811181768458
  0.57058961409757003  0.58180655830590533  0.59234246930729528  0.60292419550843201
  0.61389224554679567  0.62437980836974638  0.63452688394196766  0.64479375373053904
  0.65554826840726321  0.66595119816449222  0.67599176990493359  0.68599129816292248
  0.69633009823635206  0.70703819072533247  0.71779931867202829  0.72795871352667085
  0.73792420906400347  0.74772497681847960  0.75768862083047794  0.76719004388803835
  0.77652296887334904  0.78542414176368702  0.79497662727891616  0.80463073965668352
  0.81461907543179990  0.82538525691708287  0.83627627923425374  0.84714468022637301
  0.85796375979321671  0.86884229700769489  0.87961942773689972  0.89039926349290799
  0.90065268470894733  0.91044757409964439  0.91984138064886822  0.92956294432465159
  0.93941789044614787  0.94865569995540511  0.95778119514012650  0.96689590144858251
  0.97610410246676205  0.98485930237209807  0.99136500819367723  1.00000000000000000
 -0.00015281240396699  0.00132523608112366  0.00330288994540917  0.00603688920405440
  0.00915919955272299  0.01296267711736036  0.01698835665984527  0.02125653233191867
  0.02592111399825150  0.03086058836023032  0.03610654371404173  0.04133088534281465
  0.04683561669745750  0.05290462502481526  0.05945782375061812  0.06586281882792705
  0.07205095648370871  0.07832155739608709  0.08498180906497918  0.09211844348888987
  0.09937284964357088  0.10694123587316073  0.11433881161673898  0.12110469351298751
  0.12810238376193001  0.13499738568121974  0.14209409688025321  0.14949052427882895
  0.15771502349885905  0.16597154265109046  0.17449618495849409  0.18303573249226618
  0.19186623590075316  0.20084176924291450  0.21046463316628125  0.22019272853022251
  0.22980464488320226  0.23910597716473470  0.24832506602725815  0.25756316769068011
  0.26669813604571618  0.27581133720765777  0.28498829898441841  0.29457564063243463
  0.30493560065894104  0.31547672784563846  0.32629053912075245  0.33724319212125692
  0.34827161691457775  0.36034752902888240  0.37210958811081457  0.38287363436613248
  0.39305149891051350  0.40332796715347680  0.41383223797763652  0.42437955848430503
  0.43494150627861516  0.44562566290411770  0.45615908463351779  0.46681351190553994
  0.47747177237347432  0.48844519854509527  0.49996877612991547  0.51155891015834742
  0.52325924425455650  0.53485016970956212  0.54630977702174266  0.55814971524475654
  0.57023317881214708  0.58234631784084290  0.59516227404117705  0.60883712394551803
  0.62227520232716338  0.63494327113031113  0.64798923314726642  0.66280975588981528
  0.67675704350286270  0.69054888627985167  0.70438806976208168  0.71851549061377251
  0.73300169464131171  0.74783759196851485  0.76305569111396554  0.77868234232730760
  0.79480274607361412  0.81102712531403431  0.82742551715875079  0.84397216368908368
  0.86108227475811239  0.87870446588731099  0.89640563936173834  0.91517637440413457
  0.93567873220567954  0.95659868094434553  0.97803386177949669  1.00000000000000000
 -0.00265688464859103  0.00987919841918617  0.02013479863824323  0.03124793089168315
  0.04180927335100035  0.05211409604565163  0.06201377162577715  0.07264270214656376
  0.08343913676573306  0.09389256706826486  0.10420076214248346  0.11499625125011637
  0.12623843150060249  0.13767963697350408  0.14880138483408281  0.15956912359142322
  0.17041481632412186  0.18164919281219091  0.19288138881451311  0.20357692604374830
  0.21363370115235605  0.22354959306842997  0.23396477692925394  0.24459033995945820
  0.25529784813387080  0.26575791177275815  0.27626242450676891  0.28650680632120484
  0.29709584874494827  0.30824469941432381  0.31997018171701891  0.33130319929282226
  0.34252766433080106  0.35291077457814024  0.36218626878726801  0.37140415069933130
  0.38087466535165665  0.39008385566152493  0.39911129052677963  0.40842807250524599
  0.41868838916147916  0.42913728411898988  0.43947335077183275  0.44942332236812271
  0.45988822193682671  0.47120451184299539  0.48228937320021031  0.49340973118551579
  0.50418678729181043  0.51449551926740900  0.52506620251930303  0.53533769336028836
  0.54533515827317880  0.55526898160866101  0.56551816568509938  0.57619477910635830
  0.58691411645343650  0.59786559538549877  0.60885742955722144  0.61991946754131289
  0.63092955748595103  0.64185975716027088  0.65251790746067118  0.66301471059294292
  0.67325819828623468  0.68343838260311229  0.69347784562134918  0.70352853269502236
  0.71358252549649104  0.72361003471479135  0.73372434595903901  0.74414014080615765
  0.75496803834499771  0.76572885803185176  0.77648566334104119  0.78716275457905516
  0.79803117530908008  0.80912675272942958  0.81984993025080133  0.83035478037847343
  0.84102372007489234  0.85163212393965992  0.86192115564007310  0.87174988005582477
  0.88171096041631025  0.89156648497391100  0.90151103192746018  0.91186100085617161
  0.92291458374739610  0.93428389738581441  0.94560024125870790  0.95681859444325268
  0.96815577726823232  0.97902915976883575  0.98988086812993681  1.00000000000000000
 -0.00384544698082007  0.01394905355690879  0.02812576212077761  0.04258389731484124
  0.05543294880870495  0.06794295874324681  0.08044323094860781  0.09261524228129105
  0.10469341259030172  0.11696642397925079  0.12965816864070412  0.14231042655178475
  0.15498509554151366  0.16791043881206758  0.18134521437905426  0.19352163022275362
  0.20469509439649980  0.21641143465522827  0.22803553368177676  0.23910122731291031
  0.24994380765540766  0.26117463022555831  0.27216710571885977  0.28272684375380153
  0.29316278565135001  0.30386769340411335  0.31510038960086584  0.32668693775617186
  0.33830713185134381  0.34953353324232650  0.36003256148521923  0.37024779784755085
  0.38048800640065733  0.39033137314200550  0.39996281105435744  0.41036168822730984
  0.42149844737388226  0.43337048896193914  0.44437861521128463  0.45533416323629655
  0.46644631011362186  0.47733079795401123  0.48735507406568124  0.49776712012741642
  0.50806219337173231  0.51784861924492065  0.52711580296917326  0.53693619068028642
  0.54668953581734747  0.55638321033512916  0.56621671392429163  0.57692637049671580
  0.58764146060256961  0.59804501014339095  0.60853221673222635  0.61913532313459718
  0.62974477860134881  0.64025145747224155  0.65069077769481576  0.66098743442096897
  0.67089185249561312  0.68053214390090710  0.68966505573282366  0.69876019484728225
  0.70840087747745406  0.71814608394331281  0.72736447120597392  0.73619569308815658
  0.74487145288355139  0.75369693043668373  0.76304810578336069  0.77240556167108798
  0.78189724582560760  0.79147906445971683  0.80054300888268670  0.80983264995841897
  0.81968181943969465  0.83010521266843262  0.84061609188653941  0.85078043726881381
  0.86054127770086730  0.87001944267619535  0.87916363353139115  0.88798298953983446
  0.89676351381195685  0.90544770654482232  0.91420092486600202  0.92341738083786218
  0.93303550756541742  0.94287865797054959  0.95253681895231002  0.96185676916083584
  0.97107342496005766  0.98044846839064503  0.99011906562792618  1.00000000000000000
 -0.00220185524169181  0.00856600284283204  0.01793186416288981  0.02744719376944845
  0.03728113316775158  0.04688132791596401  0.05651462019918647  0.06639802492282679
  0.07654396191925998  0.08697778684405537  0.09794328540099817  0.10955759108836489
  0.12130417217685914  0.13272804491926996  0.14368533700253891  0.15368205943176069
  0.16337322633296728  0.17286953051033546  0.18238776349922697  0.19193896189612708
  0.20179936416484218  0.21218012025282665  0.22297755572370026  0.23377668881724747
  0.24436541634044506  0.25508090735500544  0.26669644194627229  0.27908958625788055
  0.29119305131644369  0.30258663336249270  0.31340823378726557  0.32436355292277252
  0.33508459080383118  0.34567078694147130  0.35714370205797041  0.36907819984978096
  0.38145978245271117  0.39376733124955093  0.40557256210675491  0.41698065056889755
  0.42815468597454565  0.43924253373943634  0.45032977444879901  0.46133229037968410
  0.47201211685431627  0.48211679890068776  0.49172483428789793  0.50115412939152171
  0.51051834718547895  0.51976242327025679  0.52895582865838031  0.53800057304884596
  0.54761094697074586  0.55699948352902473  0.56582521274047115  0.57465607634320115
  0.58372705926134927  0.59384959108330881  0.60473418094069697  0.61605311721194689
  0.62824738846653239  0.64004166140213203  0.65085225746304809  0.66061525518637543
  0.67078914109989607  0.68122934383620659  0.69148346884831069  0.70171809873265256
  0.71236060540852475  0.72363547416640162  0.73498056834569614  0.74645928204923384
  0.75783997096582534  0.76889960451540129  0.77957861862762512  0.79043574692792029
  0.80145183956110011  0.81237696301795759  0.82275162505120858  0.83268677081540410
  0.84276087198320293  0.85277472936077947  0.86288657641906108  0.87286164241329234
  0.88311551717198011  0.89358993253670260  0.90398074319894706  0.91458304069723706
  0.92534200563972524  0.93684516974158616  0.94653335506693670  0.95685091508375919
  0.96726476353988888  0.97856722778582728  0.98920141874113565  1.00000000000000000
 -0.00348463967683521  0.01561026749562812  0.03098222618486174  0.04521506768427769
  0.05885921442393541  0.07347492421671768  0.08889740777705248  0.10381964074073444
  0.11839717665626071  0.13188597840862692  0.14504214450111705  0.15810269517426304
  0.17090652774168907  0.18353486316361833  0.19633504545090374  0.20891189873594559
  0.22096701312015804  0.23289867449269724  0.24552139091535738  0.25884947025695004
  0.27217297289899889  0.28544060379084885  0.29869859255872289  0.31170769817176358
  0.32421770069560651  0.33612622369503475  0.34740505750506900  0.35828037612516972
  0.36812403969171997  0.37799715538791195  0.38823989408869725  0.39939872838021040
  0.41012587391315414  0.42057453854598154  0.43126917249990659  0.44188146019497859
  0.45254303357072823  0.46280290284918990  0.47319957405821372  0.48322837974124178
  0.49307380800342882  0.50280656298219539  0.51304021465470584  0.52360258231867551
  0.53424515330113853  0.54491592175204240  0.55555381757217182  0.56577597252663447
  0.57569197333110211  0.58570663283344249  0.59590907634912837  0.60612729267779952
  0.61612309888482608  0.62591613923825928  0.63555909617266271  0.64501322799299321
  0.65430891302224292  0.66343298670873763  0.67261761071031390  0.68180039066472176
  0.69124592251939754  0.70080627998345457  0.71000468306356990  0.71869266103173135
  0.72726703138433768  0.73628104946822248  0.74555998703425519  0.75429182666550398
  0.76258848959374936  0.77091029962070123  0.77980170111697988  0.78913751968486068
  0.79843109669130785  0.80783245656202463  0.81747443878301873  0.82731045753420096
  0.83737734729272706  0.84746941968479039  0.85709454276818242  0.86608534121761771
  0.87457519347340817  0.88309116923204944  0.89165884341180845  0.90035584662212853
  0.90890341300279276  0.91783253347570881  0.92681397565660051  0.93543597295686243
  0.94397433236276829  0.95272565364764183  0.96129272810618382  0.96913059938681689
  0.97702735491728432  0.98456530246013707  0.99236562478092105  1.00000000000000000
 -0.00240651147230625  0.01006637517404829  0.02039833069172048  0.03115422777290024
  0.04189943925364813  0.05183320292112732  0.06192769201420465  0.07225981149249301
  0.08323376772986248  0.09302412162010025  0.10284937506148614  0.11256113763438827
  0.12261185899718266  0.13273933494346346  0.14277018419781995  0.15305174524095649
  0.16353150699596175  0.17366845238138132  0.18368501482525978  0.19398656858045468
  0.20400334562088004  0.21372039204857590  0.22343766236875862  0.23353755504942630
  0.24389196186873624  0.25414672404076427  0.26424452675317428  0.27441652036831088
  0.28537132667714232  0.29620938910287375  0.30719828994905352  0.31808920576038457
  0.32884913931797349  0.33933143439032543  0.34967054224719918  0.36046971262085531
  0.37152300057138610  0.38261036158494349  0.39362892925461823  0.40469903381550415
  0.41552200636017195  0.42622613950401406  0.43709758643771929  0.44836556588484400
  0.45957481845737774  0.47056088298497745  0.48141036003090093  0.49209573810790030
  0.50288988760498576  0.51394640349813225  0.52508338091823969  0.53622036154946073
  0.54752523466129266  0.55883925999433115  0.57017288849265735  0.58111182120763882
  0.59148779169013177  0.60160154534226407  0.61171146414897859  0.62219761684669983
  0.63306684152153447  0.64409265286540041  0.65509501121108826  0.66568459861163243
  0.67590596964821947  0.68586521296519531  0.69594823882718404  0.70618504757430445
  0.71713093397617989  0.72826882927467562  0.73994366920467214  0.75137410019941842
  0.76244399827335163  0.77314356630024772  0.78414777418348125  0.79425408529203900
  0.80437376472532152  0.81428973111432146  0.82459315635285946  0.83434979604142590
  0.84377804887909003  0.85304079093040464  0.86266582659939006  0.87272227946653869
  0.88322814008415451  0.89376879057744163  0.90472392657833023  0.91501645148309374
  0.92617528877379884  0.93714429879433792  0.94817755577863150  0.95881366312461991
  0.96926383916464520  0.98005218242370284  0.98977525452308657  1.00000000000000000
 -0.00248239135284546  0.00840802347975977  0.01838293412419681  0.02816650648026286
  0.03786924276715839  0.04741488771386250  0.05694579972227708  0.06654194614110689
  0.07621669289309885  0.08580641721541941  0.09519641111523904  0.10460141164496915
  0.11413444732606935  0.12382797516144885  0.13312295099614019  0.14203912861618381
  0.15089333363962767  0.16010696802653482  0.16944527970136056  0.17846829183842963
  0.18728903978712944  0.19590497483175845  0.20471126197874806  0.21328446562283501
  0.22177908535502883  0.23057897174110512  0.23964688739176179  0.24857376762294014
  0.25781243059798414  0.26752057132907886  0.27731318306304431  0.28699846186273276
  0.29624250499868426  0.30595842617850638  0.31616939510888176  0.32644414270143590
  0.33602576952859992  0.34559038904743189  0.35552940036750691  0.36605697519796609
  0.37660307496235856  0.38744813680342793  0.39792593809186877  0.40813522504665201
  0.41811267372413252  0.42803728043394657  0.43722317689151990  0.44612763858369170
  0.45516912119714958  0.46486808668982360  0.47481677782978970  0.48474640119844647
  0.49481770605920933  0.50519755450653481  0.51576049376467015  0.52613215257876111
  0.53636705462360856  0.54681240703200706  0.55697906741056102  0.56657037942197430
  0.57608609615006134  0.58610834374043441  0.59643171484999880  0.60668260798844087
  0.61695849802301916  0.62707575528763659  0.63689965308125773  0.64676907623248381
  0.65675675692172042  0.66674192549459999  0.67684106021520873  0.68771687403085913
  0.70051961324866641  0.71375019436875209  0.72668678113591900  0.73933516171533742
  0.75188897061211424  0.76408423539137182  0.77683588215641175  0.78933606892141395
  0.80197724664650949  0.81478669865801046  0.82818671675064659  0.84201259894985969
  0.85593256438051191  0.86954172181522671  0.88289089087593819  0.89601498591116413
  0.90857557922742538  0.92091346997746437  0.93303867345319025  0.94628217966860684
  0.95927686369746745  0.97280807764379029  0.98594347135515970  1.00000000000000000
 -0.00225012775333819  0.00904489453498273  0.01811327497723656  0.02776022903523368
  0.03766431981047001  0.04800812251288434  0.05915810349164773  0.07062921867342545
  0.08281714753564146  0.09359501925278298  0.10413814291719191  0.11471912782378951
  0.12515562137827693  0.13587430807489204  0.14609242216564094  0.15593433940022092
  0.16519541395680040  0.17524941897689775  0.18542206869946540  0.19583218586082027
  0.20563354520149829  0.21543761918323720  0.22592805616786582  0.23577500704555474
  0.24564625740161428  0.25586898737383779  0.26639920290404540  0.27700251279095162
  0.28724869464425651  0.29776586655786647  0.30871284601049592  0.31971074163500218
  0.33061073344574238  0.34114256654971875  0.35139292586504023  0.36161847575006756
  0.37204191268523018  0.38277569201468359  0.39363032197894438  0.40463296607509375
  0.41557641793121342  0.42599261420952128  0.43662596609761367  0.44776281682411234
  0.45944172591863031  0.47090912465059187  0.48207758425694558  0.49383311248084100
  0.50444394877025223  0.51418825618120323  0.52412891400318673  0.53463103103778997
  0.54498124524366898  0.55467275520184856  0.56475967924757209  0.57569561532383151
  0.58676896316501270  0.59774847403873099  0.60844204492066212  0.61843055070589104
  0.62866593811792160  0.63873844573085603  0.64937427640348644  0.65986276397776256
  0.67074603445165026  0.68187267845738542  0.69327342264373837  0.70483155771716888
  0.71689073949386728  0.72918355066165652  0.74111618354033415  0.75282136960622015
  0.76425183226167792  0.77558123594908601  0.78690670192051804  0.79768187183762329
  0.80763085323703476  0.81766605359897504  0.82821740006647937  0.83868280744738910
  0.84850297415069620  0.85815215897218022  0.86785009307841188  0.87724158428221477
  0.88630377105487024  0.89517159886788655  0.90586329212521899  0.91662792407705229
  0.92759836529360951  0.93888581771053714  0.95076060468771140  0.96146044604617276
  0.97085544318485828  0.98030834045981485  0.98996989190259299  1.00000000000000000
 -0.01669934363445233  0.09620684207195654  0.15725516527323846  0.20267799587896573
  0.23793657718905670  0.26760784620577688  0.29429440642708421  0.31967209384877326
  0.34305121432115693  0.36346584607006710  0.38216703173663830  0.39924806536016405
  0.41473735316041371  0.42966299452633294  0.44395943484471867  0.45741030303613361
  0.47041324909051718  0.48256655889050715  0.49353385414140971  0.50431122178034682
  0.51555556787037393  0.52667183771140713  0.53705325338145049  0.54767893723452654
  0.55863300757508638  0.56941809011009736  0.57981662223072117  0.59044543990725007
  0.60132511622092399  0.61196781057120564  0.62220939371405981  0.63183547942111473
  0.64096331074857105  0.65017402651410272  0.65871821344770998  0.66727575705669417
  0.67604650474599015  0.68436018596535042  0.69286954861606898  0.70104203118079744
  0.70884928072788633  0.71656468945074037  0.72411816965724818  0.73122430752628997
  0.73796882455251922  0.74470410308103341  0.75146228228943768  0.75798361826762073
  0.76438851589962509  0.77086301357937914  0.77740715312590036  0.78381158718319954
  0.78993321615573864  0.79608104634257038  0.80236243651564532  0.80871961071465637
  0.81495942245400765  0.82073010668363888  0.82641539358538152  0.83231341083904820
  0.83767738199934905  0.84290431997537696  0.84815169979073890  0.85336237679729721
  0.85854060155743273  0.86358223487276076  0.86843149624575000  0.87319669283084100
  0.87794324466578844  0.88270450732472283  0.88749236684025234  0.89231122759096659
  0.89727903292796252  0.90238595451342407  0.90744262340498583  0.91237529774665727
  0.91724528577490883  0.92209922519536713  0.92685308725233762  0.93142492372767582
  0.93594873610416496  0.94056560511840548  0.94515029463001798  0.94979723158224905
  0.95453789784142362  0.95904679878248800  0.96335164298475073  0.96748594947841249
  0.97160135701885431  0.97567871092367864  0.97967706954839995  0.98365497529509061
  0.98766374000768697  0.99171250952159340  0.99582143124424982  1.00000000000000000
 -0.00263863368972502  0.00943960697638276  0.01980906821478440  0.03027581702494265
  0.04067951822232441  0.05131915321969559  0.06190101840376171  0.07217306538358877
  0.08251311282441330  0.09322810207071841  0.10426479682777622  0.11502080989083913
  0.12566640077295757  0.13648539177108535  0.14739533492869086  0.15864546004400687
  0.16997740328730421  0.18142646556582234  0.19266464542732670  0.20354527372019912
  0.21432313283675630  0.22483858886120028  0.23526256627537695  0.24607474890276004
  0.25737689397420210  0.26894558649197298  0.28040749997917641  0.29146127522123250
  0.30170074300585881  0.31150914940788044  0.32157486800381962  0.33183152116701736
  0.34228717192379104  0.35271455453081091  0.36292200044965434  0.37303593038093563
  0.38320425560907073  0.39380808081609453  0.40457270540971818  0.41515768754848026
  0.42551323000965063  0.43567204295888645  0.44583108789965809  0.45624644353884475
  0.46679836764967919  0.47710185756441925  0.48731367744364662  0.49777179280104672
  0.50835073382866069  0.51870411011998563  0.52886752332932230  0.53895846605807429
  0.54874770702409303  0.55855086730088555  0.56775579450213809  0.57685095175962176
  0.58627175060898984  0.59572389659441483  0.60535692178527101  0.61529850973380884
  0.62485879908939468  0.63540703357594841  0.64630798181925730  0.65718417964352316
  0.66756752077103121  0.67790858298775969  0.68811369985275017  0.69861087527665588
  0.70937216579184659  0.71985363013996373  0.73050543648997079  0.74135871439715695
  0.75250720429423923  0.76346759820060761  0.77431359463591332  0.78518043231649970
  0.79569556116373286  0.80586588184470409  0.81586544317106480  0.82600684838240812
  0.83618986415793595  0.84615902600835402  0.85603174801878379  0.86654432863526487
  0.87752146973979661  0.88854072945860552  0.89933089400475441  0.91035237792899792
  0.92129163330967156  0.93198163902109721  0.94262619675956305  0.95393460834479438
  0.96556398099997509  0.97678169753128430  0.98827941518293028  1.00000000000000000
  0.05449811137118188  0.31680026764197466  0.38233354797996644  0.43002506245656769
  0.46958956982706757  0.50322250264508928  0.53237047269616955  0.55914386819347961
  0.58294638412083999  0.60405700714350163  0.62321530244432954  0.64168218162726454
  0.65892596980477203  0.67464817829769796  0.68882512507716931  0.70201845786772366
  0.71406112622275264  0.72536326124995532  0.73628618146175007  0.74692231081160954
  0.75669886330653890  0.76563718715611417  0.77424800228005908  0.78241180801115517
  0.79029494840404235  0.79801483959330233  0.80540159930257804  0.81248919219589744
  0.81965776527912071  0.82706962685648755  0.83373268052852412  0.83976376775498474
  0.84533668725784850  0.85077542613750579  0.85595434382628988  0.86088254093009764
  0.86568818630174449  0.87031609982541991  0.87477052919280396  0.87895231173372446
  0.88287694290483254  0.88675111864601774  0.89051756748213318  0.89428784516182069
  0.89793610900372234  0.90148873982226585  0.90489160005261082  0.90820581598433814
  0.91142257994719145  0.91457260329337053  0.91752388252125572  0.92042063023067988
  0.92328265321515912  0.92615564709093712  0.92899112320239663  0.93172047008051673
  0.93435752200310285  0.93689350083807088  0.93927701255051110  0.94150626554217187
  0.94366459137137149  0.94576482420392938  0.94776313759267128  0.94969888249371859
  0.95161612484637870  0.95346982316892426  0.95526957516561339  0.95705232472872548
  0.95880332674805602  0.96054111102973161  0.96226123978555445  0.96396331755912401
  0.96566438628446893  0.96730237251351470  0.96898317376662169  0.97060030108532247
  0.97216460630986468  0.97369825592328196  0.97520677500742992  0.97666343697927505
  0.97807315168354947  0.97943299385894278  0.98074834110175446  0.98201877440212793
  0.98325384164084795  0.98446863760805503  0.98567158743054906  0.98682816863541323
  0.98799389379054292  0.98917452433996023  0.99040215261277198  0.99171334285815138
  0.99314817743888928  0.99478971706620434  0.99703544039575198  1.00000000000000000
 -0.03242016041654053  0.16604804271174306  0.21853816147147637  0.24954043571919837
  0.27453643627692215  0.29516825801761643  0.31206318018166246  0.32697517823246747
  0.34094889190024547  0.35442342750215095  0.36771744768368714  0.37984454754844954
  0.39103884478798906  0.40120179277598611  0.41110524362067896  0.41988268711713439
  0.42833922968830623  0.43652442612291253  0.44451171703663278  0.45230817777513244
  0.45984652994963288  0.46706446498092852  0.47394454979343503  0.48066023131569524
  0.48738092896774643  0.49403446827050251  0.50059807697827174  0.50690443390614581
  0.51316486654524884  0.51928637203634964  0.52535271049841525  0.53140572560944899
  0.53733134999585097  0.54317362488029652  0.54891073694704517  0.55442877252915190
  0.55984489203545662  0.56518307831318848  0.57038599972440396  0.57554374760192684
  0.58081100866946100  0.58569242709258618  0.59052705932847205  0.59538392458416012
  0.60066681899424157  0.60578470669867757  0.61067001173254676  0.61540424653177939
  0.62005451891734842  0.62469216056547305  0.62933998702378513  0.63398817621179793
  0.63861767391625390  0.64326408200254859  0.64835390565019668  0.65386177343185226
  0.65936559806868766  0.66487783794770383  0.67006878189383223  0.67530051108739253
  0.68058516384571355  0.68583483566878622  0.69104780871566618  0.69621494875915724
  0.70130276101728317  0.70635861953049339  0.71089028385126563  0.71530644182554537
  0.71987214969433744  0.72470768360845872  0.72949217748401285  0.73415914898738877
  0.73869111531712495  0.74328589740243356  0.74790454818086138  0.75271811574402003
  0.75763276325237150  0.76266210622335273  0.76764231058148513  0.77297759532937405
  0.77889173877777251  0.78495632560501161  0.79129314855131094  0.79815554925169951
  0.80533506049563375  0.81269403905878168  0.82037626083158699  0.82830596496833797
  0.83668247909752858  0.84559795750413058  0.85553740088836761  0.86642598178146257
  0.87955447871864845  0.89746401636336182  0.92548727337876191  1.00000000000000000
   1.5295522464800181E-004  -1.0000000000000000     
 T F F F T F F F F F F F F F F F F F F F F F F F F F F F F F F F T F F F T F F F F F F F F F F F F F F F F F F F F F F F F F F F F F F F F F F F F F F F F F F F F F F F F F F F F F F F F F F F F F F F F F F F F F F F F F F F F F F F F F F F F F F F F F F F F F F F F F F F F F F F F F F F F F F F F F F F F F F F F F F F F F F F F F F F F F F F F F F F F F F F F F F F F F F F F F F F T F F F T F F F F F F F F F F F F F F F F F F F F F F F F F F F T F F F T F F F F F F F F F F F F F F F F F F F F F F F F F F F T F F F T F F F F F F F F F F F F F F F F F F F F F F F F F F F T F F F T F F F F F F F F F F F F F F F F F F F F F F F F F F F F F F F F F F F F F F F F F F F F F F F F F F F F F F F F F F F F F F F F F F F F F F F F F F F F F F F F F F F F F F F F F F F F F F F F F F F F F F F F F F F F F F F F F F F F F F F F F F F F F F F F F F F F F F F F F F F F F F F F F F F F F F F F F F F T F F F T F F F F F F F F F F F F F F F F F F F F F F F F F F F T F F F T F F F F F F F F F F F F F F F F F F F F F F F F F F F
  <DiscreteSampler_grid>
  grouped_processes
  1 # 1 for a reference and 2 for a running grid.
  10 # Attribute 'min_bin_probing_points' of the grid.
  1 # Attribute 'grid_mode' of the grid. 1=='default',2=='initialization'
  0.0000000000000000 # Attribute 'small_contrib_threshold' of the grid.
  0.5000000000000000 # Attribute 'damping_power' of the grid.
 # binID   n_entries weight   weight_sqr   abs_weight
    16   10   1.844695899346927E+004   1.712397465909547E+009   1.844695899346927E+004
    17   10   1.844695899346923E+004   1.712397465909538E+009   1.844695899346923E+004
    19   10   1.844695899346927E+004   1.712397465909547E+009   1.844695899346927E+004
    20   10   1.844695899346923E+004   1.712397465909538E+009   1.844695899346923E+004
    22   10   1.845907335248033E+004   1.714731367202180E+009   1.845907335248033E+004
    23   10   1.845907335248030E+004   1.714731367202172E+009   1.845907335248030E+004
  </DiscreteSampler_grid>
