  0.00334080317475319  0.01165882486025175  0.02127707050224049  0.03157888904654917
  0.04164968926237363  0.05194992287728184  0.06232227216392322  0.07277587125817424
  0.08328266918705665  0.09353435936740016  0.10379652939023497  0.11404400550016792
  0.12433459671637440  0.13468653671677391  0.14462154441550112  0.15471367924677207
  0.16516287408215216  0.17593864904181922  0.18674451497893901  0.19704797428522816
  0.20729511457640587  0.21759027519162982  0.22729665448583067  0.23741929940925399
  0.24751955046095347  0.25803140333534003  0.26868975971908299  0.27920984828391049
  0.28964362740123151  0.29969526576821898  0.30973795566872775  0.31981064540596454
  0.33021230489692516  0.34098375609407372  0.35164397082196625  0.36229388361230475
  0.37258174998373622  0.38302869235423898  0.39311081965916805  0.40321272308963146
  0.41306043605130593  0.42285212024523122  0.43266956656295374  0.44279873576246936
  0.45311923791909337  0.46338516474072972  0.47377638535313538  0.48441472225307225
  0.49533757129044165  0.50618966751856986  0.51704250890989145  0.52795678364623178
  0.53883094733952330  0.54936735914990531  0.55973308341553030  0.57003891120725092
  0.58039219126270369  0.59109588832799564  0.60160809013726047  0.61194411745874799
  0.62201901749751332  0.63230272932047327  0.64259896847834175  0.65285049939577489
  0.66325626101675217  0.67405451446408504  0.68500310477669912  0.69587364868832735
  0.70676997375883133  0.71775127128266292  0.72854027870807547  0.73936222575658417
  0.74998049752272777  0.76054026149423226  0.77116028683089033  0.78209564160823786
  0.79301443417847384  0.80397036858000670  0.81480251994159181  0.82567980698410015
  0.83622327581069866  0.84666978995533937  0.85689223349639931  0.86707946750291109
  0.87739935452990947  0.88819857215040743  0.89899278508173186  0.90982018197029157
  0.92062875727357707  0.93139037523475343  0.94210687653887693  0.95260531657745706
  0.96320670055708268  0.97400680687375196  0.98622459950231267  1.00000000000000000
  0.00698504266639793  0.01540219400161695  0.02720506148596817  0.03957717208678560
  0.05147393845342654  0.06271580034415183  0.07381537996635006  0.08470431674118056
  0.09555403203550077  0.10648963056578178  0.11722792372177925  0.12801954709042632
  0.13869212251984600  0.14913785467112239  0.15944681848963532  0.17006474269503061
  0.18056833214921794  0.19082629820165645  0.20087692678471583  0.21117422048960222
  0.22167121359805333  0.23211430554975679  0.24273385272751347  0.25349446586882990
  0.26418786256628546  0.27480033256864822  0.28533761168061933  0.29577367414493810
  0.30615235967909776  0.31648656059650782  0.32734050536988407  0.33850601261702473
  0.34986417437922090  0.36080924893608357  0.37152910456387755  0.38206152610398603
  0.39234913121682458  0.40263162013836118  0.41280607760568239  0.42305537918004787
  0.43349655228071560  0.44420332207603763  0.45519509096442495  0.46604549765761516
  0.47660119214382179  0.48723098419420841  0.49803585414128149  0.50901824996133227
  0.51985506558567385  0.53043340947120543  0.54078246171797884  0.55106846406055809
  0.56122710434451417  0.57196114377902241  0.58265056085844824  0.59336547457844258
  0.60397167652157280  0.61474486512155602  0.62573027458522401  0.63641650394548510
  0.64715627604542802  0.65714335304200466  0.66691112602526448  0.67626171235360444
  0.68557216457605219  0.69501811308379524  0.70471555168263056  0.71474165165729331
  0.72518967627356867  0.73561647611287950  0.74635812403653523  0.75665878717785895
  0.76712070869098703  0.77731761887885831  0.78732787279331118  0.79698978633027340
  0.80683827658588270  0.81676349275641369  0.82708849179405053  0.83732967478969578
  0.84790298974298950  0.85831290968976703  0.86881728018497872  0.87950694796713014
  0.89049300672519471  0.90156239320739895  0.91311858805962109  0.92418273019897801
  0.93514931177333316  0.94529901236589153  0.95511284439416766  0.96454170250325477
  0.97375471143769188  0.98279227816149561  0.99189465320344516  1.00000000000000000
  0.00372616334169786  0.01091383746779097  0.02028571942218244  0.03020133441034547
  0.04027750717940399  0.05048799145444061  0.06075430755759055  0.07118477536913853
  0.08178312090728003  0.09271796298428528  0.10369353921052667  0.11456962639428638
  0.12532809439720941  0.13578480808050511  0.14612001170808536  0.15644484974533496
  0.16720245599753863  0.17801731309987934  0.18862639841779738  0.19889229150676552
  0.20913682672058931  0.21935667061245442  0.22939696551445476  0.23945793029878876
  0.24947516849835683  0.25965733441206257  0.27003948957875246  0.28074993100547674
  0.29129819552783232  0.30167275378283659  0.31194219913427351  0.32245403805804201
  0.33284080896002322  0.34297608811787039  0.35304640931892844  0.36304812420267751
  0.37346024608380685  0.38389878978169861  0.39449679486624223  0.40518155572304082
  0.41571242768855310  0.42621783902672072  0.43669310117833338  0.44728974591967047
  0.45779213630167287  0.46774772803500891  0.47770255513544968  0.48765084046060708
  0.49746813805145179  0.50713482489073258  0.51679336188240843  0.52670032837410830
  0.53690027356852643  0.54712946949145014  0.55771190384743352  0.56801783050697197
  0.57816048029682821  0.58824813033695877  0.59870571584163201  0.60924630886098075
  0.61981894392510917  0.63036950275925940  0.64084828836437646  0.65122351560092484
  0.66138467539521162  0.67193095204392317  0.68291193704122433  0.69360812725070886
  0.70419094148609862  0.71479538978987589  0.72566326686007099  0.73664341285914625
  0.74761644293456864  0.75872908631846414  0.76960748407515078  0.78000838210884815
  0.79027536065044501  0.80073183068073239  0.81140107282573926  0.82228034609814238
  0.83316062897380760  0.84443994070740735  0.85571533015406587  0.86660322880128582
  0.87741528324209483  0.88777614198101007  0.89785956221705332  0.90785123331222495
  0.91811475453379310  0.92863174908539026  0.93923761878629863  0.95013255194320656
  0.96127061061371710  0.97325908751587320  0.98615928583565915  1.00000000000000000
  0.00591521737128260  0.02059620206934534  0.03566140910024905  0.04914719310086257
  0.06148587273543300  0.07325221224847639  0.08474290520904615  0.09571840380553331
  0.10654541061571865  0.11686127811938050  0.12716889260803746  0.13775613598291053
  0.14874125116572370  0.15998603356305746  0.17088811745052057  0.18170481390313559
  0.19268251800797623  0.20328716124483451  0.21347131345928338  0.22337313777488507
  0.23357988920612577  0.24390586565179212  0.25419614722176542  0.26442031900009905
  0.27468197766718527  0.28486231585705030  0.29497328039412624  0.30486376320153996
  0.31468921706074349  0.32471317886968581  0.33494571426986464  0.34537528473060319
  0.35569397494034777  0.36586348700481425  0.37598816344600650  0.38604075218241179
  0.39610275708138970  0.40623797347003543  0.41647003468194138  0.42660684933164511
  0.43665980638355784  0.44663170422790055  0.45661847239344111  0.46662647635911064
  0.47671409415832489  0.48689472281334639  0.49709761537059072  0.50745687489058366
  0.51811091278623334  0.52896156284847229  0.53986813432723180  0.55080684529244373
  0.56178570065064393  0.57255665756760465  0.58306058557544271  0.59364366146750069
  0.60433509748855985  0.61523833419154239  0.62609529010572773  0.63696290902756247
  0.64763282021067536  0.65816151112350807  0.66858552937615434  0.67928074122148219
  0.68990621998676749  0.70028420028587113  0.71053989983961852  0.72092634995402849
  0.73138440978097163  0.74165815547550595  0.75177168170681552  0.76188741089421230
  0.77185843816531829  0.78199890404939199  0.79237246226778268  0.80300556333911699
  0.81355557916960497  0.82378576552740868  0.83367439453319259  0.84332926637511341
  0.85273163905962479  0.86228006070055874  0.87218129824825485  0.88234405192935017
  0.89257294520048469  0.90288740079746987  0.91361297229380400  0.92435613067225975
  0.93455146912804155  0.94457042132834135  0.95443053983040582  0.96438590257308654
  0.97389767059456667  0.98311424835870320  0.99188190170891322  1.00000000000000000
 -0.00000015675218190  0.00000758542763809  0.00001298419611088  0.00001785546585434
  0.00002272716465744  0.00002751809303601  0.00003231300494534  0.00003708645960639
  0.00004170538906990  0.00004619846149115  0.00005058195592364  0.00005491889183635
  0.00005932933870097  0.00006403148686862  0.00006885122933452  0.00007369961376352
  0.00007865822634311  0.00008367105742864  0.00008871505380539  0.00009384687200647
  0.00009912221186221  0.00010455198914926  0.00011015125581546  0.00011587808688353
  0.00012178068615813  0.00012782242843932  0.00013420923675514  0.00014083489276953
  0.00014776311332496  0.00015535898030118  0.00016336034831603  0.00017190253671265
  0.00018066399697163  0.00018981025970699  0.00019925651795516  0.00020889089163762
  0.00021878516077329  0.00022888280399447  0.00023914760133424  0.00024958943918751
  0.00026027021108919  0.00027136486080771  0.00028290619606938  0.00029510464818729
  0.00030781344052231  0.00032120378430127  0.00033509440382483  0.00034969813036480
  0.00036504499710521  0.00038133835483426  0.00039901547870997  0.00041689031646077
  0.00043620254126312  0.00045587334542598  0.00047773600820548  0.00050059413571359
  0.00052472320394611  0.00055038565098703  0.00057700952037183  0.00060535356172706
  0.00063366589563326  0.00066516874383589  0.00069866718707844  0.00073470996278788
  0.00077217612482250  0.00081366731907231  0.00085723351399572  0.00090253594958818
  0.00095153104905000  0.00100736781864037  0.00106877648710953  0.00113424137749645
  0.00120262760116396  0.00127803401328216  0.00135969504959312  0.00145311039617594
  0.00155814603893572  0.00167345419050915  0.00180123871743085  0.00194447239465858
  0.00211801543885181  0.00232508883856300  0.00255602467228543  0.00281766907365195
  0.00313558771795417  0.00350594205138152  0.00398095188656049  0.00463859513594471
  0.00552795108241153  0.00681864072575753  0.00898880495543736  0.01217316974551077
  0.01763239199068082  0.03762731778690744  0.08608031854605472  1.00000000000000000
 -0.00281585381209932  0.01146282194588501  0.02286012237487196  0.03387667882758566
  0.04476515369023325  0.05504257706155274  0.06572920432756714  0.07629287587358487
  0.08701318242936915  0.09785644160674796  0.10865471579333841  0.11964897670253331
  0.13081791779551119  0.14208708581433002  0.15308885048780804  0.16398259012014671
  0.17478698197018119  0.18566226024033933  0.19610753106068274  0.20707298301106963
  0.21736154161558929  0.22786879817936070  0.23816380668440526  0.24868515780983061
  0.25889517420696884  0.26892080069023228  0.27923673021967244  0.28980307929049975
  0.30088939734783110  0.31202183813820289  0.32320817162035020  0.33435347833653778
  0.34516388890445981  0.35593018477384147  0.36641167030631883  0.37699255168821161
  0.38751391945896407  0.39790774016002844  0.40839786489841434  0.41879348751270190
  0.42867037921545093  0.43863807989983372  0.44859573051056051  0.45854715961028397
  0.46846793968206801  0.47855262296429296  0.48930274254159928  0.50018976413691607
  0.51092001251919938  0.52163220117855336  0.53227747809432557  0.54280582877760530
  0.55285757254632595  0.56300223230272539  0.57323777375022478  0.58391380063239551
  0.59457901046174411  0.60539871228781972  0.61611046213103859  0.62676487803618741
  0.63734946386058600  0.64818546606038374  0.65899853029507105  0.66972388670481653
  0.67967830847617550  0.68956464780051074  0.69934584371505004  0.70910549221438890
  0.71916716043843265  0.72917852261484550  0.73934890182235102  0.74946311203524651
  0.75981986739713636  0.77038690229242701  0.78086212708112890  0.79132617382075154
  0.80170732862844452  0.81218055383188581  0.82239762014395357  0.83267959348691722
  0.84279061388168475  0.85285761002627292  0.86278790072702405  0.87293165795917027
  0.88307902426354490  0.89336343360715187  0.90363840760915060  0.91429401859591397
  0.92467731575219358  0.93544241431781339  0.94656271854700902  0.95793825056089410
  0.96866406210267508  0.97895539756187522  0.98956144365312293  1.00000000000000000
 -0.00241296595580001  0.00902654527958703  0.01900346668840055  0.02976608284606718
  0.04080921023615063  0.05174899361195529  0.06218598449871452  0.07272668964489863
  0.08329266129031108  0.09411288878979034  0.10481739988564237  0.11571394852683373
  0.12667759779544616  0.13746430781145363  0.14824240132871785  0.15886403911095892
  0.16969570720577717  0.18052431638668273  0.19127649262192728  0.20191724248417170
  0.21235855730042805  0.22283013567815130  0.23349318470113459  0.24417635105954835
  0.25489033275179729  0.26506030367000738  0.27500494110856166  0.28485472734363593
  0.29483458772387422  0.30496037873818571  0.31493873484678114  0.32556462392265251
  0.33644303740833642  0.34795806265700002  0.35936791103042187  0.37026563001655954
  0.38088621079413887  0.39115616912971007  0.40137020525187117  0.41126907351475528
  0.42162280002563757  0.43200497634575408  0.44249162002698700  0.45297469238926030
  0.46356042460894209  0.47427907905849581  0.48493138379611866  0.49548676811645886
  0.50585625608375917  0.51649867535396687  0.52739232664352165  0.53823447852231521
  0.54883415097193611  0.55916623047702696  0.56950835230417118  0.57973586708792801
  0.58978233732943142  0.59976257794036836  0.60983382051709523  0.62012457109103802
  0.63037217885701236  0.64031150984983354  0.65066490206390715  0.66154471570074991
  0.67272276798086761  0.68399019543697992  0.69516548134291400  0.70580718244586127
  0.71662282469699667  0.72715293764436695  0.73774891691640188  0.74813464986822487
  0.75878087746926481  0.76942844263632237  0.78014843603620743  0.79066902407376016
  0.80088681085744229  0.81078066501250368  0.82093777768082232  0.83122186627902828
  0.84176983638479019  0.85240717737833860  0.86336260166320733  0.87402910501705455
  0.88452797676971606  0.89519404980966533  0.90587676742006928  0.91701133973135940
  0.92770332248678455  0.93851417750718635  0.94901797752410177  0.95977981524602263
  0.96983842982404889  0.97992285692016334  0.98992199480781273  1.00000000000000000
 -0.00263368337305193  0.00962428027935434  0.02013802661452876  0.03025582438857188
  0.04045701889794413  0.05017156187888885  0.05992468378396477  0.06985733224841001
  0.07964987646692030  0.08980691271670635  0.09992089568782475  0.11054722375601221
  0.12108516162160163  0.13165431305869837  0.14218225606151205  0.15310925659271893
  0.16426800390047180  0.17538862316482870  0.18648278793622097  0.19779372051056424
  0.20921156095622900  0.22022993800594221  0.23086058825865341  0.24136957020278968
  0.25176180224250538  0.26207872335875237  0.27232539355220142  0.28231486181288745
  0.29242874763340299  0.30244457196561508  0.31270967089907581  0.32316548737910838
  0.33362017099886726  0.34442568107188881  0.35538590453447749  0.36644761547409843
  0.37738528892925494  0.38831469504511407  0.39938199535011271  0.41061982684610582
  0.42169304525419593  0.43258901902323543  0.44335400975969719  0.45426794911610274
  0.46529970584955149  0.47624893690037501  0.48689926303634490  0.49743344540371520
  0.50793965803203656  0.51847625914168249  0.52908716360673980  0.53968271435456172
  0.55024092037819994  0.56065561061745295  0.57119919943489261  0.58180651676203976
  0.59228583198106333  0.60243347623649735  0.61230292374103490  0.62197376597889920
  0.63154388281718565  0.64135485991899088  0.65161318283957448  0.66244042168480077
  0.67322407553548957  0.68388795744806152  0.69463216259283589  0.70559286846550207
  0.71662330629655790  0.72765560803203244  0.73868358904509834  0.74938288144370158
  0.75968284536065378  0.76992944508047156  0.78029665821751004  0.79094072239392155
  0.80162752332383791  0.81229572634636094  0.82270956447614640  0.83320051343033819
  0.84332260610688969  0.85400215373153787  0.86433454361730977  0.87464683977301083
  0.88483678318888925  0.89519720437035610  0.90558441221547747  0.91571526964689409
  0.92601957653803446  0.93628760240811060  0.94676142201849300  0.95706771625926568
  0.96810490292482709  0.97876926389923469  0.98956401993530485  1.00000000000000000
 -0.00247543894031390  0.00993678869023904  0.02010597751828076  0.03056458271974575
  0.04100797441917117  0.05167863285506055  0.06238627216041950  0.07310587337545164
  0.08365622526224513  0.09374585206556159  0.10401647782481474  0.11422079435460762
  0.12459386561718608  0.13450727219907846  0.14452343746582433  0.15464329756111297
  0.16489008363827046  0.17514151342558243  0.18516327681595451  0.19547743559820599
  0.20606248530700841  0.21673701411059443  0.22762884559203300  0.23842235729295042
  0.24927690777561581  0.25930812250193774  0.26928195532904947  0.27931668850798330
  0.28960564874588635  0.30001574976700690  0.31053582648102229  0.32137744096495613
  0.33252002326326174  0.34343497654723576  0.35423083499965113  0.36494849220370068
  0.37585882521375108  0.38676913035411381  0.39776972318597070  0.40848566887776988
  0.41897127336512396  0.42934123472023006  0.43995714569522365  0.45079283733394632
  0.46168389734561877  0.47258156542948476  0.48342905781679901  0.49394658134008268
  0.50463843427207400  0.51515128372565644  0.52552649699733733  0.53578451272598449
  0.54639619364123504  0.55732617131036588  0.56823410765148896  0.57909346578858412
  0.58982926731731655  0.60033445698886034  0.61056661045685379  0.62090196436959444
  0.63157671312201902  0.64253348668926735  0.65322554985111769  0.66339217647649495
  0.67314390393597923  0.68272772969687490  0.69239001367974418  0.70218683543867477
  0.71234976043627973  0.72265729973653425  0.73315692658912424  0.74361854797452465
  0.75418589397936953  0.76476912325106927  0.77529629059730976  0.78571970474013997
  0.79612781285944401  0.80686133928880721  0.81791868595599992  0.82893701603761294
  0.83956369510256401  0.85007790437331177  0.86059825012773983  0.87117831683057623
  0.88179012532058509  0.89242860693610626  0.90312709395758328  0.91381224864210953
  0.92475751881519308  0.93578786174170236  0.94649837604860632  0.95693319891206519
  0.96760735735924153  0.97825562336287242  0.98915751841379251  1.00000000000000000
 -0.00223210725215021  0.00904429595797255  0.01840433160589808  0.02833273086140516
  0.03829020791645090  0.04851136837733162  0.05871064826649246  0.06886872174093224
  0.07906740344515978  0.08948190448722643  0.09986344172290913  0.11007709818957621
  0.12052240778814177  0.13107505837584035  0.14154844124580443  0.15168576376097873
  0.16190790567206206  0.17219272857798706  0.18258961226332912  0.19316395164358069
  0.20391564019802710  0.21440350941620889  0.22480486147088027  0.23491371038872211
  0.24521063399783269  0.25576126766007112  0.26645172972041631  0.27695489582707622
  0.28718781126588511  0.29735998389885521  0.30763685174129007  0.31803351891899290
  0.32841914271095624  0.33888443261587203  0.34947205463622949  0.36049344871585820
  0.37161980303479458  0.38216380544032891  0.39235763589064748  0.40236969502568887
  0.41252699654808339  0.42237117422843812  0.43205534710058896  0.44174131305698250
  0.45192568281057849  0.46226587769309768  0.47283030781637153  0.48323398163676939
  0.49367069375570910  0.50408565112432613  0.51454235616259414  0.52489209706041540
  0.53529607496257281  0.54583433313010188  0.55673010544721280  0.56744416172606749
  0.57809494394380023  0.58857466244989354  0.59903263866904433  0.60938693488027895
  0.61957676458034505  0.62985997915325098  0.64016329393449212  0.65074498385660062
  0.66162475869766924  0.67281522368265179  0.68404323647698662  0.69530010963547961
  0.70647033975237206  0.71705876041863637  0.72725670460743497  0.73773123033133303
  0.74830259763677720  0.75876644817889072  0.76919151485982507  0.77966113430751061
  0.79028314074444239  0.80067803042183416  0.81132572531834857  0.82213721932175376
  0.83277970813930957  0.84367865947888543  0.85455327688003757  0.86601384774125056
  0.87740478958463286  0.88885170921001566  0.90001482263418198  0.91131802902681813
  0.92261693114989363  0.93415826508539179  0.94492673492105372  0.95590194396278649
  0.96702832728238364  0.97850035951266667  0.98924551116998460  1.00000000000000000
 -0.00239439330043296  0.00914480439288552  0.01900367000215834  0.02935397198699222
  0.03985553038544874  0.05043500716023371  0.06084442052051685  0.07147863575369980
  0.08188807788192436  0.09203990444750881  0.10226760631378486  0.11255897202121906
  0.12275049548204918  0.13282170649067757  0.14307795963146813  0.15386504890619801
  0.16489583177484482  0.17576616784854934  0.18649029884127419  0.19693226863049784
  0.20734818633276567  0.21761882716322128  0.22794793759621584  0.23842527506743111
  0.24849024661838673  0.25839721221758555  0.26846164372035169  0.27897823236622388
  0.28957620940614576  0.30003681066593657  0.31066254809477917  0.32154449205671892
  0.33247341604836328  0.34341774326727448  0.35437693906198248  0.36541108223075991
  0.37678097486294287  0.38792567481220974  0.39875662035028731  0.40925047510235835
  0.41956407706567678  0.42966520713070055  0.43984751136686850  0.45039369162234877
  0.46105723691517869  0.47184736084790851  0.48295564369954114  0.49434620193563750
  0.50574159625236559  0.51696742969838128  0.52806493816892353  0.53892313943960046
  0.54968391057524657  0.56033703498794163  0.57094735755363690  0.58150511202995847
  0.59188396976854862  0.60204036142290984  0.61212730109541447  0.62267614796930626
  0.63363148724265472  0.64444864918421574  0.65485485158127410  0.66517409741872846
  0.67567828521660200  0.68615487900013228  0.69643290524189472  0.70662813369154975
  0.71680638747232506  0.72706589569254987  0.73728016624259096  0.74760158500090301
  0.75824502895248103  0.76877924259699759  0.77930570176277525  0.78992424256688765
  0.80080720702051544  0.81172039070396773  0.82227486699625951  0.83272706637504468
  0.84325039329545892  0.85371840998432225  0.86392544881679578  0.87407657000578376
  0.88453671619033902  0.89518892033842745  0.90575093793240269  0.91630591626005997
  0.92691494231719174  0.93752465331677848  0.94791964688330022  0.95840648934084427
  0.96905978685256655  0.97936907080841573  0.98970817873219008  1.00000000000000000
 -0.00225176680724677  0.00939031565172370  0.01890622193261979  0.02925931960219359
  0.03964061677655650  0.05083950524885078  0.06209033434039602  0.07222676733796303
  0.08257282164006657  0.09303518337816449  0.10367842436831178  0.11432952300840517
  0.12513977896354578  0.13650032560154890  0.14765118504436656  0.15842702147122389
  0.16898312516709174  0.17939160993970366  0.18989356699565224  0.20033654220199618
  0.21077194856368298  0.22104269674656382  0.23113940105220143  0.24136832113265788
  0.25184763413099798  0.26224482512296265  0.27267749339943437  0.28278037636728226
  0.29304060016315980  0.30333862804122524  0.31382731061419566  0.32421828105844658
  0.33459123859150652  0.34499715347652282  0.35544255494100779  0.36598780184091617
  0.37666290539190650  0.38750339209341245  0.39793032189331351  0.40796380939295834
  0.41822681048012617  0.42879318891226620  0.43943786690699643  0.44988706144857443
  0.46035310160097614  0.47105989859703790  0.48174030013832081  0.49221548164684897
  0.50263466792350842  0.51309290819100906  0.52332987187528923  0.53352394804822234
  0.54375023177733828  0.55422743428502419  0.56476372505138794  0.57521250399628476
  0.58552240517180976  0.59552678909701673  0.60570295271055241  0.61604175526308069
  0.62654539347417360  0.63708610583056080  0.64799490740888988  0.65959917479924046
  0.67062553293690874  0.68098228764154245  0.69116048840890187  0.70167499694667879
  0.71232055204734135  0.72281014009185784  0.73318108308936270  0.74367210164848629
  0.75397511083882707  0.76448122549364705  0.77486041575055142  0.78584773700616406
  0.79663363437892998  0.80778616961139471  0.81854166048601162  0.82941613615229892
  0.84021455470313489  0.85130884749787994  0.86236961345439167  0.87317029425987203
  0.88344417181403312  0.89402364713134641  0.90479094285645056  0.91533569097460610
  0.92579041663497019  0.93630440391230818  0.94692022793010289  0.95738601831955550
  0.96795971832337346  0.97842048705614626  0.98930130383031856  1.00000000000000000
 -0.00243170340098624  0.01007975277674444  0.02040348119190320  0.03127171715809945
  0.04194105969037162  0.05264611819110306  0.06306732073450019  0.07348676128021381
  0.08402570414530568  0.09450546334258918  0.10492182940372616  0.11564760443879295
  0.12637632773921798  0.13727124015405789  0.14810814009686321  0.15905401072373848
  0.16985433486578733  0.18038658036571334  0.19101339629773656  0.20203220141572731
  0.21286474342332815  0.22350462467688051  0.23385489739145093  0.24473440526315748
  0.25575972387399981  0.26680606396298279  0.27792982885440226  0.28861696959665745
  0.29864657796811939  0.30835884639869843  0.31856801194109152  0.32896830769775237
  0.33948274839555659  0.34971224242129773  0.36009379565560973  0.37045810398616108
  0.38091579104457163  0.39150892065875009  0.40205177879979076  0.41242643410370289
  0.42284819140510427  0.43324186232978085  0.44378896959928205  0.45439126752850734
  0.46459182354708667  0.47518001679822719  0.48562915163547793  0.49648415953762898
  0.50691655603589647  0.51712827938699246  0.52727785486504775  0.53736621815327090
  0.54777629947390549  0.55866401480989325  0.56995390434369930  0.58112761335896868
  0.59172921590900007  0.60227218641395486  0.61254940526511015  0.62253021968449751
  0.63275128454261165  0.64312857758065911  0.65383441317124102  0.66453627401808846
  0.67548126093560668  0.68638236142217535  0.69662836103174786  0.70709896136677053
  0.71762342430482351  0.72832006744843758  0.73864868498184000  0.74908582532584755
  0.75942632007549593  0.76981991887812173  0.78028518251034951  0.79099893974343027
  0.80182702026734698  0.81231007817247536  0.82284519303377546  0.83356621629949790
  0.84452461972581283  0.85544743486329811  0.86607838772584955  0.87645548508176008
  0.88671476364435353  0.89716686076697882  0.90795672187726251  0.91838696474071602
  0.92869421713588562  0.93901075699712278  0.94998981762403567  0.96068952489804882
  0.97088098834739478  0.98087963365692843  0.99052792814628421  1.00000000000000000
 -0.00239723175671990  0.00916169973692966  0.01927687006502659  0.02955232416685816
  0.04004469435875426  0.05073952339896506  0.06121450785145678  0.07174046229277017
  0.08214071163778355  0.09321974485622006  0.10454467569480635  0.11571425792332471
  0.12656595692361433  0.13689740333725733  0.14718788519855169  0.15762539852319343
  0.16801887281991179  0.17841079373728042  0.18881227013037966  0.19950305877511085
  0.21047443208683136  0.22142276687270873  0.23210123218280254  0.24251054924738322
  0.25290443486544018  0.26335926490702155  0.27395049644321740  0.28460050969045092
  0.29506775969632842  0.30512593259338106  0.31512983322411425  0.32523163420243006
  0.33542462954998675  0.34546203056180819  0.35568523687198755  0.36621578736207083
  0.37677476349448258  0.38728085195382217  0.39792348577380510  0.40891512400297986
  0.41998973001973278  0.43095374008076343  0.44157311121994552  0.45193314607830359
  0.46237962144942452  0.47305411904713268  0.48361614162557770  0.49408318158922476
  0.50480326468583014  0.51579641909684459  0.52621436784784170  0.53628095729309710
  0.54654493412274496  0.55691713764984552  0.56748690840927041  0.57781105630539065
  0.58832999692348364  0.59868750041787611  0.60883888594298141  0.61902139475528961
  0.62920213060532426  0.63947596517388583  0.64994018262777442  0.66063991678249101
  0.67158699039936920  0.68225990890558652  0.69277129674062476  0.70306719641921323
  0.71336860492681120  0.72378933289712044  0.73418750380692610  0.74453676248329270
  0.75452382501668092  0.76461657011444928  0.77500334432912366  0.78549814196117063
  0.79587538662319968  0.80627208163635633  0.81687421253416026  0.82753192202955417
  0.83817509010366675  0.84897056220621647  0.86010377568864715  0.87134799396006157
  0.88290721627998048  0.89399409760872561  0.90504333059037534  0.91584031973584212
  0.92654989311160452  0.93719425204367091  0.94774117051314655  0.95846403260416668
  0.96880061717477495  0.97907638133103758  0.98943262839541857  1.00000000000000000
  0.03433066566308052  0.21601302005584819  0.25661843201383427  0.27547226791003038
  0.29023802690953843  0.30351474530045230  0.31540913979241997  0.32610246940190868
  0.33623250223348428  0.34609292514414813  0.35555077257991508  0.36433090375325777
  0.37288868892647126  0.38113553940487427  0.38924830164003094  0.39695070769713103
  0.40460919454691657  0.41195584947392577  0.41958424638016228  0.42708763874823824
  0.43461460608172181  0.44202241374264634  0.44928438861675246  0.45631273811964207
  0.46306251582666896  0.46969961668237248  0.47635502350671727  0.48294532006471297
  0.48941428627912464  0.49584849524780944  0.50228470999190444  0.50870878221109206
  0.51493595895171296  0.52107238644028397  0.52722636899779740  0.53342199205343366
  0.53956999576625087  0.54577075812637565  0.55210823540864717  0.55848385133644141
  0.56473969454675554  0.57083691176481288  0.57691682452511606  0.58311707558526893
  0.58911107973787280  0.59489173230274395  0.60061214241926764  0.60637245880106272
  0.61230016474110405  0.61840550610813649  0.62452594383388649  0.63051155136091142
  0.63634008655967611  0.64208407492144137  0.64807505189738623  0.65433148518438700
  0.66061296767695143  0.66686320224978868  0.67303345127923886  0.67909140777044097
  0.68513749348084696  0.69120130381816314  0.69728778030960858  0.70345340859802652
  0.70965907433631470  0.71584645146869141  0.72205961510439520  0.72827805659992695
  0.73450746506671394  0.74073903051197076  0.74702264801277729  0.75333455732068222
  0.75964313966898045  0.76608770811319060  0.77261122821810302  0.77927751871717710
  0.78607681059923451  0.79302266743901417  0.80042294443420126  0.80793248919890370
  0.81536080840766623  0.82306107604732448  0.83073082566908996  0.83868891816345570
  0.84684558998690385  0.85540060871036538  0.86421861281416390  0.87316370624231399
  0.88234363643496549  0.89195924562520701  0.90252651936212347  0.91406560976268902
  0.92709896056776897  0.94282312536372626  0.96455257680637430  1.00000000000000000
 -0.01876236506871227  0.10915368257365674  0.14428039903793155  0.16636509749816819
  0.18399144472870696  0.19877196957633345  0.21208822517759021  0.22452024395118284
  0.23611424414398360  0.24674616348937312  0.25657968092842326  0.26574253844014262
  0.27455648430978757  0.28303843320635291  0.29151196783524047  0.29993801894161548
  0.30805747876433925  0.31580633850544870  0.32327464200266692  0.33070523197749835
  0.33785670151165470  0.34492661091796056  0.35181219057001673  0.35845236776892991
  0.36489707883585271  0.37118978718656498  0.37739398967541843  0.38360512908368188
  0.38985947981902236  0.39604730640681862  0.40203986517644447  0.40791332181093226
  0.41376592393315315  0.41964810540298930  0.42538716091457845  0.43114408517904601
  0.43693136230215768  0.44262632256972556  0.44831212374797963  0.45388394746389604
  0.45946965011362545  0.46518759970677459  0.47093855564630155  0.47662116362332413
  0.48211576197211936  0.48745306941982530  0.49278187316231259  0.49834167035518240
  0.50390596295761858  0.50943660126492885  0.51494624093170249  0.52033650406645915
  0.52562605455729905  0.53087063698049020  0.53613521942224762  0.54158964096435347
  0.54723901704998379  0.55299561055054036  0.55869704680005505  0.56448425089302667
  0.57022741093149321  0.57602152074636570  0.58165215953749039  0.58746060443921844
  0.59342224526491050  0.59945385843493859  0.60552850303878536  0.61161694659158816
  0.61775277066369838  0.62405166723168248  0.63067567534545277  0.63755687808933081
  0.64443640641178590  0.65138928450199007  0.65819909475836402  0.66497873855879930
  0.67190523814194136  0.67906509244563229  0.68641568681100296  0.69386180200752012
  0.70138367546364311  0.70902866299138290  0.71706885247153118  0.72535616121653890
  0.73453123903057016  0.74384608113008566  0.75369111149827184  0.76396010202650233
  0.77505421457144952  0.78711029293813228  0.80031093101024087  0.81507014896905927
  0.83231419006362484  0.85434697772471035  0.89035281156705781  1.00000000000000000
   9.7943055357801385E-005  -1.0000000000000000     
 T F F F T F F F F F F F F F F F F F F F F F F F F F F F F F F F T F F F T F F F F F F F F F F F F F F F F F F F F F F F F F F F T F F F T F F F F F F F F F F F F F F F F F F F F F F F F F F F T F F F T F F F F F F F F F F F F F F F F F F F F F F F F F F F T F F F T F F F F F F F F F F F F F F F F F F F F F F F F F F F T F F F T F F F F F F F F F F F F F F F F F F F F F F F F F F F T F F F T F F F F F F F F F F F F F F F F F F F F F F F F F F F T F F F T F F F F F F F F F F F F F F F F F F F F F F F F F F F F F F F F F F F F F F F F F F F F F F F F F F F F F F F F F F F F F F F F F F F F F F F F F F F F F F F F F F F F F F F F F F F F F F F F F F F F F F F F F F F F F F F F F F F F F F F F F F F F F F F F F F F F F F F F F F F F F F F F F F F F F F F F F F F F F F F F F F F F F F F F F F F F F F F F F F F F F F F F F F F F F F F F F F F F F F F F F F F F F F F F F F F F F F F F F F F F F F F F F F F F F F F F F F F F F F F F F F F F F F F F F F F F F F F F F F F F F F F F F F F F F F F F F F F F F F F F F F F
  <DiscreteSampler_grid>
  grouped_processes
  1 # 1 for a reference and 2 for a running grid.
  10 # Attribute 'min_bin_probing_points' of the grid.
  1 # Attribute 'grid_mode' of the grid. 1=='default',2=='initialization'
  0.0000000000000000 # Attribute 'small_contrib_threshold' of the grid.
  0.5000000000000000 # Attribute 'damping_power' of the grid.
 # binID   n_entries weight   weight_sqr   abs_weight
    10   10   7.269260870582988E+001   1.878849499433223E+004   7.269260870582988E+001
    16   10   7.269260870582988E+001   1.878849499433224E+004   7.269260870582988E+001
  </DiscreteSampler_grid>
