  0.00344362788686952  0.01110887411225499  0.02139581878184621  0.03109823141502333
  0.04084042814160695  0.05026672204217936  0.05917868594170450  0.06836525518068477
  0.07793754826955614  0.08806077919742934  0.09869238878091069  0.10894316962660741
  0.11896883659838051  0.12917946407041903  0.13941778047069886  0.14945852088503980
  0.15952696210848599  0.17024429648488415  0.18194298642316359  0.19337170445276594
  0.20370391883604566  0.21389663600535180  0.22445023141211845  0.23519206219089020
  0.24532964493213549  0.25578367314443567  0.26668768297860929  0.27713527265481508
  0.28650213878507980  0.29596221303963272  0.30492244825711479  0.31412780103780485
  0.32316000289722713  0.33260529802043676  0.34274660342616331  0.35320455558595243
  0.36355497575169343  0.37388496435776514  0.38431608545903051  0.39502618755815949
  0.40584648783353483  0.41678382443388728  0.42787570064210423  0.43906090255962521
  0.45030714012194273  0.46133132136726246  0.47211159812900205  0.48299181061947599
  0.49381601369828004  0.50480963625799002  0.51553758081861156  0.52645856020859116
  0.53718072957309204  0.54737140705902443  0.55706227429004351  0.56697111388691279
  0.57740894167466050  0.58773551260344659  0.59745641120098480  0.60688283284128108
  0.61666301233473253  0.62653567186555470  0.63675824350661225  0.64719656485986632
  0.65808424546756950  0.66917045205902315  0.68092940405346292  0.69201684652920603
  0.70243586101798383  0.71261919213908265  0.72264534740961972  0.73260351599288298
  0.74242775567865482  0.75218939372911464  0.76274363298372538  0.77351840831071039
  0.78489883096690083  0.79641090039487694  0.80759863591228187  0.81924324945899407
  0.83088026070502774  0.84205966655728359  0.85275088153310230  0.86295785368755173
  0.87284826264825865  0.88245820372187411  0.89283478147394690  0.90426830129144409
  0.91611296719366897  0.92679046273437482  0.93747207784195474  0.94943102302668236
  0.96132713843497208  0.97284098237963634  0.98572471583407273  1.00000000000000000
  0.00652170198349214  0.01726279956595353  0.03031273845463927  0.04352870640491357
  0.05544681127063066  0.06707116749997989  0.07847131619950749  0.08972720570119687
  0.10088745242565277  0.11196552399829161  0.12328138157936898  0.13463709496371484
  0.14534433922277942  0.15559290631463465  0.16556352022588819  0.17551408031225701
  0.18533364938455546  0.19533642963514586  0.20591071125277013  0.21632034634380073
  0.22642841773997091  0.23623783536013018  0.24632062870121557  0.25604577473052353
  0.26611585258468751  0.27606588762672257  0.28664527718264943  0.29685256966362839
  0.30693025003407892  0.31735857843958593  0.32817014420889151  0.33944561636022469
  0.35081354734115577  0.36126837351178276  0.37191778740722564  0.38141379021773231
  0.39142719422546191  0.40145511361257613  0.41157884618798801  0.42232505452853264
  0.43306475615341605  0.44361213378906317  0.45391773185333884  0.46395327076714293
  0.47409919502656989  0.48389806170770028  0.49274520950348277  0.50177610490989411
  0.51096225624227953  0.52026772704502100  0.52974057914182593  0.53959030239755501
  0.55031230247644836  0.56173521616426003  0.57327546101533755  0.58431705209596263
  0.59449320907610981  0.60425311852307417  0.61412667331349946  0.62412040028688875
  0.63440015215035606  0.64511548770264548  0.65555629652078151  0.66558844116202076
  0.67551819263819490  0.68553861461258536  0.69583968345551994  0.70556081098974732
  0.71652233355724704  0.72770438473848242  0.73786783655362542  0.74771378805088384
  0.75770042099187895  0.76780412640340068  0.77795933055191480  0.78838991620727583
  0.79951177015405550  0.81063427283477851  0.82160179451148474  0.83268162208194318
  0.84407942062263353  0.85566993045303086  0.86715442296504752  0.87835483653212965
  0.88921155726278744  0.89979098316138861  0.91012265256383451  0.92051373393723390
  0.93078615755324967  0.94097647378808269  0.95104196618019532  0.96090332710984561
  0.97115768670078018  0.98079797279795167  0.99082387310995457  1.00000000000000000
  0.00305208355487931  0.01227491352592096  0.02355649701732698  0.03450970067452146
  0.04530951061926954  0.05554611968755420  0.06602633940833308  0.07667054470984493
  0.08716415531634120  0.09718974034534250  0.10778030905563728  0.11909672181128547
  0.12997013718992156  0.14002941682481188  0.14989476310528188  0.15964719686763049
  0.16941207755071294  0.17894498373087547  0.18864902145570833  0.19901058361349505
  0.20978996423275154  0.22093185364783002  0.23160691626548280  0.24205598663630354
  0.25267974410342220  0.26338541868474108  0.27436516304102887  0.28551501611587682
  0.29671436868713380  0.30785871491311800  0.31769515845576518  0.32661184523487535
  0.33578021872807573  0.34576085183971356  0.35561866578770968  0.36466152859159590
  0.37354810292945684  0.38376650115596234  0.39473802756010784  0.40527787256749842
  0.41573080016026037  0.42703392732280376  0.43839258273551529  0.44898988430912495
  0.45967611339299341  0.47044757310626600  0.48181741803807865  0.49298328416311565
  0.50341859537117595  0.51379032819507298  0.52418697044546392  0.53512236897252963
  0.54613635497046509  0.55743687131955777  0.56908331457791306  0.58089456864519229
  0.59240737534924803  0.60374470088229837  0.61475851502515588  0.62533006954117476
  0.63573795703104641  0.64613856860226215  0.65710932021746216  0.66840240540007578
  0.68022402498001799  0.69171925098934950  0.70263200936587233  0.71339782385854988
  0.72401471081550928  0.73449356606225968  0.74501166954667541  0.75592727029658191
  0.76697237448489730  0.77788911872300859  0.78872992687906496  0.79961192410769477
  0.81060968961584801  0.82144543505527745  0.83181403435613344  0.84185582684495419
  0.85189015216537933  0.86217436916355539  0.87281069604718742  0.88373949063874180
  0.89449189612022273  0.90455135863750658  0.91434715351362050  0.92418002753156603
  0.93395733928678604  0.94367126635728071  0.95314213257841773  0.96252091337316392
  0.97247526980128207  0.98344169579451046  0.99267289148067972  1.00000000000000000
  0.00513911198112634  0.02292072709797905  0.03580184196427039  0.04630714973226503
  0.05506297156393757  0.06487092920956689  0.07452491543532071  0.08389558946819178
  0.09339939692055206  0.10312346232155674  0.11395907881404962  0.12533051736234260
  0.13626889494483274  0.14692817239144060  0.15718766765617931  0.16720073237785280
  0.17719231250944045  0.18743800217095460  0.19820379857896819  0.20923612097595196
  0.22019991566666827  0.23100353372870269  0.24170978222778913  0.25255998505791555
  0.26345204755125157  0.27463659664163947  0.28642062458554324  0.29727233477193721
  0.30696773926102877  0.31632701360121274  0.32595224437384340  0.33589407231271418
  0.34606896187838265  0.35620845433057352  0.36708707887100028  0.37830353693987923
  0.38972209724332924  0.40143633252755112  0.41310430900030309  0.42346803289399393
  0.43253098113324540  0.44184452153287124  0.45130609861265769  0.46074926946744615
  0.47030428147585535  0.48044535879867395  0.49155152640701932  0.50291344305815799
  0.51445742335414291  0.52557869218580566  0.53615267435929437  0.54699267071000346
  0.55823205875047144  0.56921116691970985  0.58003659909023308  0.59054685641387805
  0.60106354625651148  0.61137459972144292  0.62146062667382118  0.63207908500220200
  0.64316722695140949  0.65316791499014459  0.66189194506969951  0.67075595202486216
  0.67995353312022855  0.68936328376744638  0.69828890210506012  0.70731292454734118
  0.71690289523031647  0.72630842518842065  0.73524624477822886  0.74422076166076356
  0.75414998307232894  0.76463187884757855  0.77579798114347787  0.78714894642832012
  0.79808580958351150  0.80914126704645228  0.82102014528699985  0.83275594447502099
  0.84355140504630477  0.85372940354473692  0.86387720432965887  0.87423855214909907
  0.88493402953561928  0.89590888052631446  0.90678912850780380  0.91743677553054115
  0.92801481224821070  0.93875768736387366  0.94942620237243680  0.95962247392367273
  0.96962391415341909  0.97945234076245258  0.98927618654955807  1.00000000000000000
 -0.00015106494436204  0.00130718953700619  0.00331396814445759  0.00591110886685403
  0.00913622520328044  0.01279514755243240  0.01666412603659833  0.02122702840297898
  0.02625476905043483  0.03127530062531264  0.03625698950475298  0.04172011735784029
  0.04765410034305569  0.05349581980648277  0.05952602119842283  0.06580667331024850
  0.07231677468291259  0.07898666587141387  0.08580360981963334  0.09290176140510609
  0.10012217111013511  0.10745993246196689  0.11505986585167094  0.12295084233590509
  0.13126584329930402  0.13993630188543363  0.14852217917257332  0.15667791811147533
  0.16464645561015864  0.17274194871588527  0.18097551193108324  0.18933040134781548
  0.19766750389137039  0.20615821402330162  0.21495222570997960  0.22399679630323527
  0.23328610815043987  0.24281221367434339  0.25239251933244028  0.26179540355274755
  0.27145458422866681  0.28152014351507898  0.29066734875969014  0.29955828209321311
  0.30818188647227340  0.31674097819097108  0.32595834127743978  0.33596231960056816
  0.34609802490357999  0.35636613206527346  0.36626280248658871  0.37583467689636402
  0.38582334834270365  0.39629571772987732  0.40701929669078751  0.41793921886767177
  0.42914623136532254  0.44067906827382602  0.45262258035544384  0.46519933998478674
  0.47732202844463650  0.48923487866217130  0.50041855937249302  0.51152034994527107
  0.52283245594005245  0.53431882250627893  0.54604149308850003  0.55825304300461331
  0.57053921099147220  0.58260282169970457  0.59521164638156154  0.60869576497051470
  0.62173480680592774  0.63492779217043882  0.64847042984041103  0.66249700875011741
  0.67704576421005758  0.69230404870952844  0.70808910209627707  0.72365017853073121
  0.73838044343162634  0.75361256111870578  0.76923225235805037  0.78515806864461768
  0.80133932075098979  0.81784506726644546  0.83467766050200520  0.85146961059033299
  0.86833350441679136  0.88551237434492092  0.90312800436690366  0.92137014226264724
  0.94045178867758683  0.96027961805271922  0.97999187523817999  1.00000000000000000
 -0.00288827418663538  0.01032425424671596  0.02162218309914446  0.03343320240427450
  0.04531130015458393  0.05722524132938398  0.06918374221263025  0.08129671880355020
  0.09348041039134640  0.10488007291289139  0.11475246193498444  0.12411462392094127
  0.13366872495732121  0.14331753391672597  0.15292856360488630  0.16265063646833844
  0.17270566000969226  0.18302652052212257  0.19336580498961475  0.20378695428538846
  0.21392518446829384  0.22361657518818528  0.23314497602786513  0.24285289708283561
  0.25272640504745714  0.26253533186192440  0.27281184200415143  0.28371319934756412
  0.29501147653545962  0.30687570154399468  0.31919498815621655  0.33168086675810721
  0.34363265601019538  0.35490874782344439  0.36601113726693801  0.37717039622081228
  0.38846742045262744  0.39937854573286585  0.40950064950705606  0.41939989574694553
  0.42936225410322565  0.43914528084872190  0.44870265229578948  0.45856965767703661
  0.46930300002879433  0.48066486926134888  0.49184373656349517  0.50282847523246244
  0.51403370749194610  0.52489425502052356  0.53533130928677020  0.54575814280671897
  0.55611752314854612  0.56661133475346959  0.57721948778335608  0.58787300566298095
  0.59840178824424506  0.60907444005686207  0.61986717861880647  0.63038375007801850
  0.64018822481026538  0.65010367549738901  0.66019540848855596  0.67030748582004918
  0.68088631703325297  0.69227603938466875  0.70395058212366834  0.71558461396346473
  0.72666245328259704  0.73637816406656809  0.74553927498537687  0.75486479556723773
  0.76486602747079235  0.77432588707205885  0.78355558961158756  0.79240065403632320
  0.80296103925439688  0.81275891711608583  0.82163138252659751  0.83090239895687668
  0.84028839309006498  0.84928082311757880  0.85842849300680879  0.86796109571872249
  0.87802073850142548  0.88903928054752590  0.90033019060280173  0.91122108665404844
  0.92241275347489726  0.93363725058256941  0.94438146376823295  0.95474120741542690
  0.96545612965289096  0.97713754517632412  0.98851079794785424  1.00000000000000000
 -0.00360584098663777  0.01338416596082750  0.02770557479930297  0.04185458382623754
  0.05466154759985441  0.06803644896402596  0.08134986712876759  0.09392352623957390
  0.10613067895693859  0.11859164150663851  0.13124527646283971  0.14423776290812351
  0.15788880891766810  0.17113251861520787  0.18358830514478994  0.19575368407668986
  0.20805172587638140  0.22007204627235782  0.23245595719800469  0.24486577365927456
  0.25829654390461587  0.27153785087094540  0.28500548713077045  0.29759907314938877
  0.31022513622284104  0.32245341004689126  0.33425415037395090  0.34558558364352088
  0.35685799874278917  0.36826543118813310  0.37952665644215278  0.39010245883226580
  0.40051384311166216  0.41086294920985983  0.42114613143302332  0.43113690977766855
  0.44142628921412608  0.45233361967099039  0.46354076145335182  0.47478982725458913
  0.48600721440437911  0.49700040073023566  0.50747536598716492  0.51781885878694933
  0.52806624886397846  0.53840267378442386  0.54889121521554241  0.55927129143792109
  0.57025188265039417  0.58128709125592726  0.59192198518348493  0.60224754310885875
  0.61231753489069762  0.62226229692088642  0.63195636103357300  0.64164349371368123
  0.65154068981610269  0.66179846270427189  0.67205882931492456  0.68205170570292928
  0.69154543792724898  0.70053054072751042  0.70928054480797043  0.71808991112502885
  0.72692079107370067  0.73513123551983994  0.74352105259866064  0.75234541094844454
  0.76105955264957614  0.76964174417857112  0.77778087713837751  0.78555378590994762
  0.79323479156433996  0.80135540133411309  0.80986548889580590  0.81870460177324766
  0.82754584464151970  0.83624829750884810  0.84510131010868283  0.85404396622486189
  0.86263311982746593  0.87104061011590306  0.87946736389244562  0.88774169625431165
  0.89616751175758680  0.90474354167756210  0.91360231209220066  0.92313129127421933
  0.93318519572916425  0.94332912159978999  0.95324788515754466  0.96302206133772139
  0.97232433006451779  0.98159613075397456  0.99115149653166978  1.00000000000000000
 -0.00240108050186625  0.00953782777774423  0.01930487542647627  0.02942531766106830
  0.03980284242857639  0.04942498747592045  0.05964321472313806  0.07054699257259939
  0.08161678627361713  0.09195491493340847  0.10193546090725271  0.11188964791996679
  0.12179078824583182  0.13240764551561829  0.14441421716532427  0.15704241743932981
  0.16853807931547476  0.18023434460278018  0.19018409775333364  0.19984698772550918
  0.21020597562847729  0.22038505705118874  0.23031388220528679  0.24001312446500306
  0.24974623084921058  0.26006575059948800  0.27072107053141231  0.28135247466048530
  0.29170665891278458  0.30175982554414915  0.31211263666070360  0.32303804521188706
  0.33396966009880219  0.34446736331157518  0.35496280875452640  0.36592588707330387
  0.37762009732696089  0.38975966050524707  0.40243150791767507  0.41496282983578670
  0.42642219623720723  0.43712537046186434  0.44769710670927693  0.45840931653342981
  0.46891854561838359  0.47904521361097258  0.48889717258007614  0.49882215814285036
  0.50887198021050517  0.51919838147531572  0.52996163178918643  0.54087410003672687
  0.55222852215344831  0.56344489328873637  0.57498909216685967  0.58613434301915079
  0.59725706330506756  0.60818521532770875  0.61846096960675068  0.62832168490649742
  0.63798640808694274  0.64830594277919462  0.65967080754426533  0.67030308534427130
  0.68091470279102584  0.69136052159166250  0.70217738470024438  0.71282870219049321
  0.72336816967525142  0.73363726067375612  0.74440560139709411  0.75452288101426102
  0.76528243428422149  0.77548655823868795  0.78655070625599155  0.79746872653373735
  0.80843188760826568  0.81920034509305717  0.82985506235600204  0.84012864420344457
  0.85025935461269841  0.86044382521599838  0.87039773434159540  0.88013809683922373
  0.88974169773824119  0.89932080954829541  0.90869844508491127  0.91850776530918821
  0.92835241923066425  0.93830724810342792  0.94833722275161414  0.95797010833390328
  0.96807024243206430  0.97831736324136942  0.98878291229784565  1.00000000000000000
 -0.00405149278146141  0.01677945802808462  0.03306290621363779  0.05077898660623760
  0.06764949038584467  0.08450166227885683  0.09962861121228342  0.11355058371317403
  0.12734214065561228  0.14170970842238353  0.15629058797325240  0.17014043499750295
  0.18322671324560841  0.19604106981519312  0.20888310366814691  0.22186486693829555
  0.23481870094179813  0.24767051405929849  0.26001134517535768  0.27196399720385045
  0.28425506118286831  0.29642788334594650  0.30840496398879352  0.31993770566211943
  0.33124405203585949  0.34259494442853666  0.35330113546609782  0.36412946375884270
  0.37520800737614052  0.38734838737666660  0.40004344275196868  0.41220513553531662
  0.42359702466891563  0.43526055972293015  0.44622553586151903  0.45766484288934262
  0.46863415334395475  0.47917359938104703  0.48879817988715540  0.49823011935955558
  0.50733254651912263  0.51690094789098895  0.52621082000622332  0.53558679295645717
  0.54447866979347881  0.55288615396358010  0.56131248874458317  0.57003578787043951
  0.57913032271710052  0.58858216080350223  0.59806227000440204  0.60760052380513196
  0.61752608969793266  0.62760097058820041  0.63772578530314894  0.64769812216554190
  0.65734672635939040  0.66687814484072161  0.67626276042716427  0.68543046808353969
  0.69460819987471345  0.70384083458571811  0.71277726129901864  0.72157669483640086
  0.73048680394559995  0.73956548356327156  0.74837817692629960  0.75682301360261428
  0.76524551107660599  0.77401816451900807  0.78285191871964110  0.79133765114865984
  0.79978660012483893  0.80849326502100838  0.81768403955004343  0.82749088507693913
  0.83733178182942647  0.84661480295499647  0.85556442734114646  0.86454033586845402
  0.87330940830505199  0.88245538968456527  0.89153717347718631  0.90048122342023640
  0.90919376522242945  0.91774749288886170  0.92612311779326495  0.93457015570802748
  0.94313975114341864  0.95177501853915258  0.96043112180660972  0.96836744709030809
  0.97658139254200815  0.98438780992521324  0.99210495176821900  1.00000000000000000
 -0.00237171982435367  0.00959536465642225  0.01929808532389106  0.02999385839247251
  0.04029044731386048  0.05099299235047985  0.06135657298530534  0.07199964530765951
  0.08192720281492485  0.09092578856502460  0.10006676305440286  0.10978123436271962
  0.11973934493063552  0.12937777596920674  0.13964685106105665  0.15029306232236311
  0.16193172764642177  0.17332019823672792  0.18447996262761129  0.19488049177871156
  0.20501525324360498  0.21522757770301504  0.22500995537210439  0.23460938960948435
  0.24427518322850167  0.25443608634916565  0.26512946015054467  0.27605644921626482
  0.28727785043943849  0.29836679708273151  0.30941042837069804  0.32068407019960049
  0.33225897089852557  0.34390112464465206  0.35559456777114923  0.36724243560339132
  0.37861304540326624  0.38868099395970285  0.39921006841114998  0.40961984531504558
  0.41983535084809920  0.42927366257171223  0.43842091841705627  0.44848964613291498
  0.45887578373052201  0.47005315857526425  0.48161657550459186  0.49312632949865637
  0.50447617223316699  0.51566285437814396  0.52712781305768952  0.53851967772871334
  0.54910662715144953  0.55949682266205869  0.57046946371786067  0.58145409168932372
  0.59175154914893491  0.60152231574579951  0.61189742418366533  0.62244518634902324
  0.63311479640141755  0.64325763195810937  0.65394621560214539  0.66440815013209209
  0.67545806436183142  0.68674913073082133  0.69760311765119287  0.70917696117439388
  0.72036671346365022  0.73122844890124816  0.74190374950519145  0.75262595149692946
  0.76354727355312235  0.77420120692581451  0.78492841827504989  0.79556248574041910
  0.80633497524296149  0.81716099256399055  0.82761581459220102  0.83800506344921211
  0.84832699874294104  0.85875196712737067  0.86889865443081848  0.87920521457871770
  0.89012889351543367  0.90148661672795649  0.91294048139286232  0.92362179116938592
  0.93398433156865601  0.94425269969974523  0.95402252004822019  0.96334594987032063
  0.97241776093433108  0.98154521935988814  0.99068384121694997  1.00000000000000000
 -0.00211540529950391  0.00768102793433686  0.01696305138687460  0.02622809914639929
  0.03608386748480325  0.04520084686819631  0.05368314695526050  0.06220308842426740
  0.07107952991502141  0.08016172750977330  0.08890339152093493  0.09710334323863475
  0.10554346145791484  0.11494778156021077  0.12461655735019624  0.13400742137266289
  0.14338953551223488  0.15275396794449173  0.16215683298241562  0.17131642249376194
  0.18037334470458555  0.18971992135724977  0.19921086000250837  0.20872457220924429
  0.21824527998604534  0.22783896285177646  0.23784699627511974  0.24805497388933387
  0.25832846342836641  0.26851603130907276  0.27833237880863176  0.28824141729146208
  0.29857174051520519  0.30896731026234414  0.31913725376511715  0.32892556680873714
  0.33872940169949983  0.34867638913789745  0.35840579917935150  0.36839137797524119
  0.37866517417911294  0.38910861532329860  0.39965316210917501  0.41047802532104277
  0.42117049795077799  0.43142289281787466  0.44159596290721165  0.45209084834557545
  0.46320574558671190  0.47436878041504216  0.48527184779425170  0.49612247777058976
  0.50615324774662751  0.51634621365727251  0.52716503519300451  0.53796706170876052
  0.54835561192727833  0.55852681371300072  0.56928983485179296  0.57987100121689061
  0.59018023499260308  0.60039888098708460  0.61154522607031558  0.62296542465649152
  0.63450118692302926  0.64532931423355977  0.65553413591984744  0.66605735246147313
  0.67776670871513534  0.68978055437949548  0.70142864303246055  0.71358340270644549
  0.72770720266636812  0.74007022785037779  0.75228866012554330  0.76360491188963231
  0.77551847668155538  0.78713585619526993  0.79852457995403481  0.81000159730709287
  0.82112250020177247  0.83248418662227852  0.84413526866355371  0.85514303879655185
  0.86564349153632714  0.87685296491567299  0.88985165253783061  0.90271614642153353
  0.91458831686685915  0.92625323585328956  0.93706737251269279  0.94775135397155186
  0.95776500193513836  0.97175232428510705  0.98598146973469381  1.00000000000000000
 -0.00290034541282384  0.01044526555395659  0.02191557166476894  0.03339826112504467
  0.04451065442906363  0.05559393847631386  0.06674518907854321  0.07802921579564180
  0.08917985351704588  0.10008663621044847  0.11057088729832217  0.12080369625316212
  0.13114358670692558  0.14191684407164026  0.15260046368489463  0.16282480420741052
  0.17319894643886891  0.18398074251062330  0.19495619733693434  0.20620806087962623
  0.21755934469278704  0.22885746869794080  0.23987597197225097  0.25065916138963595
  0.26165855378182346  0.27308345202592721  0.28477689944076351  0.29620648759716001
  0.30721260864089778  0.31804081805464857  0.32824505046493413  0.33809982990740356
  0.34821349687645392  0.35884787954550351  0.36974893134052017  0.38023867337419281
  0.39040990789908558  0.40066657193125726  0.41087650267198095  0.42068793567490748
  0.43023999115668010  0.43995101258807973  0.44969677155737109  0.45911229824154959
  0.46825710306132173  0.47701424493426692  0.48703836722768667  0.49742238423183732
  0.50748312827504194  0.51686847560447324  0.52650162200944084  0.53696001239758850
  0.54749995276448804  0.55844821120750832  0.56941860427216551  0.58071807930699204
  0.59198097534162442  0.60328890453891859  0.61390310702433404  0.62470462174679020
  0.63503799280888373  0.64544803112337823  0.65628281979821090  0.66728461556330598
  0.67840845402899486  0.68996903365493722  0.70188698709980379  0.71331844002353706
  0.72418142769390936  0.73407163938328868  0.74368138719501697  0.75345741848621228
  0.76322519264157118  0.77303705982381421  0.78279872485055968  0.79379764847518819
  0.80587199475085880  0.81779895072075903  0.82889917416871262  0.83956626387985189
  0.85021972601209472  0.86084028399738055  0.87152849373171093  0.88218541756802415
  0.89270436431132127  0.90215032927238925  0.91135610136484690  0.92110847455815437
  0.93114491354756490  0.94087258321310430  0.94995279595211235  0.95897985981573841
  0.96848909433443087  0.97870521418385203  0.98917707939252475  1.00000000000000000
 -0.01703817475375592  0.09762648329436592  0.15691441808996204  0.20116654961264749
  0.23670887450621902  0.26849876834491504  0.29784974790448615  0.32386295313412594
  0.34684792519233887  0.36678426792118579  0.38419877474887248  0.40092425132081372
  0.41639941129993102  0.43197764066667349  0.44666135911434107  0.46047568503210162
  0.47384281638056164  0.48702582871701816  0.49971135665525773  0.51201303505135221
  0.52395749600330266  0.53535518231083568  0.54650569802099402  0.55744152223478405
  0.56789640774970995  0.57772620079513159  0.58713857479561959  0.59634761280522264
  0.60532704107778834  0.61395128291933143  0.62215684802546223  0.63064009567262014
  0.63927900125137482  0.64757218538393679  0.65567757360430012  0.66354498230085390
  0.67091414076561140  0.67792155140222610  0.68503977651768899  0.69206931073088385
  0.69928244736896161  0.70634312295239332  0.71348903360016358  0.72043292727099739
  0.72726550974889614  0.73417198878516787  0.74144020814939615  0.74840837001656246
  0.75540883509180523  0.76241033136262371  0.76939109224290647  0.77622532435163083
  0.78300730400977780  0.78981641695028282  0.79617378853378373  0.80247233675384588
  0.80901003584712783  0.81549656032856599  0.82177994253037312  0.82780145193736443
  0.83357041052689862  0.83908109482398696  0.84458989000295315  0.85024694386081812
  0.85577995566018061  0.86109528033053195  0.86623386635766475  0.87132837921969175
  0.87642409570887692  0.88137955559652126  0.88643622659972776  0.89123348687823178
  0.89600993408951712  0.90081650708440952  0.90565349515501692  0.91049941313211979
  0.91527027766322011  0.92010805937281648  0.92508863854245516  0.92998473119668235
  0.93482035481561843  0.93942200441502433  0.94395233404422008  0.94854150973527251
  0.95310975604847226  0.95770514555744435  0.96219008683013163  0.96668405533714785
  0.97115479942891358  0.97549164288710255  0.97971397935665183  0.98387387538904847
  0.98799605711284488  0.99209691074728934  0.99612170597411898  1.00000000000000000
 -0.00242835072041301  0.00950149889339539  0.02015266898152823  0.03002248216602640
  0.04024226099275510  0.05044759836603050  0.06066705957271792  0.07060310293129518
  0.08058816714187891  0.09078693942496407  0.10155892056846071  0.11239841896416858
  0.12261459501042335  0.13282888574216273  0.14319706389041489  0.15431583527974085
  0.16609791295536358  0.17750814228667930  0.18916631162187494  0.20125940165684766
  0.21358764026620125  0.22531364625289568  0.23644179198211795  0.24740322900772066
  0.25860569186114069  0.27002675429079609  0.28103546036918697  0.29199975158162567
  0.30314861859095826  0.31468897923096106  0.32614813208625093  0.33744011163724846
  0.34859890168316365  0.35998794779850996  0.37151035893238676  0.38282199462169764
  0.39400613402112594  0.40517210484291505  0.41577489594774109  0.42488811327645482
  0.43334797083788623  0.44218617152322853  0.45149561127659110  0.46068188257875997
  0.47001154873180123  0.47872447308352689  0.48880434447401283  0.49879168962709686
  0.50781235207762931  0.51697708465828596  0.52650530160305176  0.53629491015734554
  0.54583738516183244  0.55523637438235340  0.56515058445973709  0.57562496287570708
  0.58633034188045030  0.59687075567432335  0.60761612279692356  0.61826111292143993
  0.62889894265930357  0.63946998194097437  0.65007440872568323  0.66028325613681693
  0.67115695686268328  0.68248719553135850  0.69431266641684386  0.70665366811763353
  0.71876166865874414  0.73046697863319787  0.74151224253879233  0.75239295125179917
  0.76264858154339299  0.77272935475662174  0.78233496805813474  0.79195527045529845
  0.80195769476312206  0.81205188437654385  0.82223789695788696  0.83268332795482536
  0.84302489783886336  0.85375331149454725  0.86431213216592517  0.87448436332664925
  0.88470680826298365  0.89468800677432436  0.90558856502437202  0.91611826056195411
  0.92766485993068526  0.93953225882002889  0.95203140873855807  0.96269120795589769
  0.97214874557719344  0.98123882760208347  0.99039131763906818  1.00000000000000000
  0.00364736612034465  0.31075792590734042  0.37679169991763994  0.42386785938964761
  0.46334027889828761  0.49761622693157270  0.52705730332838330  0.55409023064997054
  0.57862765220236123  0.60085745575839866  0.62089881771211775  0.63882981829890306
  0.65554109646777159  0.67101533316701933  0.68544188322581501  0.69899198300687937
  0.71145520992002131  0.72290399116050130  0.73422953125982959  0.74504530907042088
  0.75517335277301412  0.76492722454823292  0.77442563833446332  0.78344550810264446
  0.79189865552769156  0.79987051752257077  0.80747758213787912  0.81471392210801941
  0.82157307451890360  0.82823122598919208  0.83467013501440701  0.84087792297410580
  0.84685803452594166  0.85252948354871017  0.85780376021624383  0.86277008787064779
  0.86759274254870788  0.87233958817765800  0.87698948876452354  0.88142793157271515
  0.88561875994103045  0.88965791563476937  0.89352018014593892  0.89723605087370151
  0.90077505164645588  0.90428465426959626  0.90770379028496773  0.91094180731025831
  0.91407191137338073  0.91711753329336565  0.92011369744507965  0.92308990472650487
  0.92602852256013501  0.92891643011429514  0.93177028516128702  0.93460422282639166
  0.93732878089470661  0.93965440297324965  0.94182111483692654  0.94392298712279843
  0.94598383243549167  0.94796955665902305  0.94993387675851981  0.95190170773119664
  0.95381522665872898  0.95565016965157057  0.95742426535968816  0.95914703262780832
  0.96081635217233974  0.96249809737930403  0.96410470290329298  0.96568449763102060
  0.96721467127497407  0.96871653006960723  0.97019980758666569  0.97165497029162706
  0.97308061437076798  0.97447483587622807  0.97583367606898919  0.97714564067916410
  0.97842424049988541  0.97962810743072737  0.98082555108818681  0.98205471121410615
  0.98330516773065857  0.98457130443522711  0.98582273321256941  0.98702398880967346
  0.98820723433373259  0.98940051825627240  0.99063045729370591  0.99190896149630137
  0.99324036121237791  0.99474637999917104  0.99686106016589737  1.00000000000000000
 -0.03141818139939388  0.16371297844661936  0.21783415947314727  0.25110471538602869
  0.27570616197774733  0.29683136627745732  0.31415557179672837  0.32951690845067139
  0.34372784667278916  0.35689861605698475  0.36860471432038550  0.37929015477862765
  0.38965697088424667  0.39944651147118820  0.40830788370758536  0.41675127313447996
  0.42530086089921149  0.43401313104278366  0.44235047354007462  0.45031779018686685
  0.45757179066435483  0.46441473359787122  0.47130184754584148  0.47826932961244550
  0.48482249188262505  0.49112931255210496  0.49735385860810088  0.50366741292499906
  0.50986775472840717  0.51583506079774311  0.52172339300468740  0.52761395754287221
  0.53343496425376180  0.53903033944231638  0.54443513669776022  0.54970162956437585
  0.55492912030180519  0.56003066906601140  0.56509634968730282  0.57019822653881325
  0.57540744630278784  0.58046313652218939  0.58529856628945232  0.59001713907585662
  0.59480252711855186  0.59972729118045487  0.60466833504966155  0.60957306854547388
  0.61446599364059606  0.61925243100456240  0.62390297307017673  0.62862605135695049
  0.63332575181897421  0.63814652340214628  0.64304851765149851  0.64764263591373650
  0.65213355116317240  0.65667564288039659  0.66145439079839274  0.66636379137609714
  0.67130106332348150  0.67623262567816622  0.68125223646927602  0.68639517601884992
  0.69150003546083894  0.69648740040768864  0.70144712177693092  0.70622944659550468
  0.71103781793857368  0.71568895403334964  0.72037683566471045  0.72499850670902610
  0.72980428163029254  0.73482571023638477  0.73991206050390723  0.74494571095766504
  0.75000982987321207  0.75537493099461039  0.76113958072110377  0.76698583211232019
  0.77290341320408307  0.77895104404061455  0.78514705837605370  0.79166183417725433
  0.79860631974556828  0.80585854157335601  0.81351815965754914  0.82190427846710579
  0.83090521143526153  0.84051083627402945  0.85077466747860198  0.86224576050115787
  0.87598922835150927  0.89399563631803092  0.92414572735805167  1.00000000000000000
   1.5157511925512269E-004  -1.0000000000000000     
 T F F F T F F F F F F F F F F F F F F F F F F F F F F F F F F F T F F F T F F F F F F F F F F F F F F F F F F F F F F F F F F F F F F F F F F F F F F F F F F F F F F F F F F F F F F F F F F F F F F F F F F F F F F F F F F F F F F F F F F F F F F F F F F F F F F F F F F F F F F F F F F F F F F F F F F F F F F F F F F F F F F F F F F F F F F F F F F F F F F F F F F F F F F F F F F F T F F F T F F F F F F F F F F F F F F F F F F F F F F F F F F F T F F F T F F F F F F F F F F F F F F F F F F F F F F F F F F F T F F F T F F F F F F F F F F F F F F F F F F F F F F F F F F F T F F F T F F F F F F F F F F F F F F F F F F F F F F F F F F F F F F F F F F F F F F F F F F F F F F F F F F F F F F F F F F F F F F F F F F F F F F F F F F F F F F F F F F F F F F F F F F F F F F F F F F F F F F F F F F F F F F F F F F F F F F F F F F F F F F F F F F F F F F F F F F F F F F F F F F F F F F F F F F F T F F F T F F F F F F F F F F F F F F F F F F F F F F F F F F F T F F F T F F F F F F F F F F F F F F F F F F F F F F F F F F F
  <DiscreteSampler_grid>
  grouped_processes
  1 # 1 for a reference and 2 for a running grid.
  10 # Attribute 'min_bin_probing_points' of the grid.
  1 # Attribute 'grid_mode' of the grid. 1=='default',2=='initialization'
  0.0000000000000000 # Attribute 'small_contrib_threshold' of the grid.
  0.5000000000000000 # Attribute 'damping_power' of the grid.
 # binID   n_entries weight   weight_sqr   abs_weight
    16   10   1.402405272177338E+004   9.684315308833040E+008   1.402405272177338E+004
    17   10   1.402405272177375E+004   9.684315308833086E+008   1.402405272177375E+004
    19   10   1.402405272177338E+004   9.684315308833040E+008   1.402405272177338E+004
    20   10   1.402405272177375E+004   9.684315308833086E+008   1.402405272177375E+004
    22   10   1.403151450513142E+004   9.695861026548328E+008   1.403151450513142E+004
    23   10   1.403151450513180E+004   9.695861026548374E+008   1.403151450513180E+004
  </DiscreteSampler_grid>
