  0.00323692773257920  0.01185815756465983  0.02189854536023230  0.03194927494077190
  0.04209298069959676  0.05201528392579521  0.06217670654640867  0.07227451217235617
  0.08241535149766280  0.09275011439965548  0.10316551232592162  0.11360143776613560
  0.12397112462917566  0.13447885316143218  0.14489885175567885  0.15548130470017540
  0.16588250572312105  0.17643896146902527  0.18684228468671540  0.19800973938689007
  0.20896025621314551  0.21925473088547215  0.22957857110881194  0.24018307694156646
  0.25082332701132692  0.26135307288223431  0.27182334271430197  0.28232103338220149
  0.29304429434887136  0.30410105020428763  0.31503683959878198  0.32571589454373223
  0.33612070184924953  0.34644969182200847  0.35670229064832409  0.36681387104792457
  0.37693316002188160  0.38706077563214059  0.39740961177882939  0.40794973799919815
  0.41843253787174550  0.42868273582722938  0.43875834127028929  0.44903489105132333
  0.45937916417243368  0.46978532980005511  0.48011913396934275  0.49063950230573283
  0.50138355830259440  0.51216115005871854  0.52270822449014365  0.53299405372367892
  0.54317322222523035  0.55340008217024905  0.56387288425746795  0.57441717540140225
  0.58501156206660454  0.59549948630119198  0.60607446647015373  0.61638344669282341
  0.62664334749903150  0.63666962427903606  0.64681525880278246  0.65741182487421301
  0.66821919642178862  0.67904707719429114  0.68959428289085278  0.70006617962876527
  0.71065476683235118  0.72131160966204144  0.73206829744345181  0.74294306881248939
  0.75367750974531067  0.76398548085503992  0.77415078480301813  0.78430508662444909
  0.79470990970379962  0.80505206207923319  0.81552514835208811  0.82610102018559284
  0.83661409200403536  0.84722714180371628  0.85778157056879833  0.86885614951125734
  0.87955369762137958  0.89015158050521259  0.90062644147009963  0.91132386831485135
  0.92233084660369202  0.93328100766098165  0.94426150762833583  0.95509272417132418
  0.96624060778976018  0.97763885794344441  0.98886432417387859  1.00000000000000000
  0.00673685343196160  0.01690429314055615  0.02806014839041867  0.03934422181444758
  0.05001927374675807  0.06064936504727822  0.07138096316087306  0.08221560661564750
  0.09316367283079925  0.10420245884097214  0.11482519016669517  0.12547773952791183
  0.13578016087651357  0.14642163392308186  0.15687901098592835  0.16751763738288841
  0.17801551748865652  0.18832879977816014  0.19844924111966084  0.20869519378178983
  0.21915000264890594  0.22978886613796234  0.24043149559145938  0.25104369651100222
  0.26166068866436104  0.27226157998055961  0.28275407570501226  0.29325224311451947
  0.30362463195796890  0.31414610379968250  0.32490520059461103  0.33573612985843365
  0.34628124598162435  0.35658778012914455  0.36680693764095346  0.37703773886528880
  0.38731855454151448  0.39773087870163304  0.40839011612087195  0.41909841001473386
  0.42972498509454288  0.44037950375518858  0.45099183849616681  0.46131459493172144
  0.47132654158497062  0.48139620955563911  0.49169242314234057  0.50207317489637493
  0.51245828095708290  0.52285423129033270  0.53337148250777988  0.54386529722008470
  0.55426353908065773  0.56460353548761200  0.57493445621052375  0.58519503578956245
  0.59551364523103312  0.60576907805206959  0.61598351160146592  0.62620728745109999
  0.63652027249024368  0.64688960830140863  0.65720266135269234  0.66745505430438223
  0.67784035948925048  0.68826399761949586  0.69863889039770621  0.70893426526002490
  0.71928416307459186  0.72965454738163249  0.73994995286224452  0.74996386682083016
  0.75999148178855536  0.77019511730471002  0.78067253131001269  0.79117861325343730
  0.80153838922089082  0.81193607657684341  0.82268558092101896  0.83347505964452673
  0.84380400839636172  0.85374498019248579  0.86358518390807637  0.87337099753448588
  0.88322583409871180  0.89332284470373657  0.90377588605166859  0.91420069902212908
  0.92451953376617346  0.93447886391869317  0.94452591603190850  0.95433893726080998
  0.96411238530938681  0.97367093036388375  0.98279134731537088  1.00000000000000000
  0.00333628571215631  0.01168670981382078  0.02133390899770516  0.03182498685704709
  0.04235269030373768  0.05263486693628409  0.06260002084974706  0.07286708683011506
  0.08298305118961702  0.09295359848616885  0.10280522814682977  0.11279784133575424
  0.12299257972627725  0.13334635042486345  0.14369958881165812  0.15406700478590302
  0.16436455109748974  0.17474488528916554  0.18496968565784203  0.19535383279385318
  0.20567887023646217  0.21626717450275132  0.22706708357715596  0.23760184191639142
  0.24832787027509984  0.25874387913758418  0.26903732487668885  0.27928507597311081
  0.28955079681110096  0.30000980405212896  0.31066908549838201  0.32112627644584862
  0.33174548195551412  0.34217276898654986  0.35261482191794985  0.36314782426676634
  0.37341085726410461  0.38392220750527617  0.39456082740345089  0.40567210991404368
  0.41686293415269321  0.42761674332651101  0.43827029036162524  0.44912861524505893
  0.46003044832548873  0.47055736308760360  0.48104053145608894  0.49139216260828844
  0.50180601419197879  0.51176327674180777  0.52146933803028139  0.53124098351832838
  0.54092453733551249  0.55121911581932947  0.56160050543282225  0.57232729155475048
  0.58274218387833276  0.59327753928818694  0.60392193788310133  0.61469396322500269
  0.62543201615450550  0.63605750818927065  0.64668373158986747  0.65716879889229685
  0.66757665449996462  0.67772877503831930  0.68807369644311800  0.69875043704599249
  0.70950958491392302  0.72028403356587434  0.73097456082994550  0.74136033101100451
  0.75183081469709867  0.76183787917929180  0.77210873656889922  0.78238110937097793
  0.79294271113624193  0.80367621636002529  0.81426879028798682  0.82488902836895084
  0.83556538750542309  0.84610233350990371  0.85651727516743770  0.86680164561418072
  0.87679844001696061  0.88713179725784486  0.89721542782085628  0.90788469337206612
  0.91827594386380851  0.92900177265349448  0.93996548230166166  0.95170739444560293
  0.96347638305534744  0.97529883972314702  0.98749624146830883  1.00000000000000000
  0.00562976364448774  0.02117779982243868  0.03602785387717898  0.04871585024482186
  0.06052121964588179  0.07197381646291284  0.08281037546705260  0.09360319544368317
  0.10454180015582619  0.11571400313510687  0.12683323380794720  0.13770061425991081
  0.14837362267294782  0.15893085215130509  0.16953047041051586  0.18012926718433603
  0.19088840728098444  0.20167708248930566  0.21262908143992060  0.22355623454981774
  0.23423871486569972  0.24467768140475987  0.25493824388549413  0.26517884672231823
  0.27531257005794574  0.28543691868335663  0.29574262298419068  0.30625748736840369
  0.31688187646965377  0.32771680978492002  0.33847287284724059  0.34918084790303727
  0.35986189281499925  0.37041837481280365  0.38082811782826703  0.39107328096259769
  0.40131295096034525  0.41131248310252716  0.42110253206136927  0.43090254165589464
  0.44090429268527243  0.45106853916378986  0.46139335186700442  0.47178243285262617
  0.48215048860914067  0.49248180729370256  0.50281477940029518  0.51309319512304818
  0.52340127649672230  0.53364924181626994  0.54377128497142113  0.55387431644686291
  0.56403828099536191  0.57449332255138630  0.58485986834126491  0.59514437429869926
  0.60535144393058915  0.61559161795942663  0.62590428179664315  0.63624943988550742
  0.64665426371595358  0.65680237651865814  0.66694875401684550  0.67696999809607061
  0.68705035561969729  0.69722768589109563  0.70757343585143728  0.71809200293763542
  0.72861493547002154  0.73889107284080879  0.74912448310847346  0.75940695363567701
  0.76994446707152953  0.78035122341970398  0.79059394626775770  0.80077431287712131
  0.81101850563220912  0.82127325318064215  0.83162040792348890  0.84196479118345346
  0.85205235245686561  0.86198465923281242  0.87179545676664183  0.88182592898354517
  0.89210518310800513  0.90270169430914926  0.91348314238664408  0.92405715697670254
  0.93437740278739223  0.94450631128568652  0.95464858706185929  0.96477276271344059
  0.97447152205678667  0.98320321103996688  0.99193282893619006  1.00000000000000000
  0.00000181935497803  0.00000712361625597  0.00001220032437081  0.00001643901637778
  0.00002060657296841  0.00002482535805786  0.00002902196748712  0.00003316197418625
  0.00003730545439540  0.00004147715480336  0.00004563293571148  0.00004973593172514
  0.00005396014408758  0.00005827202082104  0.00006258076300590  0.00006689156155653
  0.00007125233323990  0.00007570832028352  0.00008029036425774  0.00008494036992952
  0.00008958283070733  0.00009432824968397  0.00009918740706614  0.00010417891702633
  0.00010924914914543  0.00011453151948829  0.00012007198865529  0.00012582316500742
  0.00013176007188600  0.00013781614377753  0.00014414734513542  0.00015096934177871
  0.00015833958116767  0.00016622810890434  0.00017452697655462  0.00018318079220957
  0.00019204170170367  0.00020107563901917  0.00021039955305113  0.00021998961659229
  0.00022986195743669  0.00024013626084827  0.00025068537065685  0.00026157984010617
  0.00027290343844834  0.00028452790921568  0.00029682214309778  0.00030966668553378
  0.00032319863664780  0.00033727213446625  0.00035181047764965  0.00036705938495533
  0.00038278934878986  0.00039952487509010  0.00041717678407872  0.00043583738044105
  0.00045525157901035  0.00047522825389173  0.00049648900381421  0.00051962387955325
  0.00054480136107239  0.00057173517774414  0.00059991129485002  0.00063043490594802
  0.00066291262586118  0.00069673445328861  0.00073172309994264  0.00076907342693397
  0.00080981568680106  0.00085398979446159  0.00090118723190753  0.00095148972860597
  0.00100635686622013  0.00106562660687738  0.00113049070634778  0.00120313948257872
  0.00128233517082338  0.00136816689748992  0.00146418286245919  0.00157642319273095
  0.00170267403199834  0.00184455056114548  0.00200017468501761  0.00217148212922004
  0.00237126400069082  0.00262486590662834  0.00294618565031140  0.00333535298804002
  0.00377895190165079  0.00435369038473279  0.00505795620370400  0.00591011156338650
  0.00728677947578250  0.01010888280866390  0.27220049168864768  1.00000000000000000
 -0.00242717560289002  0.00977035814839214  0.02075927092034596  0.03213165312540149
  0.04341199729987257  0.05411698661461437  0.06542599203926551  0.07645170099457382
  0.08751614698844022  0.09834873754329029  0.10942775969843427  0.12011145964627440
  0.13094900663033646  0.14203962648774521  0.15336433951050940  0.16418935467189402
  0.17484486166986477  0.18558541675157164  0.19681752945126071  0.20802710479332706
  0.21864133604438743  0.22882350601103821  0.23929600897402575  0.25015714594773181
  0.26062449082589811  0.27101594570044663  0.28121500982297509  0.29173502599092915
  0.30199983231713073  0.31228758824224306  0.32280073426174627  0.33340155201992094
  0.34420411652073951  0.35501465797065374  0.36583531401732977  0.37684819791662350
  0.38785899896698794  0.39867520515351107  0.40928980878540416  0.41979147695600527
  0.43065761460166196  0.44152005658068116  0.45237543666548835  0.46287239994312929
  0.47300954090747621  0.48336999277932646  0.49379804598979116  0.50409475850019969
  0.51426045766089423  0.52452344789186001  0.53508436963313932  0.54579727651767329
  0.55621368016491024  0.56642542005645424  0.57634045761716135  0.58619544546403157
  0.59630344380528510  0.60644231349868916  0.61651995639148061  0.62665789241965952
  0.63698910742290571  0.64763620845233705  0.65825282056284695  0.66874000792361155
  0.67919497035572818  0.68947336499279122  0.69986676863017661  0.71017093754619032
  0.72022462053658565  0.73046404820619915  0.74041517063564832  0.75058139674622504
  0.76080942857352729  0.77108824286206268  0.78146202512932761  0.79178671626253039
  0.80231576581262454  0.81271380371864277  0.82296473085532429  0.83314111766766086
  0.84346033836539935  0.85404180474585190  0.86451406275485709  0.87491417202555444
  0.88520816311052908  0.89541548203082577  0.90567546940492094  0.91606008271603656
  0.92666182501957362  0.93690094236425936  0.94715937069125733  0.95747996226086129
  0.96815715931462476  0.97889958380631870  0.98946725710573702  1.00000000000000000
 -0.00241721057419884  0.00958279367612140  0.01942678161589358  0.03006584671674895
  0.04023830801980405  0.05066208174849145  0.06101217337221840  0.07164013296440883
  0.08257007998059879  0.09309305288392508  0.10390617877072331  0.11446522503000515
  0.12490337231490209  0.13489733399722043  0.14502778234730682  0.15571396952608055
  0.16637613785121802  0.17705784537193595  0.18747745730938659  0.19817473531180704
  0.20875778000028378  0.21959544657861466  0.23014324922075580  0.24056854360223126
  0.25103540137669555  0.26156756911323137  0.27208385892454112  0.28266235030808767
  0.29322945742195505  0.30382783327629986  0.31457255687001578  0.32549444812981837
  0.33609196223026827  0.34614207644989220  0.35643414840425991  0.36684150908201818
  0.37719363262573657  0.38760954160365263  0.39796066647163403  0.40857655163778578
  0.41902571923135523  0.42949161971229738  0.43993425415279813  0.45017269839455248
  0.46057470908306253  0.47082593437510423  0.48108150138272809  0.49139284946741302
  0.50176952033194566  0.51252802258051278  0.52343864044778876  0.53477437666256444
  0.54549196224765428  0.55613066644882858  0.56649472764999476  0.57703242181266157
  0.58733220653491935  0.59782087886200097  0.60824661707745320  0.61893466983771639
  0.62973451840585126  0.64058610410812367  0.65110915413802672  0.66158860170583955
  0.67240641561601810  0.68364919591240059  0.69453031867237225  0.70515419870308349
  0.71548594868386306  0.72594913506405034  0.73630379499884080  0.74690519391396681
  0.75741935353166490  0.76793690935756087  0.77862684800699988  0.78922981002457926
  0.80015342137705359  0.81071313293172986  0.82146544633204466  0.83210574654300107
  0.84244667412563801  0.85277818955454598  0.86327177946050326  0.87397530825001457
  0.88428262192927098  0.89458485775783825  0.90484660948540863  0.91527295302306377
  0.92537354890581502  0.93602377750464927  0.94656207158704231  0.95745089133304362
  0.96768517223469142  0.97847514429526206  0.98915971152970927  1.00000000000000000
 -0.00237629821644718  0.00924306928224986  0.01925914897970213  0.02957636040977670
  0.03970478513803170  0.04990425598440939  0.06021132858796754  0.07072334445162365
  0.08094337606925731  0.09125717494759432  0.10182336589730280  0.11210463187896197
  0.12261520610550931  0.13286848891103695  0.14370157355309171  0.15441363029215632
  0.16517305107670380  0.17628631467292991  0.18713806544137168  0.19814037671747953
  0.20872128207103796  0.21950304682943567  0.23019860683408280  0.24088979877638733
  0.25156139730174942  0.26221691422508725  0.27264541165448131  0.28312462593513527
  0.29371194950516288  0.30430420203672343  0.31469755778486175  0.32522637182699754
  0.33589322075735617  0.34674099850812856  0.35728573631770888  0.36774185158318362
  0.37785982451479394  0.38811615024699020  0.39843866785954957  0.40901231242356395
  0.41947282011085718  0.42974952173378000  0.44007447777233188  0.45055560172851794
  0.46104048381012652  0.47132360576026872  0.48147519283869522  0.49169132903577745
  0.50244622986028031  0.51338913892182225  0.52430872113540872  0.53490818759477554
  0.54550515995609850  0.55612162485963901  0.56667190262150091  0.57739572778388959
  0.58783452268069036  0.59825926741277469  0.60862620223951003  0.61902224068900902
  0.62946676649146382  0.63983846522853893  0.65037751417229628  0.66115818494605538
  0.67199152783676719  0.68265265368349815  0.69344760399495686  0.70402937564361867
  0.71461418076204597  0.72476853788412410  0.73516408557962187  0.74546080200526321
  0.75598874586297571  0.76648206639839189  0.77727079922168596  0.78805090904088304
  0.79860174982138132  0.80934564738919923  0.82002514814018956  0.83102435023163090
  0.84177854468399194  0.85220144392426367  0.86297829552175598  0.87362972413650031
  0.88457155299803625  0.89500773283380053  0.90532029508137113  0.91546711095576394
  0.92568208026768628  0.93611815036777013  0.94673959202092506  0.95747587100897014
  0.96823495059747866  0.97883376064962491  0.98942774708798176  1.00000000000000000
 -0.00251385831254254  0.00984834559818364  0.02031881373869748  0.03073618261606566
  0.04101890544792610  0.05129460220986967  0.06175148843054649  0.07245111668240774
  0.08307042421992701  0.09353108212416700  0.10387820330762759  0.11410745262989215
  0.12437519865380783  0.13486677946788941  0.14521243965251140  0.15562687693506191
  0.16587796666282278  0.17631599230533390  0.18674397862700426  0.19705650333898436
  0.20735380962805833  0.21770506906938303  0.22823652015862883  0.23879099770172940
  0.24945355624561688  0.25985336892249433  0.27047853130184696  0.28111949644009815
  0.29130319187976028  0.30131444694881226  0.31139291907609939  0.32178265319133281
  0.33226737327873873  0.34281399465315548  0.35367251042171494  0.36436960085705861
  0.37502645470824170  0.38567247321932235  0.39622713015810851  0.40698852833818161
  0.41791339865729882  0.42912797340934222  0.44001411757411152  0.45073526508890377
  0.46169947433048425  0.47238875894322363  0.48277190481588517  0.49317071959386383
  0.50343341193828328  0.51355292182476131  0.52363386680958035  0.53390664275779320
  0.54439163391767587  0.55515144113544779  0.56603359175120682  0.57671040287945596
  0.58702958369382729  0.59727069719296322  0.60784412059267068  0.61821769452313247
  0.62830928999116786  0.63806693276636994  0.64802954830432014  0.65850843781822943
  0.66904457009975515  0.67951457195553333  0.69000201054171828  0.70096290222055813
  0.71189964084308976  0.72245089657017902  0.73288921107293836  0.74346465496361980
  0.75419497134576596  0.76516770787102961  0.77615018274634096  0.78719215304438972
  0.79787963528140782  0.80855535582042892  0.81917316488033221  0.82961941374312498
  0.83993587162708672  0.85050721591476497  0.86120913170682589  0.87202418504021617
  0.88271226263754443  0.89350648759697870  0.90420103627381454  0.91488431055150088
  0.92551112110942790  0.93592543740259293  0.94643807844975236  0.95692805414610371
  0.96771400720347867  0.97844462017942624  0.98914974669528810  1.00000000000000000
 -0.00218814952459376  0.00922888758225507  0.01893257580197528  0.02946217622885480
  0.04004872432787610  0.05064039796379747  0.06071916714639239  0.07086557963718630
  0.08104367132075913  0.09115267796159128  0.10121895377310598  0.11168519270121742
  0.12220630837745787  0.13257123033330939  0.14270177653378499  0.15306136012319602
  0.16357218347322131  0.17414751686604699  0.18470562808766008  0.19508060385581139
  0.20530453163018089  0.21552066757685814  0.22578682355917407  0.23619614049370050
  0.24652172776093553  0.25711821025586151  0.26763002247734369  0.27805510461583927
  0.28844973150496900  0.29888949798271436  0.30920006570256459  0.31943259093942522
  0.32956830726286235  0.33985734127259337  0.35035679488960125  0.36113907930284900
  0.37196683771696903  0.38253066196730745  0.39276578413718949  0.40298592700730207
  0.41335220629902775  0.42387394455413469  0.43441834043113675  0.44499936468102036
  0.45571721504915824  0.46646263487340228  0.47712631462168054  0.48754672020685075
  0.49804499307126987  0.50875435152725379  0.51954515572101712  0.53015007637904055
  0.54076724759828709  0.55135390490401137  0.56184646092684787  0.57214288908489641
  0.58248397342704461  0.59294582832401876  0.60334451573273573  0.61374022372867831
  0.62420936478907640  0.63494316342797086  0.64570305145672680  0.65637770738229673
  0.66695797876387164  0.67738872725732024  0.68761391656048698  0.69776100508102801
  0.70793316367564141  0.71830390936201027  0.72885126818641011  0.73955938874691940
  0.75007419194454750  0.76048190118760517  0.77085742408359881  0.78138798778131724
  0.79204278160754837  0.80279899255817055  0.81350783522231707  0.82407756385565734
  0.83486930549738436  0.84605301772342145  0.85734925442746202  0.86846814669126593
  0.87936849023438202  0.89010833704850634  0.90101485779344548  0.91199130055543276
  0.92303268896371737  0.93383359830644519  0.94484941218542440  0.95579231675619636
  0.96683878346442220  0.97758682240271610  0.98890994889097461  1.00000000000000000
 -0.00248595452208130  0.00962502115193920  0.01971910899557450  0.03046037045498705
  0.04103859850622584  0.05167837184347848  0.06225867414633121  0.07306271757955703
  0.08382246400603620  0.09474502561452322  0.10513689194508134  0.11552003292149600
  0.12573193765811175  0.13604144549796077  0.14626569240393594  0.15633733776213818
  0.16654532137818295  0.17661337631270899  0.18686956532664128  0.19720298571054196
  0.20763547869717908  0.21808397051576695  0.22832908145718800  0.23862452648248489
  0.24882651294106850  0.25931323262831191  0.26953851389276601  0.27958900512206614
  0.28949528504314304  0.29984540710940921  0.31033095198235117  0.32079903872927690
  0.33113705952379285  0.34126833259649486  0.35153756447247064  0.36173856978808971
  0.37203206011297935  0.38220609093342950  0.39263388009310518  0.40317893805771021
  0.41360935469969740  0.42392241923307072  0.43444326906021730  0.44529843001353142
  0.45627985804041793  0.46716799656945740  0.47793472926084124  0.48852082653635287
  0.49898775594041311  0.50956268545941741  0.52024089994122646  0.53103999493231147
  0.54182972671751173  0.55278464329753019  0.56383603178799024  0.57483670020228783
  0.58576965718877760  0.59654276078818502  0.60698324699927830  0.61718428372607115
  0.62751111118499481  0.63805335049232070  0.64852652911403696  0.65892839325871377
  0.66925992091241360  0.67993019635615093  0.69072775046676427  0.70150938808482244
  0.71202867178126683  0.72250277622793613  0.73296239138028119  0.74386912879491285
  0.75485563258774691  0.76596639878852635  0.77655215494194940  0.78702761533031274
  0.79750775206364288  0.80811765100076904  0.81868328406434832  0.82901386976624281
  0.83953603238695373  0.84973248277622615  0.86012965642616490  0.87056225881949600
  0.88128277102252683  0.89226976337365826  0.90317840894452028  0.91433659455602556
  0.92515084836854422  0.93622536500569309  0.94699506467554451  0.95767809018751282
  0.96800335112322888  0.97867700246705935  0.98933399343140371  1.00000000000000000
 -0.00223684855658760  0.00882432282191030  0.01845341101141884  0.02949448262879109
  0.04055593658505557  0.05147436458697784  0.06204280846120731  0.07322577926088780
  0.08455815458963592  0.09537745003922123  0.10591975070556901  0.11631135681829820
  0.12690326029966265  0.13759357957441504  0.14844811153607301  0.15913617166904337
  0.16966067085259540  0.18026268356087291  0.19070179558944897  0.20128023092596892
  0.21151141585646088  0.22184116608568624  0.23210759557884236  0.24251554577833961
  0.25290738232116772  0.26322353009285115  0.27347776321699879  0.28368678458291896
  0.29393953324141647  0.30422716855403509  0.31451149657313826  0.32480698318921958
  0.33509693873901691  0.34526973965830865  0.35553904730357455  0.36600049450046251
  0.37639831724191530  0.38654028416317582  0.39682667289122969  0.40710383579533116
  0.41727193320405720  0.42732048703315917  0.43744541540147691  0.44807635843932431
  0.45856578750894439  0.46899593840009091  0.47937590675620545  0.49007694854266726
  0.50111684588533567  0.51233555460651459  0.52337900874427812  0.53425007832804938
  0.54502231976710847  0.55560876447147034  0.56606041249459216  0.57645388012333798
  0.58690859127764672  0.59742803262622046  0.60802250138053138  0.61862892024891858
  0.62933186954974429  0.63998769720441617  0.65078531597030154  0.66171526698988248
  0.67283072997079429  0.68395131393716613  0.69486107895167659  0.70556211844501826
  0.71628046525482680  0.72693658267699679  0.73760159934905722  0.74843513960327834
  0.75947699399577617  0.77036328824342515  0.78106724516310522  0.79175742703055318
  0.80248350185142792  0.81325525657493369  0.82390044404291840  0.83446939232480533
  0.84475774661946057  0.85511811448742603  0.86569098313441228  0.87622916646973525
  0.88668485015717025  0.89720180195756105  0.90771946940635417  0.91802255213307415
  0.92824670059855652  0.93849654813085304  0.94890549911522859  0.95927319651391429
  0.96950226200051026  0.97981030125553603  0.98989416399656482  1.00000000000000000
 -0.00232005092047008  0.00880390171564970  0.01874810703888900  0.02892194466985473
  0.03925894845701448  0.04941417248170003  0.05963298340673755  0.07012790984131739
  0.08051109220402720  0.09105655510976081  0.10148811808461800  0.11178774161770326
  0.12204100119078955  0.13225470029065683  0.14241147605696311  0.15281587987526696
  0.16289631016602377  0.17308890864303944  0.18307528708709128  0.19337118099398584
  0.20415478778279897  0.21512501864436478  0.22616676806762828  0.23673605510972809
  0.24734770831628888  0.25807020484992976  0.26907648147015117  0.28005887925453443
  0.29075550389347182  0.30146104410476182  0.31227814759894612  0.32314777962300328
  0.33371420374218574  0.34407599251855547  0.35439642457636583  0.36489753838515004
  0.37551341751001338  0.38591901288905062  0.39660369400754736  0.40698641440019939
  0.41761970628333023  0.42781012297185378  0.43788221861420540  0.44814376493000430
  0.45875531098539890  0.46977410979735834  0.48097367613873898  0.49163678315548465
  0.50249314966341929  0.51306635767996445  0.52387754039248013  0.53447438919574175
  0.54498290958936613  0.55526059194624655  0.56572493540811275  0.57609650570919058
  0.58635646402910102  0.59648647287563838  0.60685926504115040  0.61780649584909086
  0.62856872186453772  0.63925743638321453  0.65009202784504205  0.66118936712833076
  0.67202681052436730  0.68279437677950239  0.69334045345697237  0.70403466351732691
  0.71470101911544914  0.72542939610765156  0.73623062202474976  0.74714275497485594
  0.75788083385319727  0.76873800863992559  0.77943638919218439  0.79051749269567928
  0.80132284670096154  0.81186501309566783  0.82256242386903400  0.83305028383521096
  0.84397001820641304  0.85460502465923949  0.86540962282351974  0.87631169439133394
  0.88709646056192715  0.89758927810809286  0.90793980555472120  0.91826299130301636
  0.92847710418321783  0.93853576602160405  0.94859491212110281  0.95882834868489086
  0.96908345206906898  0.97935427210544534  0.98967443350519291  1.00000000000000000
 -0.00228355548546142  0.00894656887058250  0.01911732522620058  0.02985626819188420
  0.04120098030508627  0.05211262043966731  0.06250557230248180  0.07251953095231091
  0.08258799864601275  0.09260242932725521  0.10288429477117464  0.11333461414616604
  0.12387869734736962  0.13443590352732174  0.14489877796379136  0.15518665331923520
  0.16572425977863040  0.17628314758901895  0.18681322323935326  0.19701713879336472
  0.20737854862343624  0.21783986563151214  0.22834366714015863  0.23875501518727210
  0.24914983759814954  0.25945240122313784  0.26977079458734105  0.28014437126191694
  0.29054038684874123  0.30091911003705141  0.31134076608678529  0.32203103539510347
  0.33256368081908716  0.34281106737537409  0.35300967890327256  0.36354625384639377
  0.37420237960832181  0.38472318258453936  0.39539125509137241  0.40608253752829987
  0.41664786169408513  0.42711599914127274  0.43769880083065849  0.44877100139383302
  0.45968122854176535  0.47029886049765679  0.48084985668259667  0.49133345912888382
  0.50217541345162198  0.51288350108873570  0.52341404527053570  0.53370366015817561
  0.54382390028387007  0.55406772243776603  0.56458386538192107  0.57540948356137156
  0.58637577169743149  0.59689028858252613  0.60739420915900766  0.61769466024932862
  0.62814937600075260  0.63841454873187942  0.64880479487983511  0.65919048181696971
  0.66974502134342084  0.68024294110567829  0.69104382266800946  0.70213902379229098
  0.71310477096083358  0.72393142322498072  0.73448550025730330  0.74530395902383306
  0.75581965894128400  0.76619352767737914  0.77645905269831739  0.78671018570064466
  0.79705076287751697  0.80730801696103793  0.81778155313546519  0.82819522451494532
  0.83883840736244375  0.84924769535362576  0.86010015300099074  0.87102602394884820
  0.88211114638254950  0.89294754194537085  0.90380555777110438  0.91437484813803516
  0.92485016712454693  0.93490795430536100  0.94564482204879108  0.95666499925636583
  0.96748866368851361  0.97841113790605616  0.98902923986088742  1.00000000000000000
  0.08399376550444340  0.24230548415391301  0.27182019290866444  0.28872735010219397
  0.30288983763919070  0.31548418232478681  0.32690383476831059  0.33754672320789464
  0.34767379414454214  0.35708403809942613  0.36612851756883785  0.37486991350254378
  0.38351652417627319  0.39185547166541823  0.39990518523636870  0.40753739007012824
  0.41494799435733437  0.42217291142343988  0.42934346750814428  0.43648716922648439
  0.44347510087225389  0.45045364781051300  0.45749616949468269  0.46445766061330535
  0.47130801297344738  0.47797104923397837  0.48450684534494015  0.49098884959082395
  0.49733207288213993  0.50355057082078114  0.50964481208990320  0.51565501288257543
  0.52165735916723566  0.52773763173140398  0.53394460547705380  0.54019717745156026
  0.54631143617844802  0.55219989604139241  0.55795990672119300  0.56370616458665379
  0.56954207125456224  0.57538554513235995  0.58117915533826114  0.58693815962455509
  0.59267955319416565  0.59847144554162657  0.60435246417606125  0.61034384131911434
  0.61619327115378641  0.62191171169394965  0.62766184863901620  0.63351936373286966
  0.63946120322518096  0.64539637026154084  0.65128345796980291  0.65716216579242492
  0.66299411762925853  0.66875545787928059  0.67437819411100808  0.68004871628367869
  0.68578226069805526  0.69164995122037232  0.69760514216990466  0.70340820326988018
  0.70915998116974333  0.71497574007073150  0.72084686682096111  0.72680355749559444
  0.73286626264837917  0.73900343108916156  0.74514757212247384  0.75134177818072023
  0.75760379005870249  0.76401992085565940  0.77055277392851185  0.77724333342143304
  0.78403075661397126  0.79078872069608575  0.79746225831458151  0.80415701844856835
  0.81101210311775263  0.81816349449032799  0.82556374926878173  0.83306582625579706
  0.84076520652583242  0.84872865678332277  0.85701224224450834  0.86564674998110636
  0.87474015973559460  0.88464037650584393  0.89547654427074486  0.90722214657367950
  0.92019330628403317  0.93557376899934142  0.95780438721159222  1.00000000000000000
 -0.02587865885685992  0.12295203977512068  0.15924851590411296  0.18094849535181501
  0.19794583141759070  0.21239776024725632  0.22522660218931007  0.23674633801868586
  0.24711620301501011  0.25684208281784737  0.26622166766540123  0.27529111961741970
  0.28396629298321702  0.29223627114217060  0.30024590083456743  0.30809037513526200
  0.31559171955948262  0.32277254117635634  0.32974811640741786  0.33651461337151189
  0.34308866000163707  0.34954021310203442  0.35587872945351751  0.36216158643865426
  0.36848054246627221  0.37472589131990036  0.38081879904525462  0.38675958386003678
  0.39254748751056184  0.39832336764060788  0.40402494026150121  0.40979273871348593
  0.41560372379412802  0.42137894737313542  0.42705908707576273  0.43257293482844184
  0.43795012059397048  0.44327115880195039  0.44861060701942329  0.45402823347783305
  0.45947276466887732  0.46486494540474416  0.47019283419995761  0.47548726197580848
  0.48074120885808252  0.48590713280667486  0.49097773576148135  0.49600372279683425
  0.50101820084181059  0.50617181555757751  0.51140584795349298  0.51664579403041588
  0.52194373335243638  0.52728356642911101  0.53266109947452245  0.53803954531058962
  0.54344155719342313  0.54895689135780024  0.55456224600862836  0.56021907700011275
  0.56585535854313684  0.57146265092739268  0.57704071442474769  0.58255973443238551
  0.58825232835425223  0.59404637415230965  0.60003455768661662  0.60602429625664345
  0.61192689252289978  0.61780702557877898  0.62378374848789986  0.62988127034697505
  0.63618687370815308  0.64262221627195693  0.64929934704782333  0.65607136457648352
  0.66283735600591531  0.66967089265521440  0.67674657964917284  0.68397369053838375
  0.69149064779921166  0.69921609710794519  0.70723339626554571  0.71569885720254978
  0.72459878640673214  0.73383549367576373  0.74348995634634851  0.75343952568496675
  0.76423136345018206  0.77579238336056155  0.78857901237955930  0.80308993532635753
  0.82008139418073145  0.84146432781638436  0.87720433454061564  1.00000000000000000
   4.8363843266382284E-005  -1.0000000000000000     
 T F F F T F F F F F F F F F F F F F F F F F F F F F F F F F F F T F F F T F F F F F F F F F F F F F F F F F F F F F F F F F F F T F F F T F F F F F F F F F F F F F F F F F F F F F F F F F F F T F F F T F F F F F F F F F F F F F F F F F F F F F F F F F F F T F F F T F F F F F F F F F F F F F F F F F F F F F F F F F F F T F F F T F F F F F F F F F F F F F F F F F F F F F F F F F F F T F F F T F F F F F F F F F F F F F F F F F F F F F F F F F F F T F F F T F F F F F F F F F F F F F F F F F F F F F F F F F F F F F F F F F F F F F F F F F F F F F F F F F F F F F F F F F F F F F F F F F F F F F F F F F F F F F F F F F F F F F F F F F F F F F F F F F F F F F F F F F F F F F F F F F F F F F F F F F F F F F F F F F F F F F F F F F F F F F F F F F F F F F F F F F F F F F F F F F F F F F F F F F F F F F F F F F F F F F F F F F F F F F F F F F F F F F F F F F F F F F F F F F F F F F F F F F F F F F F F F F F F F F F F F F F F F F F F F F F F F F F F F F F F F F F F F F F F F F F F F F F F F F F F F F F F F F F F F F F F
  <DiscreteSampler_grid>
  grouped_processes
  1 # 1 for a reference and 2 for a running grid.
  10 # Attribute 'min_bin_probing_points' of the grid.
  1 # Attribute 'grid_mode' of the grid. 1=='default',2=='initialization'
  0.0000000000000000 # Attribute 'small_contrib_threshold' of the grid.
  0.5000000000000000 # Attribute 'damping_power' of the grid.
 # binID   n_entries weight   weight_sqr   abs_weight
    10   10   3.968052589101437E+002   4.956840597854283E+005   3.968052589101437E+002
    16   10   3.968052589101437E+002   4.956840597854283E+005   3.968052589101437E+002
  </DiscreteSampler_grid>
