  0.00406140614292227  0.00907034427329323  0.01648849669726650  0.02447682826296864
  0.03339941498108243  0.04482190601957680  0.05676484103570188  0.07120218807739873
  0.08547307261500366  0.09931621833544635  0.11150787838327586  0.12174301799977370
  0.13222215559113598  0.14209987017379538  0.15079631359620643  0.15910072292556901
  0.16741696935311270  0.17624455827376798  0.18505258937847222  0.19386988000579483
  0.20396898881202882  0.21622171538694698  0.22963797490569238  0.24248866468665653
  0.25443112266259316  0.26553809676177620  0.27579160259703600  0.28437537093405951
  0.29300210810129163  0.30237917915236712  0.31344044624020528  0.32588398364031806
  0.33874304405209338  0.35155589641837315  0.36236959518824208  0.37117327879842277
  0.38086805634746251  0.39100835957925845  0.40120623490384311  0.41322293762923179
  0.42496582515801901  0.43709867150309412  0.45040109642567405  0.46272846169943022
  0.47472446012361891  0.48586408987595470  0.49700230275744944  0.50741323414500961
  0.51860927024551617  0.53022730925409289  0.54004493259911146  0.54886169036822041
  0.55784615306184615  0.56811052927370609  0.57936945118061156  0.59130289684863224
  0.60303565221819833  0.61206766502188170  0.62059575742415907  0.62805670827091309
  0.63507010826770316  0.64177491174269496  0.64887489806748999  0.65732149592410327
  0.66665398461622083  0.67900921790557089  0.69149866292618589  0.70181708355112271
  0.71213935434976317  0.72262457344366704  0.73569120226910123  0.74869322542530392
  0.76115019570859876  0.77396714087401686  0.78798377481830639  0.80308964269208949
  0.81758234482000480  0.83342736446763299  0.84156768288449291  0.84816860225033675
  0.85525727141138186  0.86257539797082161  0.87274719368790299  0.87909251733538796
  0.88565981761471202  0.89265406959023275  0.90038978959575189  0.90999174169292807
  0.91883433199741815  0.92670637688555191  0.93419822837225452  0.94321325042801984
  0.95416563846349201  0.96889476104546235  0.98468346310768762  1.00000000000000000
  0.00600893595700696  0.02092414484195571  0.03669564026612490  0.05193430011734348
  0.06672922160921656  0.08115236083052010  0.09464373415172331  0.10799669063869669
  0.12142742364407988  0.13431214343868794  0.14720466026102474  0.15882528005413488
  0.17007263500391973  0.18183561519737909  0.19305661821133152  0.20220268329893251
  0.21137749401363115  0.22087012986126853  0.23141024761517606  0.24323623579653361
  0.25581452900787499  0.26826321834435912  0.27932988122035513  0.28999498640562177
  0.30239506722435416  0.31489541623878931  0.32601241174635615  0.33655413561217112
  0.34743909495958952  0.35789478059634383  0.36817265328240173  0.37919830144348371
  0.39397105435650637  0.41089631424220607  0.42423168235345715  0.43369771385794809
  0.44215309352396032  0.45125716011537920  0.46041383740103603  0.47154371120699651
  0.48325246055957521  0.49512174895812516  0.50690531734920496  0.51843321471746473
  0.52876203229862440  0.53866282533313625  0.55035943546080135  0.56502727409748532
  0.57965967750554770  0.59431621417517622  0.60716737384953545  0.61598586484323570
  0.62566451170918169  0.63656641663115332  0.64815930073453265  0.65833597391381271
  0.66930576731278468  0.67967980477903700  0.69050915786777245  0.70122778722274326
  0.71032980685942149  0.71752056191661384  0.72439720921682194  0.73228810780283948
  0.74190242997165923  0.75282637038866451  0.76257647439647502  0.77141784442729522
  0.77900459960849688  0.78631445463685767  0.79333067087960429  0.80099656206383163
  0.80817346180828453  0.81483616129618275  0.82112592224814063  0.82786099572381999
  0.83504908291589974  0.84297490621964632  0.85031166726333607  0.85664632306542066
  0.86411431158334273  0.87164721287163238  0.87921789587186583  0.88807535262445692
  0.89766404797863242  0.90813198590102817  0.91955603149453213  0.93011610037673997
  0.93966682265372037  0.94970856039775131  0.95940259021146168  0.96819614150980016
  0.97655719792446138  0.98522903846431675  0.99082114409276867  1.00000000000000000
  0.00257094706350480  0.01463624405371451  0.02585342389852982  0.03558586411404963
  0.04550542273551180  0.05684101838994982  0.06897423047688377  0.07939509747309620
  0.09008000456681621  0.10077260853479154  0.11174427332633687  0.12166251616058761
  0.13074972633670920  0.14170991343676581  0.15376703096843122  0.16534576865411937
  0.17640700133611872  0.18774730811706694  0.19943673425120340  0.21034227646743817
  0.22011973768331364  0.22941065487338091  0.23832566213105100  0.24744409293502387
  0.25675460460368155  0.26397602374287460  0.27063756410105994  0.27758594678438714
  0.28523194188896761  0.29387685153634557  0.30436773750084617  0.31609231685931938
  0.32911142178244246  0.34205217219117068  0.35453102574025369  0.36640069744495463
  0.37796642938340247  0.38956526199160951  0.40042655427995000  0.41147276951548484
  0.42241422031619075  0.43313623123813516  0.44608667093284460  0.45943489199423271
  0.47158949087121188  0.48218412184377257  0.49070106842099165  0.49867915623312714
  0.50677936852655847  0.51523793033821519  0.52580729841828489  0.53695476664329367
  0.54603736520476176  0.55412020207747659  0.56305454093033236  0.57084735993116276
  0.57866393985434772  0.58697230928097610  0.59776994933871619  0.61434518717679032
  0.63454475324987214  0.65308245819067035  0.66707816909759998  0.67945698397100396
  0.69025251228427198  0.70000342542421690  0.71014955237865895  0.72162002437677686
  0.73368160893564027  0.74449392318578178  0.75232397740479295  0.75761600366550030
  0.76425319179437912  0.77194583089680724  0.77956997320981491  0.78647726338348045
  0.79308030081497705  0.79969111599246967  0.80623349628434615  0.81323172785995956
  0.82291993912076722  0.83391142992850620  0.84530706336648787  0.85810786798992045
  0.87258474419752940  0.88436561981795936  0.89552759206328048  0.90619041864213878
  0.91712733853543082  0.92783773848519469  0.93758032124699153  0.94747767052870335
  0.95697773651918727  0.96941332718195572  0.98301646667730225  1.00000000000000000
  0.00424230691019901  0.02656717665878994  0.04327232912510321  0.05747097451534254
  0.06984663031660823  0.08134568460796590  0.09059833333499680  0.09947137123092861
  0.10848388694214572  0.11759590072514786  0.12884900248898817  0.14072699237204433
  0.15145267483945188  0.16033880038929166  0.16852133854392509  0.17597070382105803
  0.18354696732364384  0.19097611997044683  0.19796070138593705  0.20686020636431351
  0.21667681747509121  0.22770766472015191  0.23925537890360019  0.25070401060833541
  0.26199086138416605  0.27399623045735516  0.28649411011075004  0.29821405843237081
  0.30889723760404247  0.32032422520901810  0.33433766319107167  0.34712146802492366
  0.35771828667063615  0.36737484657741348  0.37753253045010110  0.38853640073170664
  0.39924891772750898  0.40871070267893012  0.41780205811208371  0.42862432842085590
  0.44005506237819236  0.45251629047608233  0.46479675992008890  0.47589088876438307
  0.48832008349683814  0.50121333549390612  0.51435599688626155  0.52900293061937720
  0.54262875172324498  0.55559568974444584  0.56770053377232321  0.58089480616468814
  0.59662435091961852  0.61172755943882873  0.62369735068152587  0.63317663651181710
  0.64173577204228760  0.65094020838309552  0.66190077459473307  0.67241187426630611
  0.68189696630290819  0.69287277455786944  0.70475373328744695  0.71563146555281809
  0.72643385577509390  0.73822202914616863  0.75045363092532380  0.76181617800423429
  0.77378216446853543  0.78714669284843242  0.79900572085018118  0.80848694048663738
  0.81694986715189377  0.82544165998142371  0.83415923076657872  0.84257126256700365
  0.85137329635915426  0.86062128078124078  0.86915771709849243  0.87715060846732473
  0.88445895217765613  0.89284101953698347  0.90072068779661241  0.90733168000154374
  0.91367509796052393  0.92037616893742580  0.92896319390343574  0.93901560287124086
  0.94697815308239541  0.95502810938422256  0.96227894589348584  0.97000774838972781
  0.97777038088897372  0.98493879445027899  0.99101768109704957  1.00000000000000000
 -0.00007550851554961  0.00070882171081749  0.00166811702835913  0.00284564731634759
  0.00426726150106816  0.00605952823535914  0.00844924168522542  0.01070438617688675
  0.01356282935840741  0.01737375888226690  0.02172274842057619  0.02555544818291724
  0.02953324809615756  0.03358676615100650  0.03770896367599048  0.04273894489629281
  0.04765722376931495  0.05274935693747827  0.05815822724679987  0.06446237023909161
  0.07003432715691593  0.07503743446991173  0.08060687604980304  0.08670673416715884
  0.09449791227185345  0.10304487651426897  0.11141627300878579  0.11903426872133577
  0.12657548567973548  0.13382831179227836  0.14194295777767282  0.15064042311824968
  0.15920240342535594  0.16693364797857976  0.17403588425136057  0.18114975498170025
  0.18850411299255532  0.19608804725458368  0.20390086048810799  0.21254501681258645
  0.22200721675007160  0.23233312854681798  0.24364081787503669  0.25577746787424505
  0.26623783788363770  0.27460769430800203  0.28291979939276124  0.29060960827703725
  0.29894211602137333  0.30820541197913121  0.31831735845834913  0.32906433043772604
  0.33975248029872940  0.34958155482142905  0.35996915903618953  0.36932105050194425
  0.37851847648731102  0.38666396531611263  0.39456176496951445  0.40297165925861977
  0.41214994792376619  0.42195656544639426  0.43277917140392630  0.44493293884034807
  0.45641770705582352  0.46506450907475294  0.47464239496642047  0.48544260205759038
  0.49639252967909941  0.50750231871452500  0.51902815543118386  0.52935185310230315
  0.53982660776406100  0.55065819458825371  0.56262518835867936  0.57553620441376818
  0.58841527132865046  0.60339169759213829  0.62025750486490605  0.63743065798654341
  0.65331526838574849  0.67026815425563002  0.68755254156759060  0.70378031328194313
  0.72063546526322575  0.74087384426516378  0.76336016139389484  0.78731103613680586
  0.81146333108524449  0.83527977353706928  0.85931730774183912  0.88316005867194858
  0.90971036576917519  0.93857797051901848  0.96864160619059292  1.00000000000000000
 -0.00139861418544255  0.00737202903127413  0.01534976219418871  0.02366420676294117
  0.03140015246001712  0.03932006013367741  0.04853534414296654  0.05778931865137023
  0.06644667241393401  0.07616759997251898  0.08724408171268583  0.09858418296008664
  0.11566775894644445  0.13188849929664773  0.14639539556434661  0.15996770348353645
  0.17298411527867738  0.18677414557713529  0.20214130021352741  0.21754945411165250
  0.23104989783625790  0.24238347436468041  0.25330397580420827  0.26385315021492955
  0.27369304282360457  0.28294745171516478  0.29216737697888168  0.30206267617278254
  0.31253450261062593  0.32309608007539503  0.33347707715622166  0.34340095394110748
  0.35360713919396913  0.36368208068386920  0.37289774352221033  0.37956646151206930
  0.38469927693095879  0.39154132372979450  0.39935955160335818  0.40717531853353306
  0.41439466258442936  0.42132958867929138  0.42829730586458542  0.43495020654244881
  0.44471275649890252  0.45694939892154102  0.47099327370821836  0.48323693611506452
  0.49552618351661426  0.50614762692425730  0.51617259653049963  0.52564113616272812
  0.53401540155100957  0.54423847184113983  0.55451209785319489  0.56537311461846851
  0.57766946318349899  0.59098564882124449  0.60379766326069395  0.61491550917709958
  0.62582240394700139  0.63730985105262694  0.64847260068978951  0.65942800346292463
  0.67158295460823703  0.68431647980061527  0.69524426668889172  0.70405529898639740
  0.71257111112782978  0.72141229116149530  0.73059108677145235  0.74032717801453163
  0.75064469031373471  0.76301458803198841  0.77601865975756812  0.78776683555092941
  0.79812263930103466  0.80686247023636082  0.81407979226869931  0.82120344912886190
  0.82922194254243609  0.83965108179330594  0.84998742535875982  0.86467826857360364
  0.87994991589314975  0.89454459673606668  0.90683267539908496  0.91783109797356077
  0.92938918745342947  0.94079585896936491  0.95147474535471821  0.96313491957788921
  0.97380568599524220  0.98325461367561651  0.99190836151302531  1.00000000000000000
 -0.00211392342839050  0.00889311866494381  0.01947872441428877  0.03044984798192127
  0.04276049260968976  0.05535777100646198  0.06666298025415969  0.07651923011452101
  0.08706308554893739  0.09802882350652875  0.10658883897056105  0.11348401917424594
  0.12061752616986739  0.12894663671626955  0.13821365405501224  0.14765395066399689
  0.15728499261876872  0.16590985665572514  0.17386956584639016  0.18238968742315384
  0.19116407774111846  0.20204598616041408  0.21411061052331695  0.22652992702628597
  0.23987046511069918  0.25113478014902330  0.26048555808971718  0.26975640643863580
  0.28143793391234445  0.29393871721351883  0.30626949942699999  0.31970630790016086
  0.33332173303514534  0.34399034348499075  0.35264697934332662  0.36201743872049574
  0.37134048652977697  0.38168979864411390  0.39363520687111592  0.40528392231601418
  0.41925609888894466  0.43140638153100136  0.44400893490566695  0.45695374984957515
  0.46976611154595577  0.48302377054870971  0.50180171163596710  0.51868107922659390
  0.53366705504626810  0.54804336505538342  0.56302462814065790  0.57708534825948754
  0.58711862798584613  0.59410775404784677  0.60098680338799504  0.60812731337031944
  0.61631651425687817  0.62335477378784465  0.63038552958658289  0.63780625105549371
  0.64634865997785429  0.65934339178080659  0.67323211167697083  0.68492794746802588
  0.69569685985262308  0.70713995423987741  0.71802002587652303  0.72845710527345231
  0.73935214897473900  0.74986291287249185  0.75935656341877633  0.76742259590076345
  0.77469591324308174  0.78161355022215151  0.78874672908536414  0.79795696246757020
  0.80784603354241546  0.81814430933691340  0.82763290181067750  0.84104791116952093
  0.85405505109438096  0.86427603124934338  0.87253740187474016  0.88016304895863928
  0.88759263360714979  0.89530674694105616  0.90255368328296803  0.90947168034500991
  0.91781681380276992  0.92889361208282695  0.94065975203271401  0.95231267890191051
  0.96422551006905299  0.97631280908538276  0.98830816398239252  1.00000000000000000
 -0.00145732054546700  0.00849201099130573  0.01713255338693317  0.02601686066373348
  0.03568700210510173  0.04704994599056132  0.05807054403392381  0.06885433637246341
  0.07885275305478916  0.08819224651185990  0.09766488805786795  0.10747489991205125
  0.11763876183840985  0.12756426071552288  0.13716097849772579  0.14679075741858000
  0.15689048593475147  0.16776103830543704  0.17819718922340932  0.18901864464454354
  0.19991156212021985  0.21195014972996637  0.22392004602281873  0.23677410682105141
  0.24826149982063045  0.25975648849052208  0.27111369785913431  0.28225056072562393
  0.29312996307135958  0.30361519686209115  0.31387480855046856  0.32416999054547430
  0.33495949455645008  0.34640547717511477  0.35897989923184553  0.37082413894951111
  0.38389195959508654  0.39782661886715354  0.41181917590128375  0.42539522631675308
  0.43719791553475013  0.45000678475039246  0.46344081482792299  0.47468284459447441
  0.48635722892573668  0.49742999435861673  0.50903411252307340  0.52054392507420710
  0.53247481741272951  0.54530627563715117  0.55813014056023180  0.57003040096916691
  0.57988026790456548  0.58939862735319604  0.59821421447935907  0.60730331895950918
  0.61615811849614754  0.62489945487962983  0.63338305190598709  0.64193199801222156
  0.64973030307049406  0.65768821873238748  0.66591769991221128  0.67345130548316878
  0.68075162845367898  0.68909425393585344  0.69885103131204784  0.71010035090908019
  0.72114585814618981  0.73312874813573969  0.74391560819964297  0.75432963741234182
  0.76432463017408836  0.77416057055011001  0.78414543179235896  0.79287592041327826
  0.80377822889626371  0.81444808560900173  0.82701310519103488  0.83779979208284827
  0.84709884352135734  0.85592211064142987  0.86477383862228052  0.87215610476238070
  0.88016194244882273  0.88937559196252380  0.90071284692098752  0.91620299427961371
  0.93058495949594200  0.93948450354442647  0.94659425604676162  0.95356349354913728
  0.96161540374954968  0.97214236259208675  0.98499058530101835  1.00000000000000000
 -0.00498713896498352  0.01943489016904634  0.03606570200903624  0.04996537470800090
  0.06342811953386915  0.07609903701617704  0.08835298192623479  0.09994909658864544
  0.11121100979056694  0.12477607554791720  0.13816503787580808  0.15096018011232260
  0.16237267521084886  0.17535084088813141  0.19003505347983160  0.20356989332541200
  0.21293392228664723  0.22059677455063376  0.22896122576538974  0.23721795608959098
  0.24533084886524997  0.25199453043343828  0.25749076684965483  0.26317089962531809
  0.27066574786913139  0.28359313628414173  0.29718837577301627  0.31038726363891350
  0.32534489588314602  0.34102471080061730  0.35533425218252190  0.36937930717817014
  0.38387092722150884  0.39913072135226690  0.41540347505463537  0.43040894475954961
  0.44525060894011909  0.45871745548921294  0.47110435853842836  0.48308128066148159
  0.49560920895122118  0.51048010621312545  0.52508237184156814  0.53661826103199917
  0.54516907505402834  0.55253182537273227  0.56058236493907165  0.57012657025116209
  0.57966734108521090  0.58864254759929913  0.59696010841108516  0.60586475127084249
  0.61589117835778739  0.62627603216374894  0.63627461169957966  0.64618878727511797
  0.65745714750905171  0.66983144826244778  0.68301097810856115  0.69484707597665052
  0.70516269088665284  0.71476782386212068  0.72458471334063923  0.73497995684666395
  0.74438713780476806  0.75202444231232146  0.75898846971282585  0.76605589518219452
  0.77334303525108716  0.78088886281140535  0.78885025056657176  0.79572843685307826
  0.80194366442824028  0.80772939903750762  0.81344825850032165  0.81981783065999481
  0.82758353272277907  0.83691219090792446  0.84655937242205703  0.85536423061742928
  0.86358505647702632  0.87148516584882563  0.88035626628324193  0.88975416635669669
  0.89963501688286107  0.90964810472831770  0.91952495641364429  0.93020348138639275
  0.93676514604241623  0.94342256419285508  0.95042574510864553  0.95753403777360591
  0.96522473869378778  0.97494179434325290  0.98703535084624283  1.00000000000000000
 -0.00244628084623952  0.00847238772043612  0.01905983435170238  0.03075610988792742
  0.04383506499435402  0.05614534700645087  0.06830899347937562  0.08154987313281511
  0.09639526827551451  0.11126975806770856  0.12247781961113158  0.13327442035359852
  0.14356765394698565  0.15327519280567131  0.16186927887240285  0.16997227776175455
  0.17897210958238513  0.18874328237666821  0.19799412107926823  0.20809475691917656
  0.21646503147785678  0.22539517160718178  0.23532700836460660  0.24620306194148359
  0.25603964430202797  0.26541184986699923  0.27572846875307472  0.28855601971269035
  0.30116831227704971  0.31105838335916869  0.32103302024487224  0.33200328936166112
  0.34425433734158128  0.35677690663093492  0.37000324441111787  0.38346172184423255
  0.39733313832481781  0.41104237304101815  0.42399057152761110  0.43671617428641868
  0.44878994681343803  0.46043422966627739  0.46743934799522929  0.47574255688593731
  0.48377399314658326  0.49160782946488807  0.49954231121390485  0.50755714459911350
  0.51521137718303889  0.52441715755039431  0.53558564078777882  0.54602958979203253
  0.55579322826640309  0.56586496311790291  0.57797636229462979  0.58885347214329020
  0.59848452879590330  0.60782451677386351  0.61739589851805077  0.62958447837214904
  0.64350699476896811  0.65516365638993390  0.66637394008258199  0.67681461725112191
  0.68562843258605732  0.69419116363292299  0.70436072078331669  0.71428753354950236
  0.72296635966820066  0.73108296923335803  0.73888669582182553  0.74662635854966952
  0.75366082237119880  0.75993909156710460  0.76538479389425029  0.77383105088917492
  0.78375157721814781  0.79435875546157131  0.80701781119507132  0.82045766279214094
  0.83566312846870405  0.84908461371272270  0.86154027745984540  0.87473216773171580
  0.88830433109231022  0.90252075735520099  0.91736552817074168  0.93146363021643963
  0.94300565472246489  0.95306670463039711  0.96210838311244773  0.97103677807383637
  0.97809564066589771  0.98458580126083373  0.99179709422280082  1.00000000000000000
 -0.00220005078905939  0.00864869638941494  0.01802637757050138  0.02991791544412068
  0.03993298901461297  0.05036378976671124  0.06027391169968839  0.07054074265770346
  0.08225334208325143  0.09273235446447102  0.10286971656007060  0.11279174351846628
  0.12288552704136300  0.13139079730987097  0.13902807462069450  0.14646539693258989
  0.15320523088069046  0.15952610868970457  0.16612947959966912  0.17361799820276283
  0.18204603904222727  0.19076991048308117  0.20011921548353068  0.21106306080710363
  0.22431741943669345  0.23657681290189483  0.24584221717102406  0.25489316941132889
  0.26308546006009698  0.27159760128812910  0.27989939067468028  0.28996377379478699
  0.30100008463971523  0.31099982426377043  0.31965418612070540  0.32759366480885788
  0.33521583141898958  0.34515976740059279  0.35569310350049688  0.36913400507291277
  0.38357882541418775  0.39908837645083839  0.41453976872264592  0.42419285317569111
  0.43331706429208261  0.44229086999829370  0.44981156543613021  0.45667610844802242
  0.46325892231674010  0.46982816869643357  0.47562021077315075  0.48368119888097028
  0.49247963513521625  0.50305489366218104  0.51389486175708199  0.52620276627610185
  0.53842011096869391  0.54965713011202166  0.55963378939176878  0.56865132924846107
  0.57878806832447460  0.59061911616513263  0.60407579289912161  0.61626428973624858
  0.62676362284382325  0.63583660821337729  0.64525739919064906  0.65443666334177464
  0.66271227505665553  0.67443766299564578  0.68390005467032933  0.69381369416521699
  0.70344233498250053  0.71459720913383151  0.72455338591263097  0.73350159179096230
  0.74280165018079836  0.75312129072215117  0.76423860049531522  0.77457763452249573
  0.78471880393125515  0.79478081679534274  0.80580713195456499  0.81702732559204683
  0.82919072299474728  0.84282961649471622  0.85700922900253729  0.87123206301073908
  0.88509627893735698  0.89960471014943466  0.91388672530930515  0.92980247723329734
  0.94610304668378220  0.96489947872301651  0.98354210152522858  1.00000000000000000
 -0.00168156546255358  0.00753406438817841  0.01731273754774703  0.02798464709481927
  0.03732660222067764  0.04519736278306243  0.05303603956779779  0.06093991742782658
  0.07165533994663244  0.08197399790417358  0.09326578480545643  0.10580446135375732
  0.11947836334043829  0.13236205910234622  0.14429385498062711  0.15627089904666078
  0.16721292954114592  0.17781107523497811  0.18890665408971782  0.19927743483362848
  0.20850899863272146  0.21699094118051571  0.22648976899244505  0.23638727150019098
  0.24698084760673233  0.25721909665332787  0.26843952178241887  0.27974136663946209
  0.29252654330787625  0.30588854504877389  0.31829908317252548  0.32977098948528205
  0.34211437948520135  0.35467479787769030  0.36704495090465006  0.37923669732750515
  0.39160473676253610  0.40426739433550402  0.41880104289056058  0.43122170917386327
  0.44375688493911752  0.45801072981620494  0.47311896587524482  0.48402534732052477
  0.49112875853888799  0.49869300878620404  0.50676361944533377  0.51492545781597154
  0.52279740212793535  0.53096088765157212  0.53813615591606312  0.54698276594649176
  0.55710833479702937  0.56829394559503799  0.58004001583445131  0.59421083647990713
  0.60768668282633376  0.61980382542647006  0.63097600233056184  0.64208804439256451
  0.65319844162733987  0.66494126744700133  0.67648544052308857  0.68778154164282823
  0.69775864399853604  0.70811076903553360  0.71913445736856652  0.73031059765361461
  0.74073518073705957  0.74901091423321786  0.75808228658560106  0.76804755517065337
  0.78074185730757295  0.79132210174035456  0.80073790464994188  0.81008317742614422
  0.82003902194848521  0.83013558776620366  0.84054323245468554  0.85142235462174454
  0.86239763087789090  0.87352900309674730  0.88338279262849684  0.89285297221955706
  0.90223959893957195  0.91319216783250046  0.92407541073054000  0.93100267527823100
  0.93809409598246563  0.94478737180524908  0.95128995490747337  0.95924865792881264
  0.96836412053058885  0.97828688141129572  0.98843617113852889  1.00000000000000000
 -0.01114874671715954  0.07642173413887331  0.11851526607795207  0.15093196197570916
  0.18494796033438457  0.22186725080699410  0.25032311332041651  0.27608871620283959
  0.29756420465712163  0.31495365812134529  0.33324980480488881  0.35056651111618453
  0.36908458520660481  0.38934634270211038  0.40975024501563445  0.42755554740058821
  0.44091344068998806  0.45236380756423739  0.46238924289647171  0.47158329441678598
  0.48089648075280506  0.49030564577591546  0.49861097193101417  0.50821874466381733
  0.51879998254608262  0.52964584473625498  0.53846719364526896  0.54506504669343714
  0.55138788944211425  0.55804284529135140  0.56454678690284255  0.57063646102461918
  0.57634009745449644  0.58211784450084458  0.58788265432440567  0.59497987800562713
  0.60307277936223680  0.61256586108405819  0.62230188216501803  0.63156146511225475
  0.64108981265591625  0.65139271377068420  0.66181058891053357  0.67252725248490897
  0.68270156779802049  0.69232413402075965  0.70200933333194315  0.71152248468354773
  0.72117419493015578  0.73142176993443453  0.74180228683695704  0.75181973373982092
  0.76207374731592747  0.77092549008226785  0.77811456743153673  0.78470820609442016
  0.79113407606539210  0.79782140704972992  0.80448146321684033  0.81106249660732987
  0.81657728011470310  0.82160461960859965  0.82655998519834528  0.83131378792294952
  0.83613605486637022  0.84090219510415509  0.84520695805122603  0.84945363709580413
  0.85388046333614820  0.85861297494971744  0.86403959833670252  0.87067340128669124
  0.87554380237130114  0.87999341072662851  0.88429280969258217  0.88856727191375173
  0.89291605417229047  0.89794380212020342  0.90286743125623281  0.90733031925749785
  0.91165101750938127  0.91605181001584401  0.92094617610459162  0.92656681164243238
  0.93228889597681441  0.93779102283550242  0.94458749483507498  0.95152888731845509
  0.95874473095988622  0.96609815149183575  0.97304781334817214  0.97885826754472260
  0.98440091688020670  0.98973006919538586  0.99489169636676045  1.00000000000000000
 -0.00210213596275823  0.00715627553914243  0.01499132167062261  0.02377791134913576
  0.03297044647921098  0.04249531649953916  0.05266897225431236  0.06314984833055202
  0.07418505731227344  0.08606278683551861  0.09886119002824782  0.10944551383334993
  0.11790334151927305  0.12567583914805097  0.13334768167014766  0.14212173909624765
  0.15142265012978390  0.16093056380224868  0.17202933031825918  0.18389709620428002
  0.19562733383726236  0.20846519469422273  0.21910200941546501  0.23032990798744629
  0.24272582339820037  0.25364363222614639  0.26416684003541158  0.27804722583753716
  0.29614244453566618  0.31197610554796718  0.32584400536208302  0.33714069918559192
  0.34848754447337726  0.35783972984872708  0.36533826497134436  0.37272056145466020
  0.38003224813445835  0.38827807490349042  0.39627904212588994  0.40488536554853982
  0.41339863902884683  0.42254876101215161  0.43162909451384274  0.44234733637642076
  0.45235102649618003  0.46214327348851608  0.47202066382517543  0.48596689722705516
  0.49904966212131779  0.50947616223262082  0.51889659927644949  0.52978601092043365
  0.54212150264908543  0.55333530596470604  0.56359922545686658  0.57265071775415066
  0.58172124941199854  0.59113172353023669  0.60175894758755799  0.61416048855184380
  0.62636813025649507  0.63698446162576028  0.64680223922465008  0.65683555701325869
  0.66758248516776175  0.68012244714411518  0.69597688808237812  0.71309063217460111
  0.72364485458747896  0.73303446619143797  0.74099946062721256  0.74996144778147755
  0.75667257923285780  0.76300636813936162  0.76979166326099624  0.77736827887629911
  0.78590645731651176  0.79449900227519621  0.80243775064319989  0.81009226409003421
  0.82134155796370545  0.83247028908457388  0.84508514642924148  0.85957564399467645
  0.87418426777328517  0.88844545799804941  0.89949293527600316  0.90993305869799801
  0.91954221638293843  0.92959429681863237  0.94108367024325790  0.95371235062615201
  0.96711505807529830  0.97909797049890346  0.99005195254811351  1.00000000000000000
  0.08308770292266980  0.29582821879867721  0.34549839063163507  0.38970053428080709
  0.42426878988299360  0.45469047258705281  0.48279655093813822  0.50726545154651326
  0.53104679579750391  0.55308483802654285  0.57263634245591422  0.59160923536735766
  0.60892884628521193  0.62326339761223781  0.63616909609838457  0.64788710120868642
  0.66036464222440217  0.67311247842102317  0.68659360738807440  0.69923931719447019
  0.71137934925245794  0.72253898555341656  0.73260467061602863  0.74200642561218433
  0.75117856153565710  0.76031580341766347  0.76987546647650673  0.77753785755475369
  0.78411395818063301  0.79015370622406222  0.79625123837031353  0.80374140750083267
  0.81019101083868206  0.81640207173324597  0.82286189460103243  0.82971813536362837
  0.83549480654493047  0.84126098681370032  0.84711289606997164  0.85294204047033728
  0.85856680438612132  0.86390578346850333  0.86883611764496660  0.87349171788332680
  0.87813837949167228  0.88298904190539218  0.88768312944303718  0.89161705493225807
  0.89553186737065493  0.89950915417117228  0.90376895639476640  0.90830465594696685
  0.91288737637960538  0.91728390327398712  0.92150548598451620  0.92503381499228421
  0.92802694498588933  0.93088538366874529  0.93377895627177088  0.93634508892394663
  0.93861725021637732  0.94083365706138966  0.94305881505084799  0.94524534736254506
  0.94739845097246178  0.94968600705619843  0.95184094063333802  0.95388029768894111
  0.95594746623417926  0.95807507780076162  0.96025486906351298  0.96249946319524471
  0.96477281082047006  0.96700118670410751  0.96904796463461107  0.97070351192754467
  0.97207211108105096  0.97325114358725962  0.97443566510426405  0.97578356936884647
  0.97709298110186482  0.97836616855309466  0.97967650894935410  0.98109241517600043
  0.98258623589538163  0.98394498731379176  0.98534554656460194  0.98685635498768520
  0.98836667402965261  0.98987281252061066  0.99145960832332991  0.99302918297876341
  0.99438448232747456  0.99603688043014893  0.99796515811910969  1.00000000000000000
 -0.01838104441380287  0.13827760897798022  0.18499902504231341  0.21668791567237672
  0.24083685287987969  0.26210038155946025  0.28039250067218890  0.29504218324568748
  0.30756521628550931  0.32081464448098118  0.33365616541785231  0.34699471702777246
  0.35952819884348641  0.37184587314174278  0.38377493546415875  0.39409621846741327
  0.40294607519826936  0.41160925748872856  0.42045735612078644  0.42989850219310399
  0.43897261863723919  0.44820628676295382  0.45767312576633185  0.46686338412359762
  0.47542174650704744  0.48364517332835899  0.49220420002374615  0.50147283084704575
  0.51208987590350197  0.52026503962653015  0.52822856670936635  0.53518282990952826
  0.54156539826898464  0.54807145362659093  0.55468465119317178  0.56115828152758995
  0.56759887086051419  0.57462925431136558  0.58169435916871870  0.58902564650710199
  0.59541548912088804  0.60053002752323337  0.60494659761513436  0.60842660422769479
  0.61221852717895542  0.61639304574088172  0.62154219850058623  0.62706021008096535
  0.63184713913938551  0.63651095324462625  0.64097209296976643  0.64506216938498528
  0.64986263560769808  0.65445767499247798  0.65951834368301177  0.66544838397345918
  0.67148424921897010  0.67762586349363374  0.68348940917181911  0.68845234951350620
  0.69264879781257394  0.69653980875448163  0.70004388251330252  0.70392693489382663
  0.70789536395174613  0.71152211267867427  0.71460949474066704  0.71793879819577711
  0.72116944209102862  0.72496666452297132  0.72897375250284158  0.73273846230096495
  0.73671266777407274  0.74052161879933287  0.74425628360189611  0.74786526331178538
  0.75172225458408382  0.75632756060956030  0.76192485601726301  0.76697505123243970
  0.77227670629312328  0.77803414066341225  0.78419130632267886  0.79132055692801129
  0.80050533403100244  0.81006881398452779  0.81913454833497612  0.82764708545266652
  0.83709926329979201  0.84830667483497868  0.86015886538627084  0.87216164560453857
  0.88726718020297035  0.90681451672822311  0.93340622198683476  1.00000000000000000
   2.6036768896129572E-003  -1.0000000000000000     
 T F F F T F F F F F F F F F F F F F F F F F F F F F F F F F F F T F F F T F F F F F F F F F F F F F F F F F F F F F F F F F F F F F F F F F F F F F F F F F F F F F F F F F F F F F F F F F F F F F F F F F F F F F F F F F F F F F F F F F F F F F F F F F F F F F F F F F F F F F F F F F F F F F F F F F F F F F F F F F F F F F F F F F F F F F F F F F F F F F F F F F F F F F F F F F F F T F F F T F F F F F F F F F F F F F F F F F F F F F F F F F F F T F F F T F F F F F F F F F F F F F F F F F F F F F F F F F F F T F F F T F F F F F F F F F F F F F F F F F F F F F F F F F F F T F F F T F F F F F F F F F F F F F F F F F F F F F F F F F F F F F F F F F F F F F F F F F F F F F F F F F F F F F F F F F F F F F F F F F F F F F F F F F F F F F F F F F F F F F F F F F F F F F F F F F F F F F F F F F F F F F F F F F F F F F F F F F F F F F F F F F F F F F F F F F F F F F F F F F F F F F F F F F F F T F F F T F F F F F F F F F F F F F F F F F F F F F F F F F F F T F F F T F F F F F F F F F F F F F F F F F F F F F F F F F F F
  <DiscreteSampler_grid>
  grouped_processes
  1 # 1 for a reference and 2 for a running grid.
  10 # Attribute 'min_bin_probing_points' of the grid.
  1 # Attribute 'grid_mode' of the grid. 1=='default',2=='initialization'
  0.0000000000000000 # Attribute 'small_contrib_threshold' of the grid.
  0.5000000000000000 # Attribute 'damping_power' of the grid.
 # binID   n_entries weight   weight_sqr   abs_weight
    16   10   4.488376034607571E+004   8.432919553524196E+009   4.488376034607571E+004
    17   10   4.488376034607565E+004   8.432919553524168E+009   4.488376034607565E+004
    19   10   4.488376034607571E+004   8.432919553524196E+009   4.488376034607571E+004
    20   10   4.488376034607565E+004   8.432919553524168E+009   4.488376034607565E+004
    22   10   4.491717954747863E+004   8.445407612516195E+009   4.491717954747863E+004
    23   10   4.491717954747857E+004   8.445407612516169E+009   4.491717954747857E+004
  </DiscreteSampler_grid>
