 -0.00009231327859535  0.00090746909458041  0.00211483721253350  0.00374393871428441
  0.00593767622355600  0.00856505656799096  0.01169259958589641  0.01524306284525835
  0.01931584070945821  0.02370790878864835  0.02820519609558969  0.03285409509631630
  0.03828765320439410  0.04412222147041023  0.04999956783599517  0.05642539453992371
  0.06340837474513260  0.07050862034725050  0.07766905525185946  0.08516422812729676
  0.09290644323745939  0.10074601125650323  0.10879787200555648  0.11678806956082755
  0.12482919306064870  0.13288721825432004  0.14110370418054405  0.14979054103996134
  0.15881909365403263  0.16793369757227003  0.17723096378170872  0.18638371754799415
  0.19524615458914196  0.20425354070989066  0.21362299884355429  0.22351335925521668
  0.23347252414698058  0.24381858894744873  0.25453098167539168  0.26538415854811481
  0.27653588191372819  0.28801248998604051  0.29969936398949309  0.31156023865315957
  0.32305438372028372  0.33450999437350842  0.34614185535682090  0.35737104506098105
  0.36938547291164753  0.38173009251693296  0.39398985718783591  0.40623010338077636
  0.41851694002930451  0.43088160453419211  0.44352042744536274  0.45624052715612912
  0.46892126727528483  0.48158379599749374  0.49431629415086986  0.50723703436903400
  0.52043624035841973  0.53392701485204341  0.54728946713150417  0.56057497883126095
  0.57384318831315972  0.58722584026653279  0.60087311237401375  0.61483750638494838
  0.62866120812868331  0.64240632806280074  0.65575718919306802  0.66877210458986502
  0.68155524637081732  0.69423261213417009  0.70705045280202894  0.72029287549847421
  0.73366290775064169  0.74716106007079419  0.76055969346181596  0.77371290435642170
  0.78690806485483011  0.80009249345136646  0.81334633956808533  0.82660994849129177
  0.83999138545969121  0.85372275022049404  0.86776299734585971  0.88202141439196680
  0.89647936156912666  0.91110165295861167  0.92581003038645104  0.94072255628613211
  0.95555944716412389  0.97040288545893805  0.98526851188102804  1.00000000000000000
 -0.00241522036918558  0.01058589542832787  0.02166751345520621  0.03375616403122823
  0.04546694534215827  0.05738120573296997  0.06850264450308312  0.07935238823373637
  0.08941567319372662  0.09908308346457011  0.10847640581186403  0.11770485632352611
  0.12719420167294460  0.13721427700602618  0.14727238665208531  0.15724039841769213
  0.16722058759624078  0.17777206532065040  0.18797249888953937  0.19737258360569418
  0.20671102736423100  0.21668352994044346  0.22688852068750945  0.23680414132244884
  0.24624495022008433  0.25577747452498362  0.26536917705105278  0.27544403885991497
  0.28607213891488181  0.29704929322341816  0.30798171270204661  0.31885467403914391
  0.33000982694118253  0.34105731368565229  0.35176848277394351  0.36251792211901723
  0.37344373964205307  0.38445701333478827  0.39505933129087178  0.40548473217270553
  0.41588512959254498  0.42661982980154395  0.43743800912336928  0.44837668206279840
  0.45942994435096568  0.47034022776070089  0.48103634807462298  0.49153432489892873
  0.50231946716876297  0.51344639578566631  0.52460151658711829  0.53578436234147353
  0.54726137088811921  0.55832506005576188  0.56893653474165662  0.57956609626948785
  0.59026913554639560  0.60092782417711854  0.61166065893238397  0.62204883408135025
  0.63254205781688533  0.64301022349293679  0.65438084305382826  0.66589101653292659
  0.67718160251664838  0.68844011979097575  0.69879370491979720  0.70916034990139809
  0.71952275202299287  0.72973246062294717  0.73959950910052286  0.74926576191266336
  0.75865395497344090  0.76795989987023305  0.77734683042576280  0.78699290498493091
  0.79704178342745080  0.80731181014139419  0.81771545920305733  0.82869244324581437
  0.84058427178213369  0.85325787261487507  0.86469212241490667  0.87565095702894380
  0.88745334991755476  0.89915418362127408  0.90943504501341466  0.91924790111094368
  0.92935022514641230  0.93946434796770328  0.94954596896209276  0.96025598354211050
  0.97074880097734717  0.98076872696132911  0.99016134434971670  1.00000000000000000
 -0.00213280836503623  0.01610921570268687  0.03007600535709293  0.04235034901300101
  0.05350617091914747  0.06441247480558163  0.07532674123590540  0.08592005002803459
  0.09605945261664259  0.10568949678290965  0.11464151301731583  0.12337914763891275
  0.13199970047947976  0.14026570538654759  0.14829957125453519  0.15573612077820792
  0.16312859201675536  0.17090544405931907  0.17922722781098419  0.18785255139422241
  0.19606618796622549  0.20401401928158366  0.21146324863702004  0.21859568253260084
  0.22567455246747442  0.23298846306904900  0.24041060122455535  0.24788204669476135
  0.25512930401984207  0.26202402799803898  0.26892084426919510  0.27658916666713040
  0.28511829559453078  0.29315158259582497  0.30004766110423697  0.30693007243991632
  0.31366318383197817  0.32051711859418630  0.32726518985760539  0.33388391833100323
  0.34038641401253772  0.34694982782694822  0.35372548519307917  0.36141986600932330
  0.36927746451728727  0.37685825200603512  0.38425589234537499  0.39162144092779599
  0.39896063264755488  0.40628837160494091  0.41366710325074679  0.42103037900392937
  0.42819384209582750  0.43518089424693890  0.44245731151353029  0.45030565966384517
  0.45798828130744684  0.46652473800095579  0.47483854487892324  0.48380337692427733
  0.49300945524282580  0.50199402572055829  0.51071839427248777  0.51923912221186941
  0.52754008894395965  0.53582278777901526  0.54416158049412822  0.55265463886017885
  0.56120886861930441  0.56996209708575429  0.57886628283956643  0.58768458118157940
  0.59657367401688377  0.60553112278375287  0.61459074818646120  0.62388617478408492
  0.63343963068670472  0.64297574595144014  0.65288938939924079  0.66257274193223437
  0.67305023744395298  0.68450417018788057  0.69660441885241864  0.70918334069785527
  0.72175531381769242  0.73524953275285920  0.74973238542909149  0.76564014373133249
  0.78202762470309495  0.79903095500305144  0.81698948048006070  0.83556405983240289
  0.85724670930989122  0.88486888236912498  0.92415077680183655  1.00000000000000000
 -0.01679796150391052  0.10841258225335641  0.14384787380575267  0.16466974966565845
  0.18170095631184052  0.19692313111578200  0.21050666672831286  0.22259888153572391
  0.23401366880873295  0.24531277430525644  0.25535092350225985  0.26460957870834118
  0.27350083910279738  0.28252674519591853  0.29140951173156859  0.29985631105078497
  0.30790274370163256  0.31554010872691601  0.32285121725644134  0.32989117611868873
  0.33658937076766632  0.34302516068044492  0.34939700067689777  0.35588387824902273
  0.36258583733606131  0.36924657146429679  0.37560061086924912  0.38168948058237662
  0.38762758153325105  0.39356363372005754  0.39960101605142440  0.40561918644486294
  0.41167075654822233  0.41784671060596162  0.42402004690369677  0.42992551439080107
  0.43593408720165594  0.44214693925342557  0.44855431226721432  0.45504379591704941
  0.46138825898918079  0.46720264041292814  0.47292998334218311  0.47864604518250248
  0.48422059739734002  0.48976290506966819  0.49543972555279486  0.50133593763552897
  0.50739616755346628  0.51345669815520167  0.51939776440433805  0.52511724856091335
  0.53089264813772952  0.53660256364287529  0.54229440092642467  0.54789625396346775
  0.55348339394966750  0.55914787137371558  0.56487146128748000  0.57065644004268445
  0.57662746807708398  0.58263320206891356  0.58843837840804369  0.59418005157112364
  0.59976466008710194  0.60543039524893316  0.61113538220210128  0.61709243164718608
  0.62322056144129478  0.62935882795534770  0.63566888674565036  0.64191100234213228
  0.64894458556148282  0.65640987449378418  0.66361284889731653  0.67047415923058062
  0.67719228507601259  0.68404559306620083  0.69113413397181256  0.69823108133167822
  0.70542918124530085  0.71268554995783795  0.72008175728839163  0.72794234437621708
  0.73656683047236926  0.74569188712863921  0.75560753408360870  0.76606338128241647
  0.77715627972951151  0.78879531470877384  0.80226760270014907  0.81762821428961319
  0.83595338034329048  0.85864081900358968  0.89245706972628025  1.00000000000000000
   1.2266423765925499E-003  -1.0000000000000000     
 F F F F F F F F F F F F F F F F F F F F F F F F F F F F F F F F
  <DiscreteSampler_grid>
  grouped_processes
  1 # 1 for a reference and 2 for a running grid.
  10 # Attribute 'min_bin_probing_points' of the grid.
  1 # Attribute 'grid_mode' of the grid. 1=='default',2=='initialization'
  0.0000000000000000 # Attribute 'small_contrib_threshold' of the grid.
  0.5000000000000000 # Attribute 'damping_power' of the grid.
 # binID   n_entries weight   weight_sqr   abs_weight
    10   10   2.381343061473655E+007   6.113272443082808E+014   2.381343061473655E+007
  </DiscreteSampler_grid>
