  0.00307756296781905  0.01150740731190135  0.02212173076962400  0.03283492573064082
  0.04372705763496029  0.05479813338284941  0.06624406101192339  0.07747144719832437
  0.08857175297172908  0.09961986962029598  0.11049584271025875  0.12119472316551477
  0.13252604819815725  0.14440885924167046  0.15648476948775000  0.16815657442193585
  0.17903307980263555  0.18958036492702093  0.20026806751652249  0.21125735866691070
  0.22235151690964125  0.23337605050877289  0.24443201191188313  0.25486034315029188
  0.26459156770726339  0.27453217682798686  0.28508421711629350  0.29599146869768250
  0.30662029882518965  0.31717691775460344  0.32777624016290285  0.33815762258546678
  0.34835132954252546  0.35832082001172516  0.36834446844981317  0.37856346299218668
  0.38850112231484163  0.39834863315135433  0.40783786076665002  0.41781350063119438
  0.42843207425365909  0.43925185461942773  0.44981035983960682  0.46021539284706237
  0.47072342724765076  0.48157892067523522  0.49261229121926842  0.50349221796806098
  0.51435559634080341  0.52528432154899385  0.53625864139599899  0.54691527342748369
  0.55757303507160161  0.56828574939063536  0.57910308652793130  0.58958157962271329
  0.59959350053512694  0.60927223563600152  0.61926317627553973  0.63028022067469991
  0.64176195228718547  0.65263525755750484  0.66262845146398597  0.67271019858981995
  0.68332263148279415  0.69321938850472298  0.70305365326361846  0.71263614500628780
  0.72184541492874643  0.73104047802332783  0.74075425052538835  0.75066841183946487
  0.76086506480021221  0.77116121402948135  0.78190312459457378  0.79284332453548656
  0.80347283482367848  0.81428717658167615  0.82495110698721896  0.83521988047626294
  0.84492744246113405  0.85520631708954564  0.86577122994455902  0.87626198293379232
  0.88663341443914756  0.89728144870009086  0.90826283585975676  0.91921846099537907
  0.93013510134292698  0.94113060350225042  0.95204399760615477  0.96248636797345655
  0.97258676706882852  0.98293589122188851  0.99279475346359769  1.00000000000000000
  0.00681711166661678  0.01673416354686123  0.02819584242008422  0.03938548711407366
  0.04947127871837517  0.05951505527751579  0.06921176617454534  0.07861526312435803
  0.08825668644529307  0.09852558624667643  0.10941594343319665  0.12035269884452394
  0.13059546849278506  0.14070115338781741  0.15095276708468158  0.16148020674368216
  0.17211957697504260  0.18286403113455141  0.19401808329728210  0.20494726362329529
  0.21539310705575207  0.22555006522683774  0.23634949047923751  0.24758352057836105
  0.25905025776488577  0.27043012972560659  0.28196234939194620  0.29336467306841230
  0.30423779178244048  0.31489824036202807  0.32501143819204409  0.33589300034087771
  0.34684918377827467  0.35782738479519260  0.36814934977311209  0.37864216089881103
  0.38956029739601811  0.40018906524639686  0.41083085191188667  0.42190997677166980
  0.43360842798187726  0.44535636079660262  0.45632719473531685  0.46690346316931242
  0.47720316785572214  0.48722183673254404  0.49700994659184500  0.50698712409882618
  0.51652944788957167  0.52562327525036256  0.53428486630428884  0.54367710370263567
  0.55416406933902262  0.56520549065476211  0.57588970502465797  0.58585234915889728
  0.59584866624966837  0.60620794785492549  0.61708330380051912  0.62814400656532865
  0.63947762409288600  0.65014933597444446  0.66013481124372997  0.66956204949862630
  0.67890793737006816  0.68830065917015160  0.69788649204311448  0.70789527038826117
  0.71899577744719068  0.72990696580637060  0.73974250737507641  0.74950205815112025
  0.75903268325340290  0.76895431125079472  0.77981972372288688  0.79113116150012897
  0.80264478045430254  0.81398382860469398  0.82565788738222601  0.83744946715313207
  0.84950541054050877  0.86129496667582550  0.87287852298499835  0.88432100448676254
  0.89527884611672703  0.90588567462263681  0.91618166385303079  0.92650970685430389
  0.93702408668172554  0.94712906927058582  0.95724392449807805  0.96613002524432312
  0.97506607436593995  0.98356702402718654  0.99162810630252185  1.00000000000000000
  0.00359297260766826  0.01082903455540735  0.02039898462805172  0.03084944756743082
  0.04076553048875908  0.05037505611671203  0.05977782004731242  0.06974183733929991
  0.08031343444693148  0.09157344021654296  0.10320972195342920  0.11465097663491912
  0.12658710934850345  0.13773389004825268  0.14891461348158819  0.16005629175914227
  0.17098791920951384  0.18246297737097142  0.19387621531852406  0.20487981945765601
  0.21553455327965593  0.22628686137396353  0.23741561418263776  0.24856767498727270
  0.25939357407142094  0.26997746900354747  0.28069788941305412  0.29156823393124809
  0.30216649313313793  0.31269776872097510  0.32275412578958229  0.33223360703638449
  0.34164631945139984  0.35136965981376755  0.36181803609156249  0.37230806179760234
  0.38262920854458571  0.39333225847892112  0.40435718724151704  0.41534181280838084
  0.42625937423038796  0.43675496769212602  0.44632801595646665  0.45532229425387849
  0.46458098460206321  0.47446027282773984  0.48459685677021325  0.49476332587611965
  0.50494782520422399  0.51534363742283862  0.52557501161942777  0.53536679681706811
  0.54539653359721219  0.55542041467768821  0.56601025518782544  0.57707190118787977
  0.58984149140620079  0.60279542005259168  0.61404315206821014  0.62423920414860945
  0.63364680059210188  0.64288150584192061  0.65213664763596790  0.66167310929420065
  0.67183512321439498  0.68270108180160327  0.69374037687031587  0.70478064596573531
  0.71583854154261872  0.72683169484749555  0.73740447170412415  0.74764222416622461
  0.75803440324842009  0.76879283780394236  0.77984137461239256  0.79098160852669774
  0.80264224442112442  0.81425534960154200  0.82596085535286179  0.83660652784956002
  0.84668839663988760  0.85668410898545067  0.86571672483287709  0.87442408286148254
  0.88325325697232815  0.89241499838464522  0.90255143358460799  0.91336544195812597
  0.92418031255171906  0.93485306358007769  0.94518134144689003  0.95534173089090491
  0.96570240624722248  0.97637716881247727  0.98809661574759577  1.00000000000000000
  0.00599379751645668  0.02096640085320332  0.03597710514773762  0.04868928165448830
  0.06030865421199449  0.07132687770881069  0.08217468854533903  0.09306556934702817
  0.10413510373850904  0.11437130804999110  0.12536779134742759  0.13579737830635827
  0.14608140873614475  0.15636894474360727  0.16677255143005629  0.17727601468665430
  0.18754062339580155  0.19776464137638608  0.20807699169012414  0.21860075960628572
  0.22954039994849143  0.24069570948975499  0.25139014721038228  0.26141364559987385
  0.27138392367677144  0.28152476273724408  0.29176131419216250  0.30199967472033268
  0.31254495787004777  0.32331470589276140  0.33398498211496669  0.34452678012326993
  0.35506337937720922  0.36571129857850343  0.37637020740000710  0.38696809013823819
  0.39747314134421186  0.40786082228439485  0.41819819131804620  0.42854055871818936
  0.43893834510162810  0.44935215294346842  0.45962389021914185  0.46972200202931441
  0.47986023701526548  0.49010077487354464  0.50023882086792426  0.51029472656898411
  0.52063173825548625  0.53138556554010408  0.54217570620925426  0.55238829603476758
  0.56284354476616882  0.57412712068106764  0.58563242488119827  0.59665261754662891
  0.60682475495894517  0.61635949122645806  0.62603706117877245  0.63604990652338456
  0.64631840910434035  0.65658776745534975  0.66673825544229959  0.67699753402841922
  0.68737605648344990  0.69792464701355594  0.70858919990737901  0.71884834500780936
  0.72861784526188378  0.73842145065070541  0.74832137007340394  0.75834093280647463
  0.76826584697716793  0.77781455980837610  0.78715374505339053  0.79642896082123082
  0.80581916699187106  0.81541394381820298  0.82486177813678996  0.83432692142514187
  0.84396909524218588  0.85397228736101016  0.86438625940785541  0.87499113749001556
  0.88534345356384758  0.89544151504632030  0.90587710380478292  0.91642564207828670
  0.92669125624316506  0.93686810196107695  0.94724697231331323  0.95783820381606244
  0.96806400860348552  0.97794809069382227  0.98868214162023105  1.00000000000000000
 -0.00008040846641755  0.00073092789267895  0.00171190659523830  0.00311456916112202
  0.00502194871920382  0.00741524124745635  0.01022242741167550  0.01339490412171034
  0.01697700526135646  0.02088496191404634  0.02502777724578044  0.02961365750875246
  0.03457143308246325  0.03981840458861658  0.04503470746584278  0.05031281391000710
  0.05593520767609692  0.06188469975927773  0.06807493530788014  0.07446302292556317
  0.08129385837524888  0.08834206527494243  0.09560303364962321  0.10299570505400203
  0.11089072998730284  0.11902945283045366  0.12741538592584947  0.13596907716608125
  0.14473617439347111  0.15397407991881845  0.16314503285658549  0.17185643284851593
  0.18056661458819256  0.18944450734362198  0.19827652066124557  0.20737919656888754
  0.21714615572937634  0.22683361770816624  0.23647386431978829  0.24611198527220060
  0.25571761898852602  0.26519603845286321  0.27530246662276303  0.28544218138538585
  0.29619250905848321  0.30755704802126088  0.31899258416506493  0.33120545754934683
  0.34416553132728073  0.35708431266636864  0.36998798779290731  0.38333014362233409
  0.39707659408803603  0.41091386803077812  0.42470318223010728  0.43850305960827690
  0.45227389835840237  0.46565583299866092  0.47905798202460242  0.49243983494353072
  0.50600323265301861  0.52004628096573069  0.53470888998734101  0.54890397812442071
  0.56284321253202019  0.57667886067745622  0.59022864715357082  0.60343650759830159
  0.61642547717682117  0.62945174269316695  0.64252369651414321  0.65569524010392610
  0.66882282513783819  0.68179941601322847  0.69471460533718199  0.70794297823308694
  0.72114970442363902  0.73485005114498925  0.74880320403123046  0.76281229969810027
  0.77690150634310196  0.79072482629587215  0.80464106761394394  0.81870837102065208
  0.83315507612553108  0.84792017901811512  0.86263806218882755  0.87742776924452170
  0.89212510539502188  0.90693933107908564  0.92199705337063398  0.93733821496073333
  0.95316270815689652  0.96893869831049007  0.98456746692800290  1.00000000000000000
 -0.00198834172593674  0.00878117795415644  0.01852700320277593  0.02886720144874483
  0.03947496534372508  0.05032906257474432  0.06184020645230762  0.07349572445706581
  0.08442498461595167  0.09407456004662620  0.10365591913841624  0.11358551466076217
  0.12348543488239190  0.13343865714384073  0.14373585953591977  0.15466647876134701
  0.16574573122220351  0.17648434405822172  0.18685282831711966  0.19687280143034680
  0.20697583332179553  0.21739600569652140  0.22810455134487889  0.23883847987193521
  0.24962202864507957  0.26073942590411947  0.27176066090139073  0.28246720215252691
  0.29296837220075267  0.30361509441496554  0.31436608082843021  0.32488211952858886
  0.33522831208412840  0.34563186130843759  0.35638297940505770  0.36776099735185702
  0.37907869711758896  0.39052329820172693  0.40138432359384613  0.41191160467544707
  0.42201981005301437  0.43250611523598315  0.44236835404070834  0.45178300956959605
  0.46118898908826472  0.47091204240609497  0.48053961747973528  0.48998513121052301
  0.50004463865104032  0.51096168435987310  0.52119737351176654  0.53084585094204317
  0.54056794830199117  0.55070024135668671  0.56097166653918351  0.57103832138771704
  0.58133658827150059  0.59199884078006693  0.60262559283978157  0.61268641690894110
  0.62270968028854401  0.63352205776468118  0.64460515208769642  0.65512392452736989
  0.66556249310627591  0.67720541623974462  0.68963586428082346  0.70115472820657265
  0.71202139389153019  0.72283110818242147  0.73360176278381828  0.74449232218132533
  0.75583154031508393  0.76753299807058817  0.77881650481611131  0.78962585530403895
  0.79975385943939237  0.80954355599326011  0.81963644351982312  0.83013407476404244
  0.84106670346181600  0.85205372196083085  0.86363793992599969  0.87514857194378093
  0.88601515510806994  0.89693667178270964  0.90825334161365101  0.91955576216558410
  0.93035986191568565  0.94096311328350457  0.95122818201655213  0.96150577525522574
  0.97170228356201782  0.98154493418271860  0.99084332305598699  1.00000000000000000
 -0.00229533780700491  0.00973094389786346  0.02007999960633794  0.03059387977657633
  0.04057415485678606  0.05025062678559893  0.06040588071277284  0.07166320570547470
  0.08353191170365518  0.09573972235421417  0.10747358184524669  0.11888678890655575
  0.12926275050021077  0.13913467564549661  0.14941598516099683  0.16022040925878073
  0.17119911739093346  0.18125196039581340  0.19167117312258977  0.20276667717967375
  0.21354357512587538  0.22386299811615398  0.23358419338932118  0.24309090585523149
  0.25233289360916705  0.26162120781223575  0.27123698779980038  0.28072340566813880
  0.28979649434112037  0.29870692311700708  0.30789418665710927  0.31730183071546680
  0.32697022727346070  0.33734104906828605  0.34883577712556435  0.35954861771958402
  0.36980012246318250  0.37933067101039364  0.38872953900136414  0.39787558562733366
  0.40744304104233492  0.41743971929565804  0.42803758312898338  0.43822485389636617
  0.44857618163288543  0.45914434657061370  0.47008059761313986  0.48035700056401076
  0.49053072685688309  0.50112650624933619  0.51264794907141198  0.52478328711237898
  0.53665543562289075  0.54769819768506178  0.55836171166637960  0.56894115559239500
  0.57984437174111680  0.59077552379231379  0.60149544619241646  0.61214868440904802
  0.62271241039627223  0.63319937244147873  0.64418975540815060  0.65542023049366049
  0.66672803425548355  0.67711608403099011  0.68755588221854780  0.69785896025146921
  0.70823133764181334  0.71845221492764821  0.72832393634824377  0.73832713370608349
  0.74847665829431231  0.75912951318868316  0.77066399055868007  0.78289875506258311
  0.79547816631766910  0.80656760827375318  0.81759611966587209  0.82890041480854793
  0.83985217354409503  0.85046514942745843  0.86132740389891493  0.87204887767684669
  0.88288499339441806  0.89369037312751143  0.90492060952553510  0.91647062742019103
  0.92757888221076978  0.93900272000858065  0.94967515096795485  0.95988608452775115
  0.96988251518299984  0.97976235376354515  0.99000933488897924  1.00000000000000000
 -0.00253351014856246  0.01001653128527238  0.02040678505814340  0.03115386795278667
  0.04217524376261159  0.05295264104887693  0.06357369405986918  0.07465702047459792
  0.08478600291727900  0.09423625425718905  0.10377601587411481  0.11335140404911950
  0.12348851076179360  0.13395403135429140  0.14421831100134785  0.15412169556548660
  0.16385774124083610  0.17499981884401883  0.18721257150056358  0.19868098834334241
  0.20971742451864026  0.22079712710438082  0.23179016309138045  0.24269738088114143
  0.25285924146370864  0.26232247227297834  0.27171409082989623  0.28102273309794157
  0.28996287862576420  0.29879885058106270  0.30779236592206033  0.31779293732960040
  0.32909702338139502  0.34015097100552188  0.35078391982347268  0.36121719381536876
  0.37187928650672025  0.38272476071189726  0.39334125532446362  0.40344319820412716
  0.41312252027602125  0.42280003157750429  0.43273515730367879  0.44297787572667058
  0.45326360677625632  0.46339049568661472  0.47353294167733340  0.48380602925835547
  0.49421788855309573  0.50469659732795669  0.51514611949879563  0.52571821842761435
  0.53634154531934952  0.54702136560671233  0.55792911783833521  0.56920622145425936
  0.58100205633201663  0.59292027946368142  0.60426070589011727  0.61507192112421238
  0.62569441516707791  0.63647332693670178  0.64747276592987246  0.65878038121479554
  0.67091329652581466  0.68354338766315337  0.69541793575429467  0.70716826094384777
  0.71910091056372827  0.73127911905732834  0.74211633311511938  0.75207704018503996
  0.76174338065678915  0.77177917298321252  0.78180865549599210  0.79164581316721039
  0.80171180787296692  0.81160942730063101  0.82174018635524315  0.83203829969475107
  0.84334303727857118  0.85419114208060243  0.86479416768873452  0.87515526577628466
  0.88570786566616155  0.89619607945734292  0.90658533040626399  0.91667901644971228
  0.92660550036656264  0.93641459662338844  0.94664207868976247  0.95741481579834520
  0.96879767184674526  0.97950360385305169  0.98989259860685119  1.00000000000000000
 -0.00243284265752587  0.00951702893721967  0.01933090437439642  0.02900719846789806
  0.03842837501417267  0.04812017322724816  0.05803293735096087  0.06834415648257360
  0.07842191031312075  0.08878296459412166  0.09921979723245580  0.10932166532132132
  0.11915187043138561  0.12910413993007308  0.13920299845402964  0.14956685768287545
  0.16006188870805024  0.17037360977317600  0.18050450338858676  0.19089804835293392
  0.20152500054656292  0.21259053004663531  0.22333670823608751  0.23380131766975462
  0.24366046134822447  0.25376533670659251  0.26436773124301616  0.27517968764645429
  0.28600503302146163  0.29668861251454659  0.30735094613803837  0.31832314013263269
  0.32938311992719549  0.34051893352051188  0.35186456919045950  0.36332136227308576
  0.37441748980280032  0.38480145070476873  0.39473596427803287  0.40462741222069826
  0.41450298911203037  0.42467519238278117  0.43461634876609295  0.44415103004695750
  0.45371986457861352  0.46414834710011654  0.47560871593015969  0.48662420328395189
  0.49714781290798965  0.50776762372625539  0.51824607853562443  0.52842173777862633
  0.53828508640981110  0.54861978357942676  0.55902605087716961  0.56926797529028017
  0.57939120351107332  0.59044228284238653  0.60223006476513463  0.61414109728884647
  0.62586293055310827  0.63692088873986663  0.64808934406428609  0.65777265296375187
  0.66810718657285872  0.67808551857853505  0.68848760519022301  0.69808056110683991
  0.70744931400316335  0.71670908171743386  0.72636331404590437  0.73673347481549267
  0.74801778421797127  0.75957712192818883  0.77100039640357521  0.78244432159684529
  0.79360040871829263  0.80426616659887717  0.81532509271874243  0.82670569338411581
  0.83782145513061690  0.84949883957214389  0.86256368974209863  0.87606273896329245
  0.88826117680450056  0.89906842274561960  0.90924897638386537  0.91895418647698823
  0.92801440172379701  0.93726094205378441  0.94732576135110980  0.95796086266696456
  0.96814689509700358  0.97839886563556389  0.98883208606628514  1.00000000000000000
 -0.00222966637085276  0.01045913285557679  0.02057756307873946  0.03140872535546950
  0.04205174421134938  0.05259136706934023  0.06300639646156520  0.07347515876394645
  0.08384371838844062  0.09427526745147373  0.10486664482089715  0.11635155691376266
  0.12830684996355876  0.14106636720218524  0.15340540267479763  0.16491160026894580
  0.17585578755498074  0.18640219673095315  0.19654076431629275  0.20629559999192151
  0.21638332296010535  0.22680571241130859  0.23710736930404458  0.24725823742456826
  0.25785569913091760  0.26877934840271200  0.27898619976223682  0.28870998350742594
  0.29867819298392534  0.30895517594264377  0.31885142803757638  0.32839068831160789
  0.33835907893454525  0.34856869369503118  0.35861432075045219  0.36853942140378682
  0.37878594787289749  0.38928577795383584  0.40018171696255517  0.41124373376327122
  0.42160588152780576  0.43220689334046014  0.44241636359655417  0.45354903561290350
  0.46457764754355940  0.47562414289645499  0.48565999845979102  0.49524575048024161
  0.50491494875547849  0.51513406636289949  0.52547581217811479  0.53576980426428211
  0.54622765771131876  0.55665047206687668  0.56704248525713863  0.57781842002959571
  0.58884781060385893  0.59976252239177175  0.61030646919354947  0.62059526166042311
  0.63110300718061807  0.64148429508264859  0.65224844880572608  0.66403882876903275
  0.67550352671804370  0.68676602100799844  0.69678684345782194  0.70661499642310899
  0.71646103642940318  0.72684384186047546  0.73732800182741276  0.74801148983866761
  0.75883256780443509  0.76977606605170079  0.77978360998146667  0.78954884272432779
  0.79924907557341140  0.80906081107216832  0.81870710982389994  0.82836258701985210
  0.83889098642380600  0.84989826188633288  0.86057820793382678  0.87135287604749101
  0.88220463911569980  0.89278585577105030  0.90272300941972872  0.91265875951122810
  0.92244483132006394  0.93226305025149314  0.94242668942222041  0.95359765766107096
  0.96546924454007532  0.97714688304764086  0.98857679748578853  1.00000000000000000
 -0.00252274866697172  0.00987539791989863  0.01940411647268315  0.02953748376876902
  0.03993543836400635  0.05095871556153674  0.06156257295172934  0.07241106828803437
  0.08321537262997895  0.09336916453317699  0.10339784782797000  0.11443351435829192
  0.12567442820133007  0.13593084118309470  0.14606647127231701  0.15631330609154054
  0.16663114987819957  0.17704597713372805  0.18712874298548818  0.19716149176861375
  0.20749121280443161  0.21822240095406045  0.22878040404595235  0.23941695463913357
  0.25006632954000035  0.26122358128319406  0.27221465521120664  0.28282291388154995
  0.29351909720877595  0.30361946594751993  0.31439873682696151  0.32520819445019944
  0.33611431047917922  0.34654732704709862  0.35684744410989960  0.36701914401870139
  0.37762872896259914  0.38840067205142392  0.39908848860778290  0.40958017000681102
  0.42060110563737840  0.43234661330483820  0.44393277068317211  0.45492589481919610
  0.46505010405380376  0.47524215124383085  0.48654296321608997  0.49807771382480115
  0.50921207288266934  0.51957997100138054  0.52997224210173788  0.54051803280971422
  0.55163551871498151  0.56303515310672192  0.57415505784133591  0.58480941884376814
  0.59506186534834282  0.60535554978317929  0.61548778988060859  0.62541114457797753
  0.63514806878309427  0.64518668709584037  0.65561872493520523  0.66595115972590124
  0.67678974918337664  0.68797303944812394  0.69894162848533281  0.70940016099220915
  0.71900384747284951  0.72841016896321120  0.73809541451932692  0.74806621820753449
  0.75780867538906405  0.76758313377078957  0.77799720227533042  0.78895918708895219
  0.79944585396123924  0.80996007238337120  0.82053211994556108  0.83155642420976572
  0.84228555654868675  0.85309984511239056  0.86396751903113589  0.87442816273037338
  0.88509430303101522  0.89578891925015403  0.90707931029601019  0.91844939650435442
  0.92844533582520516  0.93819275973149763  0.94718564526398685  0.95711773106772047
  0.96719870357680227  0.97785207699005783  0.98874711226165135  1.00000000000000000
 -0.00294533220272857  0.01061191475706750  0.02102851454514186  0.03109073021249753
  0.04130121059717884  0.05109307566030020  0.06137151704843959  0.07158610776073747
  0.08184793317598689  0.09196744012428323  0.10219219078253815  0.11309816280046849
  0.12482509346658559  0.13675678772339031  0.14794160375418042  0.15784536781362341
  0.16764600794608214  0.17729440112790584  0.18674343425180454  0.19617374681086860
  0.20610505429617298  0.21794581485172543  0.23004281958661416  0.24170968145054011
  0.25299325927423177  0.26350236429830115  0.27406775569906894  0.28427950727778367
  0.29519929765322089  0.30555190623554523  0.31587660544076068  0.32660079668228614
  0.33767729932026419  0.34861178577050617  0.35900663158226759  0.36937019956328665
  0.37967943318874764  0.38986623462837772  0.40044614173578352  0.41134289540000923
  0.42174083685600550  0.43159319613838748  0.44145510278751082  0.45135776775675251
  0.46083080725386072  0.47009060730772734  0.47977407204102773  0.49033168317622283
  0.50122771690170320  0.51195222574196619  0.52228884145588894  0.53276821009113717
  0.54292253352343212  0.55304864226876538  0.56297404183496791  0.57274873902661194
  0.58248268570898032  0.59265174631273210  0.60262342381994061  0.61360841997316407
  0.62444439228135640  0.63589486163499043  0.64680409515536619  0.65732126026910742
  0.66751490501595567  0.67744884909322056  0.68773469777237417  0.69719831739186833
  0.70650004893338725  0.71562489657179496  0.72516795188071503  0.73516740285578508
  0.74516964465407665  0.75547524139259170  0.76651273381960139  0.77766125892720872
  0.78872039182540588  0.79954083334039927  0.81067133855842888  0.82210922706145995
  0.83345894277748500  0.84431800457930362  0.85536368477337499  0.86699021344315330
  0.87889176298952998  0.89008285616172067  0.90153464721178134  0.91265504501328121
  0.92390562092891737  0.93530706519269236  0.94658955634120001  0.95777181167950953
  0.96870362148790390  0.97980720998396020  0.98994881287075953  1.00000000000000000
 -0.00273965624210508  0.01077065149236719  0.02177170797861635  0.03325452670206059
  0.04467179955448046  0.05594284101113204  0.06651100976883344  0.07637094257985733
  0.08553872085420398  0.09473997609995431  0.10421085078505325  0.11434729095999099
  0.12381585319039794  0.13323886822589526  0.14311458686175282  0.15356922467677209
  0.16493412564881732  0.17535446791831152  0.18547688244403709  0.19550105975197904
  0.20496227413257745  0.21482999140893266  0.22483762066059015  0.23492578438077952
  0.24506176683633854  0.25511514015079056  0.26578444751058428  0.27678771566328086
  0.28793021533506480  0.29895063495818031  0.30973196200664366  0.32058128728271096
  0.33129275057901425  0.34184172305364718  0.35254791005676578  0.36311108999302594
  0.37348527895017775  0.38427154020034637  0.39438420765985333  0.40487440856277890
  0.41522759189710101  0.42669482726314667  0.43804841315688597  0.44923847250970367
  0.46072379183385431  0.47225157132278739  0.48326541315186816  0.49439032686220552
  0.50659508038818690  0.51915352589465302  0.53049624217270219  0.54101435647704177
  0.55135713685268672  0.56148111777835585  0.57164970675611004  0.58242384944311321
  0.59425412895875174  0.60635464181705212  0.61768668806841465  0.62792620876571270
  0.63758774457791700  0.64766466651352195  0.65795411385815661  0.66852572865436588
  0.67923001356427171  0.69052920314515964  0.70183259989165392  0.71323896180280599
  0.72453642732724288  0.73609023975126675  0.74699167668292443  0.75765849059084900
  0.76819997323531852  0.77918753032289334  0.79054062591209284  0.80123769818902901
  0.81154887880484483  0.82170378020716306  0.83177225575008606  0.84183786688531692
  0.85198926803698305  0.86256404713526424  0.87319730036804266  0.88305103229878634
  0.89260429064126079  0.90193658552203237  0.91150862362674578  0.92156992944522709
  0.93205251074172268  0.94200710422716138  0.95193767988362921  0.96153661517907896
  0.97131635716522435  0.98057381647860675  0.99007899656798737  1.00000000000000000
 -0.00197741518637803  0.00788758674648993  0.01657174347412757  0.02559775661320919
  0.03474380185497120  0.04435389455507915  0.05487915463937659  0.06509445609595738
  0.07558148606983091  0.08592924615566247  0.09687056176194818  0.10784364942360858
  0.11897182790708276  0.13005530187336217  0.14146920249988956  0.15264588686481800
  0.16340440263765302  0.17401663436989812  0.18473343273969292  0.19612717647243236
  0.20762091162002175  0.21895993341432143  0.22973589829343288  0.23982507728759284
  0.25025263927355140  0.26112649107654923  0.27220484354940189  0.28248101362082967
  0.29180031418189711  0.30073315699533537  0.30984251931051254  0.31940838509997166
  0.32908810938825361  0.33898565646180800  0.34918517788164977  0.35975662260318148
  0.37051260835403504  0.38122597741641173  0.39198363143947679  0.40270605893865274
  0.41346728752680206  0.42418323772074878  0.43434353886640259  0.44451585033461355
  0.45539331716182119  0.46669785845027717  0.47806466297196981  0.48865545661269488
  0.49883645387877784  0.50865326326618054  0.51818691565978958  0.52794874836952099
  0.53823483637990754  0.54919968330338864  0.56031848984915344  0.57141595540202406
  0.58275724367937898  0.59446859885722125  0.60606543205832175  0.61710148075330284
  0.62813050659278846  0.63885177222357370  0.64931749289034291  0.65969817935891395
  0.67003626441407538  0.68027359750787220  0.69015027692513720  0.70095140122418964
  0.71137537590927258  0.72168216519400541  0.73140247736339492  0.74186295992975460
  0.75208277984928118  0.76230667550159259  0.77259845907135916  0.78315147720589551
  0.79377023495768728  0.80400774953590737  0.81408365260382731  0.82378908807480877
  0.83389841269231424  0.84373779692224204  0.85340376202812795  0.86334008505558058
  0.87392275485076076  0.88546626125164019  0.89736490124099522  0.90923226920567379
  0.92143047225726371  0.93400198560870240  0.94569956539737421  0.95714104500741837
  0.96781634025856889  0.97903088012057760  0.98933631514199605  1.00000000000000000
  0.08789031803334976  0.21967875382373894  0.25142975182803629  0.26725402657734260
  0.27877440000113540  0.28915378526454560  0.29833825212920378  0.30697527614154546
  0.31495118327698757  0.32240365366134521  0.32971205940089626  0.33655370901965509
  0.34301102924763410  0.34906099933582185  0.35510904251130104  0.36116393516601841
  0.36717659004281777  0.37308678599694772  0.37887578343247175  0.38464967273395662
  0.39054900604502413  0.39657972056195762  0.40267828615201701  0.40897517878223422
  0.41533363484358354  0.42129570632706620  0.42713548805943241  0.43295683229700849
  0.43877189028660618  0.44427285820646661  0.44987473339115502  0.45537962104280433
  0.46122099523470905  0.46711878364922693  0.47297799757793918  0.47879690548325377
  0.48463512801970121  0.49046014999998777  0.49618932277063665  0.50188855607434757
  0.50771989780363125  0.51350160349261853  0.51948785041330225  0.52479510936630447
  0.53024743776809358  0.53567102599209526  0.54104801621311316  0.54632847443569821
  0.55157687299253089  0.55685463336241858  0.56225153619107715  0.56776524060791145
  0.57325551670510955  0.57867509139092543  0.58394456738185818  0.58925134313133698
  0.59470073397301859  0.60038989429437617  0.60647099208202115  0.61283852819648676
  0.61929508152235802  0.62588028093471582  0.63263076198362622  0.63936776276242224
  0.64589809167857404  0.65231951615668449  0.65886198075028346  0.66556316252551528
  0.67255716810792976  0.67975833534510721  0.68678307431285013  0.69351009605246927
  0.70028131577190234  0.70714875488459938  0.71429995402221524  0.72143226447778175
  0.72856047328345319  0.73601304238607201  0.74384565652570533  0.75218976568764606
  0.76048603105111623  0.76867697123309808  0.77705878911538129  0.78621560607616892
  0.79592121840552610  0.80635443150241537  0.81694350501282331  0.82798506093568747
  0.83895741452628758  0.85024174251401252  0.86254670004484135  0.87673773301662283
  0.89300023061614464  0.91166040447045149  0.94044196756693343  1.00000000000000000
 -0.01843011979412965  0.10813975827480217  0.14186212984113714  0.16403370781673393
  0.18082946939347141  0.19484284285558900  0.20775396972487142  0.21964727827795083
  0.23061989437546712  0.24085174649646787  0.25060358306304625  0.26085401876836967
  0.27049717188829114  0.27941773543844894  0.28801189085720225  0.29650250451666016
  0.30540941895969026  0.31429407190119468  0.32283735430604610  0.33076780176189374
  0.33811910082836971  0.34521069098679358  0.35217787942606110  0.35900980005984584
  0.36577202863950892  0.37261102334767154  0.37959636256043100  0.38676657143719689
  0.39436973015412091  0.40070969714449506  0.40652764145782694  0.41217698981434070
  0.41758519287107965  0.42305245904005756  0.42859532731208916  0.43439899550514782
  0.44049681299978660  0.44658181935449565  0.45242896616617573  0.45809851554664816
  0.46377156220020727  0.46957206797699158  0.47561240160172957  0.48091256798627169
  0.48624904296742494  0.49151549212017814  0.49671006445347760  0.50198434575640893
  0.50718366355298861  0.51254019635173220  0.51799874973259263  0.52373449662798921
  0.52953826184256469  0.53526870941738092  0.54100968223001500  0.54687781386431822
  0.55311177903606934  0.55892266737536977  0.56461297866835602  0.57013893079927846
  0.57561347949040653  0.58128892873782412  0.58728951906014315  0.59357268002418073
  0.59961895704958523  0.60558642850081845  0.61169004822746686  0.61779437932148507
  0.62404107047091650  0.63035749940939545  0.63653761373132567  0.64281374120826951
  0.64928476071978702  0.65637335405558239  0.66379249621217062  0.67113100492641864
  0.67846308367658603  0.68571513263630968  0.69311667595668491  0.70044478949394107
  0.70788651972250694  0.71527160366065823  0.72312000328420911  0.73081849222577899
  0.73889095291851148  0.74673974925625963  0.75595080123837288  0.76561267184979787
  0.77667295040104978  0.78901579327119542  0.80214970547643472  0.81693131242977945
  0.83487632141250201  0.85762471332519419  0.89451493563015816  1.00000000000000000
   1.0531511029518035E-005  -1.0000000000000000     
 T F F F T F F F F F F F F F F F F F F F F F F F F F F F F F F F T F F F T F F F F F F F F F F F F F F F F F F F F F F F F F F F T F F F T F F F F F F F F F F F F F F F F F F F F F F F F F F F T F F F T F F F F F F F F F F F F F F F F F F F F F F F F F F F T F F F T F F F F F F F F F F F F F F F F F F F F F F F F F F F T F F F T F F F F F F F F F F F F F F F F F F F F F F F F F F F T F F F T F F F F F F F F F F F F F F F F F F F F F F F F F F F T F F F T F F F F F F F F F F F F F F F F F F F F F F F F F F F F F F F F F F F F F F F F F F F F F F F F F F F F F F F F F F F F F F F F F F F F F F F F F F F F F F F F F F F F F F F F F F F F F F F F F F F F F F F F F F F F F F F F F F F F F F F F F F F F F F F F F F F F F F F F F F F F F F F F F F F F F F F F F F F F F F F F F F F F F F F F F F F F F F F F F F F F F F F F F F F F F F F F F F F F F F F F F F F F F F F F F F F F F F F F F F F F F F F F F F F F F F F F F F F F F F F F F F F F F F F F F F F F F F F F F F F F F F F F F F F F F F F F F F F F F F F F F F F
  <DiscreteSampler_grid>
  grouped_processes
  1 # 1 for a reference and 2 for a running grid.
  10 # Attribute 'min_bin_probing_points' of the grid.
  1 # Attribute 'grid_mode' of the grid. 1=='default',2=='initialization'
  0.0000000000000000 # Attribute 'small_contrib_threshold' of the grid.
  0.5000000000000000 # Attribute 'damping_power' of the grid.
 # binID   n_entries weight   weight_sqr   abs_weight
    10   10   1.653579036428741E+002   5.324405218345547E+004   1.653579036428741E+002
  </DiscreteSampler_grid>
