  0.00339407878826711  0.01145389922570811  0.02199440611459846  0.03328993795072952
  0.04555447162012773  0.05849825023883849  0.07014589100398862  0.08149418174630180
  0.09268228884954177  0.10462768006194556  0.11700058438219157  0.12918877949308372
  0.14089059653150007  0.15318909604087222  0.16623179734127824  0.17847639525126374
  0.19091236773059919  0.20496433519045795  0.21739540607503077  0.22778398461250915
  0.23704998997764051  0.24618475365894638  0.25526419991275778  0.26416924417891519
  0.27316371169964271  0.28300357069624199  0.29242230129869834  0.30162514653639017
  0.31073959718693617  0.32025176294779018  0.33030716420964307  0.34000065572664401
  0.34888265138966390  0.35780157028046428  0.36793030566752410  0.37923427264653242
  0.39133608232643591  0.40212549530487923  0.41227399777439105  0.42361203868441999
  0.43520997903299913  0.44589642779689881  0.45517802357842879  0.46385526952158529
  0.47355469973906228  0.48338520940426405  0.49391062161251292  0.50416732071182935
  0.51352167043390573  0.52196459309586896  0.52975841091691878  0.53778851140144768
  0.54724053927733407  0.55738027148025282  0.56773288091535257  0.57737582860103198
  0.58683630094361394  0.59677385473910505  0.60654259426743129  0.61625159752773384
  0.62644906819337642  0.63735344934881921  0.64827388491255866  0.65875084950883367
  0.66909391972902377  0.67916847710886319  0.69037497202788900  0.70270223662841125
  0.71428123858758974  0.72474028215725372  0.73506739686703571  0.74556839558224686
  0.75566096422652318  0.76482853157000108  0.77376931718377362  0.78317841178292202
  0.79301770892049583  0.80281358867329311  0.81283574253256474  0.82228195004259397
  0.83069985047458461  0.83832381887469576  0.84614702197975999  0.85499930140523495
  0.86497177526851199  0.87631190538603421  0.88812528770129107  0.89914990318121257
  0.90875285512123061  0.91951063222849549  0.93116460602841122  0.94349800500829439
  0.95659449872772417  0.96991770555155044  0.98491973500777175  1.00000000000000000
  0.00769731060315190  0.01492153783505251  0.02505986183758905  0.03677954604667252
  0.04839450161720620  0.05944433272831049  0.06951566657370378  0.07879586286955170
  0.08837283132262605  0.09861801590659311  0.10932734753453234  0.12041358659721517
  0.13257475203231386  0.14541465151831845  0.15745105183032260  0.16867480805656071
  0.17931224080524452  0.19022598068883681  0.20139374688454842  0.21168727773854698
  0.22122645473596791  0.23130046227032580  0.24233675206809024  0.25302706676258085
  0.26264517166914847  0.27282619055208829  0.28474529386644420  0.29528960545142868
  0.30517649613998332  0.31459034944238812  0.32430715738878652  0.33420342328806435
  0.34443740909281562  0.35602666903094771  0.36865011463356229  0.38168353410747369
  0.39614351975088197  0.41110237040597003  0.42442798805006665  0.43570406314524840
  0.44588682966723009  0.45546655752263815  0.46442622591863852  0.47343743716542869
  0.48228609351746954  0.49154242296129647  0.50064555675775335  0.51178302001002129
  0.52251763575748478  0.53246075867695619  0.54177694513176367  0.55155064901995976
  0.56177307851342229  0.57201503724472336  0.58240990190483444  0.59414175304951533
  0.60601593352033545  0.61826891399167050  0.62947026815393337  0.63964745544413359
  0.64904142020995359  0.65666657655707483  0.66405949031581679  0.67211693221514024
  0.68044117401451643  0.69003105868418813  0.70062963193575956  0.71154811089849335
  0.72235435500062828  0.73270249373393526  0.74347043115471523  0.75363776279463923
  0.76208838191975659  0.77028228866606863  0.77928885864602215  0.78929905644037146
  0.79917891958489828  0.80799501154559117  0.81811521296910661  0.82860183020146949
  0.83829352394491097  0.84751459025408715  0.85738698593234908  0.86868327841107729
  0.88001319378101561  0.89074228452159510  0.90017814503517835  0.90934286799839992
  0.91918790337043488  0.92922517051209286  0.93836328639059530  0.94725034095233152
  0.95744628278360722  0.97044149606105790  0.98605033136408071  1.00000000000000000
  0.00293479439242205  0.01264733282112347  0.02303706934376961  0.03285722567607284
  0.04228705972367058  0.05193176687479282  0.06309484265432781  0.07562527737718573
  0.08682687425815616  0.09693061233052767  0.10636755785891447  0.11577644958973436
  0.12520367576371028  0.13448220174256345  0.14326420329573128  0.15242283690675540
  0.16198488252525639  0.17198141159468019  0.18276630973575692  0.19359520684864048
  0.20556257828904359  0.21790204763762946  0.22975743721348668  0.24051879715629748
  0.25226190367695966  0.26531844036676544  0.27835423473783433  0.28977666993298584
  0.29994063706820617  0.30929625633666524  0.31837153378476674  0.32661802538154078
  0.33508988647316440  0.34437108929054350  0.35373676800567144  0.36366849248394295
  0.37388539866014608  0.38405213339630262  0.39515019577928856  0.40758789629523096
  0.42037710433433051  0.43279444452786225  0.44503355761690183  0.45750699828708763
  0.46958530196692566  0.48142723134413345  0.49354918613092624  0.50461096366977121
  0.51525934923881955  0.52601853843777269  0.53741214691102457  0.54838958512302594
  0.55927038159240738  0.57036042211869475  0.58181651656221001  0.59351387472773509
  0.60606643717230357  0.61818325480044123  0.62936449389893689  0.63948529994741443
  0.64956181371783273  0.65882734303370638  0.66666561129457191  0.67597988612128135
  0.68553180637164501  0.69631697313541918  0.70696107252551155  0.71708357078737983
  0.72743844189200624  0.73741488174004077  0.74736698952022151  0.75598278594092239
  0.76485232553661098  0.77313714480319584  0.78126713848147211  0.79085102131518026
  0.80049878753004333  0.81012564783804741  0.81850570115797827  0.82707140938646129
  0.83664357082346175  0.84789822094024547  0.85958688928450711  0.87031273672795673
  0.88083847785663960  0.89109701735238034  0.90101915120768872  0.91187587459217834
  0.92267329754867167  0.93316762277003396  0.94325417040179227  0.95269484966550722
  0.96186650900767168  0.97130772741494176  0.98002964780218005  1.00000000000000000
  0.00621913639278153  0.02064462857869656  0.03448611235098596  0.04702165225453224
  0.05868383538289329  0.06949894610776564  0.08040838908796534  0.09169450585851065
  0.10499164390084856  0.11643457628526425  0.12870854265153858  0.13930617683991292
  0.14930414250587068  0.15941582073698168  0.16992205578754621  0.18099242811024413
  0.19185231624057097  0.20178375888891004  0.21058126844328034  0.21831809677860189
  0.22641357238223098  0.23584908452993469  0.24622665904766100  0.25677329265974752
  0.26711575854681713  0.27961802930146723  0.28940989417880891  0.29950693453425675
  0.30946240465502756  0.32009573179981810  0.33242180772965141  0.34416181277463725
  0.35417564591317047  0.36279833207093609  0.37121907852474484  0.38027743668907221
  0.38830502613239787  0.39658494180002252  0.40457237245427446  0.41316392612247960
  0.42252176668139041  0.43238714517911148  0.44141246102141546  0.45063147414010685
  0.46043634415036711  0.47195816314907196  0.48400521235965904  0.49536191722337525
  0.50663105137973308  0.51723415841632803  0.52719879411106596  0.53664013141278344
  0.54634252782451775  0.55625817171628211  0.56629231257262314  0.57564622598970883
  0.58549564694104106  0.59719693593036771  0.60783237347367569  0.61736810460294067
  0.62764810588464581  0.63758892209049711  0.64726349614183110  0.65625765221974119
  0.66529253588819315  0.67561945967946968  0.68651559861287736  0.69819176719542853
  0.70970798510820832  0.71928780989613750  0.72822694351064576  0.73759770291161675
  0.74672797239238997  0.75632300150243614  0.76658645214795995  0.77806375772197367
  0.78936441743702357  0.79946058558180289  0.80964019128104237  0.82147383254328066
  0.83233535521478319  0.84250034656104400  0.85231496548456420  0.86235161913497582
  0.87302630981502916  0.88400250185532292  0.89516341178310554  0.90584464663693542
  0.91597928488324809  0.92652730829799479  0.93743517126274223  0.94843493761776643
  0.95990328007562065  0.97256282013297601  0.98588898380865309  1.00000000000000000
 -0.00008408661532840  0.00076770025159907  0.00193938341587740  0.00378630834739806
  0.00571732258530670  0.00818030900311023  0.01117741060682388  0.01470376146095661
  0.01875514149824100  0.02349801219383233  0.02793915662678828  0.03272033572630663
  0.03819300972325349  0.04379638084583153  0.04970210281714137  0.05633138955525136
  0.06356806237531419  0.07182595046093052  0.08073995823727684  0.08865718874006683
  0.09693774846949875  0.10520265499346082  0.11371836260508568  0.12295360353869648
  0.13300830519490925  0.14352039975985115  0.15369982488874467  0.16258125807563281
  0.17060795762528705  0.17864956262135429  0.18772788341933172  0.19759639205493240
  0.20911331962173829  0.22138440414148758  0.23341664521184119  0.24492702766408281
  0.25655855938618360  0.26828924723448577  0.28063515338573819  0.29229288860875663
  0.30346421119054551  0.31467647567909868  0.32654182381306535  0.33897377702436604
  0.35061631161086126  0.36156395044071482  0.37203899057515794  0.38289988506635197
  0.39586172414665916  0.40964324323019286  0.42307498719904890  0.43592035293389431
  0.44828414324424293  0.46042889065945658  0.47376790670202168  0.48729793304862240
  0.50038870671584323  0.51390958606048553  0.52701221301005130  0.53975666954878798
  0.55209874992377117  0.56416222168028696  0.57650837661247700  0.58963705918612352
  0.60316021191858782  0.61657865207913198  0.62814792622458526  0.63922650216298393
  0.65001500229506615  0.66065559025310705  0.67133656477289394  0.68245986517089330
  0.69371815040663909  0.70619473543697209  0.71875074900150193  0.73169446531274607
  0.74552668153134904  0.75853850292589831  0.77198138179330544  0.78536174325847830
  0.79823883415163432  0.81061551088766137  0.82304915717327187  0.83632632613491964
  0.84984776588366906  0.86338684204868377  0.87676877433394806  0.88986949797692216
  0.90237363457708641  0.91528368902772084  0.92808848506844832  0.94097558584646968
  0.95571866976615039  0.97024094872670608  0.98490168584286819  1.00000000000000000
 -0.00246770769423783  0.01235097250434971  0.02429740795090864  0.03568528354019829
  0.04612212612244992  0.05597152662395651  0.06612389831340321  0.07649032421193669
  0.08603516651253602  0.09520137837605351  0.10387040067235798  0.11367101405503136
  0.12437542695095756  0.13643604951744145  0.14880561561593050  0.15976251955481502
  0.17028870730339124  0.18093988304830755  0.19075568532632786  0.19966923972776282
  0.20833990013468934  0.21822643740079847  0.22822499935477597  0.23843895619707894
  0.24904705782523584  0.26074096162824834  0.27239146416309024  0.28099977561035527
  0.29024151194480419  0.30099056732981044  0.31363335600396580  0.32434524133036241
  0.33441335802703620  0.34526596730095088  0.35712713832862852  0.36904146831454604
  0.37986714808460703  0.38996408295672608  0.39993371261419836  0.40976117486510716
  0.41953846555241958  0.42974043840083459  0.44062140135036926  0.45210425835315055
  0.46344198944448545  0.47436343278762688  0.48502035837494478  0.49485297547400314
  0.50533573868035730  0.51702057647048494  0.53064255146807193  0.54412431843766318
  0.55636680326662502  0.56765997394096357  0.57835374406580653  0.58844841791894031
  0.59825625521169334  0.60835791045483967  0.61961423307092300  0.62996296481493619
  0.63965852922175681  0.64976174370144935  0.66074542347225862  0.67152485611146662
  0.68153094976214956  0.69111452817723784  0.70076854347137962  0.71149174948965810
  0.72398329210168855  0.73578525757294777  0.74550584080995952  0.75533032345721562
  0.76554733957667753  0.77603190492774710  0.78615175256434555  0.79596955945609549
  0.80715155246891979  0.81719145890470268  0.82731376915809196  0.83578365633760032
  0.84397949659006910  0.85267415266262325  0.86156415937994146  0.87097828295375490
  0.88120975739355412  0.89163312869129330  0.90188197382277535  0.91144849354968016
  0.92080187004478808  0.93076818957627583  0.93999334819285263  0.94963487771073218
  0.95892161380677543  0.97233971638686290  0.98522744113164795  1.00000000000000000
 -0.00311441152895815  0.01184317656965882  0.02321623160561677  0.03382907944650242
  0.04409654671222722  0.05393550195119625  0.06348445324922485  0.07241277719558702
  0.08111836345489581  0.09047300727256759  0.10159840470239187  0.11500830337031259
  0.13012273976518277  0.14367409843502960  0.15515758557670267  0.16529486395617052
  0.17427303123067789  0.18326735810192352  0.19397063331017608  0.20394472790274962
  0.21346699595989907  0.22292939086948430  0.23284831997595068  0.24396850610030343
  0.25380954624615243  0.26252852762836992  0.27117392081621899  0.27982133497180245
  0.28817220873551230  0.29619624925037102  0.30464637081990698  0.31412080398160458
  0.32486399265314930  0.33582605964199402  0.34638446830657266  0.35709372404829859
  0.36725033613047842  0.37784398936708191  0.38846616091571806  0.39865179761090852
  0.40828822506814466  0.41827784669686136  0.42865052517842595  0.43910125963442315
  0.44948003904919359  0.45981862092476528  0.46944459365486529  0.47862754649377420
  0.48772046240658451  0.49702984563012853  0.50686777424738094  0.51658106823444661
  0.52713954822070097  0.53856944949226682  0.54965781876922470  0.55964210282869598
  0.56983935772021543  0.57920004764402233  0.58899865330781576  0.59941318998515702
  0.60959524023981559  0.61942536683935667  0.62923520248514531  0.63914300784049705
  0.64877766662651315  0.65808366834632959  0.66852344392540652  0.68118199075186048
  0.69516668495356437  0.70883167572203132  0.72154128093097447  0.73315862905945994
  0.74510953407484670  0.75690110091390983  0.76876730056453357  0.77932114683412224
  0.78900231325856107  0.79900565503718035  0.80899766841786547  0.81988155808639041
  0.83080158817189664  0.84426584170413854  0.86030556343455356  0.87513477573696241
  0.88683902118345082  0.89771174571183643  0.90798076674733019  0.91853435042996978
  0.92756053622865464  0.93649248585107570  0.94578452567754667  0.95543176949791087
  0.96599459691899436  0.97725156455920947  0.98892283082929033  1.00000000000000000
 -0.00182246101411481  0.00876602293298594  0.01841064805277318  0.02813703594110930
  0.03865775562388030  0.05035106898816448  0.06220242259165210  0.07285419708545912
  0.08344709188923663  0.09496957105239555  0.10694156775616520  0.11882614023123829
  0.13088549261072810  0.14079903122703505  0.14977818828262335  0.15874104777674333
  0.16733711430773932  0.17695815643255891  0.18720798320711352  0.19847416472096358
  0.20951481698754559  0.21928929336887429  0.22861766906423264  0.23855055821449778
  0.24884688163040392  0.25918496091726095  0.26933880815920874  0.27971970608708446
  0.29027957216275069  0.30008505458589346  0.31054576550338170  0.32126228335707863
  0.33080044827667432  0.33985884466477556  0.34895852717576592  0.35844069948744706
  0.36935507838797227  0.38013326182772911  0.39166903698991673  0.40412818243723020
  0.41579232136155087  0.42659400854441898  0.43695692099694711  0.44602727107134948
  0.45664581586821723  0.46722486072460079  0.47759235024191221  0.48715889742757329
  0.49663712849157388  0.50638250354491277  0.51699531403223919  0.52755548137938146
  0.53758587619148024  0.54749595510820337  0.55793033901915656  0.56900747602361645
  0.57963411657191888  0.58923363452516664  0.59860842594133634  0.60879753791722979
  0.61941463404268171  0.62895080105699563  0.63771604617144018  0.64659000174808989
  0.65696362664370678  0.66825593438530817  0.67909742543909069  0.68982996052101597
  0.70097802286785604  0.71265839808239362  0.72489830259190713  0.73596993472828287
  0.74665418179533893  0.75738926300855447  0.76821971730247451  0.77989009632257966
  0.79118252247877696  0.80289730903927714  0.81405209722654659  0.82557015726489180
  0.83722709412354701  0.84843078493875801  0.85946353875744264  0.86953427403469463
  0.87834687807553236  0.88665577919318794  0.89535972011832798  0.90533273934050440
  0.91664027781444113  0.92780862329752323  0.93874859790243492  0.95059720372918743
  0.96212049673769084  0.97360730642489057  0.98677346157534640  1.00000000000000000
 -0.00241008652622147  0.00994869280917486  0.02112332684660355  0.03416786832420879
  0.04646052010433525  0.05602349186739067  0.06446776079121655  0.07329073334802538
  0.08289244725608176  0.09337821410382974  0.10449826231288731  0.11562866811974189
  0.12679080014207605  0.13746131718080595  0.14950793552291436  0.16505757092903398
  0.17760756779957299  0.18905638891744722  0.19976753712238315  0.20969904116399996
  0.21848782288824531  0.22697050587180115  0.23562165667108140  0.24480483671272299
  0.25459008386751208  0.26463760853407098  0.27442117009805367  0.28392064987645821
  0.29460493990886011  0.30526481688185780  0.31508049296337309  0.32377417511508100
  0.33249014636246382  0.34173158233478895  0.35155460106870867  0.36121791177896501
  0.37046702612146459  0.38017198488526127  0.39013303761356144  0.40099192205089867
  0.41261762455796158  0.42290198784523497  0.43168747325526319  0.44095352454400183
  0.45073739226878773  0.45828116599174124  0.46540498701154143  0.47224249440471572
  0.47908672383456780  0.49118414313053221  0.50293154690334863  0.51547897597467118
  0.52811007837976864  0.53990449607607527  0.55104982077424136  0.56200216496629218
  0.57298894520765042  0.58435993673911357  0.59597653818945984  0.60794838837897824
  0.61900005968310690  0.62901816413109812  0.63883087558212226  0.64866939848974159
  0.65816405321638338  0.66700625944254044  0.67564720853595783  0.68449105920330822
  0.69404688025844385  0.70346232958679666  0.71354257230628126  0.72455425386911654
  0.73508051203530800  0.74512835887150630  0.75518877112430705  0.76578708651518057
  0.77653207449021300  0.78627805041395471  0.79536734717801016  0.80451326380449684
  0.81447769840323814  0.82585876971546945  0.83670365534946267  0.84812546058333871
  0.86094480483988634  0.87434983869881744  0.88615374942880054  0.89696318113138351
  0.90751905982205860  0.91864844356741271  0.93067608085327780  0.94340888665171929
  0.95505368119354950  0.96968157081615958  0.98533012783156948  1.00000000000000000
 -0.00406531785380574  0.01272597627120510  0.02728626922665297  0.04015274467338397
  0.05171343945791843  0.06321420620059667  0.07489736715578335  0.08642778367448477
  0.09719738801291032  0.10699572921803983  0.11656557252855637  0.12657083629894453
  0.13677773674068680  0.14694328804118967  0.15615522327407949  0.16572521952693350
  0.17534730625798373  0.18416162792502591  0.19257676689486330  0.20112410088276753
  0.21153926073147752  0.22576953099120015  0.24157958709446878  0.25552857276255647
  0.26711797864781689  0.27706886746374659  0.28680778683322533  0.29566319378098965
  0.30520120553378355  0.31459153537898676  0.32302730939371305  0.33120158569926844
  0.33989492117367387  0.34991107321964265  0.36181814821254960  0.37436033887965503
  0.38669196870181444  0.39903703159418724  0.41131728211660534  0.42376673337083870
  0.43555649295591625  0.44588484434285774  0.45520408304997712  0.46445792209371284
  0.47395325399655569  0.48396780814202423  0.49420190761392635  0.50452845209197572
  0.51483258177994540  0.52599375011670346  0.53794719924398837  0.54928785456531593
  0.55941382050286637  0.56952319026502729  0.57958603717884316  0.58975102705142068
  0.60044102014111722  0.61137075059237744  0.62164396978180125  0.63111847565678014
  0.64039971480491309  0.64923279806599843  0.65836731375473179  0.66779569994943300
  0.67831314086578287  0.68884938298214726  0.69860391043117820  0.70854672660772766
  0.71929168295440771  0.73042765487143657  0.74142499805416462  0.75276005799565504
  0.76466952796564069  0.77598772507138614  0.78762271828526409  0.79736892089591938
  0.80627859993028683  0.81496141716562731  0.82412888816603891  0.83374020116567771
  0.84294309785363208  0.85195162941659008  0.86158342326170578  0.87128128783035852
  0.88033525649830446  0.88904120133377629  0.89796367522485632  0.90738904378264873
  0.91759474276669573  0.92889015809162145  0.94184150005634126  0.95612583137126284
  0.96812006966633901  0.97883014966697546  0.98935236481175648  1.00000000000000000
 -0.00186712983849615  0.01076972149589452  0.02323988828062716  0.03451442767766234
  0.04645209641645658  0.05872286210081266  0.06961195597112561  0.08086273760660451
  0.09147315117324761  0.10151672578304981  0.11143988664940768  0.12015157318153273
  0.12954994336821296  0.13956525159639613  0.15038196644442225  0.16270718623426048
  0.17574159612787649  0.18952260954550582  0.20066216563617409  0.21089020558591215
  0.22088291697137066  0.22975284313959271  0.23968002678292372  0.24972423891484760
  0.26072399870897206  0.27248906657963445  0.28370400586197797  0.29488537044724533
  0.30645327793785337  0.31803232484963367  0.32982286276521333  0.34188454007669955
  0.35366975394879452  0.36609698976182381  0.37760287895709643  0.38711962107239256
  0.39703524133494800  0.40658183138579651  0.41733249026740554  0.42780450410115567
  0.43870958632237778  0.44889706158155945  0.45847395169856148  0.46760355055485592
  0.47635627504035738  0.48478248203494567  0.49291981462107903  0.50211509555930189
  0.51328346260514668  0.52495950915057343  0.53682542214236406  0.54793448260346200
  0.55789860044167761  0.56758751125967510  0.57701992417242798  0.58582653751834335
  0.59468149758895739  0.60393792201625029  0.61464785347065221  0.62641249145239219
  0.63816470049042040  0.65116825315864713  0.66594516358088995  0.68192056552531333
  0.69682251853975707  0.70878891277573008  0.71926010048968358  0.72833718156700722
  0.73742242987652540  0.74665970118387448  0.75683049767751553  0.76705456072982325
  0.77729188418106931  0.78769884943329116  0.79848696541668662  0.80958538853748885
  0.82002013493188952  0.82955756943935965  0.83904728669777195  0.84883437149270935
  0.85894724747246842  0.86746381736949207  0.87570614150137338  0.88491493239021768
  0.89467528949167996  0.90407148307483476  0.91333411355531635  0.92383007350067692
  0.93517338007013728  0.94474862250478098  0.95352984363523929  0.96211705178827089
  0.97087563831064427  0.98013153455555058  0.98980780899075604  1.00000000000000000
 -0.00192022213907512  0.00747900705771152  0.01576894387105157  0.02492515249122499
  0.03403582388077993  0.04391117516572628  0.05450376113349686  0.06569962059031409
  0.07689231911189216  0.08858858680784094  0.10072003048111444  0.11192605759901617
  0.12254660685747198  0.13358182829952089  0.14634308518356767  0.15997361714282984
  0.17206406881504743  0.18257405782931377  0.19265449839826565  0.20340708194510004
  0.21489551681216909  0.22681534149918042  0.23812696599999189  0.24934749743418480
  0.26068601011774034  0.27150971643498761  0.28147525563138387  0.29122457065450053
  0.30082229485138551  0.31022584179885127  0.31972972956097201  0.32988092628614157
  0.33973841755366391  0.34859244263019928  0.35814652150743370  0.36853825577038951
  0.37942643909911855  0.39126281384472139  0.40312973626415982  0.41361813639193107
  0.42248671281625011  0.43145527713335491  0.44111381575052433  0.45062259668892257
  0.45983964559870955  0.46922448192021693  0.47849113523458453  0.49037212815523357
  0.50232456130755276  0.51371240469895629  0.52456489406420881  0.53507834830896350
  0.54564847738784239  0.55647144120034342  0.56766514116623579  0.57895374468188177
  0.58991046851126372  0.60002690187138930  0.61011488658969504  0.61988634520151276
  0.62992878697918320  0.64040383284154168  0.65149878103943171  0.66315223517593103
  0.67442185359270701  0.68594671254655903  0.69717567297610450  0.70735319076109171
  0.71680730805883575  0.72608571592321114  0.73703203635206971  0.75026095649209679
  0.76161114934721430  0.77320287667291987  0.78428424912968897  0.79460741845428784
  0.80472495134432342  0.81421201194735826  0.82310201042535758  0.83241526967851998
  0.84056865262297920  0.84870028283972576  0.85758610596247931  0.86713166685551213
  0.87655245627492417  0.88665268851198165  0.89780651214009932  0.91190420865588451
  0.92559483926291286  0.93796161138474932  0.95144917545360885  0.96241606544222946
  0.97116038899320467  0.98006690653421247  0.98979339494939111  1.00000000000000000
 -0.00116214771407974  0.00348280464470877  0.00885614215954083  0.01366771620263952
  0.01919625585841500  0.02454183103802986  0.02978603936405892  0.03507447549149085
  0.04054360103340634  0.04655505118575464  0.05289604243713236  0.05947271767001112
  0.06621366533019853  0.07332766349834492  0.08015315144743496  0.08721180966113504
  0.09457116635041934  0.10178890409952479  0.10921934521282060  0.11713341468970083
  0.12574657545229917  0.13428555926587915  0.14235597460251589  0.14966433345960312
  0.15693607751223140  0.16433687383162685  0.17220503914535976  0.18048333947009215
  0.18880356800946893  0.19719839250125959  0.20558288010519826  0.21387150672175384
  0.22248477143688378  0.23164090128442452  0.24194804797805899  0.25274829408722160
  0.26385734601888483  0.27483485317778572  0.28535524832367604  0.29551097491957767
  0.30574142495376988  0.31679472947121651  0.32792746420882757  0.33785114412210598
  0.34667147617269251  0.35556181608442555  0.36546777110973178  0.37776791490006600
  0.39163386858847149  0.40296222642660445  0.41214012917839410  0.42168247662057817
  0.43125287753318453  0.44082596129491886  0.45000811144527397  0.45929286523548596
  0.47003228062619912  0.48083267320029732  0.49272029207128953  0.50532143055677692
  0.51983079363993789  0.53494514426749229  0.54924586664894015  0.56291112136232557
  0.57652503828857116  0.59166023858030969  0.60673747564968039  0.62125689401056350
  0.63539280078481197  0.64918215067570062  0.66241900477559645  0.67442604077917090
  0.68546065048055282  0.69720700178025841  0.70992878056881770  0.72409149264196970
  0.73773560702459917  0.75000307802613186  0.76058826813131009  0.77200379815935916
  0.78467129424332227  0.79990311724173802  0.81440039661049257  0.82866665506676163
  0.84177693628818151  0.85548106878954455  0.87117504277772417  0.88701634571938581
  0.90303291622047699  0.91991952150255263  0.93639917212709078  0.95067783006969964
  0.96358308892860822  0.97612088060448832  0.98806666802230014  1.00000000000000000
 -0.00415013236812558  0.01305899798396912  0.02682202785964337  0.03920530320068760
  0.04980772976511908  0.05909928002363804  0.06836506873620900  0.07809154739725249
  0.08818302108322704  0.09813598109708968  0.10772935275638838  0.11815346738513507
  0.12799253548608069  0.13788434306274527  0.14926812795005359  0.15982643628371981
  0.16954560015617828  0.17796431417299971  0.18595189179752022  0.19438472362779671
  0.20322419887094437  0.21209151396432591  0.22082740529850520  0.22984117221037353
  0.23933967782264218  0.24955649554185697  0.25973582415305962  0.26914237115358203
  0.27871809944829540  0.28813899594135511  0.29815399545799326  0.30861405192930719
  0.31965036955955267  0.33146385252690302  0.34406950946786508  0.35631627177249459
  0.36771215747757302  0.37911023892156759  0.39065543468104885  0.40174604447443191
  0.41274574519749258  0.42411992654820474  0.43572143621366627  0.44599753477801984
  0.45635793840694805  0.46787008900829613  0.47914019796131402  0.48966812247030961
  0.50040596161019213  0.51137575980267469  0.52190619475855349  0.53225041714591459
  0.54313826724024350  0.55512368781790966  0.56690054821812319  0.57783043892603048
  0.58767794327677891  0.59764344503669353  0.60886779898863708  0.62085893827351812
  0.63285436549442431  0.64400127832189613  0.65414085775364028  0.66386219403102598
  0.67306831653858068  0.68148763872155205  0.68982643293666401  0.69815725451337163
  0.70737330339276516  0.71769669374567679  0.72859725830318867  0.73979271756139042
  0.75111673079115282  0.76177748343331098  0.77229506800662184  0.78313728294745333
  0.79421798907034069  0.80656006955529669  0.81872573563820106  0.83092117568633506
  0.84136264194957799  0.85120916907116628  0.86195832488293822  0.87235323912968821
  0.88393857478306703  0.89587959421311258  0.90952111919410761  0.92117282124439059
  0.93179228288335103  0.94093142842415700  0.95023295794118467  0.95940867785684070
  0.96879910726848140  0.97849432942055448  0.98899744799500156  1.00000000000000000
  0.11667807120879867  0.26038866851942294  0.30182200097273137  0.32364444619619775
  0.33934222765874356  0.35308291994885144  0.36468435526657933  0.37398245869196611
  0.38292684263232307  0.39169190984252977  0.40021753170276436  0.40851342083125308
  0.41668189556751289  0.42487345872706977  0.43300068945917375  0.44107388513911566
  0.44923970991945444  0.45731384821685456  0.46428667399834694  0.47039480951264934
  0.47640677813702714  0.48229696930549065  0.48876356403447052  0.49476772968197691
  0.50093081514839832  0.50717363708021734  0.51358955932453454  0.51954468921397945
  0.52559715660408812  0.53179662854861298  0.53791469920045365  0.54373307857329356
  0.54931901305529229  0.55500461808708090  0.56064399278082810  0.56604140189359420
  0.57112008799511993  0.57635660255715160  0.58158918354389932  0.58680171730441510
  0.59187727984644767  0.59685472026688580  0.60136287721791526  0.60571860758756224
  0.61021441778185126  0.61526602734889801  0.62031153228859670  0.62519337887341286
  0.63013018037838398  0.63536553787997141  0.64090158245420437  0.64775744505018895
  0.65536289812105319  0.66263105400246136  0.66920489549894879  0.67524624550896506
  0.68095872635270471  0.68609852262278292  0.69093299580383649  0.69583402990500820
  0.70080243927466956  0.70702652073956740  0.71348052623249980  0.72048215196882814
  0.72740006282973435  0.73357212435666852  0.73922288360865529  0.74399452127320898
  0.74851909692953467  0.75296458470050676  0.75720501598855761  0.76191658992871025
  0.76694270301034095  0.77218259021069413  0.77785094624355233  0.78360752216302088
  0.78938181120849660  0.79577465333823683  0.80248936849913644  0.80907495443392607
  0.81574560236338844  0.82283687864328825  0.83004539704091507  0.83737902846391199
  0.84460705864364394  0.85163518722357978  0.85899890781218879  0.86697204601241262
  0.87676707431696477  0.88824753673820900  0.90081587476321845  0.91365739457752071
  0.92740138952893214  0.94332518981809577  0.96628245071438712  1.00000000000000000
 -0.02078208279909008  0.12023583334413494  0.16087501955851544  0.18413408617542470
  0.20051122313296293  0.21438747813098280  0.22642674772070759  0.23797529279319146
  0.24838727642386224  0.25808030609837290  0.26691704190254056  0.27636263843529119
  0.28599597116502595  0.29445070332347278  0.30159352625838842  0.30806010893075164
  0.31473035367891383  0.32160849095034549  0.32859121885019466  0.33538087112674309
  0.34165942169139246  0.34747977356808363  0.35400543664409811  0.36094661447107446
  0.36799055667492275  0.37493249765950293  0.38145911219975526  0.38791279690976882
  0.39448958460864503  0.40077966209565452  0.40728153043527121  0.41397811425424053
  0.42059282541566273  0.42604754957048718  0.43070397798719162  0.43499529682995086
  0.43948483501343416  0.44460678858361119  0.45004851011631092  0.45497000920442321
  0.45999146220699400  0.46479916556273182  0.46967887335185105  0.47470236375635549
  0.47968767492004566  0.48448936550315752  0.48914568821621746  0.49411541240260443
  0.49929328222150693  0.50483255999976295  0.51027969477367419  0.51543446021197137
  0.52038798874172776  0.52526510906963442  0.53024838387184270  0.53544013407530355
  0.54090025609504622  0.54653881398153914  0.55197979478577242  0.55706151812653115
  0.56199943710438105  0.56739278889466838  0.57371655217718276  0.58059594835030703
  0.58691732558431164  0.59305113134770360  0.59927898725936235  0.60511105294086431
  0.61079811470668777  0.61661375907192639  0.62313870518700998  0.62959468628269122
  0.63576246889125199  0.64166282379129103  0.64761816888266277  0.65400545233894392
  0.66040664608257083  0.66737522269327521  0.67445965362736238  0.68174678776375341
  0.68878781834284153  0.69575229922199766  0.70282153598463248  0.71073280216691748
  0.71970709322679038  0.72851012775331203  0.73806848017385140  0.74769957265797193
  0.75910363222198440  0.77103782829744860  0.78492409543138586  0.79970794243135535
  0.81803131497210169  0.84108514816077939  0.88218356363058703  1.00000000000000000
   1.5366896670455929E-011  -1.0000000000000000     
 F F F F F F F F F F F F F F F F F F F F F F F F F F F F F F F F F F F F F F F F F F F F F F F F F F F F F F F F F F F F F F F F F F F F F F F F F F F F F F F F F F F F F F F F F F F F F F F F F F F F F F F F F F F F F F F F F F F F F F F F F F F F F F F F F F F F F F F F F F F F F F F F F F F F F F F F F F F F F F F F F F F F F F F F F F F F F F F F F F F F F F F F F F F F F F F F F F F F F F F F F F F F F F F F F F F F F F F F F F F F F F F F F F F F F F F F F F F F F F F F F F F F F F F F F F F F F F F F F F F F F F F F F F F F F F F F F F F F F F F F F F F F F F F F F F F F F F F F F F F F F F F F F F F F F F F F F F F F F F F F F F F F F F F F F F F F F F F F F F F F F F F F F F F F F F F F F F F F F F F F F F F F F F F F F F F F F F F F F F F F F F F F F F F F F F F F F F F F F F F F F F F F F F F F F F F F F F F F F F F F F F F F F F F F F F F F F F F F F F F F F F F F F F F F F F F F F F F F F F F F F F F F F F F F F F F F F F F F F F F F F F F F F F F F F F F F F F F F F F F F F F F F F F F F F F F F
  <DiscreteSampler_grid>
  grouped_processes
  1 # 1 for a reference and 2 for a running grid.
  10 # Attribute 'min_bin_probing_points' of the grid.
  1 # Attribute 'grid_mode' of the grid. 1=='default',2=='initialization'
  0.0000000000000000 # Attribute 'small_contrib_threshold' of the grid.
  0.5000000000000000 # Attribute 'damping_power' of the grid.
 # binID   n_entries weight   weight_sqr   abs_weight
    10   10   7.619799756408682E-002   4.568312127246056E-002   7.619799756408682E-002
    11   10   7.619799756408699E-002   4.568312127246078E-002   7.619799756408699E-002
  </DiscreteSampler_grid>
