  0.00310919484289954  0.01356730017387782  0.02398498916066881  0.03552015352595818
  0.04602340951860604  0.05795912707778927  0.07288908050104523  0.08796451940663336
  0.10151895332194741  0.11305753061922642  0.12306040017467512  0.13283964443710944
  0.14420676625463177  0.15626452977006980  0.16883128878754089  0.18200319132173268
  0.19374150513807759  0.20359368515183596  0.21229070250621732  0.22005017766263033
  0.22794601187179042  0.23736859164374013  0.24913330382759249  0.26023196989185193
  0.27063345192032495  0.27883591387838658  0.28665852303942457  0.29464730742937145
  0.30375289809051215  0.31299496614546507  0.32237046115002055  0.33216693690231930
  0.34150202274092040  0.35019299457601943  0.35986941619762958  0.37132283030992003
  0.38305933312825297  0.39410827501553325  0.40721997398238663  0.42079574672521142
  0.42879755773949307  0.43764433475821629  0.44547417979091120  0.45182225946143567
  0.45788325801316931  0.46422653427942157  0.47264757531499729  0.48201986029281696
  0.49611991951223938  0.50973246061413890  0.52168445371267835  0.53316263137819941
  0.54507239893798065  0.55690761054962223  0.56939572640623171  0.58207738556497546
  0.59347937709284770  0.60390636424344091  0.61568335927931217  0.63060669547672987
  0.64504924231808114  0.65493185139590915  0.66327956829905321  0.67194223690722510
  0.68148237386857513  0.69129695970017357  0.70110166786626227  0.71085658386006878
  0.72124564112132650  0.73187041699170230  0.74158630444028317  0.75072893510015781
  0.75976493119703781  0.76897491694157605  0.77906293397853987  0.78981623989166971
  0.79732447396926986  0.80370461226514023  0.80986351259667178  0.81657865094105786
  0.82403611279754807  0.83223747323488662  0.84165212444338611  0.85102894444871935
  0.86208772653311783  0.87436955052781773  0.88850155663473962  0.90223649878660472
  0.91530625187199888  0.92898179737081410  0.94320706158607248  0.95713578488818318
  0.96796992408635885  0.97692502260762826  0.98552243067028211  1.00000000000000000
  0.00686424374158152  0.01851194552813056  0.03160476827593003  0.04399604432880450
  0.05569226881710904  0.06603684651866537  0.07578909090902626  0.08699380339323620
  0.10171605535998474  0.11747091854412546  0.12889331808000451  0.13649526837519352
  0.14381763712868076  0.15349258909059987  0.16224437485402493  0.16988796032261802
  0.17709205891352112  0.18582413262776412  0.19846808552401479  0.21069604355142740
  0.21971787127206999  0.22768846510501259  0.23478473855161264  0.24154588396806584
  0.24891949061005728  0.25682670929914286  0.26503979587733900  0.27565508668907607
  0.28897974464964848  0.30134279399130104  0.31348552332068541  0.32557621000813941
  0.34116035288249469  0.35719415150119649  0.37392046340226021  0.38811920288675494
  0.39986514070347406  0.40993612018440534  0.41955388942361427  0.42993353971858933
  0.44168305637376198  0.45448624180214103  0.46549610958342574  0.47554435885341195
  0.48457572522685088  0.49359699313580396  0.50205586891232612  0.51099692473036518
  0.51946353160754355  0.52726914382137036  0.53472606003096756  0.54220511619018374
  0.54980924824227895  0.55835424418627932  0.56648987461312938  0.57511891396387249
  0.58480794785238432  0.59534534006003226  0.60552867610288075  0.61614055754186736
  0.62800691668146558  0.64096437870813316  0.65420460151028859  0.66623010430900997
  0.67722799330757855  0.68829700448283937  0.70035125135199228  0.71363034322509400
  0.72714472181964263  0.74038301822349317  0.75307705393406643  0.76671396271461634
  0.78135117319098624  0.79423786503902460  0.80328293883206847  0.81164652111633484
  0.82012526235294636  0.82939363517635800  0.83970752772711421  0.85124266291980843
  0.86518964900780815  0.87813428512743330  0.88737643564716473  0.89430312830160696
  0.90159537119415678  0.90899517514404193  0.91584320527800178  0.92250322605291402
  0.93054410098726137  0.94166151027673206  0.95435821990127823  0.96508647787692114
  0.97379154141466917  0.98376420909657192  0.99146918120189587  1.00000000000000000
  0.00422773547088685  0.00891888643952987  0.01543838486087335  0.02215081880832098
  0.03023948269018592  0.03850647937283067  0.04657715087556940  0.05516488956867856
  0.06400088976589927  0.07303138040191906  0.08172868198929081  0.09067945470666681
  0.10006508375854571  0.11062873022959055  0.12169406445343146  0.13378199477126543
  0.14548466104187424  0.15608591746675363  0.16648673209591930  0.17670490454569271
  0.18605873590789609  0.19500970992867597  0.20457585583319521  0.21513688845627649
  0.22542507074862853  0.23664398178462739  0.24927369487165352  0.26196931596438316
  0.27338109690348655  0.28405988427161616  0.29425443431262382  0.30238597728444522
  0.30852413158640979  0.31629322076533573  0.32643746857413808  0.33704796879040733
  0.34712219644084941  0.35982780448996055  0.37644907213567175  0.38939873699320054
  0.40177420709197564  0.41460364970962443  0.42525978128868325  0.43534100754500277
  0.44717311815202859  0.45825717727410353  0.46714428306256089  0.47622254138885056
  0.48527085604290526  0.49221131736301132  0.49834632602063128  0.50458170942382063
  0.51144243107371534  0.52342826032458245  0.53705133071443423  0.54973787759326209
  0.56179238170007617  0.57394988129379498  0.58499199575712435  0.59512773593646284
  0.60473134256238048  0.61437435096186710  0.62435387348173466  0.63287712934926821
  0.64158897053320552  0.65121380299099541  0.66201979908955810  0.67192266018303937
  0.68196888596509064  0.69228660072865200  0.70242802618690348  0.71284782982437889
  0.72390874723062848  0.73502457523520315  0.74487196282449697  0.75716379101557174
  0.77038694979072009  0.78479160646536128  0.79641869721846859  0.80655845053412167
  0.81560335766266068  0.82452931276257557  0.83291959309710217  0.84238753188967386
  0.85163673745457291  0.86270363010281070  0.87264703053286075  0.88331804629357424
  0.89566205343485017  0.90972282451818987  0.92302065762791874  0.93519777215275601
  0.94723867827756503  0.96175572872547299  0.97957907089292939  1.00000000000000000
  0.00622082828486674  0.01618940113341051  0.02681571107833026  0.03745797513575130
  0.04823998223837960  0.06076116201284958  0.07388210464989826  0.08756422937348667
  0.09963578815204030  0.11118301957983225  0.12137240181854494  0.13137631905758440
  0.14235057773028201  0.15352497954322566  0.16669305838013271  0.18185290733040085
  0.19626381935211840  0.20855592203537041  0.21961853073292906  0.23066524525711521
  0.24248749568535868  0.25495684462487045  0.26780220615794720  0.28140675923593200
  0.29384964468376940  0.30274132050344293  0.31159750597465741  0.32067247480700417
  0.33053454887982264  0.34070958446601268  0.34992010802955814  0.35856069698326598
  0.36710757307455094  0.37686741467662604  0.38730081281227091  0.39764028592234357
  0.40742140254886161  0.41707616979766587  0.42782005003131696  0.43969366998254750
  0.45180369087811700  0.46331875631173708  0.47416299447106169  0.48377691119852939
  0.49228556456886907  0.50030152553088891  0.50846906174603790  0.51690466699399662
  0.52518591507480639  0.53314027896417104  0.54098991258295215  0.54896821351256231
  0.55779316264375622  0.56711897339108841  0.57643933278667792  0.58604100305632156
  0.59643030988497281  0.60811470294249426  0.62201002535193917  0.63683922377016688
  0.65151944522235461  0.66436240164308669  0.67406855840067847  0.68264341104862392
  0.69118906295270355  0.69975922810199320  0.71169763720750234  0.72632840488620909
  0.73871574830775200  0.74887169821129029  0.75898379996360810  0.76978920293478237
  0.78029189447447156  0.78960186892994089  0.80075631047456164  0.81177508190508096
  0.82248906814793032  0.83195349947284425  0.84043361860584787  0.84889183508504618
  0.85815339257592493  0.86758578654787311  0.87684652749800829  0.88666973015466999
  0.89648721549436461  0.90461328809151609  0.91107145663093514  0.91767097728389813
  0.92386447064090882  0.93147207435926827  0.93851184145040201  0.94714623662268327
  0.95450748272039232  0.96625818953599529  0.98272735468777883  1.00000000000000000
 -0.00009441159568292  0.00070101617431384  0.00157299964962576  0.00306278712503633
  0.00495667276612776  0.00727286063653644  0.00979196961486146  0.01243498207388104
  0.01509067233381204  0.01835259929198706  0.02142896807798015  0.02513135360548766
  0.02986731374385111  0.03501011608747395  0.04097501325022081  0.04779733093077755
  0.05459893371868509  0.06053817502253275  0.06617074099546731  0.07210295164760427
  0.07837199024429384  0.08357249519135788  0.08810417011233689  0.09318944796748163
  0.09954432580117376  0.10578458464130905  0.11284060450887079  0.12117132838975277
  0.12970060458774638  0.13762428554852907  0.14527934188014952  0.15317486934966904
  0.16109767233937305  0.16904865352185383  0.17821633496012151  0.18923851858632826
  0.19818736186801997  0.20604752930453948  0.21435034915741194  0.22264972432264529
  0.23075606025045958  0.23863915598425911  0.24626427987878249  0.25345997736978215
  0.26054131383593615  0.26707933383775129  0.27388572786816523  0.28221172507650849
  0.29095085993427267  0.30094128770529766  0.31158311754580026  0.32187303032580628
  0.33208837263527569  0.34100379083712484  0.35048920777979847  0.36005752163842425
  0.37040226167084189  0.38016236529431530  0.39059346878804146  0.40081742757907257
  0.41116678768805276  0.42188713160802938  0.43342456897624815  0.44519878193873147
  0.45772647814932044  0.46949570854937039  0.48102267255141956  0.49283184440666117
  0.50522123450063250  0.51958294450698650  0.53368356360319125  0.54774323708794281
  0.56245661420987692  0.57730822508102642  0.59259818592917723  0.60884638742212449
  0.62639078428628703  0.64476967486203518  0.66267627640134075  0.67971200648018903
  0.69500729044180787  0.70955647657333965  0.72405774143666091  0.74023252954974406
  0.75754933068527974  0.77595609144271571  0.79513909830987828  0.81588721512817131
  0.83829459245619553  0.86043866663043223  0.88243629539906665  0.90432003721749632
  0.92610047937628392  0.94829370254600320  0.97203960625235275  1.00000000000000000
 -0.00240684624303454  0.00928582247154686  0.02030764711848177  0.03083278463693485
  0.04291119580380780  0.05758544550180086  0.07214064680633127  0.08361605686059752
  0.09296766949868550  0.10124889809377897  0.10981622288665321  0.11993287463147470
  0.13079670156269255  0.14193049743082867  0.15326426100948926  0.16463996749668589
  0.17465850138739916  0.18503728706131439  0.19572226822829314  0.20705481389123576
  0.21955958386919255  0.23331915727609193  0.24638982452882235  0.25739036208364185
  0.26764156351975610  0.27757918772883033  0.28766848740051149  0.29852004318296094
  0.30989628713744949  0.31801361168907255  0.32485772801821111  0.33176701620378346
  0.33905702386483655  0.34746673027803071  0.35805210486846961  0.36979368862131401
  0.38221846588928798  0.39489200813330694  0.40628660332661676  0.41676616386026460
  0.42618620806398516  0.43448447157433207  0.44271808793410389  0.45105939456793032
  0.45918492206667272  0.46822714331827636  0.47768444836812823  0.48711238847301547
  0.49685622725946627  0.50760320175471030  0.51861605901225716  0.52918810894990931
  0.53927306947899656  0.54936471381355023  0.55993033978093687  0.57065850180471622
  0.58350412835896226  0.59436932632717165  0.60506364291361081  0.61769682918786240
  0.63209215486368686  0.64645815135396267  0.66221278399810835  0.67712315556650227
  0.69102702419590345  0.70242063179000858  0.71303138469154914  0.72330977980128452
  0.73429370766639890  0.74542828139384498  0.75456311741708859  0.76258348004069865
  0.77044667985518867  0.77919209303921788  0.78737364777559404  0.79569761509896630
  0.80328176098918380  0.81273050090352361  0.82356411716774203  0.83429197047553327
  0.84455179101109179  0.85428864919585834  0.86517775531414243  0.87524273539175945
  0.88352254381280593  0.89107155934106419  0.89900123632886553  0.90708559397009403
  0.91612136823269330  0.92574429747594444  0.93632602939687792  0.94894425024109796
  0.96189936118210073  0.97410995255652011  0.98623281594428791  1.00000000000000000
 -0.00390098018785150  0.01441287513745895  0.02707390428317562  0.04112693146550468
  0.05522967730531186  0.06655902258407126  0.07572075533827084  0.08422187372606964
  0.09281265277590303  0.10270513956858210  0.11417343366928172  0.12589036318036109
  0.13671459420616430  0.14795983876754693  0.16021875888467013  0.17248740671736912
  0.18330497423955880  0.19408773530983706  0.20420823700434459  0.21525633869522606
  0.22773809502136327  0.24258517757566039  0.25737458846853012  0.27061532410032879
  0.28334556918160758  0.29668322760096622  0.31142110956587343  0.32695252432974609
  0.33932217389690844  0.34972613041586570  0.36129292720943534  0.37313375593471576
  0.38403485865160936  0.39305457615818745  0.40204267879212191  0.41197623897539803
  0.42227227144153423  0.43410486687622235  0.44531076944109382  0.45533459880489691
  0.46537163915601959  0.47474421809269773  0.48390091573588168  0.49249310408754410
  0.50142683084016004  0.51310122532619351  0.52623089129509792  0.53877608271509936
  0.55021396034769132  0.56111767274760305  0.57215591165474144  0.58282680878783344
  0.59160426297132462  0.59986355511029676  0.60961972246991414  0.62206642671813195
  0.63548336939420402  0.64763778762011781  0.65852268899434230  0.66962168488517948
  0.68163313536283621  0.69429263815879616  0.70765584484183552  0.72269243355922663
  0.73740439072469399  0.75048674141761296  0.76112901952705247  0.76998345168169935
  0.77961295235638217  0.78893955315671560  0.79869792880165902  0.80840505039738098
  0.81881595623992931  0.82915842363897685  0.83817674173375667  0.84556875062428394
  0.85380741711212293  0.86175846808133227  0.86964413688576447  0.87759675136359250
  0.88486605082488734  0.89190128130791713  0.90018370630238720  0.90748486342556656
  0.91425479385332642  0.92340920722428810  0.93192560954275094  0.94152548438594474
  0.95257315243892182  0.96323980924232133  0.97173771488264404  0.97749568816741883
  0.98215491523513410  0.98702190383809962  0.99307977982799134  1.00000000000000000
 -0.00324158726489551  0.01108002059745433  0.02407562732755025  0.03603990477338773
  0.04682042528431894  0.05608858369110550  0.06645523159245996  0.07699024704766574
  0.08734921247538449  0.09537662886218622  0.10408587704999123  0.11401099929910850
  0.12354105716607594  0.13140327899776841  0.13875751670303429  0.14756610476004747
  0.15885590224041574  0.17038078104683824  0.18000154672278160  0.18891216975863123
  0.19986932431427973  0.21012369627493779  0.22204172644473325  0.23444532336510676
  0.24508342698632668  0.25530304908419782  0.26511147755196846  0.27502188310866527
  0.28510686235157734  0.29442214742541184  0.30369972429341618  0.31484989922245571
  0.32596695318972341  0.33572588358638150  0.34497211210007722  0.35557973790442865
  0.36863408780331663  0.37881154796461025  0.38598062539910094  0.39243136135279771
  0.39832598037741784  0.40464017585199596  0.41355282662789816  0.42263703352393900
  0.43054654528691239  0.43898401267177484  0.44825402622479144  0.45919801375401093
  0.47039774930761968  0.48158857334979671  0.49124754062012010  0.50188141993634239
  0.51145214337748646  0.52040098011277669  0.52983998940713728  0.53976985208176254
  0.55025248966616680  0.56139675178648474  0.57296818642350977  0.58420335313589411
  0.59469251569103376  0.60549082095575435  0.61633263263167315  0.62642216734782319
  0.63751743844623809  0.64717562576735255  0.65661428130709298  0.66766307039820305
  0.67901647806656795  0.69011209293338760  0.70172701911736601  0.71179082950040951
  0.72523875046566955  0.73787903473834515  0.75136453060359709  0.76501083646063628
  0.77602857662286839  0.78709988571300871  0.79753288372597675  0.80963758165522581
  0.82466361911618447  0.84212145875493460  0.85657513958530662  0.86709144626498313
  0.87503792781430634  0.88307218216629757  0.89151297386683559  0.90046366718037785
  0.91088984577979137  0.92275394602134342  0.93429499107292013  0.94496748261959418
  0.95574669417881819  0.96811896005023956  0.98388107169066519  1.00000000000000000
 -0.00449204474520990  0.01934761182999050  0.03300303704630267  0.04567870063579604
  0.05657062801991728  0.06857781247848134  0.07988384823650052  0.09083226399547409
  0.10155779804664310  0.11389566938103896  0.12309461888488893  0.13190990329681795
  0.14136766964900535  0.15119154638309967  0.16797302387022073  0.18133277333171949
  0.19230055652472330  0.20299089650486213  0.21438145726029678  0.22725473229054099
  0.23849397272615502  0.24849290565517329  0.26113995551662877  0.27401671278403000
  0.28541990924199706  0.29995661751599889  0.31749550010721461  0.33554637742232118
  0.35075350267053235  0.36229723475010189  0.37074889064440125  0.37692753600307743
  0.38260016828149468  0.38817441588456114  0.39605702061876236  0.40547213419511174
  0.41311933038566861  0.42032745050424913  0.42908516825420873  0.43883020944389978
  0.45484289510374515  0.47273792803558123  0.48493424541273039  0.49679532117146857
  0.50893534699766696  0.52231622115610210  0.53317775447997418  0.54337316565646621
  0.55256793024653161  0.56117997849716317  0.56932464428625695  0.57738280697931510
  0.58614751599021120  0.59567527005918719  0.60477627524586475  0.61348717295768962
  0.62282897825253070  0.63316053266650429  0.64320434044772401  0.65297923564153992
  0.66251591692334866  0.67451451139606899  0.68936344362525070  0.70357586394281169
  0.71721669232510732  0.73008713239371537  0.74230311169575580  0.75423532340187893
  0.76650912763879886  0.77934026454936844  0.79148378024599941  0.80408441288665744
  0.81618513792358105  0.82812429974522805  0.84065581480060558  0.85195702263267115
  0.86178749078671912  0.87042130466045542  0.87854023758223088  0.88693422488829265
  0.89567937608307280  0.90441613701371093  0.91352249495679638  0.92313622540457918
  0.93190079632415468  0.93900025682876753  0.94442473101019053  0.94980473099658025
  0.95611119031619729  0.96235342503096544  0.96831579757496189  0.97398078930745469
  0.97991356304532107  0.98570803475356217  0.99235050946543113  1.00000000000000000
 -0.00390073726591886  0.00770234726651918  0.01815485112997109  0.02692908109076779
  0.03560427516277377  0.04623593023716517  0.05764536844493164  0.06886652207377440
  0.07929797398802506  0.09274664444574840  0.10893531163774409  0.12266296125679040
  0.13328607996390979  0.14264699160475158  0.15393334626022273  0.16502863711558508
  0.17441944984816410  0.18378397701912702  0.19527910742603496  0.20627802043696367
  0.21528822585645030  0.22255812626790691  0.23026578005986617  0.23801071878291774
  0.24606136738065745  0.25470949216272754  0.26227754085799204  0.26775841397607519
  0.27391178406536959  0.28089509878089230  0.28863094427385383  0.30039361642917173
  0.31478801832913678  0.33001495558888522  0.34624655722410164  0.35986819194118297
  0.36989747609506546  0.37888457950639098  0.38772909571870184  0.39671264398549733
  0.40518850569161741  0.41481433150389879  0.42644577810368445  0.43898339767728778
  0.45123710853685423  0.46145732004989354  0.47248629572463408  0.48353287118174915
  0.49400794170762446  0.50526457734620545  0.51641108818881731  0.52868043641439877
  0.53999285097849448  0.55208047341277500  0.56539975568034906  0.58220661742572966
  0.59508849614626780  0.60609197614551746  0.61757089285272715  0.62951442252308376
  0.63943280759224608  0.64852528025610578  0.65828509722267681  0.66915530958456360
  0.67952238748496463  0.68976651826506452  0.69933253540057227  0.70770656593415904
  0.71664804820768169  0.72496804075809951  0.73514854239062410  0.74709710634372151
  0.75993523941902119  0.77232364979029988  0.78272944518310095  0.79216896067862819
  0.80222055141850168  0.81163425039715342  0.82039751306804598  0.82975848460381130
  0.84112188809226729  0.85441682562164289  0.86520377571881601  0.87618916541339409
  0.88714833589557651  0.89717774852684251  0.90683603546305058  0.91708673249273120
  0.93154022469849462  0.94803285750330268  0.96122470042596997  0.97092722168419843
  0.97928335914910813  0.98674269146567761  0.99333893715704213  1.00000000000000000
 -0.00172109658169539  0.00690956395593236  0.01435343805408973  0.02240864387535960
  0.02923624128482256  0.03678892497285736  0.04494266378784004  0.05374176468129190
  0.06533357437812629  0.07851996299879407  0.09186603477822616  0.10345450811677191
  0.11396728869133317  0.12321878374657845  0.13394847553126091  0.14435914216344253
  0.15462168713210131  0.16337788714890830  0.17577638355015421  0.19090745142699275
  0.20608047597589624  0.21599103449773741  0.22408685068201245  0.23285245354863363
  0.24340518658352292  0.25349398354914510  0.26148375542335839  0.26847434247482005
  0.27715974346408506  0.28690966769890042  0.29745742461904628  0.30529080107549517
  0.31388150544535826  0.32361118445689052  0.33310665584639398  0.34303344494824328
  0.35368079754237247  0.36366661665340455  0.37287442331560511  0.38283202462535632
  0.39275639430226544  0.40217858706268478  0.41207932114736195  0.42157319737577820
  0.43291505999217844  0.44210242877858874  0.45361800072643815  0.46301632004073345
  0.47116467847182686  0.47863611449770704  0.48566429833251024  0.49341373602307192
  0.50101937704740240  0.50836514742508654  0.51635093197005799  0.52529438752975444
  0.53458808724567741  0.54435629679053610  0.55328889435684114  0.56071337642990793
  0.57041226741694728  0.58191459868975237  0.59369065356230177  0.60509286266289042
  0.61610835883129023  0.62776063770859247  0.63810691406152198  0.64760909322064586
  0.65810843162645527  0.67004639412082967  0.68282613147154325  0.69608767394279569
  0.70838035636551822  0.71918051426298879  0.72972064175966078  0.73834420852248250
  0.74722554332562985  0.75653074606490212  0.76643143173164530  0.77594973245170151
  0.78588095637583455  0.79573471556251840  0.80695727852964505  0.81999969575022613
  0.83504054551069018  0.84900845966149086  0.86169115165323251  0.87430334341675442
  0.88782370155471690  0.90176428145992116  0.91532710247575910  0.93046743203742655
  0.94704357658422123  0.96378489379975674  0.98255710008446562  1.00000000000000000
 -0.00266806352888620  0.00957357757207586  0.01987755766990066  0.03161871571767418
  0.04335976113874684  0.05374523587545885  0.06157064120148281  0.06996612815957971
  0.07807314526569116  0.08570532209186278  0.09338254842492039  0.10096748151722681
  0.10832092077463630  0.11679971021887973  0.12665839232654891  0.13534685250191189
  0.14265095514765444  0.14986436329346151  0.15838436741780684  0.16710011825164300
  0.17993918983130713  0.19149079331306965  0.20413748610200963  0.21768723168493639
  0.23280584957330272  0.24636700526287020  0.25792034322860580  0.26782597886739462
  0.27717167927707997  0.28658128501493707  0.29585037383591517  0.30418841165924304
  0.31284724198881919  0.32421220987804766  0.33604852257307216  0.34730199022633429
  0.35804348593105650  0.36839183973819306  0.37859078332824053  0.38912527277644871
  0.40107271632070296  0.41407625383967350  0.42624322518781493  0.43916522002851316
  0.45144128771149195  0.46164982504780488  0.47047736784078642  0.47763877561675172
  0.48467930906384710  0.49283212332532794  0.50126526988565945  0.51058159155017169
  0.52219059431424519  0.53528938275127980  0.54716734785414978  0.55695637618783178
  0.56817099601102494  0.58045829336702481  0.59126638029599743  0.60252125787227095
  0.61365757040058677  0.62464588236098151  0.63482882167821597  0.64521649149206584
  0.65586860618438214  0.66638805382621535  0.67690836110079811  0.68768449837664836
  0.69937374094699234  0.71067871987598707  0.72015799462745378  0.73098508296233855
  0.74252861594835318  0.75354415066526148  0.76277270566423983  0.77181372405506521
  0.78030290192130436  0.78875674953288422  0.79720380841904015  0.80657606216407518
  0.81664456927739026  0.82909658253882879  0.84249880708824776  0.85794715816649580
  0.87481355191497279  0.88561692366590328  0.89669662573330344  0.90678904023492957
  0.91733433935754127  0.92815012878743230  0.94135555768289869  0.95497954154857145
  0.96653662084445013  0.97747365282540544  0.98857261559012877  1.00000000000000000
 -0.01461348927818031  0.08333597416985031  0.13766568057544831  0.18224738400795010
  0.22749078776326348  0.26049712591072649  0.28519067511325125  0.30614019924821745
  0.32715482475512236  0.34743998613203836  0.36419495807688429  0.38000063669416179
  0.39770009942278067  0.41981276520067079  0.44112462198995944  0.45786391294679873
  0.46939896716472918  0.47934490781921119  0.48939967106408233  0.50024867677784002
  0.51083720715936842  0.52190748032626366  0.53264069708955275  0.54406827655956957
  0.55645237869169684  0.56846979640263395  0.58047402471953247  0.59242277961145262
  0.60399771602827479  0.61472054823143418  0.62458868831976389  0.63425846303689248
  0.64413493371092834  0.65395994808731117  0.66328935001013745  0.67065380288566168
  0.67755512008766516  0.68454301905969683  0.69197715518892988  0.70071916805919154
  0.70934565262832627  0.71768098666483982  0.72633901882933871  0.73324021938441786
  0.73861983251056984  0.74355958306418213  0.74824060930715086  0.75242531994333761
  0.75716463566405923  0.76323631566158556  0.77030910525793572  0.77832514090649318
  0.78595995223906434  0.79308586682392790  0.80028535310915683  0.80624744391140102
  0.81222912887675436  0.81850686119616045  0.82603332243838556  0.83353282237279169
  0.84095399187002629  0.84715749190540690  0.85258594568747814  0.85764808389678038
  0.86272199313371889  0.86902830379290730  0.87590624427745944  0.88154572049382440
  0.88570588795737226  0.88960471064092339  0.89346930089204313  0.89780133968411457
  0.90271049576424667  0.90789613755098930  0.91365065736293705  0.91952602034485609
  0.92460816526645351  0.92858986621633466  0.93188949899058404  0.93504469128126855
  0.93789270805182545  0.94171147534845534  0.94517072361004739  0.94873111157462908
  0.95250065692113373  0.95651835869015500  0.96099534529993813  0.96549867304549108
  0.97024093229378405  0.97414118163803343  0.97728838490542935  0.98148074711402367
  0.98666146814295286  0.99144695200491018  0.99581701499843167  1.00000000000000000
 -0.00194380736040497  0.00884658608654170  0.01777667805220216  0.02618293428645180
  0.03401071485039163  0.04239959186855121  0.05101106150603668  0.05944376592925378
  0.06959637802795358  0.08102909535854373  0.09157064349708827  0.10253835512528604
  0.11390867257429671  0.12443256040412662  0.13416839725768956  0.14385046882711605
  0.15435123109577487  0.16566712638120348  0.17544401270783819  0.18393038086050137
  0.19140793696313213  0.19961868783736336  0.20792809712290736  0.21851461066294553
  0.22950271881572867  0.24280542871112057  0.25474412127562929  0.26521576635337596
  0.27641106049609021  0.28892984335413413  0.29903280648509517  0.30791518418293273
  0.31735268810870343  0.32815652006157731  0.33863458471213687  0.34845931309074163
  0.35757276971088103  0.36723497007997136  0.37702233189166279  0.38825299087958626
  0.40021397370811418  0.41582400050021834  0.43137255268225067  0.44261308109491132
  0.45144471823629551  0.46152213444599138  0.47405006602925409  0.48565345163283613
  0.49572459600491625  0.50743911226097071  0.52109104869648581  0.53268614295285777
  0.54394525282146022  0.55403363098013836  0.56326054238361112  0.57209761109635959
  0.58193102024599941  0.59081630412891495  0.59959721273673283  0.60808559867875867
  0.61627451891283946  0.62522892290937881  0.63660398099081272  0.64772886755602976
  0.65992390795713685  0.67211151639467459  0.68463169530115064  0.69952967220389972
  0.71615490860279685  0.73145052257290222  0.74583998769025039  0.75795121963211221
  0.76894486973689768  0.77841046868013619  0.78779984450314799  0.79978338637847401
  0.81109372044607353  0.82130452126064191  0.83259452414323565  0.84331099416632271
  0.85170704735401215  0.86035800395246387  0.86841969147945020  0.87702089991728494
  0.88555337240053422  0.89307108321147499  0.90443171821064094  0.91614631098954979
  0.92898035697780046  0.94271880438474953  0.95576876324871562  0.96644818318294046
  0.97497077891736295  0.98260990964006267  0.99056001337249477  1.00000000000000000
  0.02943920254000162  0.30346789578718569  0.36043230689536643  0.40362402121171759
  0.43731349084140092  0.46674707525178538  0.49835136605760477  0.52959898946197348
  0.55533293807588080  0.57671556291604531  0.59601753348852249  0.61387637234436965
  0.62893234589116587  0.64379088307508925  0.65942720705457092  0.67455872304947928
  0.68864300537264223  0.70286612495521328  0.71549474144940339  0.72627447104066978
  0.73825488188967614  0.75092297511929673  0.76222469749231503  0.77235753191207723
  0.78219663442628640  0.79203647457351445  0.80159042279744663  0.81064046266962497
  0.81935176388990794  0.82723148235508837  0.83522775194443899  0.84301013526636792
  0.84990573992544094  0.85599515390231118  0.86121550692342486  0.86678492274803198
  0.87162881940147841  0.87594817418524118  0.88024341165916042  0.88479211940451641
  0.88913547090063816  0.89294998469727926  0.89661755652536090  0.89987072506601007
  0.90297301325956236  0.90623090090515679  0.90926881921705494  0.91249988450069019
  0.91552816832794082  0.91833790984062480  0.92122123024319391  0.92414187719887864
  0.92691821144337982  0.92994136221201495  0.93243700293664322  0.93487359689775318
  0.93723608874596942  0.93942492311839232  0.94150953835598827  0.94370400773823160
  0.94586438913352533  0.94794523191469249  0.95009053755960937  0.95254255953344269
  0.95496560757375326  0.95737144665506357  0.95958808299216614  0.96158952315789237
  0.96347869944979692  0.96519608016024583  0.96690095082980110  0.96864335003316204
  0.97051425081035880  0.97231104313731953  0.97396853217225310  0.97555470346610174
  0.97709995520797133  0.97855239515656345  0.97998569396297830  0.98135407419476972
  0.98247546130811214  0.98358277503646541  0.98469647582766640  0.98586127085521991
  0.98689641854776711  0.98793796497342123  0.98896397380657042  0.98993947194047727
  0.99088537623353434  0.99181938763758815  0.99277576973651516  0.99382879484841213
  0.99491511135860022  0.99627341096967537  0.99781911317036265  1.00000000000000000
 -0.02001417285194656  0.15362684447189090  0.20383952416483733  0.23037957006591855
  0.25704170000822368  0.28165922278797084  0.30194486765217682  0.31882921632486083
  0.33226491270028236  0.34271126311213207  0.35275568987149192  0.36262264559714458
  0.37239710239962825  0.38285191436886368  0.39126083188056970  0.39940140197321533
  0.40761846727485040  0.41577238735463157  0.42393940280771819  0.43235264085921105
  0.44081309156627385  0.44865691579124384  0.45662122326975513  0.46547093846041904
  0.47336367462438267  0.48031478141146872  0.48718216856092222  0.49365926960814832
  0.49997810606487397  0.50785330945408047  0.51577294975148680  0.52325191900772028
  0.52896351933261154  0.53482285871151669  0.54051299109506268  0.54639131607940250
  0.55194317816713534  0.55711561491623307  0.56234962406762334  0.56763884654687669
  0.57280530321508849  0.57730974834276616  0.58132474637772980  0.58556255347283503
  0.59002277689766569  0.59493915145492715  0.59989189091279582  0.60478849884073127
  0.61026701277337392  0.61590617717584895  0.62119842406511327  0.62652040877758319
  0.63213660014316997  0.63806380078290681  0.64461823521536499  0.65125696174884118
  0.65858257604554327  0.66556529113744367  0.67119099091057588  0.67523400743340967
  0.67933133862886619  0.68380376768994844  0.68795868079864686  0.69240452092316040
  0.69830599037242913  0.70288996103666579  0.70756020732550484  0.71216384696028745
  0.71738784109515619  0.72320633900258624  0.72915844611179959  0.73504220252642738
  0.74096839928234981  0.74668021002932872  0.75204355900492381  0.75721793540283155
  0.76259782891717731  0.76838126267279350  0.77439492940258203  0.78078004174591020
  0.78673654816156702  0.79207575876756831  0.79687290887642326  0.80189260234896031
  0.80747452857062774  0.81361769031083053  0.82156572588077947  0.82976581774193692
  0.83877986619211586  0.84902187896581172  0.85910333103409775  0.87045615653631347
  0.88322933307907703  0.89879779413202743  0.92857679027799411  1.00000000000000000
   2.7827519814883023E-006  -1.0000000000000000     
 T F F F T F F F F F F F F F F F F F F F F F F F F F F F F F F F T F F F T F F F F F F F F F F F F F F F F F F F F F F F F F F F F F F F F F F F F F F F F F F F F F F F F F F F F F F F F F F F F F F F F F F F F F F F F F F F F F F F F F F F F F F F F F F F F F F F F F F F F F F F F F F F F F F F F F F F F F F F F F F F F F F F F F F F F F F F F F F F F F F F F F F F F F F F F F F F T F F F T F F F F F F F F F F F F F F F F F F F F F F F F F F F T F F F T F F F F F F F F F F F F F F F F F F F F F F F F F F F T F F F T F F F F F F F F F F F F F F F F F F F F F F F F F F F T F F F T F F F F F F F F F F F F F F F F F F F F F F F F F F F F F F F F F F F F F F F F F F F F F F F F F F F F F F F F F F F F F F F F F F F F F F F F F F F F F F F F F F F F F F F F F F F F F F F F F F F F F F F F F F F F F F F F F F F F F F F F F F F F F F F F F F F F F F F F F F F F F F F F F F F F F F F F F F F T F F F T F F F F F F F F F F F F F F F F F F F F F F F F F F F T F F F T F F F F F F F F F F F F F F F F F F F F F F F F F F F
  <DiscreteSampler_grid>
  grouped_processes
  1 # 1 for a reference and 2 for a running grid.
  10 # Attribute 'min_bin_probing_points' of the grid.
  1 # Attribute 'grid_mode' of the grid. 1=='default',2=='initialization'
  0.0000000000000000 # Attribute 'small_contrib_threshold' of the grid.
  0.5000000000000000 # Attribute 'damping_power' of the grid.
 # binID   n_entries weight   weight_sqr   abs_weight
    16   10   1.964606484407246E+003   3.855572626897009E+007   1.964606484407246E+003
    17   10   1.964606484407274E+003   3.855572626897118E+007   1.964606484407274E+003
    19   10   1.964606484407246E+003   3.855572626897009E+007   1.964606484407246E+003
    20   10   1.964606484407274E+003   3.855572626897118E+007   1.964606484407274E+003
    22   10   4.915855267448186E+002   2.413995756728944E+006   4.915855267448186E+002
    23   10   4.915855267448256E+002   2.413995756729013E+006   4.915855267448256E+002
  </DiscreteSampler_grid>
