  0.00354710813370725  0.01076740903398014  0.02037089001552924  0.03037670293869769
  0.04056926452415098  0.05101404633816364  0.06147488971154394  0.07185491549870482
  0.08215333092135106  0.09254904761354109  0.10272658325122760  0.11294656535796828
  0.12329998512759370  0.13425682376845408  0.14558591522164874  0.15633557769429465
  0.16679673504551440  0.17690471972265881  0.18716930739952975  0.19754819144583802
  0.20782549258126776  0.21818142779239269  0.22887001088026920  0.23969215923110876
  0.25041398617990862  0.26098561009679178  0.27198110894068245  0.28280341618849258
  0.29319834951153223  0.30338897714474189  0.31388919595722165  0.32443960801218624
  0.33458655498243728  0.34466849040914033  0.35469395333358122  0.36569401562988685
  0.37591090412147327  0.38574372023990744  0.39537074064396210  0.40542240086525527
  0.41625112480020898  0.42716282920969462  0.43808505485481913  0.44839898148002022
  0.45877623121566863  0.46949928428817095  0.48077245104462996  0.49175270231379897
  0.50228228417438003  0.51270862702706621  0.52302588250906157  0.53349521437554115
  0.54410210050926433  0.55437909061801638  0.56451213107223375  0.57428827206783439
  0.58469683433621722  0.59464945608650099  0.60473080582204730  0.61485600057501610
  0.62497553137344319  0.63539323156035943  0.64594077888648060  0.65696406013970110
  0.66793856099559257  0.67792876992488216  0.68795273733869067  0.69783373428491846
  0.70810200518281496  0.71818936780064435  0.72845792697856493  0.73883539397863385
  0.74899993074292492  0.75945042144988850  0.76983591827940712  0.78055663998401437
  0.79130648173655060  0.80272222275963734  0.81405852389222799  0.82519626776106825
  0.83630992631173706  0.84730454642637143  0.85802505653616823  0.86832893960415913
  0.87877700018325944  0.88915122793981816  0.89950174803097149  0.90981657723244624
  0.92036857347347223  0.93111071994218420  0.94217249536312175  0.95334793873928614
  0.96444337624406806  0.97558602885843337  0.98729710702223505  1.00000000000000000
  0.00723797275447252  0.01514168078540135  0.02599554860200970  0.03789785866270905
  0.04949215973191701  0.06105847726418779  0.07257299405453550  0.08414218819194950
  0.09520983753326340  0.10623995117857934  0.11717418351459337  0.12828790876103768
  0.13922434419525168  0.15021962939377506  0.16125428703549941  0.17237881645681294
  0.18386534949316999  0.19545946004302475  0.20704876175006215  0.21806071156195650
  0.22858075031332675  0.23879279961607458  0.24917509899394508  0.25955211576884135
  0.26991654098081364  0.28040704458733784  0.29097173797664355  0.30111818070404428
  0.31105440786678656  0.32115806788009826  0.33141802756742655  0.34166054421897624
  0.35172615637449511  0.36206710995178243  0.37291177882279847  0.38371173692004101
  0.39447589411590006  0.40515503419715981  0.41576399477367115  0.42608133204072413
  0.43623424478408807  0.44650054863425714  0.45713604216039866  0.46781743088913091
  0.47840121656655460  0.48892701792937160  0.49948706594668613  0.51008016888424546
  0.52073777580193181  0.53163763666657937  0.54277056596421924  0.55407750603200923
  0.56514551175349803  0.57562251189997493  0.58569325896068147  0.59576489967301371
  0.60596882677990938  0.61620970722987911  0.62660842672896466  0.63727487215300782
  0.64794690342005190  0.65848647773072522  0.66901312927596823  0.67982903090711966
  0.69078016509218199  0.70161992682729324  0.71219176224991843  0.72243580810364305
  0.73236131435935636  0.74225238676621319  0.75246151372507042  0.76282715533229839
  0.77294144373932860  0.78286761860131027  0.79297792704666625  0.80354997608181966
  0.81424003019209656  0.82482797444534028  0.83544557135595154  0.84572729085730003
  0.85586902610877036  0.86589639429396559  0.87614090913250275  0.88627625260156595
  0.89640651175003627  0.90685707570139662  0.91762047938134395  0.92790395832213046
  0.93778788141864888  0.94769631613570726  0.95772771030034476  0.96812034351558829
  0.97723906554135109  0.98545915052081878  0.99151889127928350  1.00000000000000000
  0.00355511510916843  0.01039516787297997  0.01927232356173814  0.02914997548186319
  0.03896965617977851  0.04933813880870145  0.06012320865155808  0.07093919974306953
  0.08195747056716132  0.09241279102617807  0.10298124794692411  0.11355591277026325
  0.12409147625859158  0.13402390409593115  0.14385366486764953  0.15366391988762890
  0.16379093638729106  0.17405883657546070  0.18459634575677220  0.19555985524956493
  0.20700908734376181  0.21785475219140596  0.22851750313774644  0.23876467653605801
  0.24892617530246142  0.25906720267141253  0.26901890551100843  0.27948367927496343
  0.29020808131571008  0.30104030420982136  0.31131054859512874  0.32109268606455427
  0.33114108527432284  0.34173784512476635  0.35239871952164925  0.36292161383564292
  0.37387912781910099  0.38525865348458815  0.39604103537451957  0.40644801397636526
  0.41667994300351774  0.42761224986220592  0.43827835282878652  0.44882249406595270
  0.45943148321883276  0.47042574797716746  0.48138913451889936  0.49222023594581443
  0.50321930243568469  0.51429809561633066  0.52536762780622559  0.53652888753649985
  0.54691607863325786  0.55701490494011940  0.56695676358884772  0.57681661490509950
  0.58702662801584027  0.59694314922080594  0.60730806863240872  0.61764519839674747
  0.62818050652572943  0.63869250854378079  0.64857716539128185  0.65794066160429610
  0.66793608401151472  0.67859435807988855  0.68953531022736891  0.70017436772750608
  0.71102001214528565  0.72209251310179989  0.73285669721363433  0.74354461350816303
  0.75405720014262756  0.76432308578326502  0.77421193819935086  0.78414061142515190
  0.79436900243936603  0.80445115672448642  0.81417440727143864  0.82382010307427811
  0.83388925740243836  0.84486010164967362  0.85638610507030544  0.86805084753910999
  0.87971229845554699  0.89102506279174665  0.90213545481638269  0.91325188757171738
  0.92419735815069692  0.93515417486419816  0.94529267030564790  0.95554568610960078
  0.96614554994696844  0.97700945022564989  0.98823780219493351  1.00000000000000000
  0.00660334212090367  0.01801542581532251  0.03131291145193018  0.04394978861252876
  0.05546587165930048  0.06661932794483190  0.07759075325917612  0.08820947872152525
  0.09867097260855401  0.10902569916730874  0.11928992491364596  0.12973034033430328
  0.14035267672933133  0.15114654888166359  0.16215691000532245  0.17322075295576839
  0.18400547884143828  0.19457261865298806  0.20523507779877326  0.21593462762324789
  0.22636835506542344  0.23671511475572515  0.24719717645569969  0.25768559957091841
  0.26820768888980090  0.27876178762157694  0.28917367190208887  0.29963700149442418
  0.31002892916927510  0.32043938195130900  0.33082597371956896  0.34129427723344041
  0.35194641177798230  0.36259215631684633  0.37331109571731225  0.38371208533295936
  0.39409648528151209  0.40440930164620670  0.41492253583770911  0.42565875158525646
  0.43652836797139211  0.44753599686539020  0.45818665142696524  0.46867425235595761
  0.47914487834342434  0.48973069030433525  0.50042039304465669  0.51090145314158342
  0.52121018690447229  0.53157419018731300  0.54212237025026089  0.55287798740814076
  0.56363724360708167  0.57411780517165689  0.58442920835302770  0.59496590870386734
  0.60550871375800530  0.61562930261894588  0.62549949858889686  0.63560061605899720
  0.64615045591195652  0.65704145261891356  0.66807729914142699  0.67907664108733490
  0.68972216603255521  0.69998703825183173  0.71025451466603584  0.72042470716454865
  0.73046948282957125  0.74034871281712233  0.75029718760267428  0.76043156682969149
  0.77077425042922210  0.78156762312800554  0.79300030702447921  0.80499084134406595
  0.81692219748221873  0.82831880073437203  0.83889899567318293  0.84905243498724903
  0.85920746641902224  0.86941263266471247  0.87946035764977082  0.88932508709859037
  0.89935301444647664  0.90917146251378400  0.91842619547364646  0.92725660041557811
  0.93654398614818868  0.94644621601747947  0.95634957355918560  0.96564399272237855
  0.97467336717556530  0.98349031171172874  0.99178299773522671  1.00000000000000000
 -0.00002529542547407  0.00021511842270096  0.00035858409379991  0.00048798137638928
  0.00061182779439010  0.00073256731337042  0.00085410651104970  0.00097655055360949
  0.00110159436686673  0.00122852796028835  0.00135681125416868  0.00148938767709071
  0.00162634344319104  0.00176847209316463  0.00191499963735915  0.00206071752512059
  0.00220617396807815  0.00235364216706925  0.00250728881210186  0.00266579918810856
  0.00283326859625237  0.00300876169667410  0.00318830909534850  0.00337136929734362
  0.00355536464605452  0.00374214265181620  0.00393309138921687  0.00412256628488211
  0.00431103086074777  0.00450434993121130  0.00471277968119822  0.00493282774379442
  0.00516762096637024  0.00541578141521896  0.00566671871675295  0.00593766139954486
  0.00620815350429079  0.00648099546131007  0.00676579435033561  0.00704125751933951
  0.00730628546458186  0.00756274468083635  0.00784595314799430  0.00815182673333609
  0.00848375376278809  0.00884827414359420  0.00921104595642707  0.00955953453825927
  0.00989150000237558  0.01022659280641369  0.01057103027005944  0.01092062792066210
  0.01128819549733862  0.01167448519308443  0.01206959081259292  0.01243757234124359
  0.01284650935289836  0.01333045760049993  0.01384577518410954  0.01438665389871019
  0.01500914734221637  0.01568617605209639  0.01637420477628139  0.01706568770153996
  0.01777031882190423  0.01850449491629328  0.01931377449682925  0.02013257433930523
  0.02097059504181394  0.02190509314132246  0.02302534618889343  0.02395962690544454
  0.02485545715348651  0.02574610551544005  0.02672438769289076  0.02787220644778110
  0.02921585308235834  0.03069443249749741  0.03220301826765146  0.03383801733990334
  0.03561896623949692  0.03752971324713157  0.03956838564016478  0.04179825985341406
  0.04429941324157166  0.04702045169358764  0.05002357320532350  0.05329830337753135
  0.05677253664474294  0.06080384733138728  0.06601387729683783  0.07050650057624223
  0.07800302979538284  0.09395398606345691  0.22811856709987910  1.00000000000000000
 -0.00255265915666596  0.00970574205555738  0.02006164873545034  0.03017671425681619
  0.04036877389769962  0.05010736360572585  0.06012604075130331  0.07026514798656454
  0.08069813922986302  0.09154496326062971  0.10220787997322198  0.11336053385403055
  0.12506582096927846  0.13743231050957350  0.14900849256496557  0.15923796728699360
  0.16938815017391384  0.18013997164090970  0.19088313658743358  0.20222121416583438
  0.21349395684824807  0.22533014185773850  0.23619997100275836  0.24671289526797321
  0.25742355198973577  0.26809696020842161  0.27854059564143685  0.28882202758903192
  0.29925449617884881  0.30948111894623392  0.31936497080139931  0.32879445124246648
  0.33832830802104796  0.34821354621130302  0.35838978916334696  0.36897808095980500
  0.37958127451720602  0.39040001398328494  0.40155002933079764  0.41266901986467142
  0.42313049341084696  0.43357127029408360  0.44466003136133864  0.45604854482113255
  0.46678545424022400  0.47697473220044889  0.48769320175095798  0.49896221951294223
  0.51034114802148978  0.52148797240699818  0.53219266380590080  0.54316207267189420
  0.55442049851749098  0.56540384925595644  0.57566319554386625  0.58618027272341455
  0.59724487784196545  0.60800510821616494  0.61825297349856811  0.62838800242665982
  0.63868674680830673  0.64904815269192151  0.65937865814632957  0.66929702367855803
  0.67918688977967556  0.68925792253275742  0.70010611674137424  0.71141374943305946
  0.72280836260575509  0.73367469414256514  0.74373259414150172  0.75352193071765594
  0.76315291362952509  0.77259195526830493  0.78198096607185275  0.79150058342634777
  0.80134127827666679  0.81115730908169914  0.82098787551184582  0.83106814492466652
  0.84169608607315860  0.85306532033253379  0.86416863951595890  0.87537528561811750
  0.88608117442362710  0.89650064424697273  0.90647222647743098  0.91633807811932455
  0.92717850246581845  0.93751287145312290  0.94838260731072754  0.95883791700927645
  0.96937835842441922  0.97958913318369134  0.98972167756633700  1.00000000000000000
 -0.00242835783292967  0.00999207590229263  0.01992824306386080  0.03035558161345363
  0.04022616678294780  0.05002611935951251  0.06011234486867086  0.07048557735856062
  0.08107306346746773  0.09136164103032897  0.10209153718473415  0.11272365872670204
  0.12340323693121846  0.13423805970381331  0.14542084734925961  0.15707592732520126
  0.16868258594746774  0.17947491702250754  0.18980146768748871  0.19976958912255777
  0.20966313652189195  0.21994945214269127  0.23071181707529453  0.24191506451482375
  0.25273669341350230  0.26325537748754196  0.27356440448880126  0.28389562477645086
  0.29400850207340729  0.30473104514045724  0.31557886822119385  0.32688621364367254
  0.33848976117092633  0.35013997459441287  0.36109183589261168  0.37209702066336420
  0.38248328707846002  0.39283730229778407  0.40243452914182665  0.41203956085416982
  0.42197042733233020  0.43191649657132419  0.44152337325662427  0.45129597996197013
  0.46105952854333437  0.47163666500364831  0.48263817114756086  0.49332889870057334
  0.50362325918931528  0.51403851878651607  0.52429890320693706  0.53467528616165583
  0.54497191059914130  0.55534672103827976  0.56558229763821100  0.57596843449873625
  0.58641232757017181  0.59720049492822191  0.60803433811014140  0.61894818804896745
  0.62947767718479708  0.63979344872557464  0.65050789454068092  0.66205313571701718
  0.67312109832660894  0.68408406523411225  0.69463297112620559  0.70520382663969916
  0.71558455487313721  0.72603238446174312  0.73646363477596399  0.74677805471235814
  0.75740487049976046  0.76827046050585890  0.77931193691975387  0.78972138277393977
  0.79992979674467346  0.80987197002935518  0.81956071562808908  0.82967604231230041
  0.83939288574109860  0.84932906272666475  0.85945096850313574  0.87003033305330479
  0.88078330927362825  0.89148435276833171  0.90223869323860351  0.91320609471746228
  0.92465418395035148  0.93606103650150285  0.94716465465695154  0.95803754393049567
  0.96874355379306465  0.97942778548271492  0.98977578352111129  1.00000000000000000
 -0.00289659053613337  0.01124464119622723  0.02258555712295322  0.03323950275834375
  0.04418171205906898  0.05548570870584055  0.06640882681539480  0.07723521923559108
  0.08782807218700230  0.09854650696478778  0.10852917266400239  0.11829437367607334
  0.12828172786631575  0.13864688941007883  0.14884340414648031  0.15894926326231995
  0.16917287099591766  0.17997379695755467  0.19047887331649604  0.20100592516436483
  0.21150104607767695  0.22258523018456766  0.23319832227555815  0.24334092455202366
  0.25356037336225073  0.26392765994961692  0.27447989401326162  0.28509775173839319
  0.29531094673850450  0.30619531564414926  0.31732847171468315  0.32899431224694664
  0.34029394316590839  0.35114905693756554  0.36168202566261320  0.37200493444992105
  0.38229536666179609  0.39255027924759367  0.40240036319154421  0.41225898029739627
  0.42245799120144045  0.43344042557143353  0.44432629383389854  0.45503180978659291
  0.46573559022673783  0.47660371628770370  0.48711283980397285  0.49744702260593265
  0.50797203952608783  0.51807962485664139  0.52790832402511334  0.53780664565823633
  0.54832190985148432  0.55943036046705319  0.57039192496673374  0.58125047554841991
  0.59212364653660232  0.60302231404680151  0.61367328068201743  0.62392358496976619
  0.63369655077514397  0.64321691444084794  0.65302848531625357  0.66336781079094986
  0.67394536597096266  0.68462389383499267  0.69526542816560644  0.70591083945500077
  0.71643382089454855  0.72686631033615601  0.73718650097077532  0.74761078574271744
  0.75811696873792722  0.76870634179919295  0.77913908497356632  0.78971956166160917
  0.80059249134541721  0.81135869280909190  0.82155242513873394  0.83137505780476262
  0.84117175550322187  0.85094308173030409  0.86116504345966216  0.87163413918925492
  0.88246966846020469  0.89335131627078423  0.90416155911442075  0.91489869763848031
  0.92553019899273370  0.93601411682885194  0.94657074464235624  0.95716241376057787
  0.96753382884092309  0.97802950006263722  0.98870278499547803  1.00000000000000000
 -0.00247777149885989  0.00991753661449486  0.02038794601698613  0.03134641932369331
  0.04237288713058125  0.05348104816763961  0.06468473397761400  0.07595201124937832
  0.08694545846962345  0.09744150996834905  0.10756199497007121  0.11725931053267091
  0.12726940376251467  0.13767231233423019  0.14820075550133965  0.15895377135592420
  0.16976523843177882  0.18104182107501599  0.19232197218551486  0.20358306385296382
  0.21486497061293264  0.22634273512207709  0.23776040201409368  0.24914584129252718
  0.26018363934940125  0.27089639513026509  0.28126664932604667  0.29155021855251262
  0.30213552508138908  0.31303429949529155  0.32380316848797652  0.33466325181301587
  0.34521714246700191  0.35590371833706497  0.36627440668971778  0.37657901948822858
  0.38725365011089952  0.39768763637932059  0.40816622593645835  0.41815459437010305
  0.42835591062670719  0.43826488940784442  0.44851110061769850  0.45870279848800005
  0.46914726253802286  0.47969616946340776  0.49046765899249728  0.50137725397689203
  0.51227770001184403  0.52349964177838726  0.53505813718830664  0.54651591925036536
  0.55750655751331202  0.56807843823917348  0.57853394585958018  0.58883479531061855
  0.59897184919448676  0.60905832987808739  0.61901464341616286  0.62897753320329652
  0.63898568066893535  0.64947547683007245  0.66038845868764762  0.67081217755137545
  0.68075410284785831  0.69072151628668066  0.70083323458393287  0.71108286353348860
  0.72120624053471682  0.73191818877640147  0.74341412908939264  0.75559521514663841
  0.76773218811531285  0.77819416696407329  0.78779298375150464  0.79745169122776782
  0.80745959022522362  0.81717111967293710  0.82688913120595831  0.83691522872714907
  0.84764377369696020  0.85805560033384842  0.86812599980982363  0.87837526791053722
  0.88906495832828925  0.89944959542415981  0.90943865680392622  0.91956405926256424
  0.92996505353221237  0.94000606790612151  0.94977531301745222  0.95969744597984452
  0.97002661074180618  0.98030251797786261  0.99020570054392820  1.00000000000000000
 -0.00236809080600162  0.00961309721372521  0.01970746423687988  0.03048486057568053
  0.04082854720414328  0.05098633877397889  0.06174435052352690  0.07321156871024564
  0.08472761745013646  0.09545562907965423  0.10594512388237325  0.11612979972134650
  0.12655027330324112  0.13697640528683752  0.14747697043377306  0.15805098994298789
  0.16883356977033276  0.17968874747740915  0.19051177868513111  0.20130201805754794
  0.21197186400257700  0.22202098228123057  0.23208229851525286  0.24189445698480905
  0.25181599921127901  0.26205129545816302  0.27282967163909672  0.28440600016750101
  0.29556114646480303  0.30621035687770909  0.31628092503637867  0.32593756799382884
  0.33562093128910814  0.34567782908978828  0.35555264444056039  0.36540795643972374
  0.37557174687036171  0.38667897648272176  0.39753683608856072  0.40745335994148874
  0.41699835139279640  0.42676405154809821  0.43679827641891061  0.44671246561323830
  0.45683515157662391  0.46765997123086139  0.47894510497769771  0.49005936004499473
  0.50097070641264507  0.51141851159555396  0.52197088406784975  0.53273961798279279
  0.54347279078971922  0.55431751504035609  0.56533586287223336  0.57670357764362379
  0.58738693627605820  0.59751327543482258  0.60752058987686630  0.61765090288846036
  0.62783933096649258  0.63781600528024573  0.64826864588671673  0.65924659318608325
  0.67063105703884773  0.68165215391047640  0.69308220938697729  0.70447297367197859
  0.71528700742055285  0.72579317499907636  0.73694115420880180  0.74857586916597807
  0.75891274501969608  0.76919264099278439  0.77882917453006961  0.78846681433787968
  0.79738004405591734  0.80599378567850133  0.81490658716394826  0.82464338867224607
  0.83468999660877274  0.84532362738597078  0.85631882427362482  0.86776056816305380
  0.87929792049888700  0.89067873617114779  0.90215826560247692  0.91364327674667434
  0.92520702526742282  0.93662400846111316  0.94764511794011597  0.95838399119734041
  0.96895057383375227  0.97934983745864379  0.98966916588742404  1.00000000000000000
 -0.00218451908651539  0.00837676083066753  0.01775519190370191  0.02766547148383550
  0.03805839604852709  0.04779730584763205  0.05743454150480709  0.06749586263194371
  0.07791331551246551  0.08832581877635336  0.09851147037771492  0.10867954818500922
  0.11902255345471355  0.12944697575963468  0.13915997557459883  0.14921811182406139
  0.15963047503400554  0.17047255251443802  0.18135061656986889  0.19181472719951009
  0.20239233731624071  0.21230936653500609  0.22203464699218112  0.23189401727156336
  0.24200710502273962  0.25231801409522175  0.26265914825869302  0.27319347693586182
  0.28384260423157925  0.29530658624038519  0.30704182274518171  0.31861192376126363
  0.32978273849856310  0.34092635137632948  0.35189277687101667  0.36246648189652847
  0.37288709921719954  0.38344358290728109  0.39408286730110920  0.40464997949647175
  0.41511296553493438  0.42561631982222931  0.43616298951569277  0.44688875316989674
  0.45811822265024921  0.46979438286761016  0.48085678195295439  0.49114891950387657
  0.50133649220466803  0.51160571131188604  0.52162197099602792  0.53106439445837572
  0.54041314481852976  0.54989679497146304  0.55956552839770490  0.56923268813342143
  0.57895216311761055  0.58901501928229483  0.59905154926108617  0.60932451316580161
  0.61998091217471396  0.63035230740456094  0.64049935340247199  0.65121886453260758
  0.66221524691759381  0.67356950679069694  0.68461097699027262  0.69658015325931744
  0.70839677873443252  0.71947094376726528  0.73000745018972923  0.74055909040885359
  0.75115214864739488  0.76220183941286601  0.77338268432182411  0.78497161818841488
  0.79625894465309544  0.80721003278024717  0.81749196383280343  0.82741990911973184
  0.83747958637468956  0.84819839478319947  0.85899176199337746  0.86961810435287190
  0.87972521964322037  0.88998513054846706  0.90047040059963479  0.91094167375661772
  0.92134271169436388  0.93213837272763600  0.94349376154175346  0.95479112454273729
  0.96614456955806227  0.97693797047582653  0.98857991008749946  1.00000000000000000
 -0.00249272337375675  0.00936873872548096  0.01954928709444472  0.02991167455453822
  0.04039696824273557  0.05055666727197908  0.06087034132789596  0.07138114090514504
  0.08194504863195726  0.09244714732121284  0.10297017725946894  0.11332622314643946
  0.12369561459186272  0.13412507617355493  0.14495669531934996  0.15588224446550919
  0.16644704278412489  0.17659489029055250  0.18698712793591876  0.19690180329756840
  0.20763225776494390  0.21828841648390518  0.22877995463388795  0.23949852877328881
  0.25059752407668473  0.26223422699266957  0.27344729811578317  0.28434776402668316
  0.29488649576567055  0.30553812342713838  0.31659970600912579  0.32706845013304275
  0.33711024004452395  0.34695624387473445  0.35709399558729893  0.36705778572111308
  0.37700695278529139  0.38701161228981029  0.39710437672478816  0.40684204806273838
  0.41697357802977741  0.42770636197251233  0.43869969328244318  0.44897799758111723
  0.45932088506936936  0.46951505808823724  0.47984126945304206  0.49014826600974598
  0.50034287295475732  0.51095505481937498  0.52173697674890795  0.53354010616355019
  0.54513017140353048  0.55675115916387408  0.56791691505379571  0.57852791492014177
  0.58828269080283513  0.59801391654667591  0.60812954087221738  0.61877033436330975
  0.62967800366376725  0.64049597783717804  0.65093509489990942  0.66114522776434814
  0.67189283675728428  0.68312311149430305  0.69335881378493824  0.70298540837073942
  0.71247282039551829  0.72220917235359805  0.73229346874353485  0.74245786018717042
  0.75246231085770432  0.76325231506203139  0.77424511452533051  0.78562793332334668
  0.79741149814213286  0.80848988532484933  0.81960387070486329  0.83031950442873859
  0.84169607428049464  0.85287918881042690  0.86372794086189852  0.87444756130449597
  0.88504607277042602  0.89524059702703374  0.90562164249517685  0.91615863504427386
  0.92680703096372685  0.93706015756561989  0.94731217542350155  0.95765680033306599
  0.96864448757368282  0.97962651673396073  0.99014857506327369  1.00000000000000000
 -0.00280813632464869  0.01099718042139238  0.02126025437104836  0.03244212462059525
  0.04352588940410108  0.05555708601525292  0.06753971894023135  0.07929183790302602
  0.09047989645446995  0.10145133227338596  0.11251132657901441  0.12367396225676222
  0.13485654405266642  0.14569564127442985  0.15600865458715693  0.16631876598069298
  0.17672479167247684  0.18711453510668377  0.19728117521590433  0.20746805491416365
  0.21776803206100989  0.22786349126979505  0.23812193692663755  0.24862105711374391
  0.25957889511958154  0.27073112912003006  0.28176500842868712  0.29254135356698091
  0.30300264935669952  0.31358732081206780  0.32406839655258235  0.33445570250189227
  0.34455524642651891  0.35450867454956392  0.36409689066839840  0.37376754104447774
  0.38381988348032314  0.39372077194774280  0.40402702664844303  0.41435909527317166
  0.42520070973687696  0.43646197387713764  0.44766112307354156  0.45907159886068377
  0.46920436513955344  0.48014699293789698  0.49148953620520774  0.50307869419384910
  0.51370520766681704  0.52441483399464517  0.53504785876174954  0.54530941690412504
  0.55552524172845164  0.56585987278185357  0.57710675661057187  0.58820470311277895
  0.59897521236005968  0.60953214682347590  0.61983059862579271  0.63045747518322570
  0.64135815595487067  0.65239928085483423  0.66366728902754113  0.67420194161478986
  0.68476647873579488  0.69491117815325087  0.70510656867885946  0.71498344417718696
  0.72498226572822522  0.73540978641485477  0.74627676401332332  0.75699206559421306
  0.76719138102037543  0.77713468171659306  0.78704871698834389  0.79715027687586693
  0.80745668129117842  0.81777627042356804  0.82786770619955452  0.83822812069018582
  0.84896835632226419  0.85980553721428565  0.87032485101944479  0.88108037338139633
  0.89199894102920041  0.90235267473717662  0.91211471779304976  0.92182664823099059
  0.93147846957243230  0.94093168796281779  0.95011236056143988  0.95968779459444131
  0.96958016417462223  0.97959109826665147  0.98966829939342571  1.00000000000000000
 -0.00245036039040728  0.00930452159720870  0.01935953721160569  0.03048538225622857
  0.04164122736205439  0.05289597097574849  0.06398809105252799  0.07507768370896099
  0.08611068852346393  0.09678320539909593  0.10746856711563764  0.11780818884085612
  0.12816933438968720  0.13830457104702967  0.14844836197447608  0.15855416474824027
  0.16868248336438973  0.17875631850016221  0.18884695201531235  0.19937657455517926
  0.21016227563820369  0.22058141831538783  0.23121750436958455  0.24168867340511158
  0.25216266350861971  0.26176455582586622  0.27130014461312119  0.28107542188334528
  0.29073483270982298  0.30075355750224397  0.31063594665153743  0.32074978787228497
  0.33117318383746336  0.34154095754011238  0.35223303533525607  0.36267900403969155
  0.37365885998764126  0.38510258154055910  0.39655983608068024  0.40756188062151921
  0.41858064500794795  0.42969082556753585  0.44091440125076958  0.45231970290392959
  0.46344411717854878  0.47436070793106827  0.48451798908937593  0.49422608923873801
  0.50386452643915947  0.51348303516699922  0.52292042716168596  0.53236833105603842
  0.54214592127399230  0.55288757569040548  0.56354356743866840  0.57428097214655105
  0.58472678805842326  0.59518250694953145  0.60609882840998708  0.61728342098560285
  0.62837616496337101  0.63913949196014852  0.64972027783116804  0.65998819971277245
  0.66989051979991410  0.68009915687071210  0.69054662130664801  0.70157481034086921
  0.71264531515171825  0.72405251990038544  0.73475089049343878  0.74479622988352057
  0.75458495093015066  0.76459156482935176  0.77458354710075206  0.78454110176376624
  0.79444847311926003  0.80438490216296143  0.81440819945568022  0.82473378622674465
  0.83485009567944823  0.84470597520447810  0.85483796246965826  0.86579083709800209
  0.87697105384333163  0.88797583602282726  0.89915272662754597  0.91064466342175387
  0.92211506804169274  0.93324607358674583  0.94418549891648906  0.95540415554679237
  0.96640168808594273  0.97765530595947225  0.98892036379557824  1.00000000000000000
  0.05338607148101947  0.26857064416585497  0.31753760972610073  0.35465792405629976
  0.38646550077143271  0.41584838871469748  0.44313044283532282  0.46796436506707184
  0.49064854389780377  0.51149344944884956  0.53106033210469727  0.54951515684783925
  0.56683691334788711  0.58267754279041373  0.59743391857786576  0.61162538052062343
  0.62525343881706585  0.63827218908826733  0.65060294126328588  0.66231073981891642
  0.67318164800691382  0.68351128336850731  0.69353177637439067  0.70304950794121146
  0.71203471423142906  0.72045338155802463  0.72862052687947942  0.73661595140073388
  0.74454223984848122  0.75229054863806422  0.75974165740928767  0.76695644291223330
  0.77404211042699578  0.78104232666341200  0.78788813262648361  0.79436570800354722
  0.80050357754165313  0.80650442928342136  0.81227237735254854  0.81765106202887083
  0.82275865776582102  0.82772324918511486  0.83257465153549270  0.83725459831023252
  0.84179274560414508  0.84628917148183025  0.85068909501332179  0.85484299325543522
  0.85868680212399096  0.86248322075894235  0.86624914806437137  0.87000770123229665
  0.87362255835776426  0.87711800778669280  0.88052221340412851  0.88390641344624887
  0.88728045215343398  0.89066773073967276  0.89404971197299998  0.89740823484083199
  0.90076274153562819  0.90402039325433359  0.90716728492316479  0.91024764024813964
  0.91322476877898484  0.91617255610051462  0.91912225999084474  0.92203487397317019
  0.92489454044842134  0.92772151096687072  0.93055830127271200  0.93342336143425253
  0.93628179186116856  0.93907598690754113  0.94182445028430728  0.94459312370523207
  0.94733558289119379  0.94997244536888725  0.95252265454788132  0.95504834390398219
  0.95759408642184307  0.96016466639160070  0.96274040268334515  0.96527602081667729
  0.96776613373484688  0.97022257469238005  0.97267919202908359  0.97508087240224439
  0.97744701545816504  0.97980715346542935  0.98221466575430061  0.98473584979715589
  0.98748711072567463  0.99056814318418640  0.99466183444819223  1.00000000000000000
 -0.01990741321875904  0.11475606270567550  0.15356571729397475  0.17747384465999694
  0.19655003018819284  0.21215132729549901  0.22571893379651548  0.23753762920537719
  0.24818186528943206  0.25823579749777226  0.26769921960277543  0.27684503299910196
  0.28566701072640210  0.29401115883125023  0.30164166221811628  0.30904099387737310
  0.31597030852240066  0.32306496993001421  0.33007671226195390  0.33723344582443937
  0.34439989507372437  0.35155945873356043  0.35864381930114758  0.36550437353855370
  0.37210028673271101  0.37845136229166598  0.38455423246539161  0.39049342580599933
  0.39637978142673913  0.40214463000254269  0.40795875707035895  0.41386507533155903
  0.41977004561971099  0.42571560477679338  0.43173664594280325  0.43768499435957964
  0.44342822580730706  0.44899664677255069  0.45444638503593043  0.45978240323299635
  0.46501090319476779  0.47013680375781025  0.47530600876775142  0.48057406990730506
  0.48607721980922752  0.49164624077789604  0.49723262657720746  0.50271620492231228
  0.50806720640928327  0.51336920003324360  0.51866117556702973  0.52390461587849380
  0.52916729733174583  0.53433961473144931  0.53946005221598925  0.54473251709072434
  0.55003804364400066  0.55546110960514217  0.56088088920783785  0.56627982405988231
  0.57169678478503871  0.57708226466841550  0.58250168545774983  0.58810316324346712
  0.59377074424744425  0.59969102696259291  0.60563173676326543  0.61126278558026603
  0.61697130240273734  0.62266972427147504  0.62851549010951002  0.63442163768964066
  0.64020902894302589  0.64594667476984635  0.65205932974372971  0.65811969536294168
  0.66432149610510971  0.67046689129247994  0.67683308611103843  0.68363823114918210
  0.69110022454305142  0.69902395201902112  0.70700833847965550  0.71509977015840953
  0.72342113564906385  0.73213328393734300  0.74151508543396993  0.75160352934396335
  0.76261346143487463  0.77467959130609598  0.78839505954309030  0.80428473530220113
  0.82255413222947948  0.84502958824078978  0.88258975309116039  1.00000000000000000
   5.2037270807374120E-004  -1.0000000000000000     
 F F F F F F F F F F F F F F F F F F F F F F F F F F F F F F F F F F F F F F F F F F F F F F F F F F F F F F F F F F F F F F F F F F F F F F F F F F F F F F F F F F F F F F F F F F F F F F F F F F F F F F F F F F F F F F F F F F F F F F F F F F F F F F F F F F F F F F F F F F F F F F F F F F F F F F F F F F F F F F F F F F F F F F F F F F F F F F F F F F F F F F F F F F F F F F F F F F F F F F F F F F F F F F F F F F F F F F F F F F F F F F F F F F F F F F F F F F F F F F F F F F F F F F F F F F F F F F F F F F F F F F F F F F F F F F F F F F F F F F F F F F F F F F F F F F F F F F F F F F F F F F F F F F F F F F F F F F F F F F F F F F F F F F F F F F F F F F F F F F F F F F F F F F F F F F F F F F F F F F F F F F F F F F F F F F F F F F F F F F F F F F F F F F F F F F F F F F F F F F F F F F F F F F F F F F F F F F F F F F F F F F F F F F F F F F F F F F F F F F F F F F F F F F F F F F F F F F F F F F F F F F F F F F F F F F F F F F F F F F F F F F F F F F F F F F F F F F F F F F F F F F F F F F F F F F F F
  <DiscreteSampler_grid>
  grouped_processes
  1 # 1 for a reference and 2 for a running grid.
  10 # Attribute 'min_bin_probing_points' of the grid.
  1 # Attribute 'grid_mode' of the grid. 1=='default',2=='initialization'
  0.0000000000000000 # Attribute 'small_contrib_threshold' of the grid.
  0.5000000000000000 # Attribute 'damping_power' of the grid.
 # binID   n_entries weight   weight_sqr   abs_weight
    10   10   9.391855043093481E+003   8.567078351289743E+008   9.391855043093481E+003
    16   10   9.391855043093488E+003   8.567078351289755E+008   9.391855043093488E+003
  </DiscreteSampler_grid>
