  0.00348018343800514  0.01132451666514170  0.02133631573099712  0.03165161100775922
  0.04200656905689263  0.05259482463598930  0.06312409841831555  0.07347917732378149
  0.08375714598579391  0.09356096221983715  0.10358832947903723  0.11376505486569022
  0.12406973567872701  0.13470021440708496  0.14505042022489045  0.15541967864332132
  0.16600057361550291  0.17700592291199929  0.18769639510722702  0.19818830035277821
  0.20857193753187636  0.21943929513300284  0.23013663738986484  0.24052867914026557
  0.25071369410021160  0.26125847400401603  0.27179467107104505  0.28219295388279669
  0.29214896852584626  0.30236328612169527  0.31250800688865776  0.32284411040766242
  0.33278577602089637  0.34290647948945419  0.35300077591199797  0.36329274401208189
  0.37356518791317683  0.38406128527766059  0.39475388765008529  0.40540528148464156
  0.41628503568749475  0.42668991485570246  0.43700662977524601  0.44708490106098214
  0.45711233936143453  0.46730219746510754  0.47744244255413326  0.48775178230878669
  0.49798642689941625  0.50835848020786245  0.51881216305514843  0.52956230580193753
  0.54031976667969761  0.55110446122665613  0.56174191415534380  0.57245678071164685
  0.58316867446659570  0.59377530072300810  0.60449710104020316  0.61546230777923805
  0.62631739782877194  0.63698160257273073  0.64749058521924974  0.65816431558912980
  0.66861546712770248  0.67903866575730920  0.68943337617820666  0.69992760892752726
  0.71040067694432729  0.72094724430405899  0.73159759398797941  0.74219681215274813
  0.75261811501791875  0.76304891421034093  0.77347523735644153  0.78404213825149205
  0.79482593315716998  0.80575325244251272  0.81641223977874999  0.82692518650818325
  0.83773931207693841  0.84882479765635599  0.85951508341743643  0.86988221879081484
  0.87995209891438764  0.88993763659465397  0.89993729197035965  0.91015264682136277
  0.92051014593341907  0.93075707544312858  0.94146897915237637  0.95223103426392364
  0.96332197295868238  0.97432024265477324  0.98678738899114538  1.00000000000000000
  0.00687730567444545  0.01634368339275289  0.02815976891882974  0.04012707312166259
  0.05155552057605631  0.06258695306217232  0.07335917114340797  0.08401593796671128
  0.09463786790810882  0.10512201329337095  0.11549055318612772  0.12587525147950226
  0.13633832829665185  0.14670675292813171  0.15709689808836336  0.16753474440122290
  0.17809950973822872  0.18874425951634344  0.19944250193930685  0.21025492453155814
  0.22080671371114102  0.23111210509005803  0.24121338889697161  0.25152406917677611
  0.26200754990740244  0.27251064137530040  0.28320923807416803  0.29413692940098624
  0.30507371298440072  0.31557792666189138  0.32581121160793813  0.33617780469891306
  0.34670482310468681  0.35727855855925617  0.36761633316983378  0.37795170004939216
  0.38834730970051490  0.39885428178606458  0.40943639772382101  0.41999119075334368
  0.43047935422213318  0.44077583700579914  0.45108781919328533  0.46153809190490497
  0.47204793608878309  0.48245934817104646  0.49275163086558416  0.50300552573707658
  0.51321974544972537  0.52355636834618680  0.53404854422631653  0.54449701042491538
  0.55478593332275172  0.56511105642854265  0.57561565312397489  0.58627934928341230
  0.59702032607863520  0.60771790732794939  0.61843462736132426  0.62923715305081129
  0.64022541624511531  0.65096789615689221  0.66139625796630508  0.67170612874242785
  0.68196198710398859  0.69221439217972025  0.70232077984285413  0.71253909156494877
  0.72282990913966660  0.73331141114140497  0.74405449199163365  0.75485726634923400
  0.76558999228773617  0.77612691867398065  0.78670811446099453  0.79721877739265368
  0.80813504649165158  0.81890006549001704  0.82970047011003922  0.84037300538578774
  0.85086867541681710  0.86162599410402296  0.87226335567744107  0.88326174407755986
  0.89409870906924438  0.90456379441218648  0.91478950216431676  0.92500920828300026
  0.93529597750629534  0.94555389328650841  0.95565040690170044  0.96559325486058156
  0.97517210754914774  0.98360682443728797  0.99178542730633468  1.00000000000000000
  0.00325380541037412  0.01201780202639067  0.02170549399729225  0.03216179976664754
  0.04222636090753860  0.05281291539109075  0.06351488608636023  0.07410379747715662
  0.08459166314545645  0.09484153092275649  0.10524061611998020  0.11573831493434847
  0.12633368970799280  0.13731144520165356  0.14835981867405804  0.15954369157205828
  0.17037893736403964  0.18098278849554869  0.19146618383221503  0.20197907163596518
  0.21251609446775274  0.22303710749931727  0.23362758759833127  0.24428429323795270
  0.25481343573770832  0.26532650635408206  0.27593375897814021  0.28671868663459443
  0.29737366191830333  0.30778615160569561  0.31803577398588317  0.32824970968019457
  0.33838478568693181  0.34867073717919939  0.35894453672720472  0.36935434304335085
  0.37976018640712828  0.39002013008484127  0.40032025080424816  0.41055520481053626
  0.42094846307094125  0.43140574543040089  0.44195080375594697  0.45277916678503327
  0.46343546198392205  0.47359346381460121  0.48370938992308687  0.49369473526368196
  0.50387034239747508  0.51420104175567682  0.52494780975376665  0.53574122838775406
  0.54666292413083040  0.55744748239586217  0.56818353202140182  0.57858390538773252
  0.58900304823969518  0.59942605394489212  0.60967260326166384  0.61998763634173748
  0.63039847149291373  0.64066828992544189  0.65064247138408349  0.66049637693738594
  0.67065993553091985  0.68099630468470251  0.69120657236875960  0.70145441227183447
  0.71185749909451446  0.72238130899071507  0.73302158441874254  0.74371400314135949
  0.75442260576947762  0.76514528344788746  0.77578827828093788  0.78656746834633018
  0.79706441789306282  0.80761803665020404  0.81824852811323201  0.82890211721962603
  0.83946548759836703  0.84975189844490739  0.86013709720927867  0.87050643187319243
  0.88105028957680587  0.89176999775664734  0.90244776980965413  0.91304721452171322
  0.92352536857832335  0.93422578938663536  0.94486899059938168  0.95549112051298168
  0.96618101435375470  0.97713608696827092  0.98843864872288467  1.00000000000000000
  0.00575670336515516  0.02094964185668179  0.03490356892362864  0.04703029582671448
  0.05857200720079987  0.06971396398024549  0.08040916854869698  0.09145731109624175
  0.10295023805462626  0.11390716110135304  0.12483342740941161  0.13552561606335528
  0.14620763999705610  0.15679921663809535  0.16726864801655258  0.17770400525691044
  0.18805727941140074  0.19843401395184596  0.20879040762669668  0.21912526776972946
  0.22955901576510562  0.24028316490662102  0.25111902321341040  0.26206439953506844
  0.27282960317620769  0.28336889273993199  0.29379917886637463  0.30406671088929060
  0.31431987693674246  0.32446059752450856  0.33460257629459672  0.34474348766968432
  0.35493989555557071  0.36542124064202497  0.37607269537232879  0.38668507574229055
  0.39715433895842012  0.40754866632935288  0.41811217524742045  0.42867964111433987
  0.43944371626052880  0.45022069279308197  0.46099979360033982  0.47166629887506306
  0.48241495779825821  0.49283218049793298  0.50274527096763177  0.51239917071452534
  0.52208910335036685  0.53220857374166697  0.54243679930608979  0.55281482706552354
  0.56334841417157366  0.57389797035419132  0.58423684826216149  0.59417572782561479
  0.60413337856495908  0.61441585938979570  0.62493459255600403  0.63542672067446393
  0.64587965920675705  0.65627640234574192  0.66663218990321060  0.67699717534795079
  0.68761580175242087  0.69827708514799536  0.70870970928122656  0.71874395419177639
  0.72866560070543973  0.73883398937967393  0.74937414691043547  0.75992869279219044
  0.77064007185616656  0.78138115256238716  0.79191635824042694  0.80219847567346747
  0.81232982976290680  0.82272704506401895  0.83311305340069253  0.84330559166302976
  0.85332089686302215  0.86331312213575462  0.87322394050579288  0.88323126558054665
  0.89333577053834967  0.90365725023254218  0.91400409859276444  0.92424906965300690
  0.93438082985534410  0.94436495385535335  0.95428099334024397  0.96419936703886910
  0.97390377386717042  0.98307703648875489  0.99182678409277691  1.00000000000000000
  0.00000362996411487  0.00000891875818603  0.00001281716076102  0.00001639868091607
  0.00002074715767074  0.00002504314863742  0.00002922686528200  0.00003337328350250
  0.00003751174031238  0.00004161676963169  0.00004567242532661  0.00004970602602078
  0.00005377066242747  0.00005797882693529  0.00006228903277936  0.00006667967879335
  0.00007118980592141  0.00007579526624712  0.00008043991543661  0.00008517567655422
  0.00008996269936967  0.00009484707782428  0.00009989051097775  0.00010515408762130
  0.00011065643878375  0.00011626052304384  0.00012182448207111  0.00012744357169864
  0.00013345102840183  0.00013989125086158  0.00014665706879887  0.00015385994710188
  0.00016125304419973  0.00016913979120088  0.00017750776065967  0.00018614477354581
  0.00019507421581108  0.00020419151894636  0.00021352865862408  0.00022324699895650
  0.00023330343340072  0.00024367956260636  0.00025430617535204  0.00026521389474229
  0.00027663082314947  0.00028872169847111  0.00030142697272782  0.00031464348701723
  0.00032844905491333  0.00034306409834540  0.00035846474404714  0.00037454773223221
  0.00039116125456131  0.00040849519509199  0.00042693153544126  0.00044658181369819
  0.00046735830932708  0.00048907848279643  0.00051194159911003  0.00053633286251482
  0.00056286289645272  0.00059154791952078  0.00062210330488531  0.00065325451232186
  0.00068527344625265  0.00072083002181821  0.00075843933958160  0.00080026133029538
  0.00084395033374993  0.00089124259189455  0.00094249498949191  0.00099772654196852
  0.00105646810017679  0.00112012994686562  0.00119040836672395  0.00126678180980520
  0.00134974394744932  0.00144195922353114  0.00154562445305976  0.00166427512583582
  0.00179708186222167  0.00194981346849264  0.00212286126309606  0.00231866413294005
  0.00256086315692349  0.00286421854102524  0.00321207419987187  0.00360269353845484
  0.00405482821187344  0.00468819862069413  0.00546887565855027  0.00654611519442697
  0.00811285897696550  0.01273549810503544  0.09782260062640427  1.00000000000000000
 -0.00247397871503087  0.00991144661279805  0.01997826882733431  0.03075301584371967
  0.04141389296343367  0.05310052407111404  0.06451735483228493  0.07570215249777845
  0.08649458126461848  0.09726804093620128  0.10776665965426696  0.11863240263879046
  0.12934492314184787  0.14021160666811044  0.15073657414104666  0.16142852877922675
  0.17215162445946705  0.18310939728427256  0.19424931569675843  0.20522879916043088
  0.21625351300800655  0.22703702095878756  0.23779507662752430  0.24855777038095145
  0.25898906638761238  0.26938580290767100  0.27963870982024563  0.29023312196933498
  0.30044755101337339  0.31059341635596899  0.32091111776146430  0.33159842499926739
  0.34235770221208689  0.35304205824081214  0.36398155734443982  0.37460121362945797
  0.38490147329136271  0.39531607439094546  0.40579787498410014  0.41629093858259958
  0.42656840351016728  0.43704035889596876  0.44773857456868671  0.45874994063804642
  0.47029700620996667  0.48157954947572695  0.49199284996427395  0.50243357180474746
  0.51277203608686350  0.52349070434820533  0.53375608458746260  0.54405923654684718
  0.55438700805382657  0.56457874045535994  0.57502885071460619  0.58555718994061901
  0.59607084845856917  0.60639606304779947  0.61648432596223668  0.62658398733429088
  0.63690248339965760  0.64733847797082844  0.65746544971466170  0.66790275468693150
  0.67796486995523830  0.68829503328286823  0.69833384176114111  0.70861765122909071
  0.71910314496840266  0.72960375789321152  0.74019352864315635  0.75070050558435530
  0.76086025716227401  0.77094265020698194  0.78139419290250633  0.79174432600372502
  0.80227509168935407  0.81259204218083869  0.82342990597929500  0.83444326101962718
  0.84540059715210158  0.85621026285720414  0.86682310090435177  0.87717724408600484
  0.88768959192580876  0.89803347317580962  0.90850750131405766  0.91894228735499373
  0.92928863981401721  0.93947617018537999  0.94956680403871541  0.95993073168655085
  0.97000001658611490  0.97997213277852402  0.98985003338352073  1.00000000000000000
 -0.00246054158613115  0.00971917951580825  0.02002883827450876  0.03084670811973160
  0.04148453986152027  0.05203669383044221  0.06271030689209550  0.07328779193909264
  0.08386968435237981  0.09428617500128661  0.10466775294688017  0.11488139445222782
  0.12533092069320687  0.13601249910013946  0.14640921913567831  0.15660298152728802
  0.16684183926294832  0.17731495016121215  0.18790688058495442  0.19827652812669261
  0.20874462778868430  0.21934038479061199  0.22982195361086036  0.24012472341192476
  0.25026185827986164  0.26023737243031653  0.27024199914560870  0.28041728967581919
  0.29072878176467298  0.30082958470624466  0.31107591408765878  0.32135950217800591
  0.33173394647602722  0.34216608303987561  0.35270433981990962  0.36345510633849676
  0.37408550654949202  0.38457858000234341  0.39486325389977117  0.40502416426847826
  0.41533715741902355  0.42582532488051694  0.43656726594110701  0.44753033140243115
  0.45839877208423813  0.46897685594526461  0.47942043415551305  0.49001500005606802
  0.50070991095888207  0.51134948672918001  0.52190887155658372  0.53227971569277632
  0.54258345428684585  0.55308580343460845  0.56356547160839265  0.57384193449834842
  0.58406747965001460  0.59461781892606758  0.60545263910098646  0.61631026017521917
  0.62694059726927487  0.63746653774218764  0.64803633854320730  0.65880226271450926
  0.66975991963745451  0.68044186061955647  0.69113245697367742  0.70160251957973918
  0.71182490627809514  0.72206486429489913  0.73246945979379852  0.74300960307726927
  0.75347152717698684  0.76386085226062583  0.77443364703378770  0.78485133076323810
  0.79544818096882042  0.80603382160624870  0.81671918120937337  0.82724055302282817
  0.83746308112635026  0.84785739669180671  0.85832996215535229  0.86927346649455650
  0.88018692450121583  0.89141648310164279  0.90272735238205293  0.91401163949591058
  0.92468234349334855  0.93528410990737765  0.94580934222238777  0.95689306647394368
  0.96757000555357497  0.97834087930279168  0.98913688329592220  1.00000000000000000
 -0.00246763099648159  0.00935178935197525  0.01943578546444877  0.03028020765413427
  0.04069761332933727  0.05090574352985829  0.06133501544397825  0.07233832882463817
  0.08328004846647753  0.09425080341312662  0.10498691253257310  0.11575372667111075
  0.12654047985446246  0.13759742459181490  0.14833012538100765  0.15855673739013029
  0.16892481680392282  0.17942658603715869  0.18971545021330144  0.20003124557469096
  0.21053408012861821  0.22142589057176335  0.23223321506436187  0.24319007117906605
  0.25414098990158351  0.26498444267598992  0.27563817305953559  0.28628519400295943
  0.29661009429714719  0.30676108733949781  0.31699978115728716  0.32722996570588953
  0.33746595215665109  0.34775300571331336  0.35838453015366234  0.36910796174280391
  0.37963071423114653  0.38999931143393940  0.40042279645577211  0.41085660591644707
  0.42159937274430387  0.43257056313812370  0.44384393720460147  0.45512363111175180
  0.46614668094926220  0.47701872557350322  0.48793056294568704  0.49882489324437362
  0.50935046490341029  0.51960680480752131  0.52989337232371070  0.54027321741996959
  0.55058088975882780  0.56097129450343008  0.57131221765580320  0.58159702426193127
  0.59192320323096403  0.60216403349590608  0.61278531668709679  0.62318239467333847
  0.63411938378248289  0.64476170747351624  0.65537955854637553  0.66577785734155093
  0.67623307174444869  0.68664644561175092  0.69710961149538042  0.70754878836017798
  0.71812316330158643  0.72867289567076443  0.73926491816473505  0.74953014590404676
  0.75990810381868235  0.77026231456868410  0.78073395476778840  0.79127611304197998
  0.80191254911656140  0.81256222629963681  0.82347479898895859  0.83416016670655646
  0.84485515942406875  0.85534012095382694  0.86612365425534943  0.87669239828955048
  0.88659452066741384  0.89640145245212044  0.90596612463593751  0.91588394820399999
  0.92587045009222702  0.93620273793370157  0.94675534981210241  0.95708345334935330
  0.96769608974264021  0.97811111641034532  0.98909768686352051  1.00000000000000000
 -0.00247966368772512  0.00938419966629815  0.01968400734898890  0.03047072849102250
  0.04114690548630258  0.05193202643714322  0.06252112148897263  0.07326402893681042
  0.08379195819507024  0.09448254868548737  0.10487385898594234  0.11498518383810299
  0.12499743762060132  0.13501404127412134  0.14508458864235191  0.15516933785322343
  0.16512434648922095  0.17594783291469332  0.18683458951913134  0.19771128047693931
  0.20837249585984624  0.21912532988236033  0.22973092608215359  0.24027058085049269
  0.25070882880548356  0.26149975732067426  0.27200418068031995  0.28259698805505462
  0.29314774817976536  0.30388288134945102  0.31462755220945199  0.32541572157725351
  0.33588201284409042  0.34631864585322519  0.35665305107963691  0.36748259794592136
  0.37836816687504043  0.38900118029002323  0.39984187171705365  0.41073240158280960
  0.42144142065780205  0.43206789133793394  0.44260412520253783  0.45321289575602547
  0.46371098176974584  0.47413863534127165  0.48457445175746711  0.49479019070850355
  0.50511416198324854  0.51558687854657548  0.52627815101335107  0.53713734737191510
  0.54776463633744621  0.55795605813870974  0.56792836647847011  0.57798326656949295
  0.58815399173212790  0.59858869263913228  0.60933018438202580  0.62026863353779438
  0.63088603664369858  0.64127311223046024  0.65157668397582702  0.66222515791456116
  0.67288732274252960  0.68384527480547364  0.69442237375231430  0.70464479278147829
  0.71484817361362107  0.72503194311711316  0.73534367119637700  0.74563324916760920
  0.75624543023331392  0.76693433806821676  0.77770077404805649  0.78839537986941488
  0.79924294815945096  0.80972902552959747  0.81999326962010355  0.83020950733749888
  0.84086998248366085  0.85138022329238494  0.86214196566838708  0.87271120429891280
  0.88357552955573992  0.89446257714843014  0.90518814523352609  0.91587376991913727
  0.92626278884753221  0.93677314872441808  0.94732332075979275  0.95796460662416505
  0.96869910500376843  0.97898095326238876  0.98941428712971868  1.00000000000000000
 -0.00222625778692340  0.00897789281882431  0.01865312514590892  0.02882885433825966
  0.03889485949152554  0.04915418257439905  0.05936343622407225  0.06945404538548496
  0.07939902627694312  0.08938843435308476  0.09964423577539430  0.10971245633423568
  0.12010387729798573  0.13029892485115782  0.14072636020089788  0.15084327305816247
  0.16112633171143567  0.17137798401151882  0.18147595434768987  0.19157438157404288
  0.20150646975063297  0.21126687537211541  0.22100685783451174  0.23068050532406911
  0.24072234640395709  0.25065731389507157  0.26089239164529798  0.27126832129767631
  0.28179312291552100  0.29238702180804843  0.30282092155546037  0.31343681963233339
  0.32404253796136828  0.33483481979917623  0.34527842759945521  0.35572767207205935
  0.36614133879010763  0.37660697070567145  0.38715263824339380  0.39767641180553254
  0.40824846004241983  0.41875532062692256  0.42913342165951190  0.43961994647046010
  0.45018552235555420  0.46078755530777743  0.47131305948352159  0.48177039040593611
  0.49196462289945359  0.50206821178723948  0.51230720532063345  0.52294214767766611
  0.53398375751959504  0.54510468029586090  0.55614240779941948  0.56688011588093423
  0.57757116587467472  0.58814764006834164  0.59862447436205179  0.60922562579045803
  0.62013384271752880  0.63128217208312853  0.64252723785452470  0.65378242884546733
  0.66491768401903739  0.67571835733125674  0.68620388534247523  0.69660164351416243
  0.70720518824071654  0.71810551251236499  0.72918075444372099  0.74027741685825765
  0.75111698062901688  0.76174382164716770  0.77246913241135695  0.78347516058284483
  0.79430668120029169  0.80467240159321107  0.81499198259140770  0.82577623420891011
  0.83643004307826097  0.84707980239650671  0.85791828364222278  0.86906516129884903
  0.88005607296202004  0.89102143161492520  0.90204770319523675  0.91326115208203495
  0.92443968101348473  0.93568885283968461  0.94661182550897482  0.95737298435517626
  0.96814374614901455  0.97891951228738772  0.98960743031358822  1.00000000000000000
 -0.00228221643381507  0.00937574148569736  0.01955927916798563  0.03003856170260587
  0.04056171053877189  0.05126259710876063  0.06194962566523582  0.07225328724291798
  0.08253889662989568  0.09291564076600067  0.10346499745940524  0.11400548724509628
  0.12432786759988720  0.13469798701471022  0.14496279388553304  0.15542218952491477
  0.16601559749123562  0.17668140873735405  0.18724110941813121  0.19820065142426335
  0.20912376268158925  0.22017952712926381  0.23141403542327191  0.24274390750508901
  0.25385721870786859  0.26445642102727723  0.27505661918701085  0.28560005635394875
  0.29612042027733959  0.30659997411136775  0.31693060795358308  0.32717962833741787
  0.33740032379975454  0.34779620717876114  0.35797306365039627  0.36813299773458313
  0.37824415480575585  0.38869049225444779  0.39925831437628362  0.41018184826993781
  0.42089822276925043  0.43152583963847940  0.44214276147163728  0.45266200505635784
  0.46295860387605703  0.47295370339710624  0.48306630119056737  0.49382538252803770
  0.50477737481796625  0.51608601813364774  0.52723148729146518  0.53836163555131267
  0.54916555685625235  0.55970086327126178  0.56999425726271380  0.58031305191569760
  0.59046109396404101  0.60058659646855683  0.61070120807525863  0.62114718323868534
  0.63152816117496935  0.64180490172549876  0.65218818937658152  0.66238603500422422
  0.67305572463857755  0.68333138789492698  0.69394965766120842  0.70419447383127454
  0.71457191065188719  0.72523729563066708  0.73616727979337526  0.74727752477215970
  0.75827808228744698  0.76895414332678469  0.77981132204679726  0.79039638017329295
  0.80098318473082575  0.81129396104956675  0.82180610401503740  0.83234923234510594
  0.84317847610976471  0.85399910773941923  0.86503821080554721  0.87599528491582856
  0.88684320064059874  0.89739457350019602  0.90759331746590888  0.91765842844807577
  0.92779673175490029  0.93810317717816061  0.94860136750278246  0.95892478032109840
  0.96924197473381057  0.97955879472219742  0.98994737883145156  1.00000000000000000
 -0.00256783344576250  0.01015906561602000  0.02046466257076928  0.03078136432144239
  0.04099322222919434  0.05115189266752820  0.06159691322522584  0.07210194654952702
  0.08271861632273431  0.09314313009560404  0.10365416228740916  0.11426376292541596
  0.12472781213482972  0.13518432850836115  0.14557932948807914  0.15631219272377334
  0.16710033039965280  0.17740340250940356  0.18780573492714622  0.19843217156512866
  0.20920726045830404  0.21981697194813862  0.23012809158429376  0.24047645579655186
  0.25085711815421174  0.26154839408805425  0.27221000741232454  0.28251432975398000
  0.29281613673364043  0.30328244303899182  0.31369895180222113  0.32412834233516941
  0.33476903303612432  0.34582224205142864  0.35673480325874457  0.36731074206692971
  0.37777945147686981  0.38873362629753644  0.39952213375774764  0.41013226486963589
  0.42059652834695166  0.43133954910616740  0.44203581547984389  0.45255744955705529
  0.46314957462373851  0.47407165192464940  0.48485547695241860  0.49551797874478309
  0.50599625940373538  0.51619733696741343  0.52644802565807969  0.53656698940408709
  0.54695285650630954  0.55717490225541411  0.56753783548674830  0.57807770314856954
  0.58892470089584581  0.59986112482979981  0.61040458014978427  0.62084592171295105
  0.63132045281971416  0.64178054353074043  0.65219835291251260  0.66249105311555456
  0.67321730688839276  0.68402999394886743  0.69477429672759727  0.70517904368465489
  0.71540671537755329  0.72547973247209974  0.73578218537391582  0.74617946815799130
  0.75690029390943536  0.76739543275561506  0.77774466489629046  0.78802746790439548
  0.79879572885759553  0.80966001634014872  0.82041587000205352  0.83110949883582463
  0.84183403225376918  0.85250072540575517  0.86287852791547626  0.87310549394640480
  0.88339334992138807  0.89390651692652567  0.90446560328653958  0.91513235870028298
  0.92585573641524821  0.93670514262186300  0.94720086164080419  0.95788054252971411
  0.96840312862122113  0.97917679351958564  0.98948947441002433  1.00000000000000000
 -0.00261622256136841  0.00970188655402300  0.02012976167890575  0.03075638661395120
  0.04156430039552579  0.05229997922524031  0.06314686080621849  0.07403410452102679
  0.08482581760353335  0.09561741122212832  0.10626244812598344  0.11679237736095514
  0.12723353941414794  0.13751642120241753  0.14787879463159567  0.15839591353556018
  0.16902022160948085  0.17950103429967332  0.18993660280456309  0.20039702146113153
  0.21083102052073779  0.22146505665488880  0.23201468327018329  0.24264324232881737
  0.25302811302002165  0.26342359943960847  0.27365020607736179  0.28377148738028585
  0.29403160114392335  0.30466675747763922  0.31547541611007585  0.32657512491762147
  0.33766800037810280  0.34883450470496491  0.35958782609538498  0.37015855133090270
  0.38058523590559101  0.39098820133719364  0.40142808967950860  0.41199718308027217
  0.42230911263745113  0.43259098677923197  0.44294799583303307  0.45341905796595156
  0.46381694155172987  0.47400937639855401  0.48462265644944336  0.49535471325968367
  0.50592443346240623  0.51628318421935138  0.52655739085680853  0.53721315680475268
  0.54805193886866055  0.55891379031322563  0.56961338494103231  0.58037873137842699
  0.59130442226211011  0.60223331451234707  0.61309466807320379  0.62380655549223818
  0.63415193998471875  0.64435616875712187  0.65461862494753753  0.66473302773339604
  0.67466916072646232  0.68477652776423847  0.69544197771066762  0.70571687232050861
  0.71586075003881777  0.72603355869736863  0.73692299436442754  0.74739148215106443
  0.75768347042684159  0.76779657115798150  0.77845123406155825  0.78903636352251771
  0.79979388301688215  0.81006995758009781  0.82040358049389928  0.83086657683835252
  0.84204084317766703  0.85333351795925771  0.86409955241511704  0.87474710057568583
  0.88521037758666032  0.89561997287155137  0.90591551005818327  0.91637452198609826
  0.92702463440345950  0.93749668522332652  0.94801503528425446  0.95844658267937943
  0.96896313728540162  0.97945696105560121  0.98984931777344920  1.00000000000000000
 -0.00238132114760991  0.00931740419835664  0.01990218472394078  0.03083976335081129
  0.04175430967970684  0.05247081680749799  0.06313691229027348  0.07407721216715374
  0.08475830452464447  0.09502260886862138  0.10503718644679863  0.11520763201049937
  0.12529726101800517  0.13581696671639767  0.14637900895196115  0.15693826207370967
  0.16747673282075135  0.17785242011123051  0.18816101478340025  0.19830590754360006
  0.20850090001631227  0.21874397211340174  0.22907633105576503  0.23923771480745981
  0.24933392980192631  0.25943168140917733  0.26980190645731578  0.28052631322957183
  0.29124226622197680  0.30181681233843916  0.31249546969308017  0.32309202452730268
  0.33380507728908076  0.34452322293042287  0.35509284381143408  0.36579094979163751
  0.37621204232170663  0.38694316891781450  0.39750388413214072  0.40822848148962249
  0.41900993456836499  0.42980074847346456  0.44015883726865479  0.45059242935810218
  0.46114062619879997  0.47194025716962473  0.48272610939271937  0.49302389360500543
  0.50337182810230952  0.51357147359823874  0.52415724800759389  0.53459616498391505
  0.54502765605814607  0.55530393230785946  0.56567011376715182  0.57608990900149659
  0.58664428241885369  0.59727473704791079  0.60772388883795458  0.61841384697588098
  0.62908404357240943  0.64002734977378761  0.65092053723819343  0.66199284234738132
  0.67263855719975230  0.68286437471732098  0.69324362362171210  0.70376561669895144
  0.71469837645900547  0.72541045444758301  0.73643667350034603  0.74735110655583648
  0.75804308837348766  0.76882028675700909  0.77950298422622644  0.79023895053084481
  0.80090197578035471  0.81139013911327307  0.82190607462257892  0.83251580174503714
  0.84302561228804229  0.85372762053480333  0.86464887453082051  0.87557957380067108
  0.88611560999051953  0.89642803578347574  0.90681167229969473  0.91740968975630532
  0.92787287737342183  0.93815073091606349  0.94810700959729877  0.95844300634049007
  0.96915441768799215  0.97990249425334675  0.98997647711349046  1.00000000000000000
  0.05440941700372187  0.24134206841597985  0.27168722696546432  0.28902076391122611
  0.30318335479675823  0.31568375853909525  0.32727793152818074  0.33782837885761435
  0.34772246313884947  0.35705194814308128  0.36608201460070539  0.37491087236996479
  0.38352430052229486  0.39214517670194093  0.40019306149580913  0.40792622852689903
  0.41526848351399032  0.42249788204598926  0.42968342308032170  0.43673324176277745
  0.44363537337729780  0.45042567457452398  0.45707815508353333  0.46356838164266512
  0.47004747614444148  0.47662474049952969  0.48323438268095364  0.48973337543265866
  0.49612166033994853  0.50242570680756971  0.50857645824075737  0.51476416787231460
  0.52088107453365795  0.52716112672512461  0.53340465694766848  0.53960001238728528
  0.54577417271018702  0.55191908601196482  0.55797193573388049  0.56392767897376939
  0.56979610475164189  0.57562981015250125  0.58147813733694786  0.58727680351103217
  0.59301029634963676  0.59874295236671360  0.60448211895154336  0.61021833375143164
  0.61594972932924474  0.62165151848452072  0.62727543697240995  0.63283224330625099
  0.63842810648144455  0.64414462265240369  0.64993066276492562  0.65569363830095539
  0.66141156758798503  0.66724375996116181  0.67329003480229932  0.67929530059190646
  0.68524869053247039  0.69115704902713204  0.69705214435252061  0.70298632429262464
  0.70891711854403483  0.71485038062786221  0.72087756013872406  0.72699989197745196
  0.73311083434770130  0.73918808033644168  0.74532442787986275  0.75152189110914003
  0.75783525290110887  0.76411536383026202  0.77045889334612006  0.77705384543971490
  0.78374636239053508  0.79056901720099115  0.79754072773252316  0.80454371220441556
  0.81162889406730321  0.81887980965189278  0.82638027011055426  0.83403754954282960
  0.84175522952898296  0.84963825262247539  0.85797125866990709  0.86686927746792641
  0.87631034805600427  0.88636896230143125  0.89712606085485880  0.90873533609848212
  0.92165141413416207  0.93713024661307165  0.95959306430224056  1.00000000000000000
 -0.02526736175094025  0.12255568865910224  0.15849059852252440  0.18015651760283344
  0.19688339794898305  0.21104308986932241  0.22370853162761811  0.23533120512509606
  0.24617671337226577  0.25625380493030864  0.26575344635637088  0.27482805428153984
  0.28351200360470125  0.29203252699004995  0.30029279183098184  0.30805025644000472
  0.31557978581158441  0.32276815995453234  0.32987479597163660  0.33660384606605492
  0.34336096771972924  0.35004201167466226  0.35657556644212357  0.36281743001962918
  0.36887519856349754  0.37488278419713550  0.38085535511326096  0.38675884049779030
  0.39268152425202496  0.39856376783213032  0.40444647096710179  0.41017315583021630
  0.41572953040035693  0.42120954073919159  0.42673091446894618  0.43231983725900652
  0.43788776148223024  0.44334429111044915  0.44866763419973604  0.45388592607513895
  0.45902823451086627  0.46411317145343151  0.46917010710878154  0.47420284633009041
  0.47921399512947288  0.48430184611417426  0.48945830671683677  0.49467040509948962
  0.49994687302718571  0.50523551901906538  0.51052413708542588  0.51568445768977822
  0.52088340616331197  0.52613943915243555  0.53153275771139885  0.53691724334693758
  0.54234830763311903  0.54779887693348006  0.55326739517908763  0.55876528409719972
  0.56428509139014105  0.56982991969474750  0.57540785937965477  0.58102038434441572
  0.58662962660724860  0.59222379111477608  0.59788851255011011  0.60371684352520494
  0.60974693844141226  0.61587291550028966  0.62196491345070759  0.62808718229140870
  0.63422811856149852  0.64048057617723675  0.64683278670518041  0.65338191841637883
  0.66008224127422299  0.66706638501557769  0.67433490454568035  0.68177898657382974
  0.68940730092450875  0.69745250005615600  0.70569641875649225  0.71420332610421700
  0.72287610364013444  0.73189631789623677  0.74136303151618366  0.75163076342679247
  0.76251404028237912  0.77418019602099719  0.78698166153870697  0.80160547151441275
  0.81884054315054033  0.84100747778055274  0.87755657054323732  1.00000000000000000
   4.8705900719264137E-005  -1.0000000000000000     
 T F F F T F F F F F F F F F F F F F F F F F F F F F F F F F F F T F F F T F F F F F F F F F F F F F F F F F F F F F F F F F F F T F F F T F F F F F F F F F F F F F F F F F F F F F F F F F F F T F F F T F F F F F F F F F F F F F F F F F F F F F F F F F F F T F F F T F F F F F F F F F F F F F F F F F F F F F F F F F F F T F F F T F F F F F F F F F F F F F F F F F F F F F F F F F F F T F F F T F F F F F F F F F F F F F F F F F F F F F F F F F F F T F F F T F F F F F F F F F F F F F F F F F F F F F F F F F F F F F F F F F F F F F F F F F F F F F F F F F F F F F F F F F F F F F F F F F F F F F F F F F F F F F F F F F F F F F F F F F F F F F F F F F F F F F F F F F F F F F F F F F F F F F F F F F F F F F F F F F F F F F F F F F F F F F F F F F F F F F F F F F F F F F F F F F F F F F F F F F F F F F F F F F F F F F F F F F F F F F F F F F F F F F F F F F F F F F F F F F F F F F F F F F F F F F F F F F F F F F F F F F F F F F F F F F F F F F F F F F F F F F F F F F F F F F F F F F F F F F F F F F F F F F F F F F F F
  <DiscreteSampler_grid>
  grouped_processes
  1 # 1 for a reference and 2 for a running grid.
  10 # Attribute 'min_bin_probing_points' of the grid.
  1 # Attribute 'grid_mode' of the grid. 1=='default',2=='initialization'
  0.0000000000000000 # Attribute 'small_contrib_threshold' of the grid.
  0.5000000000000000 # Attribute 'damping_power' of the grid.
 # binID   n_entries weight   weight_sqr   abs_weight
    10   10   1.582472052038798E+003   1.016103794515139E+007   1.582472052038798E+003
    16   10   1.582472052038798E+003   1.016103794515140E+007   1.582472052038798E+003
  </DiscreteSampler_grid>
