  0.00344914915537249  0.01223269457528646  0.02269887163838716  0.03237374303222292
  0.04149734602976281  0.05004811833490596  0.05901388775418039  0.06894606308407156
  0.07854372657747589  0.08771241583646557  0.09659771565722564  0.10530583311892540
  0.11556658964256515  0.12632661764605430  0.13856459827610351  0.15069102771058052
  0.16254240261615086  0.17489686522559342  0.18656174346328447  0.19770451447347606
  0.20872678177131770  0.22079716689953041  0.23315267382187330  0.24571767705983444
  0.25770966969148068  0.26910462462778945  0.27984834946393566  0.29040235453625141
  0.30107248547449350  0.31160866258052183  0.32182734945041258  0.33190608458500293
  0.34208342354883597  0.35253873272898878  0.36305774846095307  0.37326954717426108
  0.38327375077458853  0.39294848755334633  0.40304908351025037  0.41360984897646663
  0.42513443270377954  0.43600386192019630  0.44642780698327350  0.45620137508458231
  0.46608134321313971  0.47625122486921018  0.48627390474973520  0.49703630807914950
  0.50802965252630061  0.51885592889785848  0.52992644398463939  0.54122507494495942
  0.55253814871494455  0.56329953789463583  0.57396837849853666  0.58499879159192736
  0.59630739722541715  0.60758368443149557  0.61823252724560573  0.62800392145699291
  0.63714148160793760  0.64604961338082467  0.65443471481353621  0.66304380359269965
  0.67277388911776059  0.68249570981812591  0.69157637766403246  0.70070480202528185
  0.71032983450882026  0.72124174492073867  0.73152714536209829  0.74112610034753679
  0.75117246369272461  0.76215800985884341  0.77343740745385625  0.78565766876366783
  0.79676990308494322  0.80743911425729697  0.81852635085070213  0.82933721228592128
  0.83963396156734071  0.84859129049236837  0.85758663462364526  0.86693712815272805
  0.87649756166372106  0.88728300327192766  0.89952120059340879  0.91199608143446720
  0.92350935929397859  0.93395381152360080  0.94457214803907441  0.95550725877743459
  0.96700474802594860  0.97816972266701396  0.98910441720756725  1.00000000000000000
  0.00710573896294021  0.01570567048210828  0.02579594110348498  0.03763560708892619
  0.04949271080990663  0.06160027011276016  0.07285041431648132  0.08387461972962809
  0.09466026612661149  0.10532694988662192  0.11554664338836354  0.12581351798707394
  0.13646177163432258  0.14701092341442848  0.15873945720593649  0.17073964948315276
  0.18300805319379931  0.19435307398151583  0.20537306158267321  0.21603585419119403
  0.22706570013994576  0.23761046166126779  0.24732405469613108  0.25714507880425397
  0.26684595083875584  0.27590062041580310  0.28467661976492076  0.29397402174051346
  0.30425745319185360  0.31428273949305513  0.32387269897153881  0.33327301957950017
  0.34213519339964427  0.35041388973998638  0.35884108579857477  0.36758844641492744
  0.37656793909555702  0.38581870301035359  0.39578698555979064  0.40643973865749400
  0.41705854430229361  0.42789100618119369  0.43801301045425600  0.44774765652220533
  0.45752732942064717  0.46776721785853409  0.47857895151639390  0.49024779852707095
  0.50256056472157185  0.51548594687948157  0.52807541226975052  0.54060912611360912
  0.55251053172632780  0.56495042514829730  0.57603042016423589  0.58759293584292738
  0.59838043301007737  0.60992881862369597  0.62076731845398991  0.63206945201316744
  0.64352970667732323  0.65411908263435492  0.66421161376590709  0.67354845002318586
  0.68303518319935064  0.69234211970400339  0.70105203318056963  0.70930095745971733
  0.71766152056839161  0.72620643936414253  0.73569885089604037  0.74645325523512707
  0.75677449661039398  0.76673735314501457  0.77693609437100886  0.78756873710970166
  0.79836278330583865  0.80942200486552718  0.82272182718475562  0.83687152909953433
  0.84924007815498748  0.86088625491411519  0.87267574005194604  0.88442353947405483
  0.89627199253690315  0.90786923384787888  0.91951634213373956  0.93104333589935762
  0.94164579887079303  0.95132621185233623  0.96036495072471262  0.96891750088941186
  0.97744729725680002  0.98547797755978672  0.99087740342369579  1.00000000000000000
  0.00366450511048799  0.01090741807877081  0.01917149306971135  0.02827882864098929
  0.03853676687045328  0.04937868959509766  0.06102622171716186  0.07183220249316986
  0.08234265334527736  0.09212981172452663  0.10181477363337094  0.11142717439596728
  0.12123805306859350  0.13206948768981944  0.14383307694522729  0.15574935184116578
  0.16767646254644714  0.17975082150744964  0.19144970206221404  0.20285286462961444
  0.21320348003647224  0.22249210655505550  0.23186492803470177  0.24145218793527817
  0.25142899610223390  0.26115952203631293  0.27058617593118611  0.28009023677260325
  0.28988008851645036  0.29950032400661736  0.30884993142156314  0.31809776138619261
  0.32757901890833385  0.33733658777435516  0.34721638894419238  0.35745952945690751
  0.36780620672383435  0.37795848602423199  0.38834994048856575  0.39992219879091384
  0.41058288383895331  0.42037185139683608  0.43049122252077299  0.44111674981815541
  0.45280837122037193  0.46434338849440893  0.47555551806451801  0.48652577817644316
  0.49740610736344815  0.50823223500988834  0.51888385396067460  0.52932218669065956
  0.53940435948682497  0.54950550292834188  0.56042954559708680  0.57179234683264568
  0.58355582182375443  0.59546191646981894  0.60780077334773430  0.61996986823605005
  0.63106823561707182  0.64085105359020500  0.65137581001431522  0.66171207812609067
  0.67205978306129410  0.68244604598276837  0.69393644193223059  0.70582182430802121
  0.71698202802137545  0.72741333003207476  0.73821505961141443  0.74862998529093994
  0.75877662406044333  0.76824715943724076  0.77756203065764684  0.78674777107927907
  0.79582018180457237  0.80434803530539656  0.81277309252533303  0.82193476587873981
  0.83201463627825212  0.84311538162051003  0.85420960997634843  0.86465757885057337
  0.87502227863053739  0.88566124269716651  0.89668888450715911  0.90787866481363011
  0.91974195772692069  0.93202168384606487  0.94421486982822289  0.95609945415290198
  0.96666216952745720  0.97658307589514592  0.98719936127766872  1.00000000000000000
  0.00652126053351883  0.01878694297443648  0.03206941063552429  0.04373181054284891
  0.05459807724080265  0.06496219814330943  0.07488760803570177  0.08457468377167379
  0.09438891128110631  0.10427513076222882  0.11464777338105114  0.12518507180518851
  0.13652679331223161  0.14778915079325994  0.15794566905677068  0.16825378406998509
  0.17841717158052539  0.18845884471631355  0.19806072984624229  0.20776940715886030
  0.21805062076431650  0.22880885066771117  0.23923102196450993  0.25007914865061193
  0.26042014139260150  0.27061303403107412  0.28062434835839273  0.29062134044490390
  0.29989021147156497  0.30915184829029907  0.31873428913956542  0.32756566583171437
  0.33611407374734598  0.34506486476730824  0.35460588020897904  0.36534406277611159
  0.37608522246670761  0.38581643126264409  0.39535811902471607  0.40494348719747947
  0.41526074048183809  0.42672178658485571  0.43872766684337156  0.45216823700156794
  0.46465278070857491  0.47716341977850596  0.48873530137661431  0.49975953653200528
  0.51087688211552917  0.52199741443078240  0.53348621671999308  0.54454059645739028
  0.55573256039151153  0.56710398678936269  0.57837374085534621  0.58926153485205701
  0.59952204499255157  0.60998563211384083  0.62105639020929826  0.63199068670413550
  0.64309189781627629  0.65411597985210967  0.66558779648861222  0.67710766619789031
  0.68876738880074939  0.69972674359946707  0.71074260137610867  0.72106790208664462
  0.73127332778512777  0.74190047513205226  0.75233587512417810  0.76321299070934856
  0.77211053772150617  0.78309984582574432  0.79292902724855752  0.80292748873065667
  0.81295298604450228  0.82320505189051230  0.83343323096135336  0.84367918030064881
  0.85382533013337381  0.86421135351486245  0.87414402407317882  0.88406145131385616
  0.89410350958114915  0.90571187151442489  0.91729616998429253  0.92819105192672446
  0.93792423013992166  0.94708249706589720  0.95626403464036935  0.96562634270826442
  0.97503166868985436  0.98454516533800285  0.99111009425779517  1.00000000000000000
 -0.00008357133582469  0.00078265349520686  0.00176140183733629  0.00322059182778366
  0.00516014341755448  0.00763432338341111  0.01060023235956515  0.01387544813815617
  0.01753668448080823  0.02158497093726358  0.02645946351791339  0.03101301816990581
  0.03582535043208743  0.04072481464124478  0.04595787117344953  0.05195506800997625
  0.05862516909910165  0.06501855652775133  0.07161472327690904  0.07807348246946579
  0.08531490230359254  0.09261494112741044  0.09973448926850537  0.10691640100945993
  0.11481140149441134  0.12300991635667419  0.13096797803411780  0.13899512511951159
  0.14736163154976814  0.15588955385578609  0.16568701540726902  0.17518840251307075
  0.18466042866831914  0.19408536904520379  0.20355346606761035  0.21277238091548101
  0.22186489051720537  0.23099501111159615  0.24034530353616076  0.24996962933695185
  0.25918399823808508  0.26864775923194756  0.27855319540031404  0.28829101955920972
  0.29824003739744098  0.30820010201271780  0.31782748064338545  0.32820334972615001
  0.33889127550103071  0.34970801927313300  0.36035601762831737  0.37167805304519130
  0.38382200909632569  0.39630064716527669  0.40853093670741453  0.42057864650381277
  0.43311738517866188  0.44537296479468380  0.45870152760070065  0.47298560918409011
  0.48732124631812468  0.50144283872413820  0.51513682577633868  0.52837036694855333
  0.54147976204915682  0.55429389309151578  0.56697381887259590  0.57999796122632452
  0.59368638963446452  0.60809450712255431  0.62272527402960054  0.63688093014544966
  0.65116599235961392  0.66551851575405441  0.67964172603236916  0.69329348045830730
  0.70774385511355109  0.72221922297527530  0.73662082655162575  0.75113483189857211
  0.76593187177212241  0.78084054885773679  0.79517283375396153  0.80933308004556592
  0.82351865575105010  0.83824914839906017  0.85355687762072074  0.86916568522133719
  0.88535037694506713  0.90145931979074034  0.91748514889344279  0.93344319651456875
  0.94974859276050405  0.96621636121301235  0.98292557374137601  1.00000000000000000
 -0.00232217787658570  0.00955241712519373  0.01926876934263736  0.02923896789758188
  0.03885442174622525  0.04848215706670657  0.05833804174755070  0.06850541846572429
  0.07886583462448447  0.08891962387603615  0.09913313285723423  0.10973253464937366
  0.12130092058788870  0.13311865597250866  0.14492320605603051  0.15705535037346785
  0.16882757075905044  0.18206307422889434  0.19292126162895085  0.20365019317296890
  0.21384864703195181  0.22360669160279945  0.23509733635002894  0.24586032195299923
  0.25615083488833612  0.26611189632978655  0.27649630014063376  0.28790822385636000
  0.29903176456947483  0.31012846558428331  0.32013202643960736  0.33040831002949178
  0.34071154029212769  0.35042374978038082  0.36002509875328798  0.37073598504749816
  0.38279134039080187  0.39614439204619545  0.40696697882583904  0.41825568181900713
  0.42933317887237582  0.43968387032178680  0.44939028491025862  0.45953802067033267
  0.47021037942036858  0.48143540855689798  0.49270257078314261  0.50350690408876464
  0.51378307674294577  0.52436776057589640  0.53531685837413201  0.54606897174268609
  0.55641398931216002  0.56652331214005391  0.57713440497467416  0.58795065971113791
  0.59789938567977574  0.60680339714784404  0.61508351541641682  0.62353472782513897
  0.63309168173693897  0.64378002681643798  0.65456763412945773  0.66619559584017563
  0.67640069651312829  0.68705177878775359  0.69931074514720704  0.71078508811822338
  0.72273133114417065  0.73309567741352499  0.74282019801684862  0.75255001128345844
  0.76222431911001864  0.77218519397148300  0.78111452996556130  0.78966570379583689
  0.79935042176463367  0.80940271084342919  0.82023170006418777  0.83084909871012558
  0.84226586460031572  0.85377094168899659  0.86375000761565657  0.87409712054990396
  0.88482207730714235  0.89610694483832132  0.90691581994359127  0.91655887293137850
  0.92745418903512788  0.93775010074050424  0.94820430877713813  0.95840967926432064
  0.96861185932543736  0.97940864847834097  0.98983974455458568  1.00000000000000000
 -0.00235068811473582  0.00841890538428138  0.01760259181894900  0.02743308414184833
  0.03671160608459979  0.04660218640343015  0.05701615103838457  0.06793579263731243
  0.07816012485652320  0.08805439230989294  0.09842245696736682  0.10849421064131055
  0.11886140916069195  0.12817498075534736  0.13765091473432436  0.14764901205537262
  0.15874429851011032  0.16927446537598903  0.18006685078415580  0.19096454036519589
  0.20223679888306242  0.21320428345397083  0.22384181494936989  0.23426741348017036
  0.24495237234302192  0.25614209202888477  0.26736276058952385  0.27918419741295214
  0.29121906219935223  0.30352093022868692  0.31468607883468364  0.32397257712739230
  0.33304082725085321  0.34215011350161040  0.35115149813242308  0.36006947981529475
  0.36908346635747386  0.37855094206039203  0.38935499411778357  0.40051835322528206
  0.41157576735754703  0.42219332574518681  0.43211769594821875  0.44227736242319088
  0.45257642085004512  0.46298544117273099  0.47341177745889812  0.48421657183589911
  0.49574115568409549  0.50610119338856374  0.51573127429414878  0.52503686914047953
  0.53443811606881608  0.54374526966859682  0.55274179153713721  0.56187158180234198
  0.57183686040302373  0.58246030310464403  0.59233950102937194  0.60151128591546710
  0.61082691910795717  0.62060174943464952  0.63146716032480243  0.64216018578168621
  0.65355950857613432  0.66546685910974035  0.67676542533166784  0.68812394728692461
  0.69943231701388175  0.71030060590273914  0.72181405737548876  0.73436065141055695
  0.74699496164764168  0.75845778410339348  0.76920032218914458  0.78026685372180260
  0.79155339742621578  0.80242062175207274  0.81381180243250850  0.82599743723675312
  0.83799399740235136  0.84902910361338946  0.85964021569531202  0.87017905597012335
  0.87986174870383527  0.88841018222463342  0.89728594120829686  0.90636096146404110
  0.91515543845011771  0.92366362942313462  0.93261537795890936  0.94363865121665025
  0.95679285020132410  0.97020486828824892  0.98424073295892522  1.00000000000000000
 -0.00197478947929429  0.01023454406329331  0.02006149038932200  0.03029083996058058
  0.04100075787745882  0.05259390204850755  0.06440328346542860  0.07580691234580965
  0.08655584864784205  0.09685472709297646  0.10716072225151102  0.11916010188926744
  0.13234745568772197  0.14610619138087738  0.15855918737339211  0.17044345753365714
  0.18163258073307423  0.19257588490027755  0.20253089831671636  0.21211553981162315
  0.22161347488464267  0.23155061383484304  0.24312865055200994  0.25445261733391206
  0.26512117584821543  0.27544143047185282  0.28533768047549829  0.29528724471147466
  0.30471884265345689  0.31374544827514245  0.32310998323585427  0.33281864019334662
  0.34372223852506695  0.35458269999685049  0.36510977147611673  0.37541640408084759
  0.38552350131193946  0.39497450263076134  0.40330678277943094  0.41107464389993864
  0.41915052257891039  0.42825655379909361  0.43878848258261527  0.45074619056985876
  0.46265453798801631  0.47367039391643989  0.48398453371567340  0.49391086070058154
  0.50367421486135322  0.51340324671039017  0.52359315567029574  0.53458315067378814
  0.54539021488791228  0.55566677092570826  0.56703923280528734  0.57900663108685368
  0.58947989632078512  0.59891708402127597  0.60782734664184268  0.61830774951808520
  0.62861893534006652  0.63958012576508205  0.65370505543561797  0.66721480802199329
  0.67867614072958060  0.68900889560443912  0.69931536802622207  0.70947931100257056
  0.71933329232835685  0.72933238266418166  0.73937555770924457  0.74882846787148871
  0.75820228800769551  0.76844090543512400  0.78020173265569237  0.79184524518756083
  0.80214921266168504  0.81150675995847443  0.82017074373425991  0.82876830293792558
  0.83753378118914756  0.84694372998576295  0.85700091063358608  0.86724464547214597
  0.87723788546774284  0.88768993145315156  0.89825592738215709  0.90874056876797749
  0.91983868831569338  0.93142555249983394  0.94323923553202338  0.95485402276890019
  0.96593007073701775  0.97715401097633925  0.98888372446684003  1.00000000000000000
 -0.00272586013101772  0.01418961784115607  0.02628144747361311  0.03721814081866975
  0.04698368146334388  0.05779310004348934  0.06829703613138526  0.07998394055190466
  0.08998191124330139  0.10007908789166690  0.11092788728483367  0.12158467214836137
  0.13129758027142391  0.14070334472041834  0.14990472839707497  0.15981203398173277
  0.17048654203473931  0.18216610772330682  0.19482759912192926  0.20747951096945766
  0.21885306533647522  0.22896637555647459  0.23919743261319479  0.24991150375417004
  0.26073299453494808  0.27193744169851702  0.28406392461911811  0.29584321842719224
  0.30686471149220396  0.31714144844588227  0.32696150717765726  0.33691670005936097
  0.34705227462550853  0.35761679783521000  0.36861174011749909  0.38079682661154335
  0.39352778034087149  0.40508654762662388  0.41514504021062437  0.42441986615995886
  0.43362879009343536  0.44322952918903352  0.45334404546450568  0.46365599563890153
  0.47374236272096526  0.48346789046352145  0.49332140272923808  0.50399967040345084
  0.51515448985933865  0.52704278546582950  0.53878955145344265  0.55036405772654784
  0.56134778684608155  0.57206617851160335  0.58191072614782846  0.59082835511439313
  0.59930854286062585  0.60806153986224531  0.61725684305113659  0.62717563201390014
  0.63777408861827023  0.64782310769811013  0.65821093678481368  0.66824402976884389
  0.67879779424930875  0.68908577334662313  0.69925810601689842  0.70952903605481532
  0.72031110056460113  0.73085751068508575  0.74067734427732956  0.75030421201510888
  0.75961957026640214  0.76896583611075253  0.77814802824265383  0.78660744876503585
  0.79600970733336840  0.80676782536723401  0.81841411595610969  0.83036591726184461
  0.84199900014276829  0.85345189766611385  0.86464123010507354  0.87542550871648694
  0.88591478668993062  0.89618512137555228  0.90672039150101968  0.91675993912117193
  0.92602956310798079  0.93522287265331616  0.94455656934444610  0.95424306830901084
  0.96426506734888451  0.97494793090757526  0.98672483307481240  1.00000000000000000
 -0.00179213540386003  0.01082650531294528  0.02167566267131880  0.03280114322283931
  0.04335533453819759  0.05474837141238012  0.06636856594195760  0.07760274181644938
  0.08874504598818360  0.09924032901642982  0.10940503683952821  0.11898650679280283
  0.12877661347299310  0.13999112453139284  0.14955708853277966  0.15864668778240948
  0.16732042321500229  0.17671981610441384  0.18621878198780903  0.19589977790685678
  0.20560305375958432  0.21569089182783036  0.22676344401511542  0.23845368861294303
  0.25057120387242765  0.26254008780903848  0.27341948563427676  0.28346308770477868
  0.29319303537771352  0.30315325641215896  0.31240165260038610  0.32184373690677576
  0.33228391999588519  0.34239162232757042  0.35160307250945050  0.36020644407275026
  0.36965323033188996  0.38022017835201616  0.39110208277335234  0.40123462953836930
  0.41170851207359543  0.42334313307145621  0.43595506056536776  0.44801397217178596
  0.45970503154054765  0.47151943559940246  0.48307390138846673  0.49422994812945270
  0.50542647977085997  0.51609794086550820  0.52631769163232711  0.53612769542364014
  0.54592295714137140  0.55567519659186115  0.56579003060970745  0.57674145329414050
  0.58768669376195171  0.59839983273851438  0.60840982485232475  0.61752115923791306
  0.62656226206313548  0.63634395138301525  0.64666493397939384  0.65741704990720173
  0.66814507531924905  0.67958285317099609  0.69117863309440275  0.70215812459582017
  0.71342599527592765  0.72498011808804719  0.73585223356684415  0.74615843588141129
  0.75621048217323450  0.76704013282775074  0.77871711465028526  0.79100850512594745
  0.80339477583186369  0.81534331008442829  0.82584648605541855  0.83623861302982794
  0.84702590737621442  0.85786588607376013  0.86965305034729001  0.88010184062747832
  0.88969228307919968  0.89915477591104831  0.90796370633875545  0.91715253969716415
  0.92627729739906373  0.93579566514402768  0.94653236660488560  0.95765245297129720
  0.96831775137829323  0.97894717311956425  0.98910150932883678  1.00000000000000000
 -0.00155236421022654  0.00654553865594441  0.01414919008906384  0.02280987840434574
  0.03221320887970389  0.04191553445516390  0.05238413233473723  0.06247821631961804
  0.07209790705627349  0.08193518515883451  0.09230000622505150  0.10302527295532690
  0.11397692848414365  0.12456009332998980  0.13425168766916293  0.14310510695343626
  0.15195618375173159  0.16137035866124710  0.17153685582014616  0.18110348421031708
  0.19036889981060634  0.20135422409500137  0.21272170483597141  0.22422614521625941
  0.23567673572748596  0.24735448450464531  0.25860073208651640  0.26943720632448792
  0.27980904727250133  0.29004974062842676  0.29978321071390202  0.30975105143582776
  0.32038112470294994  0.33196184047681043  0.34347939247968140  0.35422985181483108
  0.36503784617656743  0.37603293685669642  0.38707863949105120  0.39895117921231865
  0.41035371470619630  0.42141898158876634  0.43227016683393060  0.44295344273702714
  0.45343872521099660  0.46387115387155042  0.47447890515792651  0.48536491275501659
  0.49581254206445990  0.50586844007804177  0.51589965096603296  0.52619863638072806
  0.53608932904767737  0.54533216210645319  0.55476173044327470  0.56531903070480216
  0.57642151546392928  0.58676844943502993  0.59638408185261083  0.60629199305061754
  0.61680224699906772  0.62744998612005354  0.63741136733789328  0.64736440766307757
  0.65841353738528696  0.66902601765688796  0.67993388017298506  0.69131592008936071
  0.70369841964831004  0.71460623896443065  0.72466017178460895  0.73482234071723873
  0.74482080021062413  0.75453558703707557  0.76454419514263061  0.77589994736912837
  0.78867426350074754  0.79998448740987038  0.81120443248195062  0.82244108226329082
  0.83450523371227825  0.84652249402607538  0.85868692823159598  0.87031776897312407
  0.88187607021289993  0.89398726793659733  0.90663160573561097  0.91931823962999637
  0.93117361265044285  0.94183838622135452  0.95186273057537774  0.96176407798546104
  0.97170349202468076  0.98170948784560519  0.99095015897975403  1.00000000000000000
 -0.00215226793661325  0.00953130010631879  0.01867006717180729  0.02796922702196745
  0.03677327106641796  0.04544766915172046  0.05405965733316240  0.06354977396185389
  0.07388410389392956  0.08419193655230214  0.09486664176134615  0.10601480761340376
  0.11668409166680091  0.12658795401333123  0.13630891430344683  0.14671561409682435
  0.15850453988359614  0.17095705594048005  0.18317706060515584  0.19498268930122437
  0.20659503948605068  0.21781768601104889  0.22909262181064974  0.24153235425669875
  0.25323489240696218  0.26358226287066094  0.27318660736426903  0.28302508850169861
  0.29424838308071743  0.30558285766549942  0.31495433450113436  0.32589546563620819
  0.33598266484811740  0.34744358199924086  0.35812547460835320  0.36844212839300122
  0.37842086221660998  0.38876375769026217  0.40006331400214534  0.41131953963457457
  0.42256467033858824  0.43438029480958296  0.44583120565098316  0.45767291532047588
  0.46758239846395194  0.47807982202575977  0.48828857498066452  0.49907347420253184
  0.51012609967016465  0.52187137530493055  0.53425649954217991  0.54575522816946143
  0.55598970468407150  0.56575888550942455  0.57550924123098979  0.58486022546775329
  0.59514958423983044  0.60552671426481330  0.61548067579451693  0.62481028633710822
  0.63366262517748639  0.64299214233187407  0.65356939985889351  0.66401509163763783
  0.67434065750865668  0.68417588434550169  0.69396156661747888  0.70377099939064125
  0.71414056277984816  0.72533832807737919  0.73719385814443139  0.74892122228049607
  0.76144778609721431  0.77426159498284464  0.78730649627449023  0.80024732657293574
  0.81252573176282294  0.82383416129246789  0.83394518199749335  0.84292930332082061
  0.85122846958870479  0.85922868465703595  0.86714537720424500  0.87575153763392377
  0.88559530897413397  0.89619163613838360  0.90735134434275178  0.91800707068325693
  0.92850934945308383  0.93941560951452852  0.95127463310750171  0.96200329862296718
  0.97128415855444572  0.98046962183324593  0.99000193054746866  1.00000000000000000
 -0.00159308061727820  0.00744349150469817  0.01568970695044314  0.02407790157210589
  0.03320431852460018  0.04237004141021500  0.05213086351179022  0.06265166299802602
  0.07361427545844595  0.08378263548724260  0.09277373448987480  0.10101407889392459
  0.10908093451833722  0.11856719654884965  0.12876302890542018  0.13967872202961190
  0.14943706361821515  0.15960184799021057  0.16874958223913389  0.17883234372135587
  0.18825058789339985  0.19785709740394206  0.20873804275614077  0.21881466851334014
  0.22873627275174835  0.23812816947342788  0.24821944759964526  0.25866234584291942
  0.26944824306577209  0.28023240934122301  0.29081453069398366  0.30228900556247540
  0.31420767842559127  0.32608136300377805  0.33813345995882282  0.34988961928334267
  0.36160904348413886  0.37277879468405467  0.38365119878548060  0.39471258097779960
  0.40662473149092765  0.41851959748977585  0.42944748319781906  0.44062351548447132
  0.45212223642388499  0.46395510793149519  0.47624297594544113  0.48937830825794465
  0.50306355776720901  0.51590793506396970  0.52810756810896586  0.53983511441172261
  0.55195748668373401  0.56399962193838793  0.57625819980993498  0.58759949552108759
  0.59864316725885725  0.60954804813519170  0.62011352222436700  0.63071030516163251
  0.64094674883417935  0.65087224512731789  0.66099398526858144  0.67120734244601554
  0.68201799823787002  0.69368434942908652  0.70513789319057385  0.71684816148974595
  0.72899111090085766  0.74151809155092996  0.75283619459489903  0.76299471377547812
  0.77303354146227121  0.78288060563082151  0.79206201474849924  0.80087652385694308
  0.81001871660759905  0.82003997900683934  0.83076748770081643  0.84214504395930778
  0.85438477489104625  0.86649522804595780  0.87800050543624042  0.88778410979567601
  0.89779562440410665  0.90809892150052340  0.91822060106609271  0.92696082857296214
  0.93531321932915856  0.94414577306151948  0.95334572139660501  0.96241100424517956
  0.97141240899933312  0.98054438654685783  0.99025322611873967  1.00000000000000000
 -0.00190508923989107  0.00946556831115571  0.01814542179811473  0.02737588749435273
  0.03702730933088690  0.04921353615241301  0.06385379174846706  0.07703560452976591
  0.08922930785475146  0.10117616073524589  0.11217658320119027  0.12265011839247528
  0.13284666896110592  0.14202401581514820  0.15161022672990365  0.16114010555905384
  0.17011617105798860  0.17839307050420655  0.18637573957582285  0.19539411217056485
  0.20556399189613123  0.21632034261808761  0.22664769404364798  0.23663269239917292
  0.24683881524463400  0.25775714459095284  0.26904692092825744  0.28047446862198672
  0.29206812559763584  0.30405205516060763  0.31600155371539057  0.32805560775922776
  0.34031535601401292  0.35347566941322683  0.36684514038216992  0.37906135087008047
  0.39096426379919685  0.40223323482626316  0.41305730054538664  0.42353780523720302
  0.43414097182258310  0.44540430499388151  0.45783151557375601  0.46969416717939150
  0.48104858617240809  0.49105071773394582  0.50062116373187826  0.51001529026245207
  0.51982694332136292  0.52994363314824344  0.54034819067971929  0.54979197883757980
  0.55905264441679559  0.56801685587720030  0.57739606161071400  0.58655914901964401
  0.59512351423923959  0.60356371441751999  0.61212568446909688  0.62100001289251694
  0.63021570283688932  0.63992898042256552  0.64969832742769562  0.65971839760742557
  0.66896120101341561  0.67804582012690751  0.68793911020454734  0.69848279802365287
  0.70902715011125228  0.72036467529650494  0.73155645805004565  0.74326712643198189
  0.75427196739989955  0.76628922110228059  0.77764720995703129  0.78931202555998303
  0.80002621914134120  0.81047818247139070  0.82081564206343727  0.83105044698367025
  0.84134013345870196  0.85184870032903248  0.86209907264218022  0.87191995494317742
  0.88191901939021344  0.89203440121088728  0.90186574263081432  0.91161762065813445
  0.92229241043673216  0.93419780235977512  0.94608798080594381  0.95702931150396808
  0.96788018687319266  0.97814025994205123  0.98926428907072872  1.00000000000000000
  0.13242128767231445  0.22712205774031116  0.25322675839461001  0.26660508284135792
  0.27711967914158642  0.28617168442106650  0.29494623430762479  0.30395889212569444
  0.31274284054859369  0.32096983686523578  0.32877079448639707  0.33613767843411585
  0.34296816154761817  0.34978908720171409  0.35637549656676643  0.36310569015900596
  0.36959056190587669  0.37614806491458636  0.38279815007911622  0.38937276488490741
  0.39606306431030602  0.40332336918567024  0.41118056404080155  0.41928821170098241
  0.42752900110756031  0.43550202127558790  0.44225825668326813  0.44849257431244965
  0.45423981201713043  0.45956247749478341  0.46498679722517194  0.47066784092727099
  0.47640264386495174  0.48174079488297844  0.48691532428896417  0.49231961868125412
  0.49820408662062438  0.50406172354213674  0.50965283388425497  0.51514378108486447
  0.52111452561505611  0.52778451366504764  0.53448175762039585  0.54147190349540375
  0.54901952970209089  0.55681879239099952  0.56439257383298436  0.57178561022451579
  0.57920978705915038  0.58629429615592410  0.59292867191414989  0.59930268422955046
  0.60587016332109533  0.61242029357136085  0.61898972053926460  0.62552212755315406
  0.63201528477186852  0.63855261643916617  0.64486992319310810  0.65091406761131299
  0.65688808800705734  0.66285895994931410  0.66888700599532469  0.67474292293690175
  0.68093068881679109  0.68691389822510218  0.69300852631734033  0.69905217193720370
  0.70522283505062100  0.71161417711091324  0.71795601836050116  0.72430397607377017
  0.73041701237727807  0.73714960351643599  0.74457107657354793  0.75214369830028804
  0.75911292393899354  0.76615811883675999  0.77360803900380204  0.78121995107125985
  0.78897829011547926  0.79711320175944278  0.80595736872328128  0.81525261057653309
  0.82418637237907899  0.83235013876326791  0.84082789417837434  0.85039859111815030
  0.86248008435060075  0.87513875653223427  0.88813334885046658  0.90182616432588858
  0.91853479841387886  0.93888770673840904  0.96299963503877894  1.00000000000000000
 -0.02049818167563239  0.13571677184598646  0.18548600476194993  0.21702612038099631
  0.24225641265817233  0.26468655033848787  0.28523569418294220  0.30339492144442060
  0.31941555956280404  0.33445040252503649  0.34807318795023079  0.36186882278788979
  0.37528668578010838  0.38820902946866820  0.40005361014936386  0.41019628273888609
  0.41986279368308060  0.42947946472611942  0.43891456747692847  0.44796205390214722
  0.45670366543869639  0.46565354102920514  0.47489950028022371  0.48374238172098077
  0.49221676274380233  0.50038573701727607  0.50863326388033081  0.51763415410799918
  0.52575991836319380  0.53350244908705857  0.54087009458987279  0.54781070773790308
  0.55428366202774004  0.56063456955809243  0.56657475459924966  0.57221949723584842
  0.57782483293725051  0.58327362934560290  0.58886346957596170  0.59458480126703572
  0.60051868129571895  0.60679923256985568  0.61301226635670492  0.61862969532854295
  0.62389757526581446  0.62926049745571522  0.63490237819130080  0.64055899459195298
  0.64664987129753826  0.65238788052421726  0.65802888967173601  0.66374939113234266
  0.66899140427028070  0.67375486352173797  0.67863933519102382  0.68331812082837540
  0.68791315436692746  0.69236861798285421  0.69668886067604918  0.70106790897753923
  0.70551674734922043  0.70991098572097810  0.71420666108995934  0.71858045099622436
  0.72310442657741936  0.72787491119797154  0.73295038446938210  0.73800226907731381
  0.74289884379817717  0.74789256201724241  0.75287964583028721  0.75794272467492096
  0.76308346894403856  0.76833679015658451  0.77363416263544194  0.77875782327547760
  0.78370461546171200  0.78868454068591332  0.79387657637925546  0.79950942091453547
  0.80557903073585957  0.81178065277509182  0.81792836928189350  0.82400464647732741
  0.83008050236523112  0.83644460816290578  0.84360224877382795  0.85078151493304932
  0.85877756233333569  0.86741727223477683  0.87681702107747406  0.88737643536994470
  0.89949358896041232  0.91493541760795338  0.93879768108623662  1.00000000000000000
   4.2797823589087338E-008  -1.0000000000000000     
 T F F F T F F F F F F F F F F F F F F F F F F F F F F F F F F F T F F F T F F F F F F F F F F F F F F F F F F F F F F F F F F F F F F F F F F F F F F F F F F F F F F F F F F F F F F F F F F F F F F F F F F F F F F F F F F F F F F F F F F F F F F F F F F F F F F F F F F F F F F F F F F F F F F F F F F F F F F F F F F F F F F F F F F F F F F F F F F F F F F F F F F F F F F F F F F F T F F F T F F F F F F F F F F F F F F F F F F F F F F F F F F F T F F F T F F F F F F F F F F F F F F F F F F F F F F F F F F F T F F F T F F F F F F F F F F F F F F F F F F F F F F F F F F F T F F F T F F F F F F F F F F F F F F F F F F F F F F F F F F F F F F F F F F F F F F F F F F F F F F F F F F F F F F F F F F F F F F F F F F F F F F F F F F F F F F F F F F F F F F F F F F F F F F F F F F F F F F F F F F F F F F F F F F F F F F F F F F F F F F F F F F F F F F F F F F F F F F F F F F F F F F F F F F F T F F F T F F F F F F F F F F F F F F F F F F F F F F F F F F F T F F F T F F F F F F F F F F F F F F F F F F F F F F F F F F F
  <DiscreteSampler_grid>
  grouped_processes
  1 # 1 for a reference and 2 for a running grid.
  10 # Attribute 'min_bin_probing_points' of the grid.
  1 # Attribute 'grid_mode' of the grid. 1=='default',2=='initialization'
  0.0000000000000000 # Attribute 'small_contrib_threshold' of the grid.
  0.5000000000000000 # Attribute 'damping_power' of the grid.
 # binID   n_entries weight   weight_sqr   abs_weight
    16   10   6.936950088184711E-001   1.624612603947198E+000   6.936950088184711E-001
    17   10   6.936950088184723E-001   1.624612603947207E+000   6.936950088184723E-001
    19   10   6.936950088184711E-001   1.624612603947198E+000   6.936950088184711E-001
    20   10   6.936950088184723E-001   1.624612603947207E+000   6.936950088184723E-001
    22   10   1.727826615993572E-001   1.006103075785442E-001   1.727826615993572E-001
    23   10   1.727826615993575E-001   1.006103075785447E-001   1.727826615993575E-001
  </DiscreteSampler_grid>
