  0.00328001576907604  0.01128737346437482  0.02175397029567024  0.03293866724843238
  0.04283702928035766  0.05113195077275432  0.05983222534574758  0.07013781789448276
  0.08114253681743513  0.09123527249119973  0.10118998839006893  0.11155945101861871
  0.12209257177896145  0.13165859436998192  0.14063352275465540  0.14904348796163064
  0.15769693009270730  0.16733123589683097  0.17796836272479533  0.18833307806793803
  0.19951736010042853  0.21159517403862066  0.22412556652643553  0.23639851957077143
  0.24844691561251647  0.26038046139312826  0.27254386128184166  0.28462288257910556
  0.29708463480307007  0.30883998689206293  0.32318554460032717  0.33709524160222137
  0.35056038137849826  0.36298034267119378  0.37372513060428147  0.38362299486280615
  0.39288379129094364  0.40342268186135521  0.41393591626676446  0.42379082524377915
  0.43295391059337485  0.44147226517981686  0.45045669346485157  0.45923782631529181
  0.46933020549383814  0.47997697708714526  0.49207115984274563  0.50469874071365795
  0.51716035455321252  0.52825026757091320  0.53855618382049497  0.54831897579387257
  0.55799471253474320  0.56701909619568935  0.57658095502582607  0.58709155906677712
  0.59801242587921255  0.60816326917213204  0.61690532955474431  0.62556088589790848
  0.63464091268483258  0.64409835095421530  0.65347871347424902  0.66207433789464698
  0.67196308142416594  0.68278912265429781  0.69249150389772030  0.70118662841275281
  0.71033662315852453  0.72056448716124366  0.73086210589924117  0.74021362200472374
  0.74915552335946900  0.75771236794992758  0.76689358969688137  0.77654190430649672
  0.78667957617378981  0.79649849829522212  0.80714487025532466  0.81766181488660883
  0.82932159892441715  0.84022818591052628  0.85062587766490905  0.86047834965296344
  0.86964500055314409  0.87904020625025125  0.88927727591477412  0.90085481379547816
  0.91251147254695664  0.92271595386987382  0.93274117321125671  0.94343077470454217
  0.95537001336217808  0.96874500428367283  0.98306040115167592  1.00000000000000000
  0.00685228765338462  0.01652189085030105  0.02814785101291521  0.03871088266872758
  0.04814772500626786  0.05745314225731222  0.06685461631759297  0.07704548041676805
  0.08661251234800098  0.09495776739362898  0.10350940635906550  0.11194503649318120
  0.12071381476759394  0.13068248333088181  0.14202759195148917  0.15379326877771407
  0.16506712063860141  0.17479114244197844  0.18399332985366393  0.19362601058428539
  0.20331141589390556  0.21366022294938086  0.22486742525145811  0.23679146593012099
  0.24947093302256235  0.26242374914835492  0.27458070701702397  0.28581367021009002
  0.29655546875564670  0.30606424821049960  0.31743371844147616  0.32928168817781284
  0.34017544475656580  0.35048280065968673  0.36048051650923540  0.36970700357788822
  0.37827390102379777  0.38701036795991273  0.39699901694666995  0.40747583841088547
  0.41769131551174937  0.42887157415174126  0.44025206769133463  0.45126772408945254
  0.46121666045946802  0.47094867238285076  0.48150172490533855  0.49306653776273657
  0.50404699903123373  0.51480033756987353  0.52572898966302939  0.53686310126801062
  0.54762761992876119  0.55841668793338239  0.56982779307031362  0.58166052597011675
  0.59270531291088535  0.60273111079452069  0.61221916978846680  0.62154643491581218
  0.63092009992444142  0.64161470094778816  0.65318407330360606  0.66471484507799750
  0.67547170747474305  0.68585641111538442  0.69665161920870078  0.70766786836250872
  0.71787407875282638  0.72722486858809221  0.73610062396394360  0.74477470808854629
  0.75341290221167334  0.76132107354334067  0.76917902636702828  0.77759185355494442
  0.78669762878873495  0.79679513319183837  0.80703842217385113  0.81745875704369642
  0.82858733558545072  0.83975082329139261  0.85147030774451649  0.86500131623017351
  0.87904941006988369  0.89242199611477091  0.90524871013575403  0.91696255427485884
  0.92754037869483263  0.93807996813445149  0.94827107127686283  0.95969662547001755
  0.97068290198715912  0.98144937534066801  0.99197710814628992  1.00000000000000000
  0.00381041630624992  0.00995899754170522  0.01829107722681524  0.02703598161487676
  0.03726434624872869  0.04895654200243219  0.06119000174179850  0.07248146243065180
  0.08292804616465066  0.09502477370942949  0.10783939449124236  0.12087354752953930
  0.13220176088528407  0.14279756818256514  0.15382778765522728  0.16275515113371697
  0.17007056263763332  0.17723132916299106  0.18526470206455140  0.19563768615083427
  0.20618994094166004  0.21614345277492134  0.22633903684583773  0.23558642844255603
  0.24790825697761837  0.25927278043956820  0.26992707026055746  0.27900011273287706
  0.28776000621930098  0.29685735217724735  0.30628580477727207  0.31554672220376212
  0.32507468020211383  0.33603923485718795  0.34777304732334485  0.35832642353534383
  0.36747340241393212  0.37566066311423174  0.38471403839848878  0.39404820620812486
  0.40419595165186467  0.41511197878496309  0.42600225746208781  0.43596694804930963
  0.44514115084826889  0.45400981713561905  0.46413559764616324  0.47467095584147273
  0.48473001801019577  0.49356622986299314  0.50232488652464091  0.51122905211077696
  0.52124362833145543  0.53137994387985210  0.54237212630732057  0.55479039017017695
  0.56662520195671162  0.57815779321943483  0.58960535015350179  0.60159369555363884
  0.61386984920164567  0.62577704759558461  0.63718291581332498  0.64829017419931112
  0.65985116854381665  0.67162118939742099  0.68377605406728081  0.69696276313498928
  0.70959613678440547  0.72177988594601483  0.73335894211294184  0.74540592169271369
  0.75648881612196850  0.76741383881883951  0.77744468381983556  0.78712100215068936
  0.79653281822628730  0.80568460916390916  0.81548523199412792  0.82609302159089315
  0.83616590213025732  0.84584798849997478  0.85540582760684025  0.86557336234062610
  0.87661973919305636  0.88916548593880385  0.90162003725156004  0.91300566074744094
  0.92343159428712429  0.93465024152284926  0.94419827155189906  0.95380453897056583
  0.96416115811702807  0.97518142253955387  0.98729942337416687  1.00000000000000000
  0.00617087626166549  0.01922403500058293  0.03122368134370565  0.04422190321574997
  0.05728451543045265  0.06981371143820256  0.08083614633606236  0.09111093059924073
  0.10176387113668653  0.11295496855912339  0.12434873695510537  0.13585567763247003
  0.14742060745114016  0.15846570481409777  0.16924223915011494  0.18054774953422920
  0.19199668898559741  0.20332180762501720  0.21471993522313812  0.22687402515861410
  0.23922222323131057  0.25107980064849522  0.26285618160372765  0.27444860891366746
  0.28662177973246072  0.29659295592689561  0.30576584068703422  0.31479543465208681
  0.32287129001326575  0.33139437666547711  0.34001916802343041  0.34888653364049560
  0.35748768836998007  0.36586408706992346  0.37480052536271591  0.38598992213971384
  0.39921144746361448  0.41394003896149129  0.42621476546485804  0.43718803131729128
  0.44857022820270381  0.45990606770770187  0.47022174971520703  0.47976181843225146
  0.48931491025168872  0.49921471893332670  0.51011391428612995  0.52396941302860145
  0.53683423000710528  0.54852135848340466  0.55956651504990318  0.56871742363225353
  0.57828311651163977  0.58937772643322761  0.60199567152407096  0.61348175569261776
  0.62258554505966424  0.63142099747175240  0.63989505283173376  0.64781068777575546
  0.65607216086797249  0.66517644173832668  0.67775701068124194  0.68971731657344704
  0.70151398763908768  0.71295357071042675  0.72426508954249214  0.73578978069252476
  0.74726452954636635  0.75745467991901960  0.76680448571941695  0.77537991123775651
  0.78324986797015339  0.79179642521936211  0.80004716142076004  0.80852593301113929
  0.81730746692745171  0.82638831582706074  0.83525429953470343  0.84523132081657593
  0.85493913437448121  0.86451646597422716  0.87381952063191726  0.88340306040105654
  0.89412512311119530  0.90527712020316564  0.91669391990140947  0.92814860555913714
  0.93960780154337165  0.95061644626329878  0.96110672326223756  0.96935341775574180
  0.97759785799176691  0.98529343009417958  0.99112676133127275  1.00000000000000000
 -0.00006753631237845  0.00078023834379501  0.00177869296836369  0.00317948882715767
  0.00530430828122043  0.00790355334451373  0.01100801285529448  0.01470492652092529
  0.01835070137211576  0.02233086585902570  0.02693841574385868  0.03267083159099128
  0.03896662442112156  0.04544596724554413  0.05204199096732665  0.05841153759472127
  0.06489180696642073  0.07134079203167019  0.07709507643054378  0.08234931284905327
  0.08886470218825381  0.09608371730610775  0.10329644953283956  0.11095971142695871
  0.11884761192450922  0.12662751583477982  0.13482688161904169  0.14373862007879631
  0.15345523449835197  0.16361751676839581  0.17470387345388655  0.18506512195656399
  0.19561225243590533  0.20664706478888908  0.21772285087736046  0.22910189085398286
  0.24052430358504379  0.25189162622724720  0.26339101840425166  0.27536604222190258
  0.28746973326469660  0.29900866295553102  0.31017781443697467  0.32193441329478428
  0.33578598017775835  0.35002270103663646  0.36271196926282384  0.37466145467013556
  0.38685435270769486  0.39951687370975425  0.41287089522379056  0.42443388333207188
  0.43503900977283178  0.44552820694303330  0.45654813301027503  0.46884667755982873
  0.48216656616206144  0.49595781323186272  0.50904916219864305  0.52108276840903045
  0.53293330288746332  0.54541102126008167  0.55865434486109589  0.57228767879890463
  0.58578355038214280  0.59850904555362516  0.61092953446116838  0.62323204932165932
  0.63555600068678508  0.64827414650062243  0.66252079942508602  0.67690402973049979
  0.69103554610385909  0.70485170592407487  0.71828433648056145  0.73004178794792529
  0.74096986139978283  0.75187681056309108  0.76350620675207981  0.77562880929676403
  0.78822001019734300  0.80154283460450926  0.81523124688446547  0.82942958636787101
  0.84453646830008144  0.86023100375953632  0.87453719812265873  0.88806760861476564
  0.90155870316105757  0.91553022200191125  0.93002430591054386  0.94500410251661759
  0.95877991079731351  0.97247331987990127  0.98619271780418982  1.00000000000000000
 -0.00359807409747056  0.01161013244328485  0.02386496515024251  0.03520859236037792
  0.04636450613358589  0.05669058447302060  0.06604334731907546  0.07456049054664853
  0.08296441079728104  0.09176185866422007  0.10027259344703993  0.10956564141852400
  0.11902135472889909  0.12881604116785808  0.13949481113234591  0.15109423608811451
  0.16352352403772455  0.17526332892402108  0.18639121088349114  0.19769153391068417
  0.20933263826870080  0.22050953776983562  0.23092675296506363  0.24042024239422072
  0.25018620050466733  0.25981859606185054  0.27032995667542925  0.28062382616672699
  0.29182543989882481  0.30383491299327609  0.31603434437785455  0.32740554985345238
  0.33915921570528867  0.35074864641414455  0.36200940282962968  0.37418031265291901
  0.38714294324812043  0.40034329019285625  0.41307849326912272  0.42466659837576876
  0.43575900885977686  0.44620356996188942  0.45553776778014282  0.46582635239467984
  0.47625672571411320  0.48699818465873340  0.49743497289869665  0.50808345797168730
  0.51857033578020817  0.52722800529617009  0.53450999186609838  0.54174750837530961
  0.54893702660889310  0.55684323269341141  0.56518465218475245  0.57298095034934859
  0.58057518493289639  0.59074283651844006  0.60301464330858845  0.61524741033195540
  0.62622268352544985  0.63679324041134089  0.64731916543142320  0.65779972248035912
  0.66869107275727291  0.68013331845464331  0.69209784126582252  0.70575502438037896
  0.71897658439683698  0.73046326517371862  0.74104921564055859  0.75090421725452872
  0.76074637447229487  0.77033218218339672  0.78195711142456303  0.79316646913217204
  0.80346385237895779  0.81381600947218924  0.82448713650232375  0.83490682037802699
  0.84454729391876115  0.85391232801816119  0.86483291411294205  0.87691779754292676
  0.88901985252510207  0.90111733806999117  0.91315251569621037  0.92419234003841799
  0.93379475016074176  0.94253232035338042  0.95033640454292723  0.95900301907495178
  0.96945771567904793  0.98008184560017508  0.99056371315055081  1.00000000000000000
 -0.00184754946191844  0.00659029791554058  0.01440715833764013  0.02319332146994761
  0.03276993157644534  0.04276460459731048  0.05389975083136612  0.06455700159386656
  0.07496872045347458  0.08491998407046927  0.09484872184956494  0.10515367431384062
  0.11577836066138054  0.12695178567244905  0.13765801913908771  0.14787326733523973
  0.15807517027963938  0.16946611118211594  0.18262643868213008  0.19468844968381510
  0.20545358715803949  0.21638729520980859  0.22742143465265977  0.23790601610543166
  0.24790875374202914  0.25855411030172015  0.27006130761744512  0.28163685192881777
  0.29249705555494965  0.30276893392275944  0.31316628834855503  0.32368025649070026
  0.33390545010450168  0.34329760806672344  0.35258186724724327  0.36458260846181501
  0.37786492166813013  0.39147742174645900  0.40195327648966378  0.41109080049284513
  0.42043552266978029  0.42926511375320636  0.43711427855277801  0.44501473003256464
  0.45359050247586480  0.46442071436489146  0.47655520580888472  0.48789388152592433
  0.50042075470075997  0.51313216825492880  0.52481464728514504  0.53481380733312123
  0.54552499255533782  0.55581336810903337  0.56569278676189783  0.57496283777888424
  0.58427990354517678  0.59540320055114415  0.60804727447427731  0.62186333343507672
  0.63447977865247818  0.64536108838111861  0.65518578061282984  0.66480968400687834
  0.67474288153042450  0.68485928230191573  0.69671151897392070  0.70969733227918796
  0.72167970066692366  0.73318982480432726  0.74482064388831959  0.75679216496945934
  0.76757236926675199  0.77718320393692186  0.78613372392439529  0.79538105027382155
  0.80555082439895742  0.81638110524135032  0.82531513325205652  0.83415691892427979
  0.84448376854228169  0.85626578019454291  0.86731315132335318  0.87834066605157268
  0.88861061818092835  0.89936356135605611  0.91036809098593818  0.92119153972469925
  0.93266097127437930  0.94329756252431929  0.95329902140614697  0.96309866057578220
  0.97306440782401182  0.98216286897794125  0.99134471439035043  1.00000000000000000
 -0.00202005244519152  0.01021077115803967  0.01968959711365116  0.02863677030268675
  0.03761921839522368  0.04679301365707807  0.05609440580489267  0.06527027441547159
  0.07523677594129463  0.08565636895440945  0.09803705266301013  0.11015480605962236
  0.12234176203063482  0.13296963670194439  0.14266038808122800  0.15194992377513503
  0.16176261798925626  0.17319316106693261  0.18363717509371075  0.19416974843780319
  0.20383792491152189  0.21560033382219690  0.22752097532310334  0.23936618979580887
  0.25054133939766682  0.26101763954999652  0.27132409090163750  0.28135641426731872
  0.29163090624556853  0.30173418550734521  0.31072677827151773  0.31912115722186213
  0.32737006273188085  0.33596458182558148  0.34587002226177332  0.35618923443396117
  0.36691343264637954  0.37703816089874176  0.38627609751664727  0.39537741148141647
  0.40578159527617763  0.41708653174229532  0.42909439312169290  0.44114408402783761
  0.45374233358126703  0.46460733242504304  0.47617336160244655  0.48791741099393116
  0.50037625926971008  0.51084312901979978  0.52044931558043050  0.52981459441882206
  0.53920895063474816  0.54957890900964779  0.55962354076471077  0.57001931538260531
  0.58085862683917899  0.59259116316859772  0.60466429060982230  0.61547403819029767
  0.62587239623122171  0.63707470998741533  0.64853725317059352  0.65963928361191826
  0.67112448044462969  0.68229425942954636  0.69388881258371438  0.70591573339445601
  0.71883883085921518  0.73024560045149789  0.74139155432092063  0.75216469236267758
  0.76438999747360492  0.77443165965595795  0.78223532324855682  0.78946964417041288
  0.79762865072218336  0.80646090112957036  0.81501651814934850  0.82418967168954971
  0.83460770225920877  0.84661721728364214  0.85854249555725926  0.86967055034177621
  0.88065152374115174  0.89154031350341489  0.90236308099858598  0.91286485500931480
  0.92324067615687333  0.93335124455317453  0.94382556462576461  0.95442372569211575
  0.96580147715686659  0.97751833313692704  0.98883481334172307  1.00000000000000000
 -0.00172415596890854  0.00772006238546162  0.01663889725870905  0.02603146064615661
  0.03640397816861152  0.04697625475457254  0.05893478477185318  0.06946053819228609
  0.08017139252110410  0.09077941713395420  0.10291575847675102  0.11366744223705197
  0.12487843565195345  0.13687077392929808  0.14828484422213647  0.15817420448402769
  0.16802729579656653  0.17732185668987030  0.18601833148712188  0.19313786956184850
  0.20030209650455469  0.20886570049076686  0.21885741099927297  0.22824370199057195
  0.23798173752587501  0.24837678038412728  0.25848091136868911  0.26797986917003841
  0.27668812660191860  0.28594630275943222  0.29538256736183904  0.30498694293013862
  0.31477500569558298  0.32448982821194128  0.33315914129063023  0.34171754760278034
  0.35027586922466569  0.35961593298633587  0.36963962906576225  0.38032386734537049
  0.39086080761979725  0.40020232122167465  0.40910758723119200  0.41822139100430572
  0.42780118205776763  0.43774451422662247  0.44784524515967816  0.45787665205585409
  0.46837681522782976  0.47852029918223543  0.48791222588232724  0.49718069114499047
  0.50644549336976574  0.51671533483399912  0.52768956456978888  0.53865316642698269
  0.55070087826527747  0.56319295122847424  0.57512249997970755  0.58697749932276089
  0.60017428188437272  0.61385151645273617  0.62769710835552539  0.64235667403741936
  0.65759605925327480  0.67234892011007763  0.68457346472180158  0.69654276549699601
  0.70750088182772353  0.71850969190933667  0.72930011614768742  0.73989296351825518
  0.74987772214629811  0.76008130880884384  0.77047030118159576  0.78157328519419689
  0.79224590774248482  0.80212723600277813  0.81151846514589487  0.82096169507369876
  0.83035327389476354  0.83993091336710968  0.84951547150431095  0.86004357477507543
  0.87225524556315992  0.88422635172055242  0.89606588144973931  0.90831303328569502
  0.92028783900480193  0.93313101672514442  0.94622591643530785  0.95865771961763002
  0.96983571313241579  0.98074772320534209  0.99037499208967417  1.00000000000000000
 -0.00252326388191086  0.01148124349929305  0.02214137885546023  0.03204723876827492
  0.04194019954107465  0.05285870028962685  0.06392556120880803  0.07588035467779651
  0.08681794957861372  0.09641142536521299  0.10516614721592207  0.11389972669343380
  0.12237237805601572  0.13020747848959527  0.13763779283491490  0.14603882541843755
  0.15687693259858271  0.16847082738976163  0.18234530890262524  0.19325289886801855
  0.20385318278150164  0.21434939705300776  0.22399346772983794  0.23357686395873331
  0.24235410892390580  0.25203602572385447  0.26247927689809242  0.27359550762436785
  0.28449536173045070  0.29504532904750630  0.30526362596984796  0.31490971371132093
  0.32452314676743349  0.33400443943266311  0.34279462263887395  0.35096014244232382
  0.35898066220213698  0.36823929001623040  0.37740618551281779  0.38669303018062251
  0.39614195549354425  0.40659631066897090  0.41737886947730674  0.42676929538030889
  0.43605839350050174  0.44546780774742317  0.45601579754842975  0.46700046893361474
  0.47941524805045183  0.49118871733063579  0.50274911834238523  0.51379712985621384
  0.52440765597093641  0.53438993401492296  0.54555405651942412  0.55704013975058664
  0.56791180009984399  0.57774108574183280  0.58745910565999393  0.59711901710570192
  0.60642327700770471  0.61529639669280600  0.62496970374442906  0.63554735564671727
  0.64694016126680176  0.65916329225227144  0.67116277161875926  0.68255453496086083
  0.69387705682984124  0.70632941852834796  0.71773082879769923  0.72903032412635815
  0.73987763552028663  0.75045635615980555  0.76074700060845557  0.77170806253803492
  0.78446426613866538  0.79872174219938696  0.81087325546098687  0.82268232562267962
  0.83319576491759162  0.84314622278879858  0.85505557681381383  0.86893559745824012
  0.88305335290518339  0.89648319972043222  0.90841615965403066  0.92051560425609258
  0.93201765424576333  0.94284585076636573  0.95334603658344941  0.96390739578767748
  0.97439853615337302  0.98355865945120391  0.99173544471401220  1.00000000000000000
 -0.00297398095669381  0.01033822561327724  0.02193655933277145  0.03488795245473092
  0.04775649133235861  0.05979392181858514  0.07092544534061977  0.08189688468546767
  0.09308821633745080  0.10514538104046070  0.11760879308177299  0.12907287944000267
  0.13981292312201074  0.15078668527254269  0.16208215263484146  0.17340716893198338
  0.18413815552323751  0.19547712728217281  0.20692148397269308  0.21849279114750794
  0.22916230508382002  0.23951535131255353  0.24923550521191459  0.25856005932614790
  0.26788633409849699  0.27631130764435885  0.28453408488380322  0.29344980483702821
  0.30265490959867114  0.31215151948483971  0.32247821766588614  0.33403200575797376
  0.34483822449759594  0.35643978529865711  0.36588120058127405  0.37576021702787338
  0.38473063201421964  0.39339036102502567  0.40224275184549996  0.41157258038839517
  0.42157262088292702  0.43118139841225500  0.44091458871559713  0.45129651528878217
  0.46344027007231670  0.47554860298273349  0.48552851703910505  0.49488032475968280
  0.50447698883455416  0.51414031291581297  0.52380850446539340  0.53367192810381714
  0.54517747784139503  0.55741309911633008  0.56901879509412367  0.58071455852021858
  0.59240547342528282  0.60582271315081770  0.61654546896689699  0.62740543262208703
  0.63801066685033991  0.64831517979237563  0.65830567960063391  0.66791428719841861
  0.67747076112810822  0.68643576812699036  0.69606778395046598  0.70531225872617509
  0.71487078392767622  0.72477931646227911  0.73541275482013579  0.74592275566189870
  0.75540068547779193  0.76443958522665911  0.77380240844720605  0.78347895270186418
  0.79325311451645020  0.80307347830053821  0.81247079382993870  0.82210930385485603
  0.83254965940369008  0.84392294322390426  0.85586905622142317  0.86682988249321646
  0.87672722276939430  0.88647586837457482  0.89609591784891041  0.90618562298583949
  0.91723714208784179  0.92796495013192859  0.93930435829150927  0.95058503165314512
  0.96252400502566238  0.97484293867970273  0.98759329789024008  1.00000000000000000
 -0.00292779697854587  0.01279111930351656  0.02476667578534274  0.03680419113219844
  0.04817105540721185  0.06033047107183228  0.07174463484138664  0.08193423174747541
  0.09220536505143750  0.10241620288621349  0.11357707702880396  0.12424093584621061
  0.13353153066986953  0.14202236856446990  0.15110824437051720  0.16045763325964865
  0.16929239211437397  0.17816178460995469  0.18830749030011354  0.19761243001895035
  0.20670882382400629  0.21622809815568086  0.22735132669462504  0.23788175777234952
  0.24751593454672574  0.25779450558826866  0.26856428788351461  0.27895564657372052
  0.28841972078551964  0.29768134264226187  0.30744751723997654  0.31661383093272782
  0.32670113513129562  0.33589295081764881  0.34602295788452758  0.35751125536199480
  0.36921155218760554  0.38025659621341135  0.39064063771954366  0.40094047118083936
  0.41155557796471770  0.42204159068238262  0.43164177201855713  0.44217964385117065
  0.45202990324878006  0.46112603667344881  0.47038922936867272  0.48083737412099714
  0.49154598720548359  0.50189784468952570  0.51223145901119271  0.52278974873879624
  0.53318256568505529  0.54325826021131618  0.55319662843260053  0.56270181206705139
  0.57207596244492409  0.58138794441192065  0.59104083425301945  0.60128657545492525
  0.61228944823225195  0.62325694341393134  0.63423424668438555  0.64606315611713294
  0.65834328685984922  0.66962748811806305  0.67967181828993928  0.68927265086476985
  0.69859365085206249  0.70831137431955460  0.71890031894200179  0.72865338831825233
  0.73793154244889736  0.74689193318450431  0.75724296646184330  0.76909793469112364
  0.78082389717369294  0.79189997705000426  0.80110455174563633  0.81007847095865226
  0.81895369618705982  0.83010874514463329  0.84351964177072492  0.85868313449794831
  0.87271450517547766  0.88559165060387801  0.89788103291058796  0.90888060650630231
  0.92006779740563094  0.93095266036335056  0.94146205300107122  0.95201039455648295
  0.96284675411842746  0.97579283972444264  0.98796959425574460  1.00000000000000000
 -0.00153577603021366  0.00311488928540654  0.00812053684070605  0.01336262217964756
  0.01839707126278349  0.02467487341479986  0.03083979866395431  0.03663067494849609
  0.04212730769753075  0.04734504581297713  0.05257388694976666  0.05865304485628261
  0.06472005962633137  0.07098269037059338  0.07627027272338170  0.08158532690447597
  0.08724522047511279  0.09360340665770604  0.10045285548028529  0.10725287747009825
  0.11410789469130297  0.12111485721117465  0.12782608283722172  0.13518038831430479
  0.14221456861812898  0.15022694239799658  0.15930139899880280  0.16838812342977594
  0.17602650909616616  0.18306930366947122  0.19065031832042728  0.19958921802161086
  0.20815867694413015  0.21641228432153245  0.22434860604496934  0.23303329085155836
  0.24247638597266274  0.25224292673100096  0.26219351229600035  0.27254452177277200
  0.28308221361941144  0.29367143283336511  0.30356490991979612  0.31255521972307204
  0.32143144918812383  0.33041788898621183  0.34098104555046932  0.35181175588415181
  0.36466850638356779  0.37854789321472260  0.39406471318173980  0.40937298327018989
  0.42415828770860770  0.43623882365067457  0.44945126847144889  0.46084116440534667
  0.47200776350896601  0.48358252016881587  0.49528232732340682  0.50694449407306952
  0.51900217512873592  0.53435444220960349  0.55124235843296299  0.56700131473478788
  0.58082903069113434  0.59294664046448409  0.60441271945271546  0.61640239654943552
  0.62918382266310824  0.64232081390803619  0.65696276959329547  0.67246571972184865
  0.68851349777563919  0.70521022965431213  0.72273821134918736  0.73837454808029868
  0.75209521174952987  0.76522068929993503  0.77797991120606536  0.79081017540852039
  0.80521066081548986  0.81834620356356991  0.83009872771320381  0.84303269624716082
  0.85541111369885348  0.86667066597407150  0.87901446241542214  0.89315158192891708
  0.90642083192547473  0.91867725117987176  0.93038319210432296  0.94224687786011330
  0.95557295259175279  0.97056974642984872  0.98528941255815095  1.00000000000000000
 -0.00208402562059470  0.00803885318003212  0.01679941762759339  0.02633299744193889
  0.03551828412106497  0.04477274185553955  0.05378246117827271  0.06333235039866444
  0.07310830514229792  0.08342538838782011  0.09523474914682092  0.10801772826067506
  0.12044223099586641  0.13124950317006118  0.14026824883943176  0.14973976974207900
  0.15883967090064519  0.16843051302063189  0.17829782119072363  0.18868927160503973
  0.19934298196966585  0.20925895577141262  0.21840217326695791  0.22848051502383254
  0.24055292006366744  0.25254533814599461  0.26364999205411749  0.27453553741017228
  0.28530555214556319  0.29508200091790615  0.30421768358453133  0.31397890136514617
  0.32491583947942326  0.33797367434696973  0.35078858506919547  0.36302804133496408
  0.37547239596964738  0.38838905959474568  0.40020831822575931  0.41167049388132571
  0.42345263777834802  0.43623794750698081  0.44754260618058272  0.45781864297874281
  0.46696249966682474  0.47617326108328761  0.48713997490233896  0.49674178433304783
  0.50644192669336319  0.51488682243132577  0.52482553800425291  0.53482813660634554
  0.54475989797417301  0.55499300510830085  0.56556733513450375  0.57588188040623056
  0.58701774522358263  0.59748076386607607  0.60858203154330970  0.61833462245520776
  0.62840229583504559  0.63954694819126512  0.65052812830701712  0.66271408347188032
  0.67378908386335545  0.68427095242584257  0.69341019637195955  0.70139407549527621
  0.70993540258105559  0.71932658772754077  0.72961532222940095  0.74075276092718623
  0.75143091258686256  0.76079906973740308  0.76949255186171250  0.77795177487514777
  0.78693156996474667  0.79514593176644932  0.80241924458048430  0.80939714538431307
  0.81765066457116242  0.82939624323915651  0.84182837859906978  0.85445445418812926
  0.86687877041408068  0.87956287597997573  0.89302962744238412  0.90678139252577328
  0.91919738637428849  0.93022212992028919  0.94068158928753320  0.95136445054799501
  0.96308886256499171  0.97630304179294336  0.98846818507076195  1.00000000000000000
  0.03869904447710751  0.27217109820499985  0.30282362468064938  0.32124781215265635
  0.33783184412774314  0.35234856871438380  0.36509024188255024  0.37678160303102026
  0.38747119371313005  0.39719418169848042  0.40586775944153003  0.41429295033802327
  0.42278819900022813  0.43121650407377460  0.43988758245260140  0.44899275121121268
  0.45767465276436253  0.46580041850511877  0.47386760177440834  0.48193047891877638
  0.48983057116110329  0.49725964637783471  0.50409250710690712  0.51079289105158521
  0.51698140863657771  0.52258559475031563  0.52773231519821595  0.53296884699740488
  0.53865538103509081  0.54442432861745649  0.54991927251989536  0.55507106067044387
  0.56009764865697587  0.56542340535203051  0.57121694821411828  0.57727891758327610
  0.58296843975648471  0.58830873834628283  0.59330479113242562  0.59809817404160348
  0.60277628089079605  0.60751199419308544  0.61247125058128249  0.61766380999485626
  0.62322335935025297  0.62897144582841347  0.63442597392920008  0.63968844376599798
  0.64484702336150113  0.64991356379510090  0.65493663213248876  0.66008420050529293
  0.66542590470976870  0.67049340917904332  0.67516369644276308  0.67962291215500914
  0.68386619065286325  0.68830453498058919  0.69274762885164154  0.69718993225700854
  0.70190278099490311  0.70711066159959146  0.71239086408876462  0.71827612650264638
  0.72355499859262640  0.72904344552138545  0.73461936002321926  0.74039425083415988
  0.74692008742646843  0.75394703603709068  0.76027333285868304  0.76616696546830287
  0.77189013381143046  0.77770915202172619  0.78390488936751168  0.79023202585970087
  0.79555702506841153  0.80043537440958501  0.80565673047963837  0.81208275051561585
  0.81921125656216409  0.82624612611602832  0.83299928891024377  0.84001113811987516
  0.84742730107887454  0.85482093946180515  0.86274132503354273  0.87103585141729034
  0.88049657079500987  0.89164014061070618  0.90477271224194533  0.91917391711511343
  0.93272920183201757  0.94690758979228751  0.96556682979667474  1.00000000000000000
 -0.01827468642301003  0.12128650812899008  0.15277843837440852  0.17377329648197992
  0.19118705213632009  0.20568042680445647  0.21856506721914684  0.23082106560245733
  0.24204813741746398  0.25284008591503127  0.26320238649396926  0.27261459971757424
  0.28100500651456156  0.28894210613209836  0.29739614730520375  0.30521032522123487
  0.31287469023743664  0.32006941253603394  0.32723555071271743  0.33437987080539683
  0.34114792751688100  0.34791006841034994  0.35466386576347103  0.36085713081243592
  0.36685305956039382  0.37249386992616346  0.37818024583758653  0.38415135055372673
  0.39031581876300586  0.39658763623389420  0.40258104330710870  0.40838657116348143
  0.41419218128037127  0.41996480216221355  0.42558355013373517  0.43078029754686020
  0.43554862913101877  0.44111843582513527  0.44736101019401220  0.45407684547655791
  0.46042301469858671  0.46631517224464847  0.47183436930858103  0.47697798378243117
  0.48173781246999159  0.48604146297626893  0.49013806008840916  0.49480261342280663
  0.49956742133511634  0.50457093916260132  0.50945103304397266  0.51418091513374620
  0.51902275909400242  0.52416915915052231  0.52968089529192874  0.53513280493941873
  0.54058151381902897  0.54603678726550287  0.55162812280701856  0.55754487963849442
  0.56368397268954040  0.56983114211306596  0.57593725931029116  0.58223875249787005
  0.58801593311200828  0.59368018104098641  0.59895284300053253  0.60519878703341079
  0.61231468729416694  0.61969246506592712  0.62697141153000346  0.63439824502765674
  0.64232432995318178  0.65079988893689944  0.65981718531854527  0.66850727167496138
  0.67814752130437828  0.68665163707146715  0.69410730403232512  0.70076509639053963
  0.70767719043310906  0.71423429972214025  0.72122931237353805  0.72897645826793234
  0.73628215351670023  0.74307053041097626  0.74986809169322466  0.75806367109355466
  0.76738810245745281  0.77764384843594136  0.78890121470487984  0.80084501167047384
  0.81573652988752432  0.83810186362185413  0.87327458339584518  1.00000000000000000
   1.6200949720332340E-011  -1.0000000000000000     
 T F F F T F F F F F F F F F F F F F F F F F F F F F F F F F F F T F F F T F F F F F F F F F F F F F F F F F F F F F F F F F F F T F F F T F F F F F F F F F F F F F F F F F F F F F F F F F F F T F F F T F F F F F F F F F F F F F F F F F F F F F F F F F F F T F F F T F F F F F F F F F F F F F F F F F F F F F F F F F F F T F F F T F F F F F F F F F F F F F F F F F F F F F F F F F F F T F F F T F F F F F F F F F F F F F F F F F F F F F F F F F F F T F F F T F F F F F F F F F F F F F F F F F F F F F F F F F F F T F F F T F F F F F F F F F F F F F F F F F F F F F F F F F F F T F F F T F F F F F F F F F F F F F F F F F F F F F F F F F F F T F F F T F F F F F F F F F F F F F F F F F F F F F F F F F F F T F F F T F F F F F F F F F F F F F F F F F F F F F F F F F F F T F F F T F F F F F F F F F F F F F F F F F F F F F F F F F F F T F F F T F F F F F F F F F F F F F F F F F F F F F F F F F F F T F F F T F F F F F F F F F F F F F F F F F F F F F F F F F F F T F F F T F F F F F F F F F F F F F F F F F F F F F F F F F F F
  <DiscreteSampler_grid>
  grouped_processes
  1 # 1 for a reference and 2 for a running grid.
  10 # Attribute 'min_bin_probing_points' of the grid.
  1 # Attribute 'grid_mode' of the grid. 1=='default',2=='initialization'
  0.0000000000000000 # Attribute 'small_contrib_threshold' of the grid.
  0.5000000000000000 # Attribute 'damping_power' of the grid.
 # binID   n_entries weight   weight_sqr   abs_weight
    10   10   4.573475898838553E-002   1.412290695750266E-002   4.573475898838553E-002
    11   10   4.573475898838593E-002   1.412290695750289E-002   4.573475898838593E-002
  </DiscreteSampler_grid>
