  0.00369286147191280  0.01132712417729928  0.02052061327300852  0.02948156070662890
  0.03886096847875223  0.04889512013179564  0.05876309881716039  0.06957342164315929
  0.08079724835144797  0.09138321356374592  0.10208491015793128  0.11361492361499613
  0.12566204195804331  0.13739775417618494  0.14880945844767590  0.15924375981505234
  0.16891253119420724  0.17792665919481948  0.18737902161959810  0.19795814812529738
  0.20896867949279635  0.22027465443931257  0.23156230892415086  0.24304158523283903
  0.25510052857138776  0.26718670865281635  0.27815015164237927  0.28876770568378368
  0.30022738210220518  0.31289096236412617  0.32464401533727844  0.33489629805941468
  0.34443367553561999  0.35392369726902961  0.36348010550407761  0.37255295876767680
  0.38251044111597943  0.39291308320644330  0.40359344707261358  0.41413231274180967
  0.42496409146012720  0.43507390840751980  0.44363454787571488  0.45172892348568050
  0.46054119007576894  0.47235677049510555  0.48349299035776344  0.49361488777167889
  0.50319411942280634  0.51294097203222355  0.52257711378545002  0.53213760724213499
  0.54206047846633520  0.55194389667553023  0.56156818917970552  0.57068681765169593
  0.58057794493533332  0.59213799710694548  0.60285133455783724  0.61208379686067704
  0.62085452172509703  0.63086240681001571  0.64211451143508125  0.65281417964310395
  0.66350972705608424  0.67425661386319446  0.68493412973410217  0.69574507518183326
  0.70717624418334313  0.71737311570545748  0.72650674114625002  0.73501729719225883
  0.74420677245298850  0.75385657140841711  0.76419076705119393  0.77528986599979177
  0.78767800712256919  0.79830509239522496  0.80839191982667968  0.81833941726017945
  0.82884446376621534  0.83888794239322317  0.84846120425489324  0.85811958764626250
  0.86721026992414585  0.87624838785555581  0.88605350157912666  0.89677453325806200
  0.90815916979151645  0.92021112883162925  0.93118771046806037  0.94240774367594649
  0.95448430593512812  0.96770614291138879  0.98330350334596406  1.00000000000000000
  0.00736690925458815  0.01466164021936599  0.02502249024753549  0.03624447577325135
  0.04849960591121764  0.06128930262522022  0.07376331195385544  0.08635010666149645
  0.09750855353903029  0.10816375738592753  0.11887817509535961  0.13071904090112721
  0.14287629846113026  0.15478499779094507  0.16656036770306798  0.17751117144836837
  0.18814892966973046  0.19927118889656134  0.20907818772896875  0.21911707756108481
  0.22909295519696132  0.23845819200319207  0.24663088597873137  0.25542033892272847
  0.26542248697153381  0.27677146018568793  0.28688233417472037  0.29614106861421208
  0.30526164857395427  0.31497158290068006  0.32489986564210704  0.33565268740250498
  0.34765496007417140  0.35763543529391645  0.36638097848715939  0.37569006584064413
  0.38575638624453790  0.39594456968158515  0.40552010858051457  0.41505905754776673
  0.42597691003878985  0.43662719746945344  0.44576192076209337  0.45494554783718422
  0.46459168622322289  0.47379393296505340  0.48325183902220503  0.49256088501685347
  0.50256736588980477  0.51319545633374508  0.52438588218875026  0.53535507301933249
  0.54590628374931982  0.55635690728613219  0.56559089855448608  0.57493106884913947
  0.58510372186397952  0.59543029603171693  0.60719418845958462  0.61903171756741904
  0.63115984865591712  0.64295023346823776  0.65480044335336829  0.66697032180433169
  0.67910609747588735  0.69141096237700539  0.70285237213266893  0.71386797213076247
  0.72432843268556424  0.73479487116388043  0.74477875315069597  0.75478107078799106
  0.76529070482712591  0.77660649615446276  0.78784194170113342  0.79860765506487952
  0.80989298166621870  0.82086908085883237  0.83213497275267656  0.84362388302355817
  0.85491469686685517  0.86566555565192538  0.87529781671201690  0.88440939145942288
  0.89372319153346313  0.90277661124236386  0.91121623988055289  0.91960868417307651
  0.92859184106388315  0.93908016966364816  0.95088997974657885  0.96195106561430099
  0.97240423077909466  0.98225710452474069  0.99132940704801320  1.00000000000000000
  0.00377259488181146  0.01145923117804159  0.02108210210545203  0.03256077328330427
  0.04387347382776851  0.05392757895262339  0.06368376018669317  0.07340683882838822
  0.08285873002448138  0.09224204939443001  0.10190670823568367  0.11260703656397131
  0.12359967748146602  0.13442855823495253  0.14555448945990307  0.15738692876868954
  0.16899978258827469  0.18017693478075716  0.19143680927440859  0.20168333708029673
  0.21146976824881492  0.22200713908259356  0.23289260955798741  0.24369738793443663
  0.25201889473508543  0.26121014004084753  0.27079891800452843  0.28129261752699325
  0.29276870859268628  0.30397999716491581  0.31455051350240815  0.32442715793550519
  0.33566114068106462  0.34699804587532357  0.35885644534442890  0.37038450812995760
  0.38079759467453905  0.39040702567340874  0.39956359742333586  0.40873751019916271
  0.41791531143347410  0.42677816623233933  0.43603795326431699  0.44597834788962365
  0.45597007757782326  0.46590852012857276  0.47580178803470158  0.48705665184976876
  0.49866111848002792  0.51010699255460190  0.52137001626994328  0.53200973791743855
  0.54305908158141070  0.55354487909629846  0.56424670785744491  0.57476663575447307
  0.58497792221648748  0.59492472671097174  0.60493402793817397  0.61597946217232058
  0.62703934892006474  0.63764125863709054  0.64790143501159891  0.65875084718311439
  0.67022419722645066  0.68192265110035577  0.69381517705456586  0.70552527540204912
  0.71620925533575575  0.72559690449278291  0.73588738845559754  0.74609830778758546
  0.75652828214806300  0.76672726866701235  0.77624982266010600  0.78541734735531965
  0.79500827546862052  0.80508111743175814  0.81558547425600258  0.82633996692543299
  0.83717701136737876  0.84804846637225917  0.85781879229848823  0.86718125684493430
  0.87627847849637630  0.88567900164253655  0.89506172866489464  0.90540567063525701
  0.91597891853943192  0.92654904878630728  0.93607435015019036  0.94663932167548315
  0.95826880028392269  0.97173898933265768  0.98555937095347468  1.00000000000000000
  0.00542753581605063  0.02124474970946918  0.03829939956052298  0.05128926009299408
  0.06391807285325009  0.07421937998336392  0.08476106816140683  0.09480162802862346
  0.10562625517812900  0.11724947523995859  0.12848122228997463  0.13905718454940003
  0.14944962795382555  0.16038540183122560  0.17133822333049981  0.18236891963244450
  0.19361883109761860  0.20517885902756469  0.21685874038335967  0.22791355828468757
  0.23822917547556532  0.24845583683940595  0.25918753415716328  0.27064514373353682
  0.28194489630399960  0.29283801366897105  0.30368303213622438  0.31520576652731941
  0.32735698252106288  0.33820211928291849  0.34785423126053644  0.35773584084136939
  0.36797935331708131  0.37955321358215205  0.39168096919133094  0.40550510779262505
  0.41926754370510394  0.43140273990522832  0.44261010928480982  0.45318470864396959
  0.46397036303942651  0.47423419256797200  0.48561937794216614  0.49724531322200816
  0.50809525662594579  0.51837875934981603  0.52914201369230518  0.53996374269996728
  0.55000848934357394  0.56015977012073292  0.57079029303538598  0.58206736730670738
  0.59330570554792694  0.60416894780887198  0.61452036353677497  0.62571597703778947
  0.63694883444090222  0.64753311935055147  0.65681470565314626  0.66606451374913989
  0.67577868483413883  0.68686056104217530  0.69764860870155809  0.70884346488413263
  0.71867569373602491  0.72849687675223052  0.73774977888352034  0.74677849096302074
  0.75587882153551400  0.76542947446097931  0.77467827944321466  0.78316546174401325
  0.79159460255236302  0.80045267562765421  0.81058303126759457  0.82091075470414465
  0.83066947041176298  0.83989666622327408  0.84904549352520664  0.85876469690685564
  0.86866888890774474  0.87779109468210603  0.88627750827537122  0.89534773714747717
  0.90606969968092499  0.91665216863536081  0.92483420557737628  0.93295731122184222
  0.94285476118553679  0.95369215878473867  0.96360348512328897  0.97211866459209795
  0.97966925208723477  0.98665724337430494  0.99052989819730108  1.00000000000000000
 -0.00007823315153474  0.00062661058273746  0.00139345213478205  0.00265477277886885
  0.00414337611481031  0.00599837838809149  0.00827901147017932  0.01068675465785888
  0.01345335443812031  0.01650430489884758  0.01961631247246607  0.02331357436932103
  0.02781542588552260  0.03247009424997191  0.03636147743841106  0.04044407882047919
  0.04537434411149226  0.05098617222616517  0.05675667668129387  0.06272082763157268
  0.06862391505546817  0.07400209399388485  0.07891926965159911  0.08383964202444597
  0.08913679346178933  0.09513331441873400  0.10191177078559628  0.10905761816283159
  0.11642566586053325  0.12423340622211936  0.13248057382051417  0.14083188401143196
  0.14944728619547623  0.15727226520082485  0.16499599990259087  0.17254408275982114
  0.18001795836344472  0.18793456453976989  0.19672119795083590  0.20529296548641759
  0.21412628726622610  0.22318204401826414  0.23247419606606481  0.24218140705747765
  0.25124532161742930  0.26031277628708710  0.26992823239630381  0.28016631835764161
  0.29117818438962378  0.30323008112186062  0.31434659524887287  0.32461482868964558
  0.33646478827144488  0.34834856956904953  0.36015015437931641  0.37182682697062153
  0.38332883192139622  0.39485599410683392  0.40631748786126859  0.41745788602292994
  0.42871604616829934  0.44065730096053563  0.45273994275934909  0.46469594921583796
  0.47670815988215376  0.48925896454140611  0.50317358317313121  0.51759169952403217
  0.53077077925917648  0.54389986672557289  0.55767104855203709  0.57289166365434274
  0.58897920602343679  0.60484554191131112  0.62018976850036889  0.63512735479557936
  0.65013714789390731  0.66589128519850238  0.68207596572662077  0.69834001424714931
  0.71486842435993025  0.73170647815605572  0.74858741168221410  0.76616552240413216
  0.78454248659174963  0.80318317215341495  0.82159498327210112  0.83978789322470782
  0.85793980982782492  0.87647704623020062  0.89484446817264596  0.91472861597322042
  0.93537620772445962  0.95636794381063961  0.97770036430228791  1.00000000000000000
 -0.00280009759851081  0.01207472378618215  0.02293517831608680  0.03461710322253468
  0.04616175696616345  0.05776225015727513  0.06856187445084755  0.07969969820727364
  0.09113341754014853  0.10325005257098827  0.11502127850095671  0.12610977644857468
  0.13427797218021209  0.14302542236404253  0.15133101197993715  0.16025966301869687
  0.17013729544575365  0.18046527503299289  0.19066906417472756  0.20184331980346942
  0.21270307501848670  0.22272993494254278  0.23221798328657223  0.24147225967063846
  0.25194427946577758  0.26269927658206138  0.27296529887363791  0.28280249876686636
  0.29365432944609321  0.30455561272140225  0.31341496975701011  0.32137684228249008
  0.32934598022692640  0.33948623025100555  0.35020556774620321  0.36035531465147919
  0.37005752389418162  0.38083282072933172  0.39335340781752287  0.40551890722540679
  0.41588626504695364  0.42606367246622384  0.43594328335621491  0.44597741343973696
  0.45685520327090529  0.46831877329654459  0.47908327982978571  0.48869914283175264
  0.49827812681492983  0.50801562768854169  0.51855687361422054  0.52972874961375793
  0.54161241324013309  0.55312570927282612  0.56389187644971994  0.57456521918870096
  0.58605778560566124  0.59851555097768061  0.61102576277548926  0.62241919446170679
  0.63283695815782326  0.64311011212705149  0.65232841071079173  0.66233844939404773
  0.67130248671021386  0.68061392738995163  0.68974800952541049  0.69830053131103842
  0.70702443542312787  0.71615811523789041  0.72669963690952122  0.73752351991697040
  0.74753567941737953  0.75716375113101431  0.76701075958116249  0.77678111005455652
  0.78693417997244508  0.79888532862227246  0.81196592056251693  0.82404228752663677
  0.83475477313968849  0.84401913829003050  0.85280911871989196  0.86163052874018464
  0.87039543906075323  0.87943323197533008  0.88826962088570727  0.89747781836642604
  0.90838016473227046  0.92066344792578281  0.93359748507917839  0.94540930097343279
  0.95671540994105941  0.96895421571145823  0.98308083150903258  1.00000000000000000
 -0.00242367569896940  0.01134897794233891  0.02325832880112020  0.03481054121334008
  0.04580683782765539  0.05668358787150143  0.06904639792301050  0.08079720217405852
  0.09146180624817830  0.10271975244806505  0.11622312454702192  0.13112620523985477
  0.14298919510672642  0.15379457893983955  0.16379768004002029  0.17332765568145908
  0.18417132141314177  0.19597500087780190  0.20733823356428993  0.21794324966114573
  0.22821886456853810  0.23855675193164005  0.24945958913076555  0.26121088585846597
  0.27319039375917570  0.28382584186745596  0.29477711078860358  0.30673754814750454
  0.32084292695040012  0.33401069210991746  0.34663545204642365  0.35918238011289250
  0.37106538361533276  0.38214072829749418  0.39368708442166356  0.40555675701580685
  0.41733882540727446  0.42869926892878746  0.44001952277000056  0.45062647054182581
  0.46076480052432406  0.47112432090672640  0.48046082819677755  0.49014781052953094
  0.50060454959338430  0.51340343705672575  0.52528592274392250  0.53590600189900828
  0.54604925429498397  0.55644009677295447  0.56603957897744517  0.57537078463731939
  0.58428834761002557  0.59516555300940943  0.60555047270202289  0.61372573151790888
  0.62163693421700117  0.63028587419724535  0.63927106153930802  0.64869042557771384
  0.65758307456958431  0.66601038450575867  0.67565104297637846  0.68715734200506595
  0.69927128667516281  0.71274489045471801  0.72505767841938107  0.73568540371642299
  0.74542237031160807  0.75652683691748168  0.76790470957736001  0.77947284562387353
  0.79143967384073421  0.80487837439191090  0.81540910711504588  0.82310199280279905
  0.83091079939273249  0.83902420355849927  0.84709908190015248  0.85456094629718282
  0.86255848308477356  0.87057483552308490  0.87896824395354733  0.88742205157440213
  0.89597190670793603  0.90617718871686725  0.91670313486975541  0.92730380978738602
  0.93706550103709441  0.94596483057513459  0.95418912077625084  0.96250564639704062
  0.97145624352584958  0.98085993038358410  0.99077407241186644  1.00000000000000000
 -0.00241059950337542  0.01036430608767359  0.02181875584521847  0.03409125226125878
  0.04535756571708416  0.05493214844910814  0.06436273993417740  0.07423038619236907
  0.08405955604044744  0.09327427201771096  0.10247437864137998  0.11327909647466841
  0.12403972920131787  0.13378118152642285  0.14301392158069162  0.15186833044804932
  0.16088616758798388  0.16969485514872695  0.17891913779409110  0.18833137930744462
  0.19833459124376490  0.20919677092960073  0.22006788077857695  0.23044950496895236
  0.24092319251000474  0.25209844018027899  0.26419635696623117  0.27615099656410697
  0.28868242270901689  0.30055868813577152  0.31185818625377254  0.32329845605336827
  0.33462244402351571  0.34617533883482016  0.35772562183855378  0.36812977830982591
  0.37763462224207534  0.38696650303686209  0.39686450364181775  0.40751567798776589
  0.41847679600869986  0.42976366141212219  0.44041352981256376  0.45064945039607801
  0.46081057687544436  0.46954599932867741  0.48103889222683671  0.49234138583982001
  0.50399968355330393  0.51581511626134058  0.52779209119834702  0.53941236244516433
  0.55072200249864689  0.56246563097749636  0.57445533832509688  0.58557680670577394
  0.59558414706601637  0.60519462973557148  0.61520936537156723  0.62605591037641062
  0.63699635226609697  0.64834639449071962  0.65968605666486257  0.67098011158909943
  0.68184795496520534  0.69237327619085864  0.70320064662885240  0.71425778175591659
  0.72462058570924504  0.73402073699463799  0.74279695252483813  0.75187428858511507
  0.76157872338955634  0.77145164636119223  0.78146480807304064  0.79146134489490383
  0.80124205262570425  0.81088546202430067  0.82105282256999890  0.83133102796429026
  0.84083773109889526  0.84964477501098667  0.85840122819685605  0.86776696734788583
  0.87746989131369446  0.88692562392622953  0.89706606916227338  0.90770644529496336
  0.91838717726023034  0.92854011748953369  0.94025564428651442  0.95410001962900293
  0.96694378498687050  0.97810493075618421  0.98929402347959949  1.00000000000000000
 -0.00303129631693241  0.01149079994303155  0.02454630136451470  0.03950549841215510
  0.05443552119338904  0.06785674444346373  0.08036314269863069  0.09279312351656624
  0.10673753770763295  0.12245631145173046  0.13874055775712543  0.15319115809942266
  0.16712016449142614  0.18063038043686364  0.19375713962118365  0.20642446865295394
  0.21961619077204481  0.23289817659293705  0.24597037338418090  0.25902760884746251
  0.27169150182290230  0.28403623399483896  0.29517108681141929  0.30683588776802578
  0.31694254660541965  0.32672587856836288  0.33640298589496109  0.34731800634615567
  0.35972654214163602  0.37294455836227575  0.38368421501962763  0.39361066193567112
  0.40356322326230143  0.41377600336986181  0.42444271893338398  0.43589674048971555
  0.44853840547160967  0.45964646349801641  0.47025997942621062  0.48076587574924551
  0.49144087699800049  0.50150377635822041  0.51075375639883425  0.52001782444810118
  0.52952216902494464  0.53917683060701227  0.54885646985086800  0.55826467348571152
  0.56751332251268627  0.57656545891749145  0.58598973404730292  0.59621845137051854
  0.60596788388432010  0.61518879911150204  0.62497114836583623  0.63700649047733515
  0.64933533259524812  0.66111155949586309  0.67301124604289486  0.68513626753531442
  0.69635799380791308  0.70600146549358178  0.71503016506503303  0.72342877312231646
  0.73191786656902169  0.74012367113699673  0.74856535023871174  0.75619133405926697
  0.76390928904497912  0.77181129376787683  0.78051661036360920  0.78951885695244861
  0.79757501495547489  0.80486486784550904  0.81259970425308636  0.82178235287100942
  0.83202757672520078  0.84226289564950962  0.85232986738251348  0.86143290201844402
  0.87087115471357379  0.88032558617873991  0.88969292026250413  0.89980999436980602
  0.91027442828227578  0.92062373544170484  0.93075995765175146  0.93975799295222107
  0.94801662098165806  0.95586817079854491  0.96302406831862997  0.97056642145965832
  0.97831377071865588  0.98594622235022300  0.99275995362327929  1.00000000000000000
 -0.00256108271833491  0.00972160583688868  0.02220864756794723  0.03521061629843815
  0.04789741880981331  0.05927282307203659  0.07075021184823342  0.08019613475450298
  0.08846058638343773  0.09602540720997216  0.10386850380871826  0.11206471964738017
  0.12026704801610036  0.12874111988511225  0.13780270363059319  0.14770046506088669
  0.15845797497917552  0.16932320321640329  0.18072766504525090  0.19336905459740714
  0.20747680952998057  0.22115745364264680  0.23280219090593429  0.24380660155010986
  0.25461706600553291  0.26619934015212210  0.27813381618610888  0.28982871145401384
  0.30265943156495040  0.31463972162383602  0.32680308594585683  0.33852410390878562
  0.34929339065338594  0.35982394894310110  0.37025689241941817  0.38143581352784811
  0.39270375156153148  0.40395479896642994  0.41505743674112811  0.42646800220470393
  0.43812893348910070  0.44999657672711613  0.46074409073405453  0.46996998546321483
  0.47880073620621905  0.48721003719707762  0.49508919865720130  0.50264666146341075
  0.50968240877265136  0.51707970141335791  0.52523734603069228  0.53419869820233024
  0.54396863967711739  0.55421426216513958  0.56505822474286593  0.57666424912081227
  0.58885318523089680  0.60177027754536638  0.61437296002116881  0.62481688671806956
  0.63510281919400147  0.64482141809516880  0.65496004222196813  0.66483757343636307
  0.67418059094737248  0.68342990248646696  0.69271757494646624  0.70212090152530848
  0.71258660641248084  0.72394917213840071  0.73548743562380314  0.74566409770510411
  0.75418979480780557  0.76274879303580667  0.77199484200925383  0.78157412596278486
  0.79152080614935560  0.80106975249627577  0.81046144304534595  0.82011034582372344
  0.83011568249657675  0.84033004114377574  0.85085496185229992  0.86179569240235099
  0.87315387287568413  0.88662712965011747  0.90004160027782842  0.91167552206783931
  0.92224456212976302  0.93204835026323352  0.94222233181840065  0.95318442676916304
  0.96560805510281922  0.97791313552789239  0.98941255816036577  1.00000000000000000
 -0.00179790003674926  0.00739085663421088  0.01562033793401660  0.02436030093991176
  0.03247112561755366  0.03999463161879026  0.04795125595745611  0.05636061557872379
  0.06482425604377992  0.07364235070887330  0.08311656272144084  0.09285783385411372
  0.10232459593854398  0.11129020749576787  0.11985725152952673  0.12940478012461876
  0.14095447695510357  0.15377069094236948  0.16825457871389427  0.18174257388447487
  0.19237314127703820  0.20174232326414898  0.21091570726017619  0.22004048048247918
  0.22852812940303532  0.23656753548706980  0.24423318399032420  0.25400219629469450
  0.26593355746670788  0.27784970048559476  0.28936463431947834  0.30066288194479912
  0.31201118926986138  0.32262915697887795  0.33230765692343028  0.34186405771321887
  0.35148505958744564  0.36157346479475000  0.37093167921167813  0.38080623312528594
  0.39122280145479987  0.40264789064720197  0.41453098885440404  0.42689600952691209
  0.43903895654649888  0.45085473293205741  0.46285020754786849  0.47452593305187890
  0.48763936054836465  0.50041423440625721  0.51419891582870181  0.52703763930592362
  0.54001010643213665  0.55137579748990884  0.56286051254281877  0.57485330278143365
  0.58647876230917517  0.59733473725199460  0.60863892641811135  0.62025479456194132
  0.63162641687983057  0.64208442109174291  0.65136928158636742  0.66068062425067542
  0.67065025535934686  0.68116043008893512  0.69111354705143113  0.70043732598050956
  0.70936669507944938  0.71935101104263177  0.72989763455201884  0.74117099717131008
  0.75231545072238470  0.76309171339117943  0.77396808576548826  0.78597698468286525
  0.79725628476325039  0.80717178825477343  0.81664629631458907  0.82675232789846076
  0.83762387425191664  0.84994429085621859  0.86314019631415573  0.87714918182779145
  0.89017484754536647  0.90278532106091791  0.91462951770296352  0.92514198994128460
  0.93467843029929454  0.94355581085470142  0.95236550392956110  0.96163139290553057
  0.97086639029296173  0.97999823576665268  0.98974292995993718  1.00000000000000000
 -0.00176586606141505  0.00922697803876079  0.01909051131767112  0.02956926847836651
  0.04011499965340389  0.05085969099700977  0.06209691006183128  0.07354963995758111
  0.08577435161973182  0.09825375467793393  0.11020551741240037  0.12035736218781498
  0.12923405016206660  0.13761960025875014  0.14580053460758466  0.15506688428408630
  0.16544658055774317  0.17609508667170731  0.18598098186227002  0.19635333137976327
  0.20772074306306942  0.22026177907212000  0.23315061951018676  0.24578348387644861
  0.25792527587813696  0.26998809412780089  0.28183494771990697  0.29406202087839706
  0.30686445691049907  0.32034081530828307  0.33560956584587343  0.34824322473764818
  0.36126758923320745  0.37216940507642349  0.38200680958417721  0.39191216801732076
  0.40095101741589267  0.40966533130725263  0.41855599044770675  0.42714896202279262
  0.43655133487619507  0.44559613493010003  0.45385103357809653  0.46340311448102289
  0.47376010689217996  0.48638267738655738  0.49917274785909083  0.51172815128175342
  0.52363248614618407  0.53517731140965208  0.54692893796100950  0.55922322208256392
  0.57117602402400813  0.58259204564379008  0.59346441461047905  0.60388527962493865
  0.61446965567197787  0.62558331769897291  0.63687900357946281  0.64739726287368926
  0.65751402477190779  0.66769098207454369  0.67827450984061455  0.68919944609544481
  0.69994625116329379  0.70983325728537638  0.71948979172018701  0.72997200749067570
  0.74120142305612025  0.75241382206956697  0.76329918823631626  0.77355188556965460
  0.78332616460891369  0.79304541743106549  0.80306856737578725  0.81212000562986242
  0.81949471855148537  0.82617396200154902  0.83451516956328697  0.84312553852176919
  0.85151036477926345  0.85912332835245431  0.86704142933642325  0.87573550047691917
  0.88644018733825625  0.89754643606625450  0.90938785387885102  0.92091150744877326
  0.93182098874080233  0.94288060776980209  0.95296969770815654  0.96214918322905718
  0.97083130825692032  0.97956400056712800  0.98990381705009756  1.00000000000000000
 -0.00184964604422398  0.00501185646978711  0.01187651510014171  0.01838328663233447
  0.02462707487193439  0.03103658902588454  0.03829765827162834  0.04585445316625977
  0.05347941577868271  0.06063488461870723  0.06745056944760629  0.07408545654072883
  0.08061135981793163  0.08786963672208924  0.09524070665378007  0.10277865276993724
  0.11059948699503461  0.11846177032968153  0.12586336386713859  0.13333794152769612
  0.14014447969298377  0.14738172031558650  0.15483134637943838  0.16239756929090385
  0.17005616457699377  0.17798491462085958  0.18600449460315993  0.19407423694090103
  0.20255957285772264  0.21084411512194759  0.21859827571211934  0.22657185843844327
  0.23482705227275255  0.24314377417403121  0.25116231024709912  0.25899064354046053
  0.26687652434781672  0.27503919792153048  0.28225902659742480  0.28959614093652786
  0.29639640742480777  0.30392852334831999  0.31157970643820004  0.32028147805090873
  0.32854011450545267  0.33730511098581739  0.34642767051593437  0.35518713559394471
  0.36346637508906637  0.37158965239813080  0.38036227840558245  0.38977729173034109
  0.39938713600783593  0.40891543392683222  0.41856740793400238  0.42785023659516991
  0.43758067374618381  0.44802147847387008  0.45879448430755887  0.46860482004398768
  0.47986692404042225  0.49167258922105833  0.50264370957762161  0.51240452691173899
  0.52292292083309866  0.53500186444433906  0.54735527991707034  0.55947148017058024
  0.57261308756445528  0.58560435368665587  0.59697741763460344  0.60815665627868032
  0.62047386308600960  0.63321801363532870  0.64733627740086486  0.66563422052321941
  0.68553147736613418  0.70399809691804949  0.72164450884471187  0.73924546826650261
  0.75511427144737775  0.76888835458664007  0.78268798759369351  0.79784089080834020
  0.81344835116768044  0.83120429090264536  0.84820498685764367  0.86378716207432760
  0.87816646549119137  0.89181827472996134  0.90888151572857556  0.92660630932933030
  0.94550182238855629  0.96447656398102743  0.98253196992842351  1.00000000000000000
 -0.00222813838497527  0.00822455323693885  0.01814274491184151  0.02879545109479892
  0.03936467929585855  0.05018470521936703  0.06221218164334530  0.07649534487261890
  0.08881733791161633  0.09958005882799209  0.10965457421112722  0.12035982649905416
  0.13098426666400476  0.14089367370827210  0.15132279619753697  0.16267501373618917
  0.17402987928869557  0.18544611585883267  0.19642826266377991  0.20733141001076663
  0.21830779258577526  0.22944781718050072  0.24096556711499068  0.25228933270322473
  0.26290208939546400  0.27459221556317415  0.28719065359772861  0.29846396178148304
  0.30908402131975599  0.31996739202316038  0.33116130891886075  0.34215256850844306
  0.35358830344949282  0.36605904198416744  0.37827255689986650  0.38962739446315309
  0.40047278333149200  0.41111776085605262  0.42151453075619749  0.43177345143024004
  0.44338881843387323  0.45579949644268819  0.46834336988779562  0.48060834587816026
  0.49262183799211884  0.50416823879524864  0.51486199291619295  0.52475518317223302
  0.53372333995392762  0.54190864428064489  0.55025529495701198  0.55865493660957910
  0.56706664314245647  0.57563043358463495  0.58428770054365731  0.59534414539079084
  0.60562773856275876  0.61491675684460101  0.62430251335845099  0.63431865019108535
  0.64457282297468821  0.65465630689218723  0.66442564439387375  0.67462020720387572
  0.68531788888506362  0.69437897469282717  0.70393447112140539  0.71359142385890773
  0.72397713748386205  0.73446321016479654  0.74488210445230585  0.75460748676277301
  0.76408806111989092  0.77381849576527428  0.78417158718008806  0.79483884900627610
  0.80541323065043369  0.81555047265583702  0.82464306090061279  0.83296309872616026
  0.84055825054454492  0.84832813253796935  0.85712364744007641  0.86665331605292650
  0.87653640235908747  0.88692455937294934  0.89692506655823889  0.90788447646237280
  0.91876989958517763  0.92955897878503801  0.94067089370586632  0.95261357437960947
  0.96423655794008456  0.97645583742332498  0.98805067376173006  1.00000000000000000
  0.12803441138891655  0.24695204860828232  0.27647277120553365  0.29486950980022647
  0.31094015591749480  0.32522746419735227  0.33834914577498715  0.35075954525672043
  0.36176322360124286  0.37188862426884878  0.38132000336388128  0.39021783464321103
  0.39912967568365793  0.40737216908783175  0.41557810191878625  0.42450844574355828
  0.43332289612418051  0.44179966157787776  0.45065086293674139  0.45873929284511039
  0.46642637012017180  0.47375852442333771  0.48071142650021093  0.48766716959208312
  0.49505791593789517  0.50215156899215629  0.50825470094073677  0.51381682033770149
  0.51946109333184753  0.52518576716792831  0.53110617961513951  0.53669718412027057
  0.54227255814785769  0.54731109346527518  0.55262193841272866  0.55830649144039335
  0.56471992235648361  0.57131036729676354  0.57789408787308172  0.58416606708005903
  0.59053760566728164  0.59712544742333862  0.60362697969249590  0.61034592742015925
  0.61752774974198077  0.62489111465713076  0.63134997723515640  0.63703857974557998
  0.64273316718106310  0.64852399142444328  0.65460578733735131  0.66082202094341524
  0.66699108873169266  0.67342488240300880  0.68001523608631698  0.68624673359805699
  0.69193371280139959  0.69746055749311631  0.70263114639878177  0.70784628406032302
  0.71330499815521897  0.71903469396434549  0.72557115421885121  0.73207134815355390
  0.73860632303471729  0.74527193516879386  0.75175268716505894  0.75814819413654122
  0.76427882371565081  0.77068578371094043  0.77755143490612499  0.78519510934383319
  0.79305368509746044  0.80099151167357385  0.80875602533443558  0.81608050386238906
  0.82295258573324914  0.83001098841362386  0.83688244109185383  0.84377225521211663
  0.85015415183044263  0.85624612068797679  0.86207045279257433  0.86826346206096261
  0.87546566127285141  0.88361779703382626  0.89222039251856711  0.90092503077238650
  0.90940177738670769  0.91732503810042976  0.92498659888193335  0.93322071936008044
  0.94360735155661368  0.95749226899404649  0.97428394675895080  1.00000000000000000
 -0.02049094170878333  0.13982648964806479  0.18716447306221429  0.21843951828038466
  0.24690405599770379  0.26764233571620577  0.28655037020531787  0.30308355727503666
  0.31898771366872503  0.33454315223280590  0.34780682267534230  0.35967398401747269
  0.37129224077160511  0.38257561950779423  0.39309182372451534  0.40250736430186446
  0.41195676888155369  0.42169900944554883  0.43090371227896979  0.43909329745258130
  0.44687060658889194  0.45516715228475946  0.46308613438497276  0.47128084755225086
  0.47874895723807587  0.48567263544792411  0.49319019658114732  0.50091554854102049
  0.50884617235806495  0.51678452605191705  0.52390904113665582  0.53057764650263206
  0.53727269101776909  0.54403920587389598  0.55075609267063153  0.55736884445540147
  0.56379870595614923  0.56887362356266258  0.57495938692141890  0.58123067822311769
  0.58699622748046221  0.59204515960235593  0.59693965135362792  0.60190945241388072
  0.60694090707923387  0.61184645878469179  0.61663719030081754  0.62156475520729415
  0.62654081497574199  0.63173220985886880  0.63662926011977372  0.64134200989543044
  0.64628369617916837  0.65166556669375741  0.65765471625392602  0.66410402487202436
  0.67054776022180163  0.67619419968680539  0.68132605110104583  0.68648761606913844
  0.69134865224368580  0.69681228469725331  0.70177595199562515  0.70680565630931391
  0.71188234647824145  0.71711543748112005  0.72259268083689310  0.72818683444478161
  0.73390600480345369  0.73931704473137039  0.74479846131117733  0.74985522869947352
  0.75447606494822617  0.75910735585213951  0.76411666091792030  0.76909910434921358
  0.77422735306613644  0.77954141555366274  0.78491031635130337  0.79046818626166271
  0.79631747610328896  0.80227871135514617  0.80831346692015149  0.81472328703626351
  0.82201140139490392  0.82998986635641181  0.83824398893040764  0.84616057079005147
  0.85425834753468199  0.86349661807853062  0.87447839895391444  0.88721439587526330
  0.90140454290129590  0.91773467047011592  0.94080953739040007  1.00000000000000000
   2.4958175011955808E-008  -1.0000000000000000     
 T F F F T F F F F F F F F F F F F F F F F F F F F F F F F F F F T F F F T F F F F F F F F F F F F F F F F F F F F F F F F F F F F F F F F F F F F F F F F F F F F F F F F F F F F F F F F F F F F F F F F F F F F F F F F F F F F F F F F F F F F F F F F F F F F F F F F F F F F F F F F F F F F F F F F F F F F F F F F F F F F F F F F F F F F F F F F F F F F F F F F F F F F F F F F F F F T F F F T F F F F F F F F F F F F F F F F F F F F F F F F F F F T F F F T F F F F F F F F F F F F F F F F F F F F F F F F F F F T F F F T F F F F F F F F F F F F F F F F F F F F F F F F F F F T F F F T F F F F F F F F F F F F F F F F F F F F F F F F F F F F F F F F F F F F F F F F F F F F F F F F F F F F F F F F F F F F F F F F F F F F F F F F F F F F F F F F F F F F F F F F F F F F F F F F F F F F F F F F F F F F F F F F F F F F F F F F F F F F F F F F F F F F F F F F F F F F F F F F F F F F F F F F F F F T F F F T F F F F F F F F F F F F F F F F F F F F F F F F F F F T F F F T F F F F F F F F F F F F F F F F F F F F F F F F F F F
  <DiscreteSampler_grid>
  grouped_processes
  1 # 1 for a reference and 2 for a running grid.
  10 # Attribute 'min_bin_probing_points' of the grid.
  1 # Attribute 'grid_mode' of the grid. 1=='default',2=='initialization'
  0.0000000000000000 # Attribute 'small_contrib_threshold' of the grid.
  0.5000000000000000 # Attribute 'damping_power' of the grid.
 # binID   n_entries weight   weight_sqr   abs_weight
    31   10   6.022012925837070E-001   1.462696119576840E+000   6.022012925837070E-001
    32   10   6.022012925837058E-001   1.462696119576832E+000   6.022012925837058E-001
    40   10   6.022012925837070E-001   1.462696119576840E+000   6.022012925837070E-001
    41   10   6.022012925837058E-001   1.462696119576832E+000   6.022012925837058E-001
    43   10   8.667116351329298E-001   3.134814594421934E+000   8.667116351329298E-001
    44   10   8.667116351329275E-001   3.134814594421914E+000   8.667116351329275E-001
    52   10   8.667116351329298E-001   3.134814594421934E+000   8.667116351329298E-001
    53   10   8.667116351329275E-001   3.134814594421914E+000   8.667116351329275E-001
  </DiscreteSampler_grid>
