  0.00243375529162618  0.01357441098582228  0.02737550372235550  0.04148688397912708
  0.05285552095911501  0.06280914456499390  0.07258930104165191  0.08366170972439653
  0.09769606798137287  0.11134506615775368  0.12433285256960686  0.13616245221566686
  0.14688346776577230  0.15732608811080034  0.16877032826993416  0.18042908857849016
  0.19090193162522759  0.20150233410983029  0.21252012024245623  0.22481085331491665
  0.23478677696148956  0.24558475903213109  0.25581985090126402  0.26579374352676022
  0.27752480798385981  0.28941206247909629  0.30230307142762930  0.31292007231618080
  0.32321704333066087  0.33223793509659377  0.34181035621037942  0.35164906281469294
  0.36145598227512415  0.37177749584082814  0.38255101765015387  0.39142581203775784
  0.39947121055601320  0.40869359880312123  0.41905112540184863  0.42726372731672740
  0.43518661592934732  0.44306462562494880  0.45094005524756026  0.45765198671326718
  0.46458902554461984  0.47232795316984144  0.48192429039563861  0.49150203435301676
  0.50143715083675566  0.51339839740858928  0.52764723836050309  0.54041581515146064
  0.54827628644555748  0.55516379511229075  0.56219734691245427  0.56994596364964178
  0.58087660374608308  0.59237326116349243  0.60517646293983962  0.61694409625822555
  0.62795395361676065  0.63700918166837328  0.64822848648960574  0.66141812766975105
  0.67362631639179482  0.68377024538677467  0.69322830647498745  0.70244653734446716
  0.71174081060489369  0.72133348936105046  0.72902403823403616  0.73642856752054653
  0.74455043968993972  0.75358518298483923  0.76901009251760122  0.77954481594517566
  0.78924065196106030  0.79808330363365554  0.80761216179212603  0.81827857632230261
  0.82932875176389032  0.83962188682606231  0.84984867466093850  0.86154061349402089
  0.87452746500643819  0.88869251055414789  0.89966334571225570  0.90981032562168451
  0.91924355133248947  0.93001840161856120  0.94143051023367563  0.95386511879558700
  0.96691784965516914  0.97791417107581680  0.98943135698509965  1.00000000000000000
  0.00642461337086386  0.01902270252629309  0.03555955080531120  0.04972469327949921
  0.06104232793298769  0.07179005178560774  0.08311802659110543  0.09438793781974399
  0.10446081794448513  0.11235723579327155  0.12070801635366547  0.12990159293455331
  0.13654647003288889  0.14103303843665038  0.14568910576525995  0.15072793692889819
  0.15834283851880518  0.16593275637243021  0.17715933564680775  0.18713004411234505
  0.19684514520376953  0.20645557546472718  0.21552951106507695  0.22525524026523258
  0.23687433323110005  0.25059717877565302  0.26531087007047621  0.27970636528857329
  0.29232592356621340  0.30076824940596658  0.30964095643691708  0.31841589899353340
  0.32755394439581870  0.33715838414212879  0.34550826721720646  0.35270396465178921
  0.35915140620565761  0.36464513622859845  0.37030265109302063  0.37821568823080109
  0.38703815023626487  0.39883431047312617  0.41603832173485306  0.43041385631594203
  0.43941761668724411  0.44855513217228393  0.45805420713411671  0.46911404509935811
  0.48141341071878468  0.49294368682297712  0.50544862806738700  0.51850439617623256
  0.52951142282133112  0.54061963915471190  0.54984981357514717  0.55901386024777877
  0.56694983295935819  0.57420793711051044  0.58146474319471764  0.58987556212673864
  0.59926056846861131  0.61360545466875627  0.62686794861017814  0.63890199191089181
  0.64785801508980734  0.65676112496311045  0.66689953215332309  0.67432300034506709
  0.68471040214806000  0.69567148580051841  0.70722155270023901  0.71698278818854289
  0.72548783199625688  0.73301372755880245  0.74002965417719924  0.74722993129689319
  0.75460185057813922  0.76266583801222021  0.77171742108288455  0.78245606116436461
  0.79496887949416861  0.80948118644479039  0.82552579159101058  0.83970676704318736
  0.85276811391295526  0.86525227668794813  0.87887512159084802  0.89302534811479140
  0.90563518956440614  0.91800477931032676  0.93201282936297347  0.94809931857448715
  0.96436884997286954  0.97788499766607795  0.98942926993144498  1.00000000000000000
  0.00373469378177746  0.01099536411083186  0.02046239985032916  0.03210804743714545
  0.04473233653704541  0.05699803144454765  0.06947861505101360  0.08284913684662218
  0.09615462281547310  0.10990982869502981  0.12362696933448310  0.13652241267969051
  0.14757462371812480  0.15677004129391897  0.16539767116541448  0.17324012596688854
  0.18021896173835036  0.18782189512181613  0.19662614196530634  0.20513962234642777
  0.21299883335489758  0.22086166732274370  0.22632763600814726  0.23354896946467901
  0.24238777882831264  0.25302485735223817  0.26512028636398649  0.27617579047806956
  0.28805216073439632  0.29661489349215564  0.30457101532802433  0.31269311195656030
  0.32119565541277323  0.32939668005625489  0.33839503781568131  0.34650366282842532
  0.35502639042464545  0.36644715179634407  0.37867663217899300  0.38871171511900299
  0.39862358810516135  0.40932749288322062  0.42128792155559558  0.43241432789958467
  0.44245873145526970  0.45202603652611567  0.46217590647330814  0.47091276708869362
  0.47840162123672747  0.48577594617061809  0.49282940627367788  0.50154868696693866
  0.51161330934774407  0.52096651142572892  0.53009190483649071  0.54001011504911889
  0.55066061635498020  0.56284428477117820  0.57284518276900309  0.58197700213221604
  0.59148912378743312  0.60114406576331703  0.61210778626727047  0.62657209275875259
  0.64533742166531927  0.66293794421956165  0.67753523679386141  0.69044183627619649
  0.70287607628199666  0.71650699701365372  0.73079593481599603  0.74357937105788274
  0.75532194655922624  0.76681562158847194  0.77788860392188797  0.78964371692550417
  0.79945551202236509  0.80847737934500197  0.81703746251104015  0.82479982015558362
  0.83392550454687076  0.84377591290668441  0.85384626241667860  0.86574421224703724
  0.87680045539640317  0.88845701922643550  0.90051494317209280  0.91167707225828531
  0.92189160348153454  0.93189365115336031  0.94023728914849025  0.94751686920548539
  0.95703109319289370  0.96769289741086362  0.98139712768727794  1.00000000000000000
  0.00694900429608839  0.01761977147114329  0.02854274283362902  0.03823940183159148
  0.04847916379662251  0.06030786398982504  0.06822850965460156  0.07499791841103934
  0.08166640101521880  0.09015615516885442  0.10095880943226009  0.11163644399570899
  0.12283928090850459  0.13692986361519460  0.15176080618593160  0.16539758864918130
  0.17811286075934404  0.18960731910489095  0.19886716488225781  0.20693762926712589
  0.21514963188854630  0.22467879343863026  0.23403167777369729  0.24342660194960308
  0.25326004521174023  0.26502242951129767  0.27550159567870647  0.28293843513283412
  0.28924635533282778  0.29540527675631312  0.30362276593888166  0.31331748923529207
  0.32154367075273860  0.32839169102249638  0.33551033482984122  0.34505279935988770
  0.35558978324569213  0.36570255868956081  0.37529293763648497  0.38543066514378316
  0.39729201269935921  0.41057678254374846  0.42536261255255753  0.44027622093276730
  0.45542802338503985  0.46977949854005413  0.48150744292424669  0.49118876471536788
  0.49887180765434935  0.50622203098563290  0.51468217264414973  0.52617202478553182
  0.53902553609303760  0.55022019103062880  0.56001806373447582  0.56846768611675635
  0.57694587322687485  0.58715325386375061  0.59871740532457574  0.61178797805033225
  0.62735358318310519  0.64451846433086235  0.66054256540081846  0.67392706306362726
  0.68610262089746754  0.69666468734662268  0.70527728561113279  0.71526627973303836
  0.72672548122032699  0.73874374728940406  0.75312405618355982  0.76517933584022069
  0.77496007980204129  0.78412200440090385  0.79406953648361733  0.80547740190563399
  0.81635641404332571  0.82345246101341307  0.82967188641558609  0.83608708789096697
  0.84268331732523483  0.85055132419550317  0.85858727839222948  0.86530992758681391
  0.87236499101061560  0.88101972539847651  0.88968713340707262  0.89894946849742630
  0.90930450627682091  0.92056498097935113  0.93193130874881702  0.94419130093911818
  0.95688446090666890  0.96954449979295587  0.98149243185688584  1.00000000000000000
 -0.00006629843091440  0.00065748372015360  0.00144157243979675  0.00237731918050372
  0.00367929013945384  0.00541901499463464  0.00728296548984497  0.00907312472091991
  0.01133354490200433  0.01385620684016993  0.01675947597485863  0.01945602687117673
  0.02189267997956085  0.02446425296756054  0.02721699322196300  0.03028757829449219
  0.03391100956232078  0.03846308220008411  0.04423461981290343  0.05018131205658836
  0.05628843220395783  0.06159186311078604  0.06693284617202407  0.07250395769384385
  0.07877494199903362  0.08407569666455193  0.08927847552900176  0.09438075701068409
  0.09908174401493558  0.10421980994352478  0.10975338210122580  0.11454820142444982
  0.11952737367007840  0.12625167305089183  0.13507449616060205  0.14396943664641407
  0.15078518062818519  0.15809033551303442  0.16518528790863241  0.17255266837998839
  0.18041562817555315  0.18775913887524981  0.19574189063409136  0.20318956631935131
  0.21017647536991479  0.21689652270356119  0.22400861052817589  0.23217623949919922
  0.24082795643581695  0.25053683438320090  0.26023758923474960  0.27146068157729747
  0.28503677298487939  0.29579665177107817  0.30694851174727344  0.31915461930196026
  0.33177573850739678  0.34205486156529435  0.35158002014805334  0.36195327904100816
  0.37402123568086032  0.38645755583043001  0.39919027030906967  0.41327686829131116
  0.42579041949037483  0.43717742179164948  0.44843783291476319  0.45886086087309930
  0.46775214664132142  0.47757427430245236  0.48969964006378108  0.50267414497296614
  0.51358038963802444  0.52487141780821589  0.53544833594746666  0.54709598038947027
  0.56087183417596032  0.57287211681945238  0.58500312779060315  0.60153499824479761
  0.61786566215828265  0.63511737917378397  0.65796275429206952  0.68323771655987786
  0.71030365600870382  0.73653771004654034  0.75834300452366199  0.78032968037804962
  0.80561504367229086  0.83262415022921266  0.85888483241493796  0.88421377572987592
  0.90886338536743405  0.93837710015749021  0.96876257325065418  1.00000000000000000
 -0.00199128195963131  0.01135153405516878  0.02188925726307812  0.03206218350229842
  0.04142926932586624  0.05067107182221253  0.06029671729522361  0.07137823774928675
  0.08175392772742927  0.09082501958889037  0.09842317540948188  0.10566994142207037
  0.11457719440816327  0.12606851456591664  0.14163122622468199  0.15536055820481420
  0.16800878071820388  0.17965450526154017  0.18970637828952222  0.19953024805196135
  0.20807633648026702  0.21568726713168943  0.22403255445850850  0.23178066368381084
  0.24007277911977626  0.24986910057165210  0.26022575861255581  0.27120551481907068
  0.28350428668833488  0.29796069011959769  0.31612662104955713  0.33343878330963861
  0.34909295492386300  0.36227218146709450  0.37506976179267193  0.38540555895320305
  0.39746814490661803  0.40801112155636277  0.41688846170989580  0.42558982245023158
  0.43434078502106011  0.44333690826564925  0.45144429049824691  0.45981702103601352
  0.46945737974766127  0.48085002340875704  0.49567992589721355  0.50965389454869081
  0.52151567977406377  0.53306385162186709  0.54526063759607024  0.55522424600491271
  0.56242198729609694  0.56942770354806371  0.57641395578272869  0.58515832550700075
  0.59800400520405572  0.61457273783738808  0.63053056155296072  0.64205666298707820
  0.65131037456161134  0.66026657426904733  0.67056949997676774  0.68423166009495340
  0.69770868765254890  0.70633178553640319  0.71292154741258829  0.71851191099275635
  0.72534124833303237  0.73266186791487664  0.73996186913720907  0.74715383352437537
  0.75393876684601291  0.76236275090388483  0.77166588221777654  0.78127148826812509
  0.78987989729555685  0.79774062377826538  0.80529139021341656  0.81430111612223655
  0.82757961509769407  0.83948631904941096  0.84684130269207769  0.85476199899547400
  0.86337129888560549  0.87303942502577925  0.88176740178877389  0.89006641058806180
  0.90048011762575153  0.91268825749343441  0.92483485292634993  0.93761869556564137
  0.95132065668300558  0.96628925610097449  0.98177081654701681  1.00000000000000000
 -0.00297425971102313  0.01096146886258559  0.02117327740353222  0.02894880262834499
  0.03660011174622804  0.04384101674448851  0.05041991890394711  0.05683011342731666
  0.06147940268111201  0.06631021706340029  0.07103441787029875  0.07785431683730400
  0.08586103480891992  0.10161303669126748  0.11372587841504896  0.12697366480008423
  0.14008957511600623  0.15256788257853091  0.16588684113286079  0.17860344074598489
  0.19113266865966486  0.20413181728735164  0.21583877279511113  0.22873581241679267
  0.24143558503962501  0.25222041793308803  0.26431095364118201  0.27671829694954836
  0.29128054832043310  0.30591768037652728  0.31698791257435427  0.32693793761255396
  0.33660704795887980  0.34629362994044871  0.35704185200913841  0.36710343785473132
  0.37768689834150471  0.39032229143603492  0.40238074791987100  0.41511474732370157
  0.42632074675354653  0.43743763082225784  0.44965972992978764  0.46131832530887379
  0.47486146832125725  0.48570511676683614  0.49579737911270760  0.50656882063380493
  0.51671257876055632  0.52505865127776286  0.53307728051469605  0.54118515354822583
  0.54919497722138300  0.55707674412221675  0.56516900989266827  0.57300698639451342
  0.57803528229608536  0.58201938092179106  0.58886928079013279  0.59782443221835446
  0.60755406157813874  0.62014399056705016  0.63332861038693766  0.64321439137568381
  0.65235409631315977  0.65920599541002589  0.66875820495299187  0.67887549091894361
  0.68814762013684938  0.69890420408998233  0.70898056170288370  0.71899974333189143
  0.73032698896655790  0.74345563304809803  0.75587003116139972  0.76851471545075289
  0.78297323621674231  0.79244203993005635  0.80149879383543199  0.81127285871597166
  0.82406233510194715  0.83835116514410257  0.85386305756469405  0.86647175262518905
  0.88059582996548591  0.89605820726344765  0.90977969790266489  0.92416868243663497
  0.93725153073764367  0.94829421662096480  0.95686073576115049  0.96698588327777546
  0.97662842303047570  0.98446927959665609  0.99266384032259292  1.00000000000000000
 -0.00378180782052496  0.01403351607350791  0.02633629652122596  0.03772860515193511
  0.04833955519198505  0.06032223774003558  0.07236149132557979  0.08441679861619250
  0.09730085596186028  0.10783836534204785  0.11978303560969938  0.13251530720728674
  0.14544823453647990  0.15924326922098311  0.17198685075690467  0.18334279930920558
  0.19264295435771678  0.20224975212154070  0.21411509635233714  0.22450413738228631
  0.23353116313052932  0.24097865599214732  0.24812177211109127  0.25702300641403902
  0.26680845561367811  0.27818475200093951  0.29116106385247503  0.30421297403728736
  0.31779036133714994  0.33025078959043408  0.34030017222914483  0.34915818330547721
  0.35796314106719396  0.36617328892866202  0.37295592269856137  0.38115445558687100
  0.38890338332546093  0.39871037462994702  0.41027507260555363  0.42121944659023786
  0.43113445219731455  0.44313315496660033  0.45586358465835114  0.47015293478825526
  0.48262207823156983  0.49219264690015763  0.50087043006641840  0.50967424382587689
  0.51913343264700562  0.53210767824854555  0.54682829229139518  0.55663963635265279
  0.56576745944496520  0.57397919835487332  0.58149842593109202  0.58929766786687776
  0.59646702127380558  0.60389825693334875  0.61211775828233705  0.62063762838705450
  0.62908307773254768  0.63798748314760179  0.64652079610913837  0.65680945045373729
  0.66829300605098152  0.67774705506982080  0.68696136890447967  0.69727054526848942
  0.70940880977635912  0.71851273240034130  0.72507911621322352  0.73321063143406062
  0.74295034845518748  0.75533305550431651  0.76698791736243266  0.77964745077772879
  0.79123221587502890  0.80165917521089169  0.81294041242858273  0.82434942749700346
  0.83463357829155493  0.84642578639674526  0.85684505428063529  0.87517022254121302
  0.88911914513382750  0.90147766890004422  0.91142253180409238  0.92101266365044998
  0.93046373891171053  0.93990330201192906  0.94899546940525026  0.95846137798496234
  0.96913073977738895  0.97984778947619633  0.99037839302646213  1.00000000000000000
 -0.00254658911247216  0.00920738422751144  0.01953008904924178  0.03104537498844530
  0.04382376419746881  0.05681728825459884  0.07125578831484418  0.08492563126162204
  0.09748578063543170  0.10865148759714922  0.11882921693313113  0.13001809067195452
  0.14098849815736827  0.15324398984565810  0.16407746185014710  0.17228174654563325
  0.17974525850106676  0.18880512960380993  0.19887812591650367  0.21061222170735797
  0.22222368190098107  0.23001550403124157  0.24041996926213871  0.24932406530784962
  0.25792631784671227  0.26852759496873291  0.27895322154191615  0.28799418105496705
  0.29589737193825383  0.30362519735102661  0.31310672558717317  0.32267674741645047
  0.33509268326279218  0.34629139475527398  0.35802119314676878  0.37035452264379476
  0.38116840854132256  0.39219785618123487  0.40355094443994993  0.41489790015637906
  0.42509486721693851  0.43341088605945804  0.44136131729917122  0.44999818292879518
  0.45974669135584229  0.47062499930873386  0.47950603868976682  0.48918491880364656
  0.50048886691865424  0.51283587065654523  0.52609871042908063  0.53764253758240499
  0.54918062972785997  0.56253916855502739  0.57499810281131603  0.58786145836641002
  0.60610143480187095  0.62205414524696556  0.63501814792271527  0.64763835231885303
  0.66041311334981301  0.67548101509327085  0.68925231126512254  0.69842255353997496
  0.70638796793882175  0.71542909621564454  0.72543586682469119  0.73397795800461718
  0.74186930099865411  0.74998111261160616  0.75909238072213936  0.76733726989903217
  0.77678708923568363  0.78732557170797890  0.80102014672931865  0.81139137913148573
  0.81889843326591472  0.82562652020169458  0.83251897939263475  0.84091768899254848
  0.85264580587320793  0.86516161477402798  0.87620001676247616  0.88676667114446528
  0.89756604233054404  0.90834463566471824  0.92046626548003807  0.93076535925946380
  0.94087815138351993  0.94966732593202619  0.95715320878493926  0.96394733768398577
  0.97103429927181306  0.97844369661809016  0.98870772822775199  1.00000000000000000
 -0.00297063060961329  0.01083905200108130  0.02172786197888368  0.03296920660382501
  0.04501701322811386  0.05665358934636884  0.06734198011969036  0.07721416934406446
  0.08713538135790803  0.09720448222776495  0.10696180313909215  0.11614505742909133
  0.12591729012407452  0.13670558526647394  0.14734290325518451  0.15559945658546695
  0.16261406170435680  0.16879377744653595  0.17458076506088058  0.18038451772704750
  0.18657814675864667  0.19358487098935054  0.20162905697512640  0.21129002945893238
  0.22427795379640225  0.23694158117364233  0.24836791579344156  0.25854781231569640
  0.26835497082806392  0.27807765022661074  0.28901546131617029  0.30225787562904399
  0.31510388003426443  0.32746412263220659  0.34141134663665296  0.35075350716835391
  0.36065762350111413  0.36878098024317224  0.37622930945315686  0.38474031175770634
  0.39383058010845867  0.40625576423689624  0.42006880731666713  0.43379220931880491
  0.44593205713736839  0.45742977913380028  0.46705061028307687  0.47550463991156566
  0.48404870243166548  0.49376464774503098  0.50270357420587863  0.51232178367515446
  0.52184510103368564  0.53334647828517290  0.54539178504935004  0.55730384853465165
  0.56726696825623402  0.57633173270994209  0.58705948348626680  0.59688756355264339
  0.60693308368034615  0.61748746074456251  0.62663878553977737  0.63628728923754463
  0.64629700022160008  0.65591504629702457  0.66309572612055179  0.67120443359305071
  0.68224378930752316  0.69326588697935809  0.70824505961282880  0.72774145197162876
  0.74222538844482144  0.75629462402254077  0.76875406861746587  0.77939646812274777
  0.78931766721002372  0.79955232994655689  0.80974318971976378  0.82148353850639277
  0.83191064340918741  0.84020058312352641  0.84932229124935443  0.85716096626008043
  0.86464761285592695  0.87391889185045546  0.88348884989323562  0.89413759627624134
  0.90590570915854074  0.91899411769827177  0.93397025013664670  0.94818178667411190
  0.96005955222577599  0.97143623220069353  0.98375772801644612  1.00000000000000000
 -0.00430624894261473  0.02019166626203733  0.03092992217500462  0.04147984744062796
  0.05077452606193023  0.06040329654714426  0.07139980968526340  0.08373054030245197
  0.09826516147277625  0.11223318222584713  0.12566783401924805  0.13535505651078625
  0.14481999370392318  0.15378323157213822  0.16339571291543445  0.17211656837189579
  0.17865568899633902  0.18345527424594285  0.18869528951466721  0.19536976485798419
  0.20320149618964070  0.21157447057763823  0.21987059213083240  0.22842245257361896
  0.23781646097546924  0.24689329708344315  0.25482937875272310  0.26253405111644912
  0.27082183526586251  0.27890540527230873  0.28623968348296402  0.29372482360108781
  0.30209905849636881  0.31260608206189527  0.32432692297448806  0.33229946029694152
  0.33948642380255584  0.34583789943926274  0.35243202430188653  0.35901238421097620
  0.36685974972005508  0.37516537704580166  0.38527730037014540  0.39689388056658415
  0.40580709270564569  0.41596705897188802  0.42465191768740224  0.43190428949175225
  0.43834787043156265  0.44546636744711160  0.45322110508244012  0.46255843559015392
  0.47287241692875570  0.48329775700537336  0.49377482001762441  0.50193357521714221
  0.50901262528441926  0.51617317215616465  0.52235746090366053  0.52884391645851281
  0.53825846140995837  0.55104474248867830  0.56254256011738601  0.57376910021618033
  0.58566178182338269  0.59774034403540033  0.61061366000526229  0.62369748105682499
  0.63714740037489948  0.65017478146563934  0.66058948950242558  0.66975201399346695
  0.67905228324025990  0.69066287757824896  0.70803913788415018  0.72726454350246861
  0.74410385899645781  0.75987344946694191  0.77598579240289811  0.79382301098432873
  0.80739629363529908  0.81704835370849371  0.82520200198320193  0.83395909720212225
  0.84438424349289387  0.85672625108953437  0.87233432385983567  0.88893084086818219
  0.90654450362348771  0.92430485086722447  0.93986068482387097  0.95478002069326651
  0.96884947963266399  0.97946651083912761  0.98958354646861535  1.00000000000000000
 -0.00245536751399409  0.00863220086945243  0.01945814482603340  0.02916687087835681
  0.03855729958540961  0.04795258012469578  0.05735572252605183  0.06966248189978971
  0.08166928758090024  0.09309365368757562  0.10416828872295686  0.11563891017642164
  0.12825988169872776  0.14191459743611337  0.15439200921812299  0.16733204587678388
  0.17952240210956125  0.19113320409040946  0.19966103615567513  0.20883958390851420
  0.21835235711107795  0.22839981869967044  0.23692402840843443  0.24379324556666110
  0.24832461991224303  0.25421107882087196  0.26076178250906767  0.26805236381466269
  0.27849616148482487  0.28910108432318571  0.30383858868206276  0.31598777088850966
  0.32576991996283455  0.33483586226008627  0.34323142566571208  0.35075444403792183
  0.35797294796221818  0.36675261294564854  0.37691726593387720  0.38789695878084546
  0.39867054815134628  0.40737792230899528  0.41534944153138192  0.42438364418535035
  0.43331701637906622  0.44179808146973037  0.44976987617122516  0.45766753924327197
  0.46587460525273355  0.47486655833597347  0.48307898150165557  0.49218469470970833
  0.50277909665200726  0.51612628268924410  0.52961207401806587  0.54136027203220050
  0.55294143085913483  0.56481423081769710  0.57770824626609463  0.59039927533782588
  0.60414061499616012  0.61881698797478157  0.63290142783548275  0.64710636220179707
  0.66202823428553192  0.67612253857771454  0.68828075142950906  0.70014133343024654
  0.71061729609834468  0.72079041551261047  0.73163787576442185  0.74327510273594344
  0.75383384478885707  0.76330498885984310  0.77319727616324452  0.78398243642932786
  0.79581714743295451  0.80849361407253006  0.82234398591907087  0.83571929056929162
  0.84605552941978213  0.85495730969818440  0.86294175847920029  0.87151924576002349
  0.88328417858175612  0.89420383478083432  0.90388263271399027  0.91235665282756950
  0.92027502126232175  0.92846238839277728  0.93692531946821256  0.94562611262547347
  0.95333090875770277  0.96430778111077020  0.98111282350831075  1.00000000000000000
 -0.00817506439037516  0.06249787747852487  0.10344407543011580  0.13456312657517955
  0.16435878958487185  0.19852908044990186  0.21776510480162586  0.23158097488700238
  0.24416056197022265  0.25745157839033156  0.27911041328762054  0.29752630398592017
  0.31401579165721283  0.32814489941973268  0.34165333275474663  0.35618794605906423
  0.37331972663247948  0.38638330335189752  0.39564805980202022  0.40589318592313356
  0.41603547907364075  0.42647137009739805  0.43907521799936483  0.45049297383475445
  0.46198841510530542  0.47361848664046236  0.48602515119839418  0.49827126620151629
  0.51077799038094474  0.52301680000280559  0.53437777165212619  0.54529752998679648
  0.55497771133765683  0.56292364590153565  0.56975412391130431  0.57622648552698941
  0.58312131658454169  0.59026691613428217  0.59970728041223664  0.60793936926070813
  0.61526221010256577  0.62236063925814089  0.62948440552664742  0.63636736558554663
  0.64299376291184840  0.64907629574594627  0.65478555437961350  0.66096234868285075
  0.66946017195870877  0.67966947442076286  0.68942919877191888  0.69843512431085530
  0.70670755296322851  0.71405532843469355  0.72134740447073176  0.72963495137508361
  0.73913757866226937  0.74838046390221979  0.75595277489092449  0.76285388831300704
  0.76864009853505555  0.77474029277581746  0.78105445847402466  0.78858048453157992
  0.79729779504950415  0.80557617358490219  0.81409825403562153  0.82430772846242950
  0.83423502040501918  0.84403919649621773  0.85275086414538070  0.86025369545147945
  0.86710939157796163  0.87442336611608529  0.88093239714557781  0.88649650702032512
  0.89190461449608349  0.89719663400244642  0.90360496499336107  0.91028833031669332
  0.91687136448190409  0.92385841095975796  0.93127159268105508  0.93798851995861199
  0.94332005834092425  0.94873152538768313  0.95526765353033616  0.96217209541590687
  0.96867123678092326  0.97433930336841890  0.97944466293002153  0.98441750342879664
  0.98940130867786458  0.99332705827373813  0.99658139899620168  1.00000000000000000
 -0.00457927392230808  0.01812816573736676  0.03695351616640714  0.05380781502842123
  0.06842912515935314  0.07973013875262193  0.08951308147261806  0.09804081391606048
  0.10628375755953066  0.11667430435743965  0.12812517922597616  0.14209980246708037
  0.15461434998977319  0.16520937777483038  0.17454091149845444  0.18361395314297091
  0.19280338158819743  0.20161827424827167  0.21076459299941502  0.22104962601947062
  0.23258812261623993  0.24390745036588873  0.25449023580712826  0.26519496673048815
  0.27609235402711119  0.28603312588186530  0.29519059061859237  0.30458691466175236
  0.31571579418271883  0.32939543902943230  0.33926005938126791  0.34581299436509705
  0.35271004576569975  0.35946697504039027  0.36680389354039822  0.37224263349782188
  0.37666479900676980  0.38017747322572765  0.38379754837464725  0.38827763287020783
  0.39414842646217241  0.40232913053341079  0.41001828901193693  0.41807032572521807
  0.42803193873894491  0.43785438708123853  0.44692622889220596  0.45668271751963407
  0.46779759304732588  0.47808880517469859  0.48823065187310699  0.49671130791184837
  0.50681477992665946  0.51750154773638113  0.52787695049174188  0.53613862662022138
  0.54887305805807063  0.55985147908443289  0.57008116248190543  0.58142531493032890
  0.59321381590701960  0.60609808167222823  0.61845300870907338  0.63069059207334832
  0.64437209003073281  0.65601672287618007  0.66705946798863158  0.67610895094937984
  0.68530372603984291  0.69518547530371777  0.70533124985913165  0.71606519277016789
  0.72825682701786565  0.74165777858258408  0.75501265804074014  0.76516832251067934
  0.77528827234884301  0.78638376590221182  0.79720554663571275  0.80745799645097316
  0.81761142653261065  0.82942183110623813  0.84074907344556926  0.85235136577652715
  0.86443467323363166  0.87812655030123188  0.89308235695468485  0.90602463130481015
  0.91678486987415497  0.92495925473124740  0.93267344895107052  0.94093945089844355
  0.95039103320697194  0.96412657717867922  0.98025869695157608  1.00000000000000000
  0.12027127319329063  0.31860687258603515  0.39826571012220141  0.46015258370182532
  0.50447732203713957  0.53564455693637281  0.55836561866679557  0.58074082917488912
  0.60625280055177388  0.63025778912792918  0.65346250064093891  0.67391257529676996
  0.69135107998720280  0.70799062998292062  0.72573762885080195  0.74167578550981295
  0.75452137559192334  0.76581610493753938  0.77673432888940352  0.78756935166418496
  0.79763091799455144  0.80709812226604438  0.81530838523665727  0.82227258845361817
  0.82914770111121960  0.83605985131004390  0.84327657846727833  0.84896304296186231
  0.85346595006155368  0.85778664452090958  0.86224409110235956  0.86683703373362342
  0.87147196930022375  0.87575237199108713  0.87991979816453991  0.88420810499752178
  0.88915564059054419  0.89410032259011885  0.89857224253353363  0.90229020874591837
  0.90529124144444906  0.90833694813070387  0.91148760108188376  0.91488480975424225
  0.91748566936789666  0.91954471430354068  0.92133611765777146  0.92312993340362814
  0.92485075069120759  0.92764789301744821  0.93052724609609472  0.93286674001747893
  0.93496326046847622  0.93702404208664047  0.93906749164669967  0.94140760991331285
  0.94381320723329409  0.94586717955962984  0.94766449576149447  0.94942378618854006
  0.95109079546848985  0.95264547997202775  0.95405359722171312  0.95529280160960239
  0.95626526922855470  0.95719855988457092  0.95823854512305873  0.95930931181613976
  0.96044767868695458  0.96207555748931051  0.96402994605340897  0.96605367026364053
  0.96765575941492976  0.96926953796164728  0.97079871674841167  0.97216809967176609
  0.97338319354231884  0.97446060828521175  0.97551506357199702  0.97654769337588720
  0.97769783054994097  0.97900374607867158  0.98048771232479170  0.98192155362329625
  0.98313191090859087  0.98415040783311836  0.98512002857600700  0.98612429861434003
  0.98724073059093576  0.98838306323611158  0.98962651812823010  0.99099250456321897
  0.99235325109545736  0.99419024478053808  0.99668375193431946  1.00000000000000000
 -0.01630401694612808  0.12108906639401822  0.16627165042075673  0.20699008633418270
  0.24069815460569330  0.26603211751629458  0.28421619983915969  0.30135655508831988
  0.32036726980566804  0.33953430505000315  0.35601259655622564  0.36816668308926864
  0.37766549901189511  0.38527509212586858  0.39327763534299887  0.40124422976808893
  0.40780551289064187  0.41420367654671952  0.42139593316613977  0.42986090955281642
  0.43865713595624151  0.44676846966571798  0.45341494066956023  0.46019635175275714
  0.46727912883544326  0.47464626824239714  0.48207813442182629  0.48952922713080865
  0.49742132382817528  0.50692144419870144  0.51709143617386877  0.52593344441008105
  0.53283428484628526  0.53965517515741923  0.54647306560044751  0.55349105817367950
  0.55963213672308176  0.56489682282993214  0.56926135586886983  0.57358237682709545
  0.57840866905591770  0.58337077736638321  0.58865506943712542  0.59412336197606264
  0.59927905646538493  0.60353580412032504  0.60747995643913233  0.61118755067073427
  0.61477306125651754  0.61913065553874558  0.62371870646966598  0.62941809544067895
  0.63578557985686490  0.64160714525847973  0.64540015652401728  0.64864459810768249
  0.65173662190164583  0.65517808503600961  0.65925290319785301  0.66335492808079444
  0.66684825220999988  0.67061229867608940  0.67459418480730571  0.67841401964322867
  0.68252479639317087  0.68643295251873038  0.69042902541509032  0.69415086467011622
  0.69744354871020164  0.70039044731620059  0.70350830003283094  0.70743682694556953
  0.71240867374562000  0.71839125383858937  0.72446556506326587  0.73108738464198153
  0.73812669231851158  0.74418476514168808  0.74919617485597179  0.75431371079723597
  0.75946354289494433  0.76468080967772301  0.77005488232379682  0.77570512633344979
  0.78496572757631877  0.79284465512506719  0.80077773166643695  0.80864848017796009
  0.81653223035899913  0.82471840210377556  0.83491453860814913  0.84655107599391644
  0.86161057601455260  0.88512737888211834  0.91921092173391494  1.00000000000000000
   1.9504407087471189E-006  -1.0000000000000000     
 T F F F T F F F F F F F F F F F F F F F F F F F F F F F F F F F T F F F T F F F F F F F F F F F F F F F F F F F F F F F F F F F F F F F F F F F F F F F F F F F F F F F F F F F F F F F F F F F F F F F F F F F F F F F F F F F F F F F F F F F F F F F F F F F F F F F F F F F F F F F F F F F F F F F F F F F F F F F F F F F F F F F F F F F F F F F F F F F F F F F F F F F F F F F F F F F T F F F T F F F F F F F F F F F F F F F F F F F F F F F F F F F T F F F T F F F F F F F F F F F F F F F F F F F F F F F F F F F T F F F T F F F F F F F F F F F F F F F F F F F F F F F F F F F T F F F T F F F F F F F F F F F F F F F F F F F F F F F F F F F F F F F F F F F F F F F F F F F F F F F F F F F F F F F F F F F F F F F F F F F F F F F F F F F F F F F F F F F F F F F F F F F F F F F F F F F F F F F F F F F F F F F F F F F F F F F F F F F F F F F F F F F F F F F F F F F F F F F F F F F F F F F F F F F T F F F T F F F F F F F F F F F F F F F F F F F F F F F F F F F T F F F T F F F F F F F F F F F F F F F F F F F F F F F F F F F
  <DiscreteSampler_grid>
  grouped_processes
  1 # 1 for a reference and 2 for a running grid.
  10 # Attribute 'min_bin_probing_points' of the grid.
  1 # Attribute 'grid_mode' of the grid. 1=='default',2=='initialization'
  0.0000000000000000 # Attribute 'small_contrib_threshold' of the grid.
  0.5000000000000000 # Attribute 'damping_power' of the grid.
 # binID   n_entries weight   weight_sqr   abs_weight
    16   10   6.557046688553390E-001   1.879028858008149E+000   6.557046688553390E-001
    17   10   6.557046688553402E-001   1.879028858008157E+000   6.557046688553402E-001
    19   10   6.557046688553390E-001   1.879028858008149E+000   6.557046688553390E-001
    20   10   6.557046688553402E-001   1.879028858008157E+000   6.557046688553402E-001
    22   10   8.772906469335913E-001   3.382553126147466E+000   8.772906469335913E-001
    23   10   8.772906469335936E-001   3.382553126147485E+000   8.772906469335936E-001
  </DiscreteSampler_grid>
