  0.00333127583332241  0.01138169251464197  0.02168961221281277  0.03168749169213226
  0.04187258826359182  0.05250269833070606  0.06322186939196420  0.07417783236788479
  0.08525393690571273  0.09633589672047285  0.10689887287962957  0.11714333704881533
  0.12736790697705982  0.13757805950259880  0.14756750313747458  0.15745609684567649
  0.16754638173810774  0.17794953311678813  0.18826304135668470  0.19852148668411754
  0.20863879181220649  0.21909582488869142  0.22989644847979634  0.24103950435566068
  0.25226840363209069  0.26343502741767527  0.27460634394277134  0.28584312501261488
  0.29692532189273751  0.30770994628095455  0.31825578422384254  0.32872895631156751
  0.33937676174070702  0.35008094053963296  0.36093701089821145  0.37159044263764268
  0.38205136800505007  0.39244070554394395  0.40294429779579727  0.41369175530565339
  0.42457674400620465  0.43547060705374085  0.44633911976516089  0.45704040064692181
  0.46752549815169020  0.47787203687944602  0.48834014128613118  0.49886000140959363
  0.50901428593605913  0.51902793028524663  0.52922063518034590  0.53971961216907982
  0.55028967704067300  0.56075190856585222  0.57113475529252444  0.58143978972917709
  0.59166694828057786  0.60186393566065988  0.61189540120560160  0.62177041145442657
  0.63182830213101393  0.64203642002090899  0.65234159659823265  0.66273950222663813
  0.67343020935188169  0.68402913924992825  0.69417644927439803  0.70414204814404269
  0.71422713051626396  0.72466153536593181  0.73473544864812168  0.74476027683758783
  0.75495078613027833  0.76503426641589467  0.77492703670950369  0.78477199465968162
  0.79502260856921325  0.80578561022117901  0.81646641788219698  0.82687557134240219
  0.83724985702364196  0.84745225268907476  0.85768054298418284  0.86803708840010418
  0.87854151552435700  0.88898057358799720  0.89934023498007520  0.90995154377694210
  0.92053300395177584  0.93099315425277696  0.94125219159859297  0.95200593011715529
  0.96332904248639017  0.97470189067355106  0.98720578292422545  1.00000000000000000
  0.00725928951928543  0.01505235639025621  0.02564166374089331  0.03735312285954209
  0.04849649692531773  0.05937749966872234  0.07020099631056674  0.08086526150418530
  0.09142444673415763  0.10190093551646137  0.11213873030068865  0.12224449113613123
  0.13222324080811157  0.14246504909833663  0.15286223200817933  0.16345090831789363
  0.17413252980699864  0.18483411295218385  0.19548737575306560  0.20611443403486090
  0.21707331479115372  0.22822043562151206  0.23931887814897332  0.25013138672189744
  0.26047606285229091  0.27063624765301975  0.28073188522160458  0.29093607045826880
  0.30126151435204945  0.31160346034161873  0.32195153457425174  0.33232213796109294
  0.34290630334360739  0.35355251487515782  0.36419293303354933  0.37467235964965079
  0.38507874083035215  0.39538425131425220  0.40547825412865557  0.41554279545423967
  0.42560626096583221  0.43568107079394730  0.44584638140503680  0.45616991608113960
  0.46695219038619501  0.47798749545783326  0.48889564240713257  0.49961242498808628
  0.51031747956510831  0.52121883615461784  0.53218172163265076  0.54315099964418756
  0.55390141727383213  0.56447040257181869  0.57507921808688234  0.58586258083286613
  0.59653920892390033  0.60699174239729381  0.61720174621988322  0.62718858175239323
  0.63704377814651791  0.64688269234484008  0.65701790408387917  0.66745719084245603
  0.67810252661915615  0.68872117490794582  0.69923572756964159  0.70962031070531384
  0.71990870130620666  0.72997601515163313  0.74006057499319078  0.75033755845632555
  0.76073012133594409  0.77103419103555726  0.78106383244634237  0.79133737087526335
  0.80125748180821466  0.81102974053338184  0.82067607425767897  0.83045561910910737
  0.84044021756238196  0.85021922476277001  0.86028918374586349  0.87093171078492604
  0.88171572074010651  0.89231708503348872  0.90267757419356009  0.91287260531805159
  0.92304405200635176  0.93301638389228891  0.94329445277169977  0.95313873519847192
  0.96296553284276509  0.97229285891855866  0.98211881257169453  1.00000000000000000
  0.00353375315444456  0.01049008122436203  0.02031863712771923  0.03031066770818548
  0.04054802956512658  0.05065633964433216  0.06082096454093391  0.07130340453219777
  0.08187515387458805  0.09241639228685676  0.10319249605561064  0.11417802410740800
  0.12518041666138463  0.13583541211263228  0.14654067223921843  0.15726790556008058
  0.16843312947023240  0.17949227542487303  0.19030171220324457  0.20085505801311967
  0.21138960321110117  0.22224470795481652  0.23304842243276955  0.24347805192325436
  0.25368782039825866  0.26391276823553367  0.27435923182575478  0.28486414477346594
  0.29571972880551262  0.30690002681945538  0.31812195128216975  0.32866904149636367
  0.33890906651869351  0.34903534044776952  0.35914165365184381  0.36933021977312291
  0.37957362233942032  0.38985872834524349  0.39992686362307511  0.40989811846873347
  0.41986224168318764  0.43004110842819093  0.44045875191949857  0.45104020717536170
  0.46164104205071560  0.47210469260732968  0.48233789673053390  0.49259892967192742
  0.50306688030020030  0.51344417426247813  0.52367460056706816  0.53388590675038416
  0.54434380108797731  0.55484068394631514  0.56524265188013123  0.57570795691185050
  0.58591496658081987  0.59601592916269619  0.60597443172738408  0.61584696472867595
  0.62567671364533017  0.63556495128636059  0.64564302477819913  0.65599952760189617
  0.66640076261170444  0.67684025686433358  0.68715155773664360  0.69739659606979576
  0.70760170044632076  0.71799790303982092  0.72797435837585711  0.73825129808448975
  0.74901319966704261  0.76048669474411568  0.77194327921364037  0.78296635705419726
  0.79386425652294068  0.80415403238228134  0.81454308429122668  0.82484940182715394
  0.83534717078488996  0.84573810941901095  0.85611767932497373  0.86651284376599480
  0.87702121415057865  0.88753717068022808  0.89806215746976081  0.90851065658028118
  0.91922438390473071  0.93001544926406088  0.94091548118378754  0.95156577303152345
  0.96288002158653674  0.97453324167862299  0.98709046663450295  1.00000000000000000
  0.00633054383489110  0.01922978741389429  0.03332360433424758  0.04599611959137907
  0.05747150314963114  0.06893018299439153  0.08016697772985940  0.09134965186714372
  0.10220527907891924  0.11296006758145868  0.12345048438847496  0.13404665202684399
  0.14452173877070085  0.15484082716258554  0.16511777969500377  0.17567491122850773
  0.18649077376232376  0.19737301643169566  0.20817008126986308  0.21872054169466493
  0.22914567670941910  0.23953383529611205  0.24991942704637843  0.26010730442030500
  0.27019731186141044  0.28068046172781169  0.29160849297250296  0.30267233348919276
  0.31350558924826916  0.32385051388143216  0.33420274849826637  0.34457825744236031
  0.35516121227761727  0.36574296917734705  0.37640724069326525  0.38700803411814655
  0.39778508384292932  0.40818370013072069  0.41860086451764505  0.42861837017338555
  0.43878872256585716  0.44926987602455826  0.45990861639305036  0.47030329309835561
  0.48053748878449648  0.49095794184659713  0.50146400926046197  0.51137517959497247
  0.52142816011870752  0.53194851869919646  0.54270141747978351  0.55339311452603057
  0.56427586418829501  0.57554805569632972  0.58668565207143897  0.59709071894906085
  0.60715289120347260  0.61703684547195747  0.62694352547003163  0.63698464728722926
  0.64686655311310670  0.65693514072950465  0.66723968686971435  0.67757472550655484
  0.68781312096834313  0.69800515057382539  0.70851443772836087  0.71919745083143227
  0.72998171591080130  0.74069980032405902  0.75122040488753206  0.76115124139392909
  0.77118258375588367  0.78125921384298236  0.79136033880979451  0.80123145376772531
  0.81100626619267435  0.82082468569412204  0.83069153495654213  0.84060464803802015
  0.85060168942017034  0.86054146303137369  0.87044208622250563  0.88040205284008499
  0.89036779895143181  0.90022503015628241  0.91004050098950440  0.92004130901385472
  0.93027163937644264  0.94053647961860598  0.95083418161315869  0.96126743881193766
  0.97163832409463624  0.98146051886778729  0.99200810279358664  1.00000000000000000
  0.00000254008589653  0.00000519811271157  0.00000986242572120  0.00001427831406671
  0.00001857914084631  0.00002339495944525  0.00002810622074060  0.00003278217669259
  0.00003743275378430  0.00004199443636419  0.00004644182046013  0.00005081365565782
  0.00005529235840335  0.00005985842793344  0.00006449991339418  0.00006922453161214
  0.00007404321018976  0.00007893833667142  0.00008387600670806  0.00008889458843909
  0.00009411818759097  0.00009947509316200  0.00010495317249813  0.00011056715254888
  0.00011630987308625  0.00012216681956139  0.00012814747398545  0.00013430119667263
  0.00014070127128385  0.00014749267320432  0.00015492561497607  0.00016301554939731
  0.00017143470474435  0.00018016770080242  0.00018924503720571  0.00019851918761523
  0.00020795504548951  0.00021751329975833  0.00022736415090023  0.00023749727544996
  0.00024784769541564  0.00025871380333926  0.00026945473947249  0.00028131498258253
  0.00029326823699990  0.00030602033655148  0.00031920095440296  0.00033277886963094
  0.00034724744880732  0.00036239509946028  0.00037859248311633  0.00039567957393460
  0.00041322838070245  0.00043131832805513  0.00044990509406127  0.00046916318156549
  0.00048967976819281  0.00051130870541973  0.00053401137966003  0.00055772835689178
  0.00058244613055561  0.00060876942213311  0.00063698119234349  0.00066733338134364
  0.00069991497056774  0.00073496294863127  0.00077216059157114  0.00081132093661322
  0.00085217538434228  0.00089546555706035  0.00094197720591654  0.00099249794079594
  0.00104572043131459  0.00110199884046004  0.00116297577459167  0.00123005600002911
  0.00130706266464019  0.00139461739014639  0.00149289545349399  0.00160266593095049
  0.00172217234994428  0.00185242529846820  0.00199807576958965  0.00216300070703908
  0.00235228085244052  0.00258757630567305  0.00287732759938220  0.00323250732152289
  0.00365744943501739  0.00420196270456891  0.00492330077768997  0.00594146070106298
  0.00725049707999576  0.00899016133283206  0.27014991982682929  1.00000000000000000
 -0.00262236026619164  0.01035003087827162  0.02077785903183562  0.03120200175023290
  0.04186799781731373  0.05272999486468023  0.06324609921248232  0.07382318277918117
  0.08421872375922559  0.09492550685318228  0.10580705514494917  0.11682263544053745
  0.12812007675486647  0.13911972609682105  0.15004182627379040  0.16061885319566138
  0.17114521589917256  0.18176892810006753  0.19253622387644909  0.20340813838100347
  0.21434248794095853  0.22503087106500450  0.23577027260379557  0.24650111260330479
  0.25703348777748575  0.26767204501271624  0.27867336455300079  0.28994659736912565
  0.30073271860085449  0.31119626033123549  0.32178998688007265  0.33239077086698382
  0.34286904314003391  0.35327437098009418  0.36358892364040052  0.37383920428737311
  0.38385236933353900  0.39384970718292489  0.40376503352226895  0.41386016013415133
  0.42399435076361031  0.43436673196942677  0.44480513085512469  0.45544994521885396
  0.46595344135813194  0.47660878919446636  0.48747807975374413  0.49848119994821649
  0.50963118113352901  0.52073484236497680  0.53234938938829945  0.54347998638501782
  0.55407824671393135  0.56465500158718263  0.57537843392678656  0.58583710278002255
  0.59575161739700333  0.60576658407707729  0.61619940220911373  0.62639768218126890
  0.63628420721222390  0.64588758388335443  0.65561071992972186  0.66551660612795660
  0.67561795645146516  0.68579683370656375  0.69603337093701712  0.70650381988265942
  0.71715102115136020  0.72769601853234978  0.73813934442517470  0.74864810092132839
  0.75924390904601224  0.76964496702914575  0.77995183393544398  0.79029559586711995
  0.80077767033661651  0.81113800171851480  0.82148610615344131  0.83154821665363943
  0.84173973672606639  0.85190989158398489  0.86215089815839985  0.87230408261960590
  0.88269500014232694  0.89346190583435581  0.90456043329474933  0.91558786353850319
  0.92642436380029225  0.93721921043022138  0.94781055374815348  0.95846234059639313
  0.96864861014510162  0.97907070643870997  0.98940854602749972  1.00000000000000000
 -0.00231922958530045  0.00973623589763029  0.01991153925809943  0.03007271423102065
  0.04019098867595883  0.05061968023347446  0.06102138148137401  0.07126292023483607
  0.08162447845369240  0.09240327123535721  0.10329066882124119  0.11400131013079236
  0.12479410799824156  0.13565100401993463  0.14636441125711008  0.15693959440950475
  0.16768588641640481  0.17852664417882719  0.18937893013031801  0.19995169667592871
  0.21073947594557485  0.22146170520097930  0.23229683575126978  0.24303220622290880
  0.25349809623484426  0.26381014074968506  0.27431591780501402  0.28515702166281093
  0.29605012103824968  0.30678018211670910  0.31757653287995835  0.32872435957619306
  0.33942276562306606  0.34970597675475373  0.35978994031135692  0.37005908729311510
  0.38046479860968535  0.39075340838337796  0.40123466788575951  0.41149616034045661
  0.42173251386933219  0.43188875748820421  0.44236674565355316  0.45316364661405328
  0.46380085667726167  0.47434921146268660  0.48464748002428215  0.49532987988060079
  0.50605728632481839  0.51662861572427232  0.52687665806879436  0.53699143192102916
  0.54715143107157316  0.55729920487924278  0.56762943712180758  0.57791256742495600
  0.58810031966849485  0.59801243356535960  0.60811342160083914  0.61846069322796571
  0.62874603630368686  0.63905803484455004  0.64918893584413973  0.65963451328791045
  0.67021836293358938  0.68086796420874152  0.69140313758533900  0.70153175677100255
  0.71178204016814473  0.72247863606820861  0.73323365607369517  0.74385905306809352
  0.75410024688498889  0.76465835177414276  0.77526450448490902  0.78618140735222963
  0.79710237050896660  0.80788316255753434  0.81882415133763520  0.82974316794861447
  0.84055488923457844  0.85125990119717565  0.86181069927670240  0.87253007908467706
  0.88319451198039212  0.89421623837096764  0.90489982963552196  0.91566379935421260
  0.92609325318834013  0.93677332317815998  0.94726979832932445  0.95784515074086041
  0.96852776163433774  0.97900214714072598  0.98957882155536725  1.00000000000000000
 -0.00228754429166718  0.00927744028627158  0.01927397636653614  0.02968588432781287
  0.04019208304083866  0.05050217341571240  0.06078724078169988  0.07133362844268382
  0.08185986331447649  0.09232234550392014  0.10257956508480619  0.11311794915799649
  0.12387403235663591  0.13464135182695436  0.14522640459442412  0.15548801214156938
  0.16562350694918340  0.17637585020114277  0.18719788721338446  0.19804171685166583
  0.20854892987151036  0.21901957839555131  0.22936650011325288  0.23940759613282250
  0.24963192584229760  0.25995567451915258  0.26992088039858603  0.28005565341446925
  0.29020221085749714  0.30085188403321189  0.31168246922821030  0.32263036952534169
  0.33390735514196873  0.34510327338732250  0.35616294326518766  0.36684751041445335
  0.37742533521205507  0.38789767077036558  0.39823710532787149  0.40847281394010349
  0.41900790069579558  0.43000041982285092  0.44101933075941857  0.45203761400493209
  0.46305901911914021  0.47366897521783824  0.48406771156887529  0.49455808756559722
  0.50504995347053316  0.51546168323966191  0.52563789918924742  0.53576492175716250
  0.54624610897578108  0.55693451439872899  0.56793133210138280  0.57873495538463682
  0.58945113948517736  0.60014985308114599  0.61087062219706156  0.62151490155660549
  0.63191737779671553  0.64242323853504424  0.65275062751470447  0.66337212931334821
  0.67374121625126615  0.68414193489112562  0.69440218009025778  0.70478680298598928
  0.71514200026752339  0.72566384917396298  0.73613578522169776  0.74676790412987704
  0.75700686821633456  0.76732344221171145  0.77754183765479723  0.78757946337076790
  0.79771521821238711  0.80800130358961841  0.81871845524435227  0.82954270089273074
  0.84001821637090290  0.85060556386777841  0.86102556758025761  0.87169662299890349
  0.88235068351108004  0.89311156395891966  0.90386215724787666  0.91441427181398471
  0.92438214878439340  0.93423079564384648  0.94448117252111041  0.95498843184953364
  0.96560039087668259  0.97639691205064105  0.98805344694543518  1.00000000000000000
 -0.00227762364109883  0.01009382058345387  0.02049338462145964  0.03108583660998555
  0.04169178522304117  0.05221573614408875  0.06256331846098800  0.07276127224240497
  0.08285997127220862  0.09301420965441402  0.10353309512478368  0.11422719543701229
  0.12481923206018483  0.13541542896157735  0.14603778571002538  0.15708627198997868
  0.16799019779952717  0.17860791895859496  0.18904183204817848  0.19913939352706073
  0.20926089049107952  0.21941517511197972  0.22990998985976904  0.24093683142663125
  0.25232196041134536  0.26371898594811666  0.27471641284169246  0.28485954163550670
  0.29511034691737092  0.30542680311053833  0.31605508563513257  0.32633189983947464
  0.33667652187912134  0.34748145742276354  0.35836465135951573  0.36927834575770291
  0.38012513442276524  0.39119228482438689  0.40205103011551407  0.41267312441019943
  0.42311314493109697  0.43368327437409504  0.44447621996614312  0.45520254166286961
  0.46569848205281661  0.47622360426135935  0.48655799030999702  0.49718299933681492
  0.50759676396122810  0.51836048299058068  0.52882031470930391  0.53928425762968635
  0.54965708049742712  0.56027764759958920  0.57057165101668517  0.58101805647587879
  0.59161070216593747  0.60244391539474906  0.61313062386891304  0.62347936747963073
  0.63409061815268486  0.64471951803240690  0.65548831184766843  0.66628840098651787
  0.67692614144775765  0.68744823102302233  0.69763578862839826  0.70788369889359648
  0.71840530830941718  0.72895461636455494  0.73938866660911118  0.74957241856454782
  0.75956262254424622  0.76973865968472865  0.78022701377273895  0.79075362236343627
  0.80106063435335517  0.81118884860995177  0.82186905189054582  0.83281771459789955
  0.84383595465409900  0.85462731907862044  0.86508117287075226  0.87532188491718343
  0.88579080135252175  0.89636169053541315  0.90690166631164149  0.91733653329308951
  0.92785840219093774  0.93802557326358027  0.94784808763376871  0.95791451435819308
  0.96851131307361427  0.97930928523124849  0.98971564591270200  1.00000000000000000
 -0.00257649037487587  0.00966484384134774  0.01969883469002204  0.03006912613782931
  0.04045530467882950  0.05101783551956467  0.06150602345066351  0.07175386837727833
  0.08183564283470550  0.09156758145804751  0.10117857187756404  0.11084086622353286
  0.12072164648052161  0.13076335226102159  0.14087962403766116  0.15151641877533012
  0.16219720457490003  0.17286901601419780  0.18296685699296050  0.19305590693672198
  0.20321727572930728  0.21386728078418299  0.22474554537507946  0.23554505333623058
  0.24570333101813596  0.25566560690740714  0.26553086689536848  0.27575191371921398
  0.28624587282363884  0.29676666367358406  0.30721130029636590  0.31769138092084714
  0.32845842548636189  0.33933577495954781  0.35002990709953513  0.36053356138047532
  0.37091435566593717  0.38130386690729717  0.39152703537750433  0.40173828158778180
  0.41203038761997546  0.42262032232605140  0.43327409093028729  0.44391118112028288
  0.45429667273415264  0.46466664959524678  0.47501713754733937  0.48554218156564594
  0.49611033385674230  0.50628240458065699  0.51625738051252512  0.52618692002202783
  0.53607783515868646  0.54588820927472481  0.55584116829091434  0.56634434481307838
  0.57735849430135766  0.58822393784802574  0.59880002735883198  0.60944881295642461
  0.62016589188388094  0.63088176616518177  0.64127478700601881  0.65162779455548925
  0.66215432126101237  0.67294552243259098  0.68383547836133585  0.69463305323070135
  0.70504322234776418  0.71534233704231764  0.72565314088373578  0.73641516539941332
  0.74732386914440530  0.75834794591568599  0.76952355594191135  0.78065761453729310
  0.79153772863785554  0.80220490613707118  0.81279088716833359  0.82344874435805970
  0.83406717306259182  0.84496719602816250  0.85593623686820508  0.86677409492468538
  0.87776372919726620  0.88870911158205712  0.89972580235980226  0.91049913387351755
  0.92152652575828287  0.93282726979460417  0.94399276510020380  0.95544678771945502
  0.96656381431416949  0.97767717473979598  0.98871168827369260  1.00000000000000000
 -0.00231867145527495  0.00970086780676432  0.02007432775928321  0.03101116152806197
  0.04191634439429933  0.05255290354519217  0.06323791654921065  0.07369005008085956
  0.08412916588679820  0.09439369821858892  0.10455926606425500  0.11477513622700959
  0.12513246889866816  0.13582403532487780  0.14642741656967434  0.15651726109405281
  0.16640346781859799  0.17681927648431822  0.18733519643454388  0.19791740102825398
  0.20820631558713570  0.21855163602914537  0.22876457877993300  0.23916683454055962
  0.24956285416463181  0.26019164516488952  0.27060258394535919  0.28116773838069792
  0.29177741707400268  0.30208552887871087  0.31236475635399796  0.32276279060571084
  0.33311249783858415  0.34365117743548773  0.35407054395068333  0.36493874112092761
  0.37551638332716136  0.38600719689396129  0.39649901462954684  0.40694934208810096
  0.41777420299808460  0.42844789183954002  0.43913578480119481  0.44953699918179119
  0.45993021773355919  0.47001326177092451  0.47980590123467787  0.48992441716365376
  0.50013704801967873  0.51067338176678523  0.52112734647287873  0.53195442324675901
  0.54296222120796456  0.55380379484152054  0.56476852577640457  0.57550165647534435
  0.58614018630661546  0.59666759504992695  0.60701494274449352  0.61706345460056689
  0.62720336948023958  0.63698162702265682  0.64651487381283423  0.65613365465285012
  0.66634816845135303  0.67693152632525200  0.68743764200489976  0.69787059941413476
  0.70849750852581073  0.71915807144929222  0.72969037825434047  0.74012944122399571
  0.75066749072390837  0.76187230829636710  0.77293346418738174  0.78398979271856506
  0.79463935447515943  0.80543612357828587  0.81645232097076859  0.82780558182684294
  0.83896003667222019  0.85010942356524843  0.86095067184873364  0.87184664149148716
  0.88256599785837231  0.89318430038743024  0.90367948107292229  0.91402946748151281
  0.92475991283377801  0.93584016228944800  0.94703638492352682  0.95796023125920060
  0.96873359272209347  0.97925804412840300  0.98969751585866728  1.00000000000000000
 -0.00255166698534980  0.01020429610125745  0.02073161489238885  0.03190596298779428
  0.04296364839945479  0.05421920986907200  0.06501103159601358  0.07590319072199787
  0.08672032142752774  0.09748002597975591  0.10791075405092622  0.11802769178547622
  0.12850630372192209  0.13915792746318500  0.14978558360692049  0.16035915294473493
  0.17096815223517015  0.18205609741089507  0.19296480982413522  0.20347626180742562
  0.21347409359127298  0.22346225840673742  0.23322005976724336  0.24321181201074815
  0.25316374739223108  0.26382119046998515  0.27414865334024668  0.28488575497849961
  0.29545809174427418  0.30633881930355145  0.31665512151577213  0.32699767477612296
  0.33779065590767471  0.34933527310068668  0.36117849538503843  0.37272331565193950
  0.38393697824118406  0.39500312292024581  0.40608205311600604  0.41699411899087990
  0.42741471688924998  0.43743458939859842  0.44715556950637203  0.45693310240913598
  0.46698491404704834  0.47731456461490351  0.48770027857375786  0.49800809330963736
  0.50839969786675832  0.51895767724042563  0.52949534962433897  0.53971643342450304
  0.54973669964845395  0.55967435719157199  0.56977073986092219  0.57995500248528797
  0.59057179552782257  0.60126699634838421  0.61224385064780129  0.62320002846805800
  0.63404971806560062  0.64480794180558088  0.65522960777899231  0.66563783557767220
  0.67574642266502416  0.68593302295970005  0.69587793773511930  0.70605940669917855
  0.71638283962114324  0.72687016954843242  0.73742089926910837  0.74786779853157692
  0.75842945447151000  0.76895003600463163  0.77941812757861428  0.79001234245673657
  0.80054243335090769  0.81090888725039112  0.82092883258624538  0.83092617112679057
  0.84098540440578295  0.85137773179923681  0.86154384108152715  0.87166174817014619
  0.88167145652551060  0.89181407176747030  0.90231596288268823  0.91308562471387644
  0.92455276289688515  0.93565036896102671  0.94638962451690978  0.95689405272257200
  0.96762562894283055  0.97867539153655059  0.98950607182529826  1.00000000000000000
 -0.00223492010469692  0.00947489915712567  0.01939736551997628  0.02969478812444708
  0.03973540901791037  0.05022271858648518  0.06060934157416020  0.07122606160109789
  0.08182375151672323  0.09251646196704040  0.10296982962700750  0.11339034402938131
  0.12371170236798540  0.13417818782445368  0.14452253551775313  0.15471983060669009
  0.16477434394099849  0.17502142396762871  0.18549139504209244  0.19623671932722012
  0.20704893387338039  0.21782355542505699  0.22860512022357443  0.23939056028143763
  0.25002515417125731  0.26040183562956165  0.27072001987278982  0.28109027415784804
  0.29129854537303945  0.30167965104500161  0.31219899323736050  0.32321682183074929
  0.33406437293177726  0.34477903031038548  0.35563491099933647  0.36672937451026666
  0.37756534354962218  0.38789358120897660  0.39795694581698154  0.40827914353424605
  0.41869320274338784  0.42955940742173082  0.44045809046821749  0.45153388027649027
  0.46220504700208326  0.47258332802704661  0.48279317815115252  0.49276792263712915
  0.50291293828773698  0.51318875965151645  0.52393356816692316  0.53468356553886487
  0.54561782337732623  0.55620124070752508  0.56710835669998316  0.57785328010221626
  0.58870468494446648  0.59905903720032561  0.60910970332126269  0.61908199855829316
  0.62914328526084839  0.63938381879065653  0.64999014162385138  0.66083062016942873
  0.67167641818114909  0.68246303276067666  0.69300561314012044  0.70356112606373622
  0.71415624946242406  0.72490635659891534  0.73541161749764350  0.74549747075380224
  0.75546930285125480  0.76569569389382253  0.77625884632824049  0.78681997519115576
  0.79719767042801870  0.80780066558316510  0.81852885340795789  0.82954321845135892
  0.84025009794241501  0.85081120147575906  0.86095360259666620  0.87114099344501417
  0.88133838109067775  0.89208911258444501  0.90294728595167217  0.91381141650816022
  0.92446914626193410  0.93544391650429037  0.94678245592992871  0.95792445153600514
  0.96840443384969577  0.97869919985526777  0.98922120195067154  1.00000000000000000
 -0.00246272919758871  0.00985010057506070  0.02037891768384808  0.03110990094021263
  0.04186108155964868  0.05262196354821438  0.06324800171547723  0.07386144947804135
  0.08439558132554531  0.09495603937175326  0.10546732661783582  0.11572728888115837
  0.12598570166123657  0.13628928842489832  0.14694078743921984  0.15742187729215992
  0.16772141613130698  0.17779486915200418  0.18779780291842066  0.19772352827305911
  0.20756084377461756  0.21779100408095176  0.22816371383392509  0.23899057753612810
  0.24976243815308591  0.26035343610938422  0.27078490824626911  0.28102838685465137
  0.29134430841174863  0.30145898271049187  0.31193203610968756  0.32284702705439244
  0.33418541652898304  0.34528144734846877  0.35593575387031057  0.36707089948029015
  0.37793077296200445  0.38881619257126032  0.39932037588288871  0.40987996222165479
  0.42020297142213175  0.43041795762446544  0.44088363661198265  0.45165435164857809
  0.46271906253901895  0.47366913191968962  0.48469382486943963  0.49548816111082011
  0.50631655044952784  0.51713868206336921  0.52831745932250396  0.53930603776736497
  0.55003793037625870  0.56048623825288391  0.57122293335325669  0.58190664905399803
  0.59200702405162042  0.60199742966711567  0.61201866684619532  0.62239474997201127
  0.63282884479578116  0.64340418720861914  0.65402706246850384  0.66468237993157686
  0.67521007977185898  0.68555042345534467  0.69579668903160530  0.70604179292992719
  0.71629138076149823  0.72654839362671797  0.73683418275494483  0.74726653576409940
  0.75787703211686808  0.76873603271967184  0.77973485349749605  0.79084428368252080
  0.80145912601653835  0.81171244394512465  0.82182594567189904  0.83213758743781685
  0.84281247263373482  0.85323060138217677  0.86368016187515306  0.87424958762943783
  0.88492857350667242  0.89558818430993126  0.90593023834697539  0.91624484747325763
  0.92694859581574873  0.93732660027641557  0.94768984108135623  0.95772153835838092
  0.96813512253264866  0.97870727515050437  0.98935295518463107  1.00000000000000000
  0.03213179759790953  0.23346329870048121  0.26476785169764988  0.28245719516787965
  0.29641405575409557  0.30877367098169572  0.31998670369553728  0.33051615382129623
  0.34009767306997829  0.34943906479005959  0.35830031045404548  0.36682977299996666
  0.37513103428856953  0.38333166225277115  0.39113804151141146  0.39886525313524468
  0.40641109838421929  0.41391132400744146  0.42126133511724040  0.42841862867011382
  0.43553488587831585  0.44257186275041083  0.44966562491809980  0.45680690536223173
  0.46391291494352616  0.47091681040939193  0.47774861616031306  0.48447141503844493
  0.49106530064980064  0.49757635139154938  0.50376004046557099  0.50973278063788630
  0.51577855735223510  0.52181025898691458  0.52779969936098192  0.53378334102295666
  0.53975842222760118  0.54579547268473183  0.55184020185043792  0.55772362954580612
  0.56357192202504791  0.56949356785390404  0.57560186411710423  0.58180046452430934
  0.58812511359978570  0.59437358951694552  0.60050200166311418  0.60647877083673130
  0.61239904550445934  0.61826975895531588  0.62413167846787798  0.63002105496922878
  0.63589222839841075  0.64179872661110282  0.64768457121847667  0.65358340920905478
  0.65964357567441578  0.66569235695436235  0.67165847163380366  0.67759780765653677
  0.68347845712298905  0.68943117747458871  0.69524592079920056  0.70107103269258264
  0.70693470939077985  0.71300699112080990  0.71922048842196851  0.72543620416778321
  0.73161371741172276  0.73771471818497425  0.74386417847287312  0.75013175906623808
  0.75659026841050558  0.76324857299760374  0.76994957134809461  0.77677986475452387
  0.78365136285696868  0.79066518453460088  0.79792541947946560  0.80522385446189482
  0.81253860598113492  0.82007959199883274  0.82776565131275492  0.83560969955158260
  0.84377574518352494  0.85228366705823166  0.86119333495447448  0.87038627070223140
  0.88004394968886757  0.89030453861792691  0.90141786484368835  0.91359456339415879
  0.92713639783267399  0.94295106809937357  0.96432747447470513  1.00000000000000000
 -0.01852037505789690  0.10896176546079329  0.14430029284332213  0.16605404806812196
  0.18387285771947612  0.19912174719744566  0.21239945594061951  0.22437591137735374
  0.23542959499600355  0.24592778528374673  0.25612782627689784  0.26588233613260970
  0.27506207833539781  0.28376527280861580  0.29209687376056220  0.30015906312015556
  0.30803156375160801  0.31590318270126705  0.32343965632865945  0.33076280327179863
  0.33760574419607670  0.34421633909565102  0.35098915380379420  0.35759566076846544
  0.36405145885060181  0.37033384270065656  0.37654059915710736  0.38271683952319596
  0.38889100404443649  0.39502503220194318  0.40103630140987945  0.40691264922184994
  0.41269740520948672  0.41847651598294711  0.42436470951247496  0.43025735052236225
  0.43613208529153702  0.44187164938057738  0.44751631552830012  0.45319364740425311
  0.45885824438270623  0.46454907409143831  0.47024654602160310  0.47589750575936529
  0.48149267640091892  0.48700296979609109  0.49238751083314358  0.49778612960363416
  0.50318827696959068  0.50863653655200269  0.51410997482024390  0.51955738044044975
  0.52504776876878834  0.53057618010051688  0.53607081205726148  0.54154801112293882
  0.54706299620348386  0.55258826391803151  0.55822495240918479  0.56396393405519085
  0.56989622239037874  0.57588046491261957  0.58166179988155298  0.58729225416168174
  0.59300424465682700  0.59880136077589496  0.60475675190941225  0.61082020476126808
  0.61692822556255245  0.62312279562594075  0.62948872128400213  0.63593339065643639
  0.64240198261359593  0.64907080209861268  0.65593737952205611  0.66304289148190421
  0.67029820722537370  0.67776680537892275  0.68537621388268777  0.69303297609265979
  0.70089758545550507  0.70907801544821691  0.71738085240263394  0.72565268576906028
  0.73413540568768831  0.74309903847999037  0.75261764623973870  0.76314187043497606
  0.77450819511561209  0.78704847506563913  0.80089887307603569  0.81635963236130760
  0.83425949399911492  0.85671823944506509  0.89266309431192625  1.00000000000000000
   9.6601632706641533E-005  -1.0000000000000000     
 T F F F T F F F F F F F F F F F F F F F F F F F F F F F F F F F T F F F T F F F F F F F F F F F F F F F F F F F F F F F F F F F T F F F T F F F F F F F F F F F F F F F F F F F F F F F F F F F T F F F T F F F F F F F F F F F F F F F F F F F F F F F F F F F T F F F T F F F F F F F F F F F F F F F F F F F F F F F F F F F T F F F T F F F F F F F F F F F F F F F F F F F F F F F F F F F T F F F T F F F F F F F F F F F F F F F F F F F F F F F F F F F T F F F T F F F F F F F F F F F F F F F F F F F F F F F F F F F F F F F F F F F F F F F F F F F F F F F F F F F F F F F F F F F F F F F F F F F F F F F F F F F F F F F F F F F F F F F F F F F F F F F F F F F F F F F F F F F F F F F F F F F F F F F F F F F F F F F F F F F F F F F F F F F F F F F F F F F F F F F F F F F F F F F F F F F F F F F F F F F F F F F F F F F F F F F F F F F F F F F F F F F F F F F F F F F F F F F F F F F F F F F F F F F F F F F F F F F F F F F F F F F F F F F F F F F F F F F F F F F F F F F F F F F F F F F F F F F F F F F F F F F F F F F F F F F
  <DiscreteSampler_grid>
  grouped_processes
  1 # 1 for a reference and 2 for a running grid.
  10 # Attribute 'min_bin_probing_points' of the grid.
  1 # Attribute 'grid_mode' of the grid. 1=='default',2=='initialization'
  0.0000000000000000 # Attribute 'small_contrib_threshold' of the grid.
  0.5000000000000000 # Attribute 'damping_power' of the grid.
 # binID   n_entries weight   weight_sqr   abs_weight
    10   10   3.842666087040418E+003   1.101282969421634E+008   3.842666087040418E+003
    16   10   3.842666087040435E+003   1.101282969421645E+008   3.842666087040435E+003
  </DiscreteSampler_grid>
