  0.00327462160582936  0.01174304589997571  0.02186382212627467  0.03199341987709078
  0.04193700385932560  0.05210335523256372  0.06201851533558568  0.07208104717714102
  0.08207745580420191  0.09204894077664444  0.10227283056712526  0.11274992690418352
  0.12319971240683146  0.13345618323182434  0.14341493887814213  0.15353507540739408
  0.16393252183897586  0.17447676003066884  0.18498458365339063  0.19540526950474849
  0.20567147430257185  0.21586727839672945  0.22593777393998610  0.23606451693186173
  0.24662006630885722  0.25725530684833259  0.26804785039337842  0.27874178504351227
  0.28961434505447220  0.30023346122776418  0.31057822407138963  0.32105481008340048
  0.33159141296402816  0.34235603877698395  0.35298127722265588  0.36374114870179758
  0.37425231110395185  0.38466660551369802  0.39523308515063654  0.40578321042767235
  0.41628365234872450  0.42666147868130200  0.43732328474662258  0.44787064423026113
  0.45851970704291861  0.46918087530594860  0.48012526490738044  0.49054409204492389
  0.50099533105459038  0.51124912818285162  0.52184039400760140  0.53205889698261766
  0.54204757482968113  0.55232031796803405  0.56249853885830747  0.57283761111038634
  0.58331526116909083  0.59377215715318576  0.60443087285636643  0.61498651832459317
  0.62576666354162180  0.63618541681609075  0.64657869985281768  0.65663077155850880
  0.66706914628261027  0.67730302780855456  0.68786553394987515  0.69830492648569653
  0.70867371849388083  0.71937185052327945  0.73024062128485123  0.74150457250047874
  0.75278762137561717  0.76380417042898463  0.77444159288341297  0.78439984037582322
  0.79468633929366328  0.80487022866490676  0.81533602019147289  0.82575305108279595
  0.83619661734559647  0.84666862589210101  0.85724150937218957  0.86793531309243022
  0.87875582070941705  0.88911426664262350  0.89926856314129833  0.90932572793550726
  0.91960276243087258  0.92994508023822653  0.94040231041873878  0.95154518629089335
  0.96301847924107919  0.97493801955198967  0.98728425743392301  1.00000000000000000
  0.00683802090869093  0.01606986584945127  0.02764786005658127  0.03945437508647991
  0.05058027171158699  0.06150112855004522  0.07230501478067344  0.08312553606477331
  0.09398460029381744  0.10468767808295683  0.11502062347907985  0.12534020454128414
  0.13565557354605379  0.14567841857703070  0.15560154792362119  0.16573381555478056
  0.17664951902716342  0.18777140887195548  0.19863263025079464  0.20919403669574832
  0.21981073591464509  0.23044679764077999  0.24092668728746808  0.25117039229772992
  0.26140283478888726  0.27166052541009134  0.28202718959424822  0.29241411543499130
  0.30291230672595676  0.31344953991831215  0.32400753424053430  0.33453657125229380
  0.34492140288515455  0.35550860459443823  0.36614110855064791  0.37672909553917266
  0.38729362283785213  0.39786252652184506  0.40857794093572541  0.41921099539498768
  0.42979002398349797  0.44054175715464233  0.45123166002528292  0.46179594491786286
  0.47219547314248173  0.48283814690059956  0.49380651437105277  0.50489818999971048
  0.51591137813731802  0.52702198743288475  0.53807626647087969  0.54904188860253944
  0.55975608392293708  0.57004071501218812  0.58014669927810969  0.59045564408474349
  0.60087593557852204  0.61114477588002158  0.62132342991270317  0.63162345854905344
  0.64201433375519323  0.65237648641223456  0.66285346791838584  0.67369434452800403
  0.68475738128308061  0.69573339459118089  0.70666527584108285  0.71769247770301314
  0.72887393103325837  0.74008830828090988  0.75144834303460994  0.76272755273431647
  0.77401598390425475  0.78486233224824087  0.79552816233274115  0.80574928419872716
  0.81614731549104469  0.82658781508899004  0.83710531281858058  0.84756879119644291
  0.85785890675614107  0.86795935726610185  0.87815473523237586  0.88820401998390963
  0.89811967459505271  0.90754454024552944  0.91714476666712685  0.92693177873416444
  0.93689075035069913  0.94657445554014985  0.95587891973634420  0.96511065832472109
  0.97423767025766173  0.98328510998493868  0.99167805704359424  1.00000000000000000
  0.00354061696914741  0.01109967696491235  0.02078901770633518  0.03114394115579246
  0.04140642800122955  0.05147771417492741  0.06164736014923332  0.07183353379197634
  0.08235952199145526  0.09268873140393720  0.10267011814370453  0.11262316150059037
  0.12263966202833583  0.13287913725025816  0.14311857129257044  0.15314537550174073
  0.16323240228829680  0.17348086083762698  0.18383242506958067  0.19411923069369455
  0.20424949478471072  0.21455493542388485  0.22472711485608982  0.23487883926048811
  0.24489516191432228  0.25527072436564957  0.26584927617364829  0.27696409612817663
  0.28825682895333049  0.29921071761064699  0.30958822280899545  0.31975686869272535
  0.32997337208162281  0.34038375785232472  0.35076826053105087  0.36162846031563467
  0.37319212201880930  0.38433481705816908  0.39502864526906911  0.40510072144645654
  0.41509449884112953  0.42517280823179865  0.43533798632895926  0.44613322977218922
  0.45703402887595546  0.46778394833716780  0.47831722066741666  0.48847819682980709
  0.49857117721512406  0.50855531065014115  0.51839276154755620  0.52843374668119003
  0.53861450510675946  0.54959346022720612  0.56088118155010480  0.57232822888516732
  0.58347143442506988  0.59443081264721365  0.60514756983538132  0.61569970590444478
  0.62623477837050778  0.63664658587611700  0.64706826446154553  0.65769205418823085
  0.66848871962381395  0.67940309978940006  0.69022964570068435  0.70103067814599707
  0.71177341081395573  0.72230986002466147  0.73278391941754273  0.74311741111482910
  0.75367073572794585  0.76427275928379812  0.77479008899503110  0.78516688766280351
  0.79547976742866189  0.80580950910833959  0.81593059186696371  0.82611982268798456
  0.83653098493260747  0.84720799883914000  0.85788191205648812  0.86837716403411891
  0.87894983722005049  0.88953612189696463  0.90002627647501010  0.91079140034093020
  0.92166870204780771  0.93250891895256149  0.94321640206312252  0.95398877008119576
  0.96540069909726134  0.97694984699248666  0.98855238127623757  1.00000000000000000
  0.00600550824406415  0.02097670847595548  0.03585724171282920  0.04855798728004414
  0.06002076191903248  0.07132204238176873  0.08249652277384693  0.09368340212980049
  0.10488192105193768  0.11612744508908561  0.12728816151190200  0.13809839271105429
  0.14878868127022568  0.15913003024738290  0.16941004709743693  0.17945647378056595
  0.18965861610700793  0.20011780764082746  0.21067726423376298  0.22124300718362666
  0.23158021331183309  0.24228945944696326  0.25299211842731695  0.26358752866016644
  0.27422538081427161  0.28456802145643328  0.29472658873792562  0.30458152160481339
  0.31460256283901655  0.32484024404605971  0.33509884225647840  0.34549119525139749
  0.35590684472625644  0.36616380737103771  0.37608771720126050  0.38613236555218017
  0.39629959794908609  0.40651619108762821  0.41657609417499303  0.42657308383837722
  0.43666991299492541  0.44679947812643311  0.45710783321518633  0.46703432345437806
  0.47682159204423874  0.48657037417727056  0.49654269272254226  0.50659370398822523
  0.51668404191215034  0.52705260141002153  0.53758783272699906  0.54824817296188144
  0.55864749158130467  0.56873996563465679  0.57862398488808442  0.58859379071975182
  0.59876033342224277  0.60897347782977018  0.61901763690559430  0.62909502802652273
  0.63937755195105872  0.64976585437617684  0.66044183453244132  0.67107613857253379
  0.68164764325521476  0.69214389898637763  0.70270454345150302  0.71330145546982782
  0.72387353783968167  0.73445397313285621  0.74494247333349484  0.75535302578990127
  0.76558603234753808  0.77575300281927773  0.78583945908549524  0.79593875354606658
  0.80610827947722807  0.81614896245904511  0.82592994354611260  0.83567362898645647
  0.84553290596126240  0.85543397497684071  0.86523327349963319  0.87494724057555784
  0.88481488700426625  0.89508092206224554  0.90554397083404992  0.91565785104691522
  0.92523876267772498  0.93445993309880282  0.94384341859611776  0.95356211860911144
  0.96340440402393623  0.97289019375241714  0.98225320946358696  1.00000000000000000
  0.00000289972084951  0.00000606178391270  0.00001125345465596  0.00001565293626145
  0.00002033473488364  0.00002511953825729  0.00002967310272612  0.00003422699416656
  0.00003877739184290  0.00004327817791461  0.00004771242709367  0.00005214693518138
  0.00005676154512682  0.00006150347633257  0.00006628049558608  0.00007115791965253
  0.00007617267007675  0.00008129060753454  0.00008647706512007  0.00009169368013307
  0.00009693396121458  0.00010223949325382  0.00010772960602093  0.00011342150563706
  0.00011921012073965  0.00012500898149102  0.00013102723628921  0.00013736652035582
  0.00014418048996276  0.00015156166118868  0.00015953950873678  0.00016810045603558
  0.00017695851429766  0.00018603418219495  0.00019540623761376  0.00020498478107420
  0.00021481629074447  0.00022491834398761  0.00023526977691907  0.00024580614146984
  0.00025674699285067  0.00026807957275179  0.00027983418356736  0.00029209820429389
  0.00030476571448730  0.00031795920885834  0.00033169009210434  0.00034593545582093
  0.00036123617297409  0.00037704861007824  0.00039377943838968  0.00041057359649571
  0.00042814368759092  0.00044615452908565  0.00046466901320623  0.00048557575730445
  0.00050776963330266  0.00053191556791730  0.00055694479944327  0.00058358406390165
  0.00061293929608165  0.00064442810662132  0.00067743596892584  0.00071209066120568
  0.00074849210200387  0.00078835703979310  0.00083033462182415  0.00087491528362808
  0.00092228466588214  0.00097480626101891  0.00103157220470978  0.00109099052559512
  0.00115503806080368  0.00122616333314734  0.00130386687575059  0.00139156330122765
  0.00148857971044603  0.00159358338916801  0.00170184448111148  0.00182106475156781
  0.00195596321498358  0.00210245339379123  0.00226517564167126  0.00246783602777373
  0.00273511076743800  0.00306338249531798  0.00349105126384125  0.00402399318874272
  0.00470887731468556  0.00553967798310482  0.00664811177631991  0.00811237477553310
  0.00987402278279965  0.01393499259489226  0.11476390362862185  1.00000000000000000
 -0.00239700870974638  0.00926422401173116  0.01914079246752995  0.02994873162606478
  0.04075326863236801  0.05175176864881261  0.06274506608286445  0.07366346089492198
  0.08455343318659063  0.09551429654722053  0.10652637785009325  0.11740444476711491
  0.12809204860620343  0.13872377683609297  0.14950963910981779  0.16028734078245085
  0.17119087592279555  0.18208209562476599  0.19291372991324185  0.20351888677097305
  0.21412198581789335  0.22501221893854853  0.23608830957982435  0.24733898337463028
  0.25867129239464598  0.26988634523437061  0.28069439576280197  0.29149198630765782
  0.30226047544746903  0.31275927975713397  0.32281807550303582  0.33306342228329977
  0.34373555229004066  0.35456727327691723  0.36532822992831820  0.37605820713930382
  0.38664215014963138  0.39719940884198740  0.40811374044924820  0.41902217745477499
  0.42970500736167683  0.44006961032603059  0.45060356963406978  0.46136347952224110
  0.47206840348268808  0.48279359884309953  0.49354498094983901  0.50415240318499321
  0.51496203851509514  0.52592503054904716  0.53694105239590884  0.54787150505109683
  0.55853032853064954  0.56881725430520980  0.57909992936063825  0.58950249791585430
  0.60034874924690140  0.61112389660927802  0.62181122501211583  0.63250568484161152
  0.64292721777456030  0.65311426103281611  0.66319595616768801  0.67341845975485337
  0.68355392374277057  0.69372569757721991  0.70361637336019422  0.71364504576504895
  0.72339137313423441  0.73307152270953413  0.74274394648360187  0.75269309926051142
  0.76320914946230878  0.77386187425749076  0.78483608922174775  0.79552090057987801
  0.80569413857502037  0.81556670821994726  0.82529967709175633  0.83504447120186798
  0.84450885029431111  0.85399583258092715  0.86397838088716672  0.87404000427088790
  0.88443097960805528  0.89488229669255970  0.90574639487602560  0.91643231514052348
  0.92714960755268083  0.93767751119368226  0.94820060229790781  0.95847107390903197
  0.96859848731728859  0.97884446897098554  0.98925869598991267  1.00000000000000000
 -0.00249482911796265  0.00966458192655845  0.01990159446301867  0.03060789305228318
  0.04114775038148848  0.05180424175556560  0.06230289631818167  0.07325477126171882
  0.08441908030748974  0.09548165547856742  0.10627542038391087  0.11700786063622370
  0.12775183475767227  0.13853514635974654  0.14922006135367794  0.15997768700895959
  0.17039448501370352  0.18025564383843887  0.18989809508640260  0.19965495470327782
  0.20968614765537374  0.21985554810546626  0.22993904048759889  0.23983698640275294
  0.24973976757400437  0.25991568861642256  0.27027323928860120  0.28060369031203575
  0.29078824616484894  0.30115476566249960  0.31179838776027707  0.32260957972914017
  0.33331458017374993  0.34395214490910569  0.35469091841722206  0.36564861496945938
  0.37687065438673839  0.38806585096817120  0.39886252135139999  0.40915153873626542
  0.41933802528924252  0.42978921286538607  0.44032335995960464  0.45093344994533424
  0.46138190475820767  0.47162938846281977  0.48215617131787541  0.49264069636948188
  0.50321897705775642  0.51358369765828560  0.52420510519604280  0.53532872247903607
  0.54634764347742282  0.55719144683012156  0.56777227606470893  0.57802298672063068
  0.58833972080218488  0.59870907507939330  0.60901562269273846  0.61972584628271554
  0.63061741765943580  0.64178371243693488  0.65250086997367185  0.66301984704788808
  0.67391315437619093  0.68494449481951747  0.69599283793222044  0.70663326763683521
  0.71712219740379479  0.72743474451509893  0.73764231522818824  0.74776670790818456
  0.75782278898660171  0.76770747332557565  0.77773809168011765  0.78794593326321005
  0.79842394379730020  0.80857977694951122  0.81897755680976903  0.82965045582000996
  0.84027798187405855  0.85051165804274720  0.86070945606938631  0.87102815182978477
  0.88158087321753731  0.89217003775595394  0.90283560845678290  0.91334798318052790
  0.92384831094585684  0.93457214437624259  0.94560047686810922  0.95664318250394509
  0.96785594246838491  0.97864856019756608  0.98948489340895718  1.00000000000000000
 -0.00236508345803346  0.00983534703718818  0.01997903761919142  0.03070976396964289
  0.04123853181329822  0.05214531992333452  0.06306040813004345  0.07385098395117208
  0.08430530355552512  0.09421304244910499  0.10403755869047190  0.11397303072356549
  0.12451409530360825  0.13563050558928419  0.14678100307884864  0.15804612848954824
  0.16916015642208451  0.17997793926980435  0.19098895820338183  0.20222004666145113
  0.21341862245280041  0.22445306502722542  0.23553244317328914  0.24649605640388883
  0.25730598566820323  0.26770422348444811  0.27807403853829760  0.28837922887501855
  0.29846422041091220  0.30859634513610484  0.31880280089106017  0.32908662028697133
  0.33904130370963692  0.34887706265523827  0.35925836178701376  0.37019884183873275
  0.38132864318866921  0.39242811823846835  0.40366156185028812  0.41447899175438158
  0.42486691967970797  0.43502170857600259  0.44533685612641616  0.45606744018358736
  0.46695925388302939  0.47765950301423599  0.48783744905783794  0.49803178269845155
  0.50863843900401073  0.51954515406516988  0.53045631476708388  0.54109383401603317
  0.55203772820246022  0.56271296458356812  0.57371735786626865  0.58477343990284025
  0.59615653839683358  0.60745507586021696  0.61837741705561422  0.62875968944395855
  0.63881018005947121  0.64893159069620054  0.65908239282288572  0.66929578656688027
  0.67966579306136443  0.69005512228719446  0.70028176940137121  0.71043498253622528
  0.72065065735101708  0.73071241330742998  0.74055642710390723  0.75055191526015552
  0.76067734894716776  0.77088908286087343  0.78087513896589922  0.79093997681294759
  0.80133590454510628  0.81171897172885787  0.82243114293737851  0.83325281758488245
  0.84424456446197083  0.85514988144138560  0.86599133934057937  0.87691535760758421
  0.88749386527650231  0.89796223029323563  0.90820382739706662  0.91829638179461293
  0.92844447363226368  0.93833410281229090  0.94856346420653348  0.95872068011409317
  0.96903367303343257  0.97919000204609663  0.98944226883563846  1.00000000000000000
 -0.00263047513526533  0.00981324423726540  0.02016211975729441  0.03091538982609682
  0.04164696151713405  0.05265268773877257  0.06361040532718371  0.07471028628342467
  0.08553864392876349  0.09615646359776132  0.10682555815228312  0.11766197956049305
  0.12853120871192300  0.13933326072231231  0.14976364719900012  0.15997666072267547
  0.17003387028984296  0.18019913574884563  0.19050886281450502  0.20095851244064181
  0.21155450336649614  0.22253071353191833  0.23326870678500508  0.24405630836874903
  0.25472432620283542  0.26580688285633525  0.27638337495081372  0.28687771837444448
  0.29786905084922938  0.30922222502463403  0.32023379382503819  0.33097038954548424
  0.34184639395675159  0.35279933142362774  0.36327822176523500  0.37370360767306210
  0.38394757969441962  0.39456882789428505  0.40519664837475350  0.41612957432666259
  0.42692845886187647  0.43780564178306508  0.44859247974368327  0.45934935403045712
  0.46965546382432488  0.47978327368128237  0.48976633452675744  0.49988573092657934
  0.51047535150654111  0.52121094189320161  0.53247087026638851  0.54336008672348779
  0.55411498702659812  0.56454542561376997  0.57528248624738842  0.58591528313812113
  0.59618369816291883  0.60641837055809378  0.61697825612040624  0.62763448259525401
  0.63798634089246065  0.64813274742132432  0.65845438286722668  0.66898052693345422
  0.67966507085115091  0.69042089381808991  0.70064441088771645  0.71072604098862813
  0.72075175131523528  0.73086210515163219  0.74125049064345283  0.75183546737086004
  0.76261355610879189  0.77324493105428005  0.78385917412690842  0.79438297353213438
  0.80471888840519090  0.81507671024849171  0.82576413337958299  0.83614948734250072
  0.84650195550380392  0.85693883605894405  0.86795525528589190  0.87883671183130374
  0.88922507789508065  0.89937441594087619  0.90940588171063164  0.91944856334380842
  0.92986184962478957  0.94017011828312869  0.95043277304672724  0.96035356836876773
  0.97027354280382272  0.98020870925195969  0.99001921448979036  1.00000000000000000
 -0.00236311190663176  0.00870788232029083  0.01850330702521570  0.02823645020853319
  0.03833598483704068  0.04865154859820894  0.05904143824488570  0.06924754280709795
  0.07943788070750978  0.08969849905447702  0.10008026721301100  0.11023148176980491
  0.12017051376793116  0.13041378526728920  0.14104818690834570  0.15195309909336643
  0.16284381149185562  0.17345963023585506  0.18405700840700573  0.19450511430220352
  0.20505598569560299  0.21566442514408593  0.22623659725388934  0.23674143482991922
  0.24701164143778723  0.25746678086410885  0.26773909517282252  0.27834321854292698
  0.28891940949271366  0.29952608492248467  0.30999231631022972  0.32054085907148783
  0.33099263622046465  0.34116226545338546  0.35105205858076666  0.36099191358075911
  0.37101224312331499  0.38108718225911731  0.39104950143976752  0.40115902850123486
  0.41154987380280611  0.42192013581447596  0.43248818654372356  0.44305469717933643
  0.45368367846724333  0.46381374611199938  0.47370075146190904  0.48360508580653322
  0.49373663514590943  0.50390102431545791  0.51424068340378437  0.52472679648470688
  0.53537944412114746  0.54562935680043811  0.55575367210626847  0.56611167162656717
  0.57651318216857472  0.58702309183411749  0.59729567420277840  0.60802328209613954
  0.61861941437715140  0.62926841739323813  0.63987210275776596  0.65088950560897463
  0.66198927366780513  0.67322619373058512  0.68449280701544801  0.69553737154539153
  0.70659822844828546  0.71728828979391746  0.72822100033852155  0.73879980018265179
  0.74937510832553678  0.75980447172020726  0.77033880033727997  0.78098515145064040
  0.79160272694014122  0.80267426855560919  0.81391873775044787  0.82502128024144816
  0.83618158818979549  0.84741746394758910  0.85852420775574534  0.86913030483795994
  0.87946151302927322  0.89000691599119786  0.90094350972797277  0.91161012855277568
  0.92216682962667340  0.93272626248441826  0.94390033476293234  0.95525805901486982
  0.96630643248827186  0.97754556804852044  0.98866911023514215  1.00000000000000000
 -0.00245376742665488  0.00880889134354043  0.01904393299368172  0.02975196695272039
  0.04065490797765415  0.05114343850419067  0.06148514653436581  0.07196066745999277
  0.08234095191637933  0.09245639958256612  0.10234783481188264  0.11228612683266104
  0.12230657649645335  0.13254777578057306  0.14321976556530272  0.15439345937516186
  0.16542960560370856  0.17605759150606556  0.18654383424487594  0.19708683663991602
  0.20752223190339014  0.21808040196086800  0.22880773427257450  0.23989460936625523
  0.25095755265096387  0.26190327430422028  0.27280325029058533  0.28353902434430972
  0.29433657176672079  0.30505358941437866  0.31588860580359757  0.32676547620857815
  0.33767343931427585  0.34823612402438986  0.35842046616120482  0.36836474175562717
  0.37836937898261930  0.38851056518243771  0.39874652677481748  0.40910061601272102
  0.41972329432808841  0.43019967327690495  0.44026609364335706  0.45042532335430818
  0.46039217150143463  0.47067969201188148  0.48073714806377793  0.49117781973489316
  0.50157757892609356  0.51222416632791112  0.52279810472212229  0.53345000875026316
  0.54424036439215195  0.55516402060228376  0.56592269423054520  0.57617787873355431
  0.58678979004650522  0.59764062106870808  0.60821873635918955  0.61837760979058809
  0.62863847818954943  0.63920403084657207  0.64998413209758299  0.66064535184297424
  0.67156075855871267  0.68214866543672903  0.69222523388077983  0.70200377605892839
  0.71210861864443042  0.72257941576751583  0.73329959421710367  0.74405148012923783
  0.75496852201145359  0.76597163728287654  0.77700992175628136  0.78789814758509180
  0.79885667904721380  0.80970849246474819  0.82079588764482214  0.83187149986572806
  0.84259377560137583  0.85342914095578626  0.86430185480884514  0.87480556141380927
  0.88511829325249469  0.89521231182157046  0.90560726940109593  0.91599858670552159
  0.92651347238955528  0.93674934099136142  0.94716704894250747  0.95760879731380444
  0.96794491904850233  0.97854534824272521  0.98910723066524897  1.00000000000000000
 -0.00228964777732190  0.00985703413811116  0.01975726815672424  0.03048099897628095
  0.04101460227753793  0.05180016017734697  0.06202792089669436  0.07227693540992439
  0.08242664572998429  0.09274306705632765  0.10318403558441788  0.11377005580266737
  0.12434327716960795  0.13498531766204019  0.14545155731156309  0.15556947247640654
  0.16563996168838574  0.17610474257952960  0.18670108128829149  0.19697424946376255
  0.20719110602219154  0.21764193057156997  0.22834951720596611  0.23925337520596107
  0.25028486604823297  0.26182721268412684  0.27310823549558638  0.28350101824565738
  0.29399254251348444  0.30427274987979530  0.31471022553077921  0.32527213711923159
  0.33536772686689981  0.34607724815022067  0.35671978401663262  0.36819614833003528
  0.37941851710387126  0.39028006606513888  0.40099417223350853  0.41167534405156891
  0.42232933002742190  0.43292735793619141  0.44320379770215151  0.45334875533941515
  0.46341395301180732  0.47383778924073044  0.48463580575472992  0.49574196443423291
  0.50667344668559444  0.51758022712276630  0.52867345029413637  0.53959121888894090
  0.55005307392039471  0.56032208537943895  0.57088768588669292  0.58155354255688851
  0.59224372359701172  0.60305375856549137  0.61399976754847918  0.62484353689782168
  0.63566432667621775  0.64650103841613882  0.65719626548000543  0.66768704341260388
  0.67779545766371219  0.68801830859696789  0.69837117109955404  0.70886138940912125
  0.71920515874766777  0.72948449902596157  0.73938693303730374  0.74947436418199365
  0.75955459493691502  0.77005054977095522  0.78038780348070647  0.79043910379325955
  0.80087221322769830  0.81125125291520150  0.82195177992654056  0.83243464765324604
  0.84311073971246620  0.85344374112399202  0.86402356203538122  0.87451495852168093
  0.88526046730126029  0.89560905182011452  0.90595078635710291  0.91632698269301516
  0.92694233983726237  0.93771352889951509  0.94813513215728640  0.95881559720522158
  0.96939095905886929  0.97994959093740419  0.99008473618856452  1.00000000000000000
 -0.00284099123727112  0.01142013714175689  0.02281507135682576  0.03412771258033406
  0.04488736099437738  0.05531662393280129  0.06563682118149348  0.07571674265774553
  0.08621315726236554  0.09668214261473194  0.10725480901698808  0.11731920003945770
  0.12797320221908928  0.13860236699455780  0.14934218465215648  0.15958973139098867
  0.16979587126344459  0.18013453730337806  0.19047811637625042  0.20107017412871567
  0.21165767300114011  0.22261046403443913  0.23366682036535555  0.24499241916659784
  0.25620758853947101  0.26725301490730319  0.27792615466206311  0.28843705821841387
  0.29900344670996670  0.30965151455877116  0.32006555053603553  0.33036388297828301
  0.34066825388595612  0.35114704422005594  0.36158820989966239  0.37194634288775530
  0.38231144805351258  0.39272088680271083  0.40314360214645167  0.41351187362332059
  0.42373996369751271  0.43405304070533657  0.44434325478379016  0.45456245752445001
  0.46479699389533657  0.47488881976835928  0.48502635838781694  0.49488837623639959
  0.50499057744475773  0.51526033277310657  0.52598913239980605  0.53680355569559690
  0.54761727605758648  0.55822761462490933  0.56880820587213343  0.57918885388120755
  0.58958812562122531  0.59995015176337441  0.61004030381000263  0.61985357698005128
  0.62959678659800589  0.63989328149467728  0.65024022038049667  0.66061938282919486
  0.67116091975582304  0.68183934661116385  0.69245271937159458  0.70322185916307978
  0.71411068785410925  0.72502315083199087  0.73588267694650078  0.74686925490711809
  0.75776633444003982  0.76846351863126616  0.77930276855293135  0.79035555585912309
  0.80107171078698258  0.81186776223410684  0.82255000331126782  0.83333750391836869
  0.84404277239176806  0.85464362749346467  0.86559534876520938  0.87609671215005103
  0.88645505966274429  0.89676683488966946  0.90695304475547234  0.91694327861136804
  0.92689372781344226  0.93687603891282123  0.94782292373444144  0.95866865628401943
  0.96941595925105495  0.97981250164588318  0.98998288280913249  1.00000000000000000
 -0.00246241174913157  0.00915485520586633  0.01902600068056531  0.02880109418022110
  0.03909198232712050  0.04920353120783604  0.05973214662249739  0.07034821363642033
  0.08136099579633180  0.09204929098955533  0.10293162511917224  0.11385654479469241
  0.12476179845119190  0.13585798774335089  0.14675524937259427  0.15784280635708409
  0.16873635005064286  0.17957034102091551  0.19053003490328910  0.20123212525654552
  0.21197015129123092  0.22210668382282478  0.23231683475068607  0.24258624757093492
  0.25306216213106858  0.26341904776786557  0.27357477313287643  0.28395337310800434
  0.29441354092724403  0.30506010930412852  0.31585391235854526  0.32681612931500686
  0.33778124282419125  0.34847556873930408  0.35902501896414774  0.36964803507377736
  0.38029541851578191  0.39095061957237914  0.40158383746888848  0.41223586561431058
  0.42280514536252212  0.43332566101971359  0.44394915996012979  0.45457064766252969
  0.46525171826743311  0.47603318920675058  0.48699447297885134  0.49787402691872362
  0.50859327308024860  0.51917124921520030  0.52956013554678716  0.53997448405652992
  0.55062602311127240  0.56147143801233002  0.57228974888625528  0.58278777283684191
  0.59310831076135528  0.60339394664452217  0.61382472674920185  0.62430295657058876
  0.63458643205054310  0.64469580965830897  0.65479441321561938  0.66480920244904129
  0.67491442684907088  0.68529715012627712  0.69607659925932719  0.70689823750422909
  0.71738197918545954  0.72787106514380584  0.73857957713385514  0.74945686154232471
  0.76028199080311010  0.77096989149897255  0.78132031883497777  0.79164873152683624
  0.80160536753168177  0.81142304747971128  0.82131206125547740  0.83129457632756543
  0.84181257241663920  0.85238074481232373  0.86321513314629494  0.87427371588673441
  0.88528938056596607  0.89634525724981906  0.90677895775238093  0.91699669082010804
  0.92692571250291178  0.93727410437741943  0.94760146824913782  0.95797635133134951
  0.96840385719344046  0.97884233379296304  0.98951474223591718  1.00000000000000000
  0.06060805952494459  0.21984236400331575  0.25713152167384135  0.27606195281320234
  0.29077380420980720  0.30386551923141608  0.31558759224959743  0.32625040982554226
  0.33633929345068142  0.34622669038685072  0.35572704483738893  0.36454857147066339
  0.37307051232839333  0.38139209084480652  0.38936343413401919  0.39709800403094137
  0.40453748842355675  0.41191294001049789  0.41914204807906297  0.42625262501150779
  0.43318654247413696  0.44027637976202283  0.44741293911135122  0.45454089907169498
  0.46148283512513832  0.46835479400869029  0.47502842407753448  0.48174950262587762
  0.48857302034206379  0.49537761248150791  0.50211293541395396  0.50863862596628140
  0.51500468134039690  0.52117940037768951  0.52714386788459666  0.53310451512964985
  0.53912682197450268  0.54513233717742426  0.55109496556517490  0.55704760566035827
  0.56305004765533051  0.56907276270159646  0.57502178068822596  0.58105388804202729
  0.58722921252268923  0.59356558518313729  0.59961544383433107  0.60559394281556678
  0.61160720912858901  0.61767861049901618  0.62382281297842201  0.63000608067973662
  0.63616268744902160  0.64224016263777906  0.64822076074299750  0.65413872127938877
  0.66003766593789803  0.66586513408658743  0.67162535622327324  0.67739958866606753
  0.68322396313164524  0.68920218931639587  0.69532363895339566  0.70153383011650072
  0.70777799980417921  0.71407826022281606  0.72036441048579858  0.72674933078159476
  0.73318568878054535  0.73949880298209636  0.74580371512039656  0.75220844215001437
  0.75882787827985221  0.76564117008547672  0.77240920727339668  0.77911353289869478
  0.78583625162911230  0.79265533996171345  0.79966364360602604  0.80682468598980428
  0.81399878632108780  0.82134915418910392  0.82889095584047001  0.83703633146334178
  0.84570304148237263  0.85417654655280950  0.86279708729966254  0.87168549598773182
  0.88135271319788921  0.89174027546756118  0.90279465919599522  0.91458641980531785
  0.92756958646903753  0.94285358778438955  0.96431442776738718  1.00000000000000000
 -0.01866046581490562  0.10790061127673450  0.14324489768326720  0.16514596332344228
  0.18254831898636284  0.19734702701300502  0.21045424766059090  0.22258853006566282
  0.23402915420530726  0.24491545384155267  0.25523239132742953  0.26479777109548497
  0.27384831752560962  0.28247139120556414  0.29094649909831061  0.29904855258143970
  0.30688277558486543  0.31439932103946117  0.32167100213577871  0.32881548881300182
  0.33584980786043134  0.34269716260150679  0.34949688797945022  0.35628461161420999
  0.36302313570647599  0.36974764179791836  0.37624932518816917  0.38239378679291885
  0.38837698028597495  0.39437862469574880  0.40036048981735245  0.40619987244524325
  0.41201830252796356  0.41772085910121348  0.42337722628097813  0.42895332872505504
  0.43457404435930025  0.44021268082007414  0.44575926690486817  0.45127130909265900
  0.45673695028965372  0.46217714473487925  0.46765191824793112  0.47313233950386185
  0.47869234396562105  0.48434860821348907  0.49004248836233905  0.49571329102154171
  0.50121995186067203  0.50681899771202288  0.51241439099201869  0.51818449174003078
  0.52405728272459018  0.52985239108577176  0.53562098164859828  0.54134728066606008
  0.54704731202419710  0.55277638150548480  0.55855822938327659  0.56435857930520805
  0.57017094007372049  0.57610540814457611  0.58206285042160844  0.58809216005732579
  0.59409793553275281  0.60003077043191388  0.60601652583144561  0.61202129880407408
  0.61799735526598809  0.62400543568119382  0.63011448503008227  0.63637181157972145
  0.64279036481419005  0.64941645250760949  0.65619128987241970  0.66288901039036330
  0.66974053942809664  0.67678301773019389  0.68391933810896421  0.69129170125349948
  0.69903989315341963  0.70696424601538155  0.71517987946374373  0.72364452531721668
  0.73255563149009761  0.74193916094723777  0.75172962392324838  0.76223510703920561
  0.77368882570388886  0.78611621255266972  0.79945702080194248  0.81424703802514353
  0.83158527804851068  0.85427965254050464  0.89038147121220768  1.00000000000000000
   9.5894597633467617E-005  -1.0000000000000000     
 T F F F T F F F F F F F F F F F F F F F F F F F F F F F F F F F T F F F T F F F F F F F F F F F F F F F F F F F F F F F F F F F T F F F T F F F F F F F F F F F F F F F F F F F F F F F F F F F T F F F T F F F F F F F F F F F F F F F F F F F F F F F F F F F T F F F T F F F F F F F F F F F F F F F F F F F F F F F F F F F T F F F T F F F F F F F F F F F F F F F F F F F F F F F F F F F T F F F T F F F F F F F F F F F F F F F F F F F F F F F F F F F T F F F T F F F F F F F F F F F F F F F F F F F F F F F F F F F F F F F F F F F F F F F F F F F F F F F F F F F F F F F F F F F F F F F F F F F F F F F F F F F F F F F F F F F F F F F F F F F F F F F F F F F F F F F F F F F F F F F F F F F F F F F F F F F F F F F F F F F F F F F F F F F F F F F F F F F F F F F F F F F F F F F F F F F F F F F F F F F F F F F F F F F F F F F F F F F F F F F F F F F F F F F F F F F F F F F F F F F F F F F F F F F F F F F F F F F F F F F F F F F F F F F F F F F F F F F F F F F F F F F F F F F F F F F F F F F F F F F F F F F F F F F F F F F
  <DiscreteSampler_grid>
  grouped_processes
  1 # 1 for a reference and 2 for a running grid.
  10 # Attribute 'min_bin_probing_points' of the grid.
  1 # Attribute 'grid_mode' of the grid. 1=='default',2=='initialization'
  0.0000000000000000 # Attribute 'small_contrib_threshold' of the grid.
  0.5000000000000000 # Attribute 'damping_power' of the grid.
 # binID   n_entries weight   weight_sqr   abs_weight
    10   10   6.997981398478796E+002   1.499325789088520E+006   6.997981398478796E+002
    16   10   6.997981398478789E+002   1.499325789088518E+006   6.997981398478789E+002
  </DiscreteSampler_grid>
