  0.00282785361897910  0.01262160541970625  0.02362809058669407  0.03541166312326999
  0.04732039222817763  0.05959023572595411  0.07198993092894716  0.08506978225558039
  0.09837903755484884  0.11088359407159996  0.12229647714187797  0.13257065343866889
  0.14223822431225333  0.15185801926179085  0.16220404796460164  0.17268970562869829
  0.18429342982952804  0.19528279973762530  0.20404051046531374  0.21170922132948203
  0.21899142250715212  0.22700026922226146  0.23898837706598858  0.25035366422492344
  0.25928450953655124  0.26745483714765655  0.27628775937280869  0.28657400963693247
  0.29671018024057660  0.30624781446101601  0.31655782579249331  0.32735045045693073
  0.33840419655879039  0.34897580515867549  0.35957602603178718  0.37078774146185689
  0.38297123133549743  0.39478899995375372  0.40483253532339286  0.41404248177987024
  0.42411729678149640  0.43407843126519519  0.44491802540419012  0.45447216562314102
  0.46610498618278157  0.47729371122671621  0.48888315643929758  0.49925214368563764
  0.51067103154471194  0.52339857856850625  0.53637944687446415  0.54942151201226064
  0.56107960482171249  0.57136104852128788  0.58116477598292637  0.59086416740382486
  0.60033424448326245  0.60930465928716104  0.61825699388934496  0.62749409924649679
  0.63707677288059850  0.64563654233714041  0.65424237525985252  0.66254640758183925
  0.67391176765975980  0.68630314953487181  0.69786809586528575  0.71010546657109774
  0.72113087373552720  0.73267237685600017  0.74368454698138009  0.75162806895177625
  0.75886540572056138  0.76567048627344603  0.77316958560895743  0.78140514308616782
  0.78979618751518010  0.79853458167464675  0.80770554197335509  0.81809449654687461
  0.82880544179323823  0.83972183295740466  0.84970351874080163  0.85902318434033553
  0.86839826306827006  0.87886303311569380  0.89144685931310619  0.90389684572984508
  0.91607383082342086  0.92938768799505889  0.94328779969532417  0.95627721684670441
  0.96951677932487723  0.98016182183144518  0.99014006331311866  1.00000000000000000
  0.00681201658289156  0.01627910806331226  0.02912499330452637  0.04287937662290596
  0.05582992003040958  0.06729385308640894  0.07703146019363551  0.08648897628721522
  0.09621130794440964  0.10688249169131057  0.11902708794357303  0.13110765593410922
  0.14156355956865013  0.15063005461542614  0.15936960752676380  0.16817483454001658
  0.17826069165855085  0.19005166845298427  0.20315750274247441  0.21603306155106602
  0.22772075683859119  0.23720132880423456  0.24682489572308952  0.25687524371578757
  0.26818005068164003  0.28018997847517707  0.29389215059659024  0.30725273328109648
  0.31931241350718081  0.33034720767860187  0.34119524021441705  0.35021652624466770
  0.35847168776356358  0.36698414213981290  0.37672105322018540  0.38626129163666711
  0.39518592259170776  0.40459854208744916  0.41520798164048572  0.42735742710913655
  0.44050850569468042  0.45377779935762330  0.46596278089425230  0.47687374569913188
  0.48591356345929571  0.49473122730988212  0.50389864739133006  0.51430689653648898
  0.52659104158166958  0.53694911787991306  0.54657024443822677  0.55621493878788453
  0.56555972292759227  0.57449133030335819  0.58472602092187820  0.59697560246654946
  0.60801027059264334  0.61685740137122125  0.62434754412605276  0.63295949448995326
  0.64280187712657166  0.65220452380568483  0.66218013868993708  0.67307567271382307
  0.68521072560070306  0.69810597890671111  0.71076849134618880  0.72281128742548506
  0.73475259537200865  0.74752627830223406  0.75764286276973902  0.76710932553087341
  0.77614619413879227  0.78533548096716166  0.79451868612247967  0.80398760120251744
  0.81400215029557554  0.82519797461176958  0.83673817166742070  0.84802987920004913
  0.85892096353578340  0.86856529736060040  0.87806120297741541  0.88806419277798687
  0.89749035066728089  0.90579889275293901  0.91389856120537116  0.92181025261140637
  0.93147186302702312  0.94063268786710297  0.94808672029898156  0.95570154275943886
  0.96391097347452892  0.97348904189841623  0.98658273421215492  1.00000000000000000
  0.00427723253268791  0.00990090798811140  0.01886049639929829  0.02841704747490805
  0.03710793241754237  0.04623343250840317  0.05707144321697318  0.06852011050721662
  0.08033100163744700  0.09200150113999918  0.10405637968570916  0.11599952174262650
  0.12572051297254813  0.13412892763553422  0.14238660845129908  0.15165113188041504
  0.16450061150814901  0.17733715009487896  0.18976120272345950  0.20313443639749248
  0.21692686063947964  0.22940746823628291  0.23961949998563969  0.25009330441577282
  0.26254737085721175  0.27503630920515187  0.28604624183451172  0.29599522622288499
  0.30554190380471680  0.31514471286278767  0.32498545020207364  0.33569221654154535
  0.34828551838352301  0.35963804411276917  0.37013075560899339  0.38111920739652588
  0.39274338819410370  0.40386459025778271  0.41388771412587122  0.42417453048037490
  0.43552340513141358  0.44576010256919324  0.45611738909573307  0.46640489451350270
  0.47624957636941828  0.48584943260641428  0.49509402817066051  0.50728072820754355
  0.51995957692401595  0.53053442619036972  0.54016762389686868  0.55070784325556965
  0.56167899279114064  0.57222414834726842  0.58298093047034028  0.59546950265928267
  0.60809825015496866  0.61930977954166555  0.62976227472197832  0.64104730195131876
  0.65189579852971902  0.66147960073360390  0.67032786967741087  0.67986837966980529
  0.68827673396483680  0.69608440965262242  0.70390783890611064  0.71238064655677580
  0.72365948115443135  0.73680865939821716  0.74940886383713434  0.76220309134367714
  0.77439324016200872  0.78436469747017135  0.79481079323053605  0.80556826135203941
  0.81662648925877679  0.82742289296182592  0.83836506978205949  0.84816428299768265
  0.85715120083887353  0.86597198552592280  0.87434130389373477  0.88378460992429864
  0.89319762146559523  0.90266557944284220  0.91298004942820921  0.92226090324404164
  0.93073127306761538  0.93839724596332563  0.94615730181702329  0.95503847237212891
  0.96625234218810185  0.97759601391284867  0.98899218418007906  1.00000000000000000
  0.00653778910423333  0.01822766256271317  0.03047931029873023  0.04028132507032682
  0.04970376247780779  0.05907983796149550  0.06836555808041149  0.08078356685528312
  0.09360423194681361  0.10641758452638464  0.11759334687035589  0.12856208940950417
  0.14017266418739840  0.15146711129313714  0.16300944954009364  0.17458500824674700
  0.18525933309237597  0.19545486693815470  0.20563820576051350  0.21573616500832926
  0.22674462405565121  0.23905478841477967  0.25217017639844574  0.26586222006244359
  0.27964838813466425  0.29385006638820049  0.30868667148462658  0.32298156235558556
  0.33522603823376085  0.34652216466302771  0.35737221226950022  0.36840541057171589
  0.38052541050459948  0.39314601347312822  0.40352643387403209  0.41300504188415660
  0.42250563228735527  0.43301787160865712  0.44292709939702579  0.45310979241806854
  0.46514553603093772  0.47762257979886336  0.48871206531904643  0.50004306151553235
  0.51112112617016792  0.52109014046187585  0.53076977425936056  0.54126022208876434
  0.55227688796317764  0.56222863095552889  0.57166125014976710  0.58118281194916188
  0.59084948057144560  0.59939173913320376  0.60670774584455256  0.61426653298601042
  0.62241386364136708  0.63190574412451428  0.64172266235887931  0.65139539404000524
  0.66149920338927770  0.67140081978995969  0.68204419474968514  0.69229201621534298
  0.70354698988993747  0.71513300122934320  0.72482867515935201  0.73319206567157236
  0.74110904145110268  0.74990022308776794  0.75994484554517694  0.76937547371932924
  0.77824644436272727  0.78689329711118705  0.79609383639931153  0.80607092727544505
  0.81669977965456841  0.82752417479079243  0.83701573996849199  0.84609921840227853
  0.85495366253121508  0.86439528037435398  0.87324280272734067  0.88113451243679353
  0.88906272162748012  0.89779715467120780  0.90745072195487542  0.91634288435120126
  0.92479925311784750  0.93344157026328811  0.94408084677972681  0.95487951817187156
  0.96613312393655593  0.97728489193520396  0.98853996671865152  1.00000000000000000
 -0.00009096673896115  0.00096764168337499  0.00242105898536657  0.00478797288290809
  0.00818015842556773  0.01247584587533180  0.01742127588638775  0.02290374645653566
  0.02915158868728190  0.03592288198039201  0.04383567320921687  0.05403342986402541
  0.06385684423126453  0.07389762796167160  0.08497402287799144  0.09565147602539081
  0.10541282330977873  0.11515409321146122  0.12521528071566396  0.13526936928240144
  0.14427513649648319  0.15330539718139805  0.16264025984419900  0.17136000598032636
  0.18009018124202703  0.18866321629396604  0.19695017859824679  0.20574573792798811
  0.21530065767708842  0.22487118810790124  0.23620965394062018  0.24801778105564470
  0.26091180407844300  0.27518690661909745  0.29012274716873881  0.30542030565399447
  0.31975368110222052  0.33325059730969875  0.34632521140490014  0.35921179700177525
  0.37200310022206240  0.38469215777099069  0.39662213276691588  0.40801937743411432
  0.41911206091193715  0.42980929740783774  0.44098881165627574  0.45180425824301196
  0.46299808935273845  0.47524877823602490  0.48620406207716316  0.49726255332018904
  0.50931697039237378  0.52016451192896729  0.53051565296904390  0.54134059916792310
  0.55240354969776684  0.56357727177432637  0.57544380179442689  0.58926835846930947
  0.60282048541561473  0.61369697804803136  0.62376589048424469  0.63374921462552891
  0.64407060967389207  0.65483739717067457  0.66849149197136659  0.68209806442474530
  0.69402254709711797  0.70464624355670269  0.71497937188016436  0.72594635361275472
  0.73747007549018351  0.74934364765775052  0.75991207780007552  0.77186071000164047
  0.78516297270976843  0.79901634376836927  0.81199471303756077  0.82406351321140991
  0.83576849206734538  0.84751327416190703  0.85984153044185163  0.87201158616648911
  0.88406446092193858  0.89540311214575563  0.90551159004996162  0.91500588137202821
  0.92475479602235588  0.93460821454712084  0.94451724950933014  0.95479220172513768
  0.96610752737119820  0.97742986498971696  0.98870884589305819  1.00000000000000000
 -0.00262637745108657  0.01070955540840900  0.02225549630315219  0.03380940925574179
  0.04467082014196661  0.05561535774233328  0.06674415215543476  0.07669758708500012
  0.08493052582800070  0.09258561979807498  0.10071834891819548  0.10859054229818847
  0.11718849845384205  0.12867989635440230  0.14211901756612474  0.15542812601438558
  0.16737344520257189  0.17751767574931956  0.18695798411290415  0.19688030888184141
  0.20866946161740776  0.22301686849528396  0.23884087679225047  0.25278231471649387
  0.26341328627043376  0.27256469608526090  0.28086945063795987  0.28921889803879491
  0.29735906752253782  0.30532938151208688  0.31324978263074149  0.32188950957237805
  0.32978699381727494  0.33703062639332731  0.34406084157817546  0.35134434821967692
  0.36070471972708840  0.37031367181810432  0.37918495216459042  0.38626988740364748
  0.39341690400462287  0.40138622762357928  0.41124865567135693  0.42156520787393736
  0.43156645737352289  0.44185793986731903  0.45261912752588851  0.46382639675367116
  0.47286552270854820  0.48151574903727440  0.48957276355099572  0.49843199446702829
  0.50933796839233425  0.52176299994359798  0.53518922159126125  0.54882265085178472
  0.56177803857375819  0.57407819452026376  0.58643171824822560  0.59860974310127779
  0.61041095338274576  0.62268079417971023  0.63432115782829013  0.64602299227904292
  0.65876148054117112  0.67116761191037433  0.68289356115018762  0.69424157081581805
  0.70553731725032909  0.71693593504236153  0.72840985466279584  0.74068900430841123
  0.75298687338388970  0.76388387436593375  0.77377326385508238  0.78302405788003515
  0.79200421921562281  0.80166700273958380  0.81136814578612271  0.82346465483958264
  0.83554376978497924  0.84882491242591818  0.85822103962007013  0.86725360004732999
  0.87610475724769965  0.88483687398135857  0.89483982924634842  0.90455068587191345
  0.91444600850404845  0.92528843472442679  0.93670411201228676  0.94826733886685821
  0.96035089257259820  0.97312937576442238  0.98668202924153703  1.00000000000000000
 -0.00340116555119072  0.01111822864631785  0.02488502431368313  0.03952484010756989
  0.05498050062073776  0.06971524269199103  0.08407555879544015  0.09724614921879862
  0.10937489508202339  0.12102930262578440  0.13245063776819516  0.14431890234139230
  0.15663496532422430  0.16942308555970578  0.18189713383935685  0.19351067397094088
  0.20412206399384408  0.21444242147765058  0.22574643599337010  0.23789091132645615
  0.24898747372149999  0.25808406826706948  0.26602143188422317  0.27476688272462013
  0.28448347426834397  0.29516507678645071  0.30605586415687897  0.31964480318057176
  0.33454142375740964  0.34791780989545706  0.35997585307178187  0.37046915710898504
  0.38043349869780696  0.39101293678714066  0.40218118556757082  0.41362577318429983
  0.42502062106010652  0.43590024201543509  0.44581741021167004  0.45505278781929476
  0.46313525172978609  0.47112470718598620  0.47908744992096675  0.48843648036291309
  0.49773840082118764  0.50727561446411940  0.51711454837343629  0.52747573074328136
  0.53852102200842578  0.54886709301323244  0.55867332020129890  0.56967420129447877
  0.58197603030498157  0.59447038064933622  0.60700631989871678  0.61955133872996238
  0.63063973508291626  0.63997753132647650  0.65041974475884301  0.66118437065932845
  0.67173428505837207  0.68223714369370692  0.69345751343135376  0.70319568684589684
  0.71200361542104629  0.72053219440327554  0.73064562164677715  0.74202512956783429
  0.75307134770846507  0.76461706868207768  0.77606920277544356  0.78508124495035170
  0.79342849755027878  0.80104190627224769  0.80943631662975024  0.81950642910483751
  0.83007183351488367  0.84088665119967476  0.85122336507473162  0.85947677777329023
  0.86625514684123528  0.87310628536743295  0.88030009538715315  0.88974795607889900
  0.89975729614749189  0.90970826961799067  0.91976819335486226  0.93058113819738242
  0.94038194062985925  0.94930900204033219  0.95786343340956870  0.96645767364758361
  0.97589821092428286  0.98467658752963316  0.99279737441989413  1.00000000000000000
 -0.00347594920120636  0.01084515040318581  0.02182200980573790  0.03150098605288232
  0.04182680912717276  0.05233881480754504  0.06258929244541817  0.07261369271574647
  0.08387222030542713  0.09509423757094118  0.10512944450986780  0.11459321563013403
  0.12365590482275160  0.13214696734551781  0.14067926864216360  0.15150826227440919
  0.16590316729389920  0.17962454024843677  0.19199348572250274  0.20319596850672486
  0.21508460246277150  0.22705852057428644  0.23925214726853289  0.25076497785139690
  0.26411583719362330  0.27598384195870879  0.28795408643701187  0.29730167943986285
  0.30670005385325216  0.31611706671634204  0.32509100139346681  0.33410427942638221
  0.34334441779868774  0.35226285314043970  0.36185708699323343  0.37248536148647970
  0.38231898376602369  0.39150840746032256  0.40044054796234718  0.40988375072065419
  0.41984488371912465  0.42917922932831792  0.43931740351727305  0.45107140100456539
  0.46413869028161470  0.47641574302472722  0.48495508971374890  0.49181517186646062
  0.49902995658693949  0.50595802538477908  0.51444606994388165  0.52474661484692164
  0.53425701291077654  0.54326464107439443  0.55246568681954455  0.56240922764364709
  0.57428236190193094  0.58675481567913523  0.59886903091020716  0.61124741197789523
  0.62333696900765856  0.63458977816385531  0.64523465105894739  0.65564818750523035
  0.66622074178370183  0.67672794440962158  0.68733600359696567  0.69769588879840583
  0.70829584056608319  0.71905694021050814  0.72979547905672981  0.74202493131403935
  0.75403124712599534  0.76556456683098073  0.77650927830823024  0.78770043750584195
  0.79899347804035692  0.81155855742824179  0.82435716193330910  0.83672660109243280
  0.84704350772873471  0.85692760161996018  0.86650927509898734  0.87668788904361428
  0.88766305897356768  0.89815837177582891  0.90830899002101495  0.91858548826918296
  0.93072890927068086  0.94358082089385187  0.95507948041841584  0.96564972626779078
  0.97456192247020146  0.98310828259824623  0.99166161627277927  1.00000000000000000
 -0.00394345876380409  0.01822155917706009  0.03318441941504340  0.04578513429200690
  0.05791971661077536  0.07205229209434016  0.09063812100772435  0.10905105236349774
  0.12463939471625847  0.13806668114926346  0.14989449852354253  0.16215817126734899
  0.17429323637662822  0.18792664622492025  0.20131329453807639  0.21413102100397002
  0.22729506009544539  0.24010573953625905  0.25309736398754218  0.26619565539738776
  0.28039389480987803  0.29413400993622263  0.30597315699877675  0.31789536848123917
  0.33048383975315365  0.34260748780809253  0.35418049304023619  0.36558123017071137
  0.37695786815882115  0.38722220694149095  0.39450563174357678  0.40283135699264760
  0.41220138616998797  0.42209999547934385  0.43659963340642127  0.45372836714348153
  0.46693952121315113  0.47947858591302578  0.49218850994983404  0.50428088156019857
  0.51356064992163175  0.52252073507625996  0.53072796055737748  0.54032276302304116
  0.54915686434030242  0.55743966641628218  0.56559012643544071  0.57333553412578186
  0.58115348578512049  0.58929649535955997  0.59797505381216232  0.60671339525577184
  0.61542833926057627  0.62467958087756414  0.63380424798016866  0.64235602207736153
  0.65096023384648072  0.66023393127705432  0.66988951774199534  0.67957028210679615
  0.69035271643131346  0.70250410583347289  0.71600817834704100  0.72798330729363647
  0.73793393392016027  0.74793436381582457  0.75730597381255804  0.76698875118354370
  0.77627664005307817  0.78591186898489884  0.79494341271363822  0.80312717178853976
  0.81156259809308107  0.82021854283535134  0.82963873087673112  0.83816084440657812
  0.84546360138879961  0.85236034594660048  0.86006003867977421  0.86860108999745789
  0.87651717697778775  0.88454140628771749  0.89231728052578729  0.90097585859990925
  0.90830996794514829  0.91544903933872790  0.92343484086262506  0.93233966078903097
  0.94190433303074239  0.95136948577048464  0.96057284044091318  0.96801106247656621
  0.97564607712591789  0.98339232386058417  0.99111655034926105  1.00000000000000000
 -0.00310520203778474  0.00832501127800481  0.01826987717562554  0.02781455008845798
  0.03958355989830720  0.05108193459677265  0.06416728402313437  0.07578749948729413
  0.08607650216236434  0.09616240591375450  0.10677817598625267  0.11797600674540314
  0.12960207825757897  0.14166932321641873  0.15435450722614741  0.16679118331790194
  0.17882927279884581  0.19149958540266601  0.20603297707622303  0.21936720871633614
  0.22992338432167378  0.24013489288105885  0.25077652626657915  0.26166596262779329
  0.27329863587412118  0.28434613366578498  0.29340139825157452  0.30113507919113663
  0.30830814355257569  0.31593211188897646  0.32452556601223026  0.33411425060113426
  0.34510355311643842  0.35582879600500678  0.36756254609178562  0.37841391016465475
  0.38880357623852285  0.39860334182152829  0.40792400960819974  0.41779355446328942
  0.42717542375008377  0.43673879001224530  0.44703054208092902  0.45902436134318841
  0.47165990710070282  0.48528801336724592  0.49778112784864054  0.50927626445825935
  0.52039232431596338  0.53033640757966116  0.54187350320015659  0.55414315383126755
  0.56382228497169151  0.57235465840204869  0.58012199752968929  0.58732503030961636
  0.59656201105744600  0.60658256623198314  0.61769707468271728  0.63068323443779872
  0.64439576980326230  0.65598115157542525  0.66404778061855774  0.67178906632406343
  0.67896404439964519  0.68562322615482441  0.69438250191946871  0.70679907743514081
  0.71961559839898215  0.73201551479640614  0.74386201263516749  0.75569891528141875
  0.76686359644798407  0.77679457679394626  0.78641225050596719  0.79583547030827551
  0.80566988519845040  0.81582409537334721  0.82591310109198102  0.83606575367466462
  0.84781470534286085  0.85830361700232460  0.86812155877663910  0.87828561692949547
  0.88820411568107716  0.89813089066021745  0.90730579955711654  0.91593880149139129
  0.92510925254489074  0.93409662602854915  0.94368600638262168  0.95429868884205593
  0.96572342317947957  0.97751422350825667  0.98888491738848427  1.00000000000000000
 -0.00172206892910492  0.00613767262250612  0.01414585243322501  0.02174144258599389
  0.02860663499142388  0.03730593120634289  0.04439826984117974  0.05195369159252049
  0.06002506124574018  0.06906445814887806  0.07785825014510767  0.08622756281749004
  0.09639432739040547  0.10702523383316442  0.11558137925669845  0.12260131822786051
  0.12934506121014933  0.13622333098288300  0.14363404710464395  0.15189386760835735
  0.16094789090395156  0.17081526424943350  0.18107470294646799  0.19101472238763451
  0.20067946225086530  0.21128526805320758  0.22305240297295853  0.23259223359149753
  0.24240013658463735  0.25184957979772249  0.26326565359546872  0.27513746548603024
  0.28704834251466893  0.29846946474125535  0.30950807282158510  0.32042263184366404
  0.33100192035262455  0.34085462177793413  0.35034005450013223  0.36054782815098024
  0.37058783500925890  0.37917634632737218  0.38736143247528165  0.39607263943841015
  0.40437858921691855  0.41420003054573407  0.42481335861533176  0.43568098730318849
  0.44676779233880659  0.45744123658491226  0.46790175373670767  0.47905982214977960
  0.49119304283176912  0.50289291333168407  0.51320780036617486  0.52331825093076900
  0.53454638905694307  0.54659487601865653  0.55884259639913059  0.57149587377829036
  0.58393446228004253  0.59657961885932420  0.61030245485577239  0.62503899505935301
  0.63969804333136859  0.65385118173479828  0.66834828953919778  0.68333690438259598
  0.69436539624419424  0.70269166752387102  0.71135395234431620  0.72092379949616225
  0.73196149633804963  0.74275167869118919  0.75284044020311214  0.76324203834137949
  0.77400965013433176  0.78547025767282008  0.79683566779911907  0.80736760480409275
  0.81959656949731274  0.83448484389710087  0.84996056596982106  0.86195123663125539
  0.87215104535524379  0.88199479071758502  0.89201767881332283  0.90545706416666438
  0.91845134859963706  0.93027918738030901  0.94129112691007177  0.95117725739787162
  0.96081853201228395  0.97197689341817994  0.98418672997253931  1.00000000000000000
 -0.00369224087774964  0.01302386900353384  0.02590493930321862  0.03802003229359809
  0.04969484576135907  0.06140368172906846  0.07285699815273297  0.08469524282947899
  0.09741806657263531  0.10918605484556661  0.11948259870691437  0.12855234809041877
  0.13557413818002337  0.14375910324349658  0.15261004209128312  0.16045403616874959
  0.16719087296584084  0.17299561270231562  0.17887046012800592  0.18545527459634203
  0.19518534739751156  0.20534980211814452  0.21515034039382308  0.22523109197346444
  0.23764995611994522  0.25125089038049014  0.26055947533280738  0.26971429566126520
  0.27915960582336652  0.29057953411296472  0.30508561040474669  0.32081601219669931
  0.33617267613626395  0.34863570997526960  0.36011787649919513  0.37038017411097213
  0.38033402148445539  0.38966350431322100  0.39913986643072891  0.40880806906686556
  0.41871881811247619  0.42862227222975618  0.43841208393731879  0.44771611489031987
  0.45590046224375380  0.46410438139651494  0.47333856725210333  0.48052094115676841
  0.48923863615198077  0.49859563710106852  0.50873020753562237  0.52102762052361817
  0.53388818533254767  0.54590549300719970  0.55661926563092934  0.56555768710525178
  0.57554738282960782  0.58647272073207324  0.59924366405308893  0.61113057986728114
  0.62308928558760368  0.63541471441244346  0.64722482164170070  0.65862098173040806
  0.67094575365569564  0.68383897500798052  0.69557122163285556  0.70633590786417355
  0.71625704281276792  0.72655152853690008  0.73693558755855060  0.74625858666319889
  0.75487812437989321  0.76338054214822948  0.77177846142603701  0.78051656040692752
  0.78934040874259492  0.79878700260542668  0.80837283719520270  0.81870398897962338
  0.82964052486017958  0.84147847229107220  0.85393260740186849  0.86581603140315144
  0.87700700690803046  0.88777139980924225  0.89721220678172520  0.90649830941102394
  0.91634326491393270  0.92809736506651275  0.94113012120062023  0.95313405527388140
  0.96480745711107252  0.97637302240153112  0.98766546572528435  1.00000000000000000
 -0.00081274888793852  0.00205510027836215  0.00575482032628214  0.00893680818085488
  0.01219555852875026  0.01554280021734899  0.01910171757621487  0.02302073636458472
  0.02760867686323349  0.03255056783154555  0.03801250190916253  0.04416230751870558
  0.05049258531546960  0.05668769722120632  0.06265433872470168  0.06793008736921261
  0.07284232529295256  0.07790750380716870  0.08354920732498117  0.09010057684588764
  0.09673425068593537  0.10323496231302295  0.11066684461918620  0.11858651971063865
  0.12674947144364498  0.13490352178172804  0.14272694316531875  0.14983378885277049
  0.15623753587792152  0.16228857774474870  0.16862292154249103  0.17668557300283566
  0.18533145918065522  0.19399770193270002  0.20351907691108920  0.21332691679161978
  0.22360871640634200  0.23435669263535464  0.24511544084992126  0.25526745612544688
  0.26458950871045311  0.27348281998579044  0.28144699396362916  0.28910605004412454
  0.29681933593460574  0.30439056908960194  0.31257236683052331  0.32278732314535730
  0.33437194925597941  0.34819270767474370  0.36204784853924343  0.37505201390835907
  0.38618824841020494  0.39800412001750096  0.41054979577093759  0.42292658622516283
  0.43513257425123392  0.44803829630730058  0.46138973481782769  0.47442010328885625
  0.48736407161363549  0.50035962182346860  0.51383134468020664  0.52830189025285401
  0.54220769704602079  0.55452535550066107  0.56564971356467586  0.57842573337780268
  0.59262738965997530  0.60934700756064419  0.62870064160267314  0.64729587270307742
  0.66024549747059325  0.67095076045873980  0.68168712200448922  0.69288434368868113
  0.70515875065335154  0.71841711659214613  0.73235403575600044  0.74828647654014802
  0.76505509570922514  0.78135293906974412  0.79651193779137652  0.81232073916541425
  0.83187437438131306  0.85064592119614713  0.86887498499632787  0.88481553035747496
  0.89981630644823107  0.91428376019004798  0.92846765794886910  0.94229240072720555
  0.95653642819848905  0.97095774093602294  0.98548732190648169  1.00000000000000000
 -0.00183054420118629  0.00918348455321958  0.01877786410367576  0.02875041633457675
  0.03693850392948673  0.04382251936608562  0.05051440450950599  0.05862174124388864
  0.07047328660502214  0.08419508717661570  0.09790585614811602  0.10978098357880588
  0.12021288846927708  0.12980677139515423  0.13913960051233920  0.14883528084254674
  0.15953007564246527  0.17113720212391595  0.18208587060176862  0.19242421296773252
  0.20277161551112752  0.21406229566625798  0.22686628983949200  0.23930977970185699
  0.25109067092945486  0.26075486512487589  0.27074684241563823  0.28130998965617166
  0.29105681603677247  0.30084181393416082  0.31226256479546777  0.32109708330402648
  0.32976785449022811  0.33932465328617190  0.35132302085959044  0.36513342606111987
  0.37928681761894095  0.39434811812646670  0.40906863416271166  0.42379570252804954
  0.43813857154951819  0.45196652971754792  0.46472148033624849  0.47708469842016277
  0.48976105852378099  0.50297148487933918  0.51684056842676385  0.52970940204104511
  0.54200549075740689  0.55601521753380023  0.56691087926519335  0.57696048130951538
  0.58498447606468862  0.59312249990073762  0.60153909209698453  0.61024217880943898
  0.61923471294539423  0.62838393991870123  0.63788561049811621  0.64904211189087124
  0.66203921993966663  0.67419740326057620  0.68557260046777713  0.69636269361050995
  0.70724228395636113  0.71872825760555992  0.73038045141756680  0.73799949127258180
  0.74625734301120594  0.75503745130158240  0.76307383518798100  0.77074647915265881
  0.77842365488076681  0.78646548997738708  0.79586484006902236  0.80576404216432973
  0.81580060518372377  0.82538030984533739  0.83448815824105949  0.84299692828290484
  0.85106626678333530  0.86093216280048168  0.87122725524719902  0.88183826553447264
  0.89234076717399446  0.90243688532510613  0.91247923238958895  0.92355179431651313
  0.93535941731120342  0.94654779627924446  0.95675147537248706  0.96584671594471883
  0.97481767369528227  0.98388786391335425  0.99216804168613060  1.00000000000000000
  0.13071082868687309  0.23912943402320000  0.26731537545204703  0.28409560091044367
  0.29908245598598998  0.31248840073128209  0.32445058252754544  0.33486103100091580
  0.34423122845611726  0.35352832882161161  0.36314752427320784  0.37339422408299711
  0.38383432837817644  0.39397721808759983  0.40377990109170847  0.41332958394659647
  0.42162440018565545  0.42964930894338405  0.43780219950739396  0.44558223421865290
  0.45299767519794720  0.46007220156839990  0.46707325088115720  0.47409111982268165
  0.48137877818693287  0.48870888705889304  0.49615003294949173  0.50464193278197322
  0.51370479494269106  0.52236421736010041  0.53086102235125232  0.53922031170923290
  0.54704728127022151  0.55461076569599832  0.56223359783638871  0.56998991736216131
  0.57735446707141613  0.58449525038521688  0.59173428016754881  0.59887560711070043
  0.60601579533857741  0.61347581457473765  0.62127096894484479  0.62866644675123895
  0.63640836747208984  0.64396877736054770  0.65152421130346061  0.65859154267824749
  0.66581283554648929  0.67316770162774764  0.67999860933114831  0.68663608912402130
  0.69188033062627652  0.69725172556328574  0.70284582783663452  0.70872943822987500
  0.71460979783377854  0.72062157805045202  0.72692956780432250  0.73316488072742603
  0.73894511696111864  0.74419882866993048  0.74962352137763799  0.75589806206281940
  0.76312453767838051  0.77080603443147100  0.77989164304836167  0.78809146365531801
  0.79556408366678466  0.80233068820891773  0.80882625937326114  0.81554987696809966
  0.82262262012825060  0.82953058664367074  0.83760574955286926  0.84600087080824626
  0.85406619053598998  0.86170934859650572  0.86794489500005834  0.87421824260745740
  0.88072424384100534  0.88788150378952069  0.89601922278576562  0.90425512656640006
  0.91172660173445630  0.92028403007138504  0.92853515644534690  0.93532043619308292
  0.94276901364699972  0.94950829531048286  0.95596163520388544  0.96306706234348327
  0.97045599073091560  0.97771665747717751  0.98673941571779367  1.00000000000000000
 -0.02004932095512882  0.14409547327400488  0.18790633130906445  0.21656930871241548
  0.24488935163929565  0.27158239655414457  0.29427169053179464  0.31333145026873577
  0.32920740822212763  0.34265578035202765  0.35474064712640158  0.36467836934297954
  0.37267991126816241  0.38156311744059973  0.39015569865237032  0.39924368206575500
  0.41041928309574394  0.42226641577850488  0.43361439432034393  0.44259153732863299
  0.44963784573754745  0.45658212675249549  0.46391731761706262  0.47186930443117586
  0.48036893734427782  0.48830975413183969  0.49639421152712337  0.50513441937248948
  0.51377022553596141  0.52191514665950423  0.52849684383752227  0.53552526174365578
  0.54202287081480638  0.54875056482997697  0.55530360364239006  0.56220170652584445
  0.56891480639945913  0.57558435412064657  0.58214231552865781  0.58853802234434760
  0.59502681830458926  0.60136274284552660  0.60756557769976094  0.61376100347573515
  0.61975489923452376  0.62589810189552686  0.63179214665954497  0.63777777623603027
  0.64287970483979051  0.64786765769643717  0.65256444833036664  0.65736413093894652
  0.66219381849689885  0.66656007400807848  0.67080026821327665  0.67500961092717326
  0.67943963733118184  0.68430201618028597  0.68955875900025088  0.69576376329226253
  0.70174190301789729  0.70753032535398530  0.71309761174177788  0.71863575821956327
  0.72439047272818180  0.72995907004089111  0.73657861204644892  0.74313226428323553
  0.74912844902780451  0.75453475584714103  0.75963100624373903  0.76489490013439865
  0.77003213746354482  0.77500911090099167  0.77955669544102268  0.78402627713385642
  0.78852285757008123  0.79363103345662744  0.79873124014765318  0.80379185290343824
  0.80855874219670343  0.81406684227425918  0.82046137003211517  0.82872458604162358
  0.83563453767147067  0.84197670848840100  0.84818374787102691  0.85452601856733779
  0.86249951414215897  0.87191478681708090  0.88130628861886251  0.89116474891767194
  0.90318272917231968  0.91946422054055887  0.94362795461160898  1.00000000000000000
   1.2765843488839227E-007  -1.0000000000000000     
 F F F F F F F F F F F F F F F F F F F F F F F F F F F F F F F F F F F F F F F F F F F F F F F F F F F F F F F F F F F F F F F F F F F F F F F F F F F F F F F F F F F F F F F F F F F F F F F F F F F F F F F F F F F F F F F F F F F F F F F F F F F F F F F F F F F F F F F F F F F F F F F F F F F F F F F F F F F F F F F F F F F F F F F F F F F F F F F F F F F F F F F F F F F F F F F F F F F F F F F F F F F F F F F F F F F F F F F F F F F F F F F F F F F F F F F F F F F F F F F F F F F F F F F F F F F F F F F F F F F F F F F F F F F F F F F F F F F F F F F F F F F F F F F F F F F F F F F F F F F F F F F F F F F F F F F F F F F F F F F F F F F F F F F F F F F F F F F F F F F F F F F F F F F F F F F F F F F F F F F F F F F F F F F F F F F F F F F F F F F F F F F F F F F F F F F F F F F F F F F F F F F F F F F F F F F F F F F F F F F F F F F F F F F F F F F F F F F F F F F F F F F F F F F F F F F F F F F F F F F F F F F F F F F F F F F F F F F F F F F F F F F F F F F F F F F F F F F F F F F F F F F F F F F F F F F F
  <DiscreteSampler_grid>
  grouped_processes
  1 # 1 for a reference and 2 for a running grid.
  10 # Attribute 'min_bin_probing_points' of the grid.
  1 # Attribute 'grid_mode' of the grid. 1=='default',2=='initialization'
  0.0000000000000000 # Attribute 'small_contrib_threshold' of the grid.
  0.5000000000000000 # Attribute 'damping_power' of the grid.
 # binID   n_entries weight   weight_sqr   abs_weight
    13   10   7.348362332576731E+000   2.535689612171747E+002   7.348362332576731E+000
    14   10   7.348362332576734E+000   2.535689612171755E+002   7.348362332576734E+000
    16   10   4.933397016153497E-001   1.213285536559438E+000   4.933397016153497E-001
    17   10   4.933397016153493E-001   1.213285536559445E+000   4.933397016153493E-001
  </DiscreteSampler_grid>
