  0.00325007489473115  0.01151486909256435  0.02209021815998396  0.03270574365714015
  0.04295465253038840  0.05348287815461270  0.06356764564410210  0.07306828819487400
  0.08353846769217088  0.09437444674682233  0.10546176113113200  0.11634964324337715
  0.12721574128137800  0.13819383275109404  0.14892818024706023  0.15921268332498986
  0.16952599796300988  0.18008935999042280  0.19036724741804514  0.20052833548655533
  0.21031422420051910  0.21965200861510945  0.22952340553424835  0.23959129553624323
  0.24944721200542014  0.25876931234258954  0.26793744725000185  0.27800049736861121
  0.28818782500415641  0.29816596686203256  0.30813622192632928  0.31808167982824614
  0.32900659713519642  0.34003061717124727  0.35159096238875903  0.36325125412959963
  0.37455888519845942  0.38566253037283982  0.39625701422181653  0.40614512493738791
  0.41597749941643031  0.42602598541533349  0.43601646417130602  0.44567889344833572
  0.45547034543257509  0.46615053045194077  0.47724670881204423  0.48761582266997289
  0.49760775695090509  0.50786548942520637  0.51823026852628629  0.52854136014436748
  0.53927959111906743  0.54950470930177131  0.55942626390460370  0.56879331196474403
  0.57847717454154557  0.58879511482338220  0.59948908362686504  0.61013273160875681
  0.62072952548383753  0.63150091610148784  0.64277039233044930  0.65395225222048659
  0.66496456529073622  0.67630009605021324  0.68781242642818130  0.69943698252005215
  0.71098902501675643  0.72231730499605207  0.73295028784862470  0.74289189590161686
  0.75277277007556098  0.76270441499315755  0.77268369280612226  0.78209809847978151
  0.79163809680702513  0.80179921947884703  0.81253490189834965  0.82370918380334901
  0.83533281025753092  0.84698631922677237  0.85831172764576413  0.86946939267991585
  0.88057002455019229  0.89153540281216359  0.90215366441070299  0.91253297686796386
  0.92283676346836485  0.93297866525619255  0.94314047062597706  0.95305407388882557
  0.96313589521161069  0.97382656908986098  0.98608591598178474  1.00000000000000000
  0.00695809518415918  0.01624890137255602  0.02773644350901826  0.03895882865335477
  0.04988361127387887  0.06079638934748641  0.07193888134455240  0.08293470383479927
  0.09357080015319418  0.10465219963392278  0.11656230554676499  0.12862920342864720
  0.13896869979143783  0.14984877605701405  0.16031527819894151  0.17109858705306236
  0.18149912552088410  0.19224669017867860  0.20284606023416357  0.21364326229418007
  0.22494663808187987  0.23544464842415294  0.24530413073117049  0.25535252318250518
  0.26575727909949354  0.27576585384328195  0.28549750101271076  0.29526278571460546
  0.30468940542136580  0.31410285306678987  0.32289911416829425  0.33249255895439728
  0.34203004416369681  0.35164330649622938  0.36113909180514575  0.37044662005185025
  0.37973580004014107  0.38929164707154462  0.39884170889592097  0.40873046241132588
  0.41830776103231943  0.42754752958716780  0.43641378996666375  0.44635975978103570
  0.45616302648256940  0.46559166138084912  0.47554367335619346  0.48541345570138411
  0.49562072175138094  0.50545904652920981  0.51509941351657840  0.52451962529552743
  0.53432526022043991  0.54510501858483240  0.55723047286570160  0.56972880913234025
  0.58127093139088204  0.59340857596243424  0.60562841293726044  0.61698160021639170
  0.62776087968561267  0.63867097522085003  0.64974516720270059  0.66125489091129264
  0.67297780926103112  0.68462078880868971  0.69589692430770578  0.70670722131764563
  0.71724092760089952  0.72779187600596185  0.73857509375661834  0.74946811928974211
  0.76024025368616599  0.77108958357180313  0.78194334630481155  0.79239797986978422
  0.80254412978775724  0.81287472271362637  0.82402348998450026  0.83554736188684575
  0.84680262389903582  0.85807212407931110  0.86953840369960667  0.88114225966207571
  0.89277289577818275  0.90418254413548749  0.91539605916652433  0.92658348862433815
  0.93733842754802965  0.94735818440615149  0.95716333523058195  0.96728523183236415
  0.97642245430681263  0.98498695277962200  0.99131738874663278  1.00000000000000000
  0.00294340889611179  0.01254315836176272  0.02388878032587101  0.03495978434137004
  0.04628594304313662  0.05749925955018197  0.06843274025317186  0.07898783236410496
  0.08933857284226790  0.09998433229744623  0.11117638338814168  0.12239956215247028
  0.13308246723619338  0.14302983174505968  0.15226837598649989  0.16142453976311588
  0.17045012692805200  0.17912784680353652  0.18765848389729556  0.19649551426721343
  0.20558236814097769  0.21497670429861074  0.22448647368221367  0.23464968074097703
  0.24549566073370246  0.25608674359655947  0.26647769842112579  0.27696804258397650
  0.28743440371442414  0.29806883657673866  0.30908405581550558  0.32042289777676891
  0.33203238704285482  0.34359793309585773  0.35494345997311266  0.36630091691006156
  0.37779441774049849  0.38925618799394501  0.40062106355122834  0.41130487695255646
  0.42227468017097092  0.43333064765703683  0.44409186103115056  0.45491306669948611
  0.46590904453595805  0.47677484218543209  0.48725307213212177  0.49747077028803788
  0.50763120068167633  0.51779605882431690  0.52784180349009080  0.53809780238045390
  0.54846171508154029  0.55891128424804648  0.56932829168151056  0.57990911595162864
  0.59099318986406668  0.60236599250929090  0.61356529278421068  0.62424457097448360
  0.63455284689767599  0.64481453022362378  0.65513079355563819  0.66562996103330074
  0.67622211617346972  0.68637739454144153  0.69603596957743941  0.70569035478406472
  0.71587452440992250  0.72625604558649759  0.73617886753971151  0.74600479745442638
  0.75610626752128363  0.76620478805663461  0.77633187494437117  0.78656487445334555
  0.79704246726075911  0.80728016941797176  0.81730000110273082  0.82720447515799256
  0.83749302025123007  0.84795141883494995  0.85856317785866676  0.86925729379917704
  0.87961212076677708  0.88977375643238266  0.90020629736677116  0.91133916809693061
  0.92232832258943509  0.93311521460087943  0.94319998987386600  0.95276435075388610
  0.96255967774754803  0.97270388523646367  0.98300289334043423  1.00000000000000000
  0.00576868630960855  0.01981841849763704  0.03440368119495662  0.04742553027520739
  0.05983514935375069  0.07140277216837948  0.08290496222983625  0.09403638898296436
  0.10461728331113927  0.11458806510641800  0.12483008229509017  0.13527829440233580
  0.14609325593237696  0.15726168924053707  0.16856590768294114  0.18007668547986730
  0.19152450434717425  0.20286234924133550  0.21405135561987035  0.22512563624847876
  0.23621984041618935  0.24710117841224480  0.25719959994460234  0.26685326220056665
  0.27679796199910189  0.28704744955773132  0.29727047368451343  0.30671423477934984
  0.31641949743787157  0.32669647085738113  0.33686944929936197  0.34669135658373468
  0.35637101800041349  0.36584459770087185  0.37554946834273778  0.38554318897919526
  0.39622195532299492  0.40766070287267292  0.41918942993282465  0.42992914642591074
  0.44048289399095808  0.45045713123116787  0.46105889164087821  0.47202977500633841
  0.48317694018951596  0.49435384033269147  0.50466315968619968  0.51485932588911765
  0.52522285838055316  0.53581697923715388  0.54622449977899279  0.55563321412312627
  0.56485958271210368  0.57419655194854913  0.58411958399701658  0.59450117661824797
  0.60466753673479479  0.61469478754272178  0.62469726055119346  0.63468987481703631
  0.64486739392616044  0.65538876462277773  0.66664857005635192  0.67712095502035252
  0.68800472768149734  0.69897440910347108  0.70963609822529339  0.71941878530526893
  0.72875430557883791  0.73793039576883368  0.74717087479951616  0.75663866167612692
  0.76673121767120667  0.77704742463990228  0.78769491537468306  0.79834576378092870
  0.80934247408201809  0.82005903936564162  0.83071266010778200  0.84116156271651454
  0.85157182590565628  0.86143564047642263  0.87101708630926178  0.88070275687054189
  0.89048197983506705  0.90051031894252798  0.91084061983503528  0.92129052721614135
  0.93182275953370142  0.94205251636805509  0.95183360029759068  0.96134135129496978
  0.97093894760171584  0.98058870560685918  0.99039487611679267  1.00000000000000000
 -0.00015056357783519  0.00133833704296050  0.00339227321404426  0.00630411393330761
  0.00954226146003280  0.01328909245215800  0.01765500754405320  0.02201925739441721
  0.02670468018514436  0.03168853624875027  0.03702893338260642  0.04273306452305348
  0.04844949337965037  0.05441369224712970  0.06076399152359300  0.06738615091083325
  0.07384584936159815  0.08039573327864380  0.08756963534026301  0.09541890220729697
  0.10330133311169523  0.11109051396303482  0.11883279425952448  0.12656146060490012
  0.13404459545966002  0.14113945176739703  0.14828939728674342  0.15563208168186787
  0.16313898090370346  0.17060477716879416  0.17878714928950820  0.18678406636012240
  0.19479959804736427  0.20295193369957445  0.21122679838950481  0.21922873353856867
  0.22740447230166241  0.23597915715040169  0.24457506083045880  0.25310322075672836
  0.26133997739877118  0.26963720371852806  0.27821572653345983  0.28701431495240393
  0.29635794604259602  0.30590487467239352  0.31554439611298946  0.32571397708546473
  0.33636784093018102  0.34710314495297528  0.35816085018880067  0.36954650185714466
  0.38085252061759817  0.39183583658071119  0.40266900489206453  0.41349918045803652
  0.42456002159103401  0.43514012369428828  0.44581791865394160  0.45683360008456159
  0.46788645566298370  0.47876371966364861  0.48958059210683513  0.50070646145626763
  0.51224276634608756  0.52396181525614449  0.53606273777466518  0.54856903070156549
  0.56152558745816050  0.57498055406693704  0.58864357892293173  0.60193538560759063
  0.61485682498488037  0.62773515559385185  0.64080694571933139  0.65435607701019860
  0.66840939447944048  0.68285511832177093  0.69753698453021928  0.71220137803514783
  0.72690968353737373  0.74159386377131609  0.75660672483863367  0.77226067326886150
  0.78854965984566383  0.80558822131360486  0.82366481941222314  0.84182408223010019
  0.85990274028162317  0.87810825577812257  0.89668403428819676  0.91593582459016265
  0.93608140202744461  0.95694024295892355  0.97816054899202376  1.00000000000000000
 -0.00258492197136820  0.00931535099416733  0.02075094035496296  0.03235069993478563
  0.04367164459122321  0.05394815521101731  0.06366406529441737  0.07308065863245682
  0.08281255679236679  0.09300243776767056  0.10376918987002839  0.11458997558802873
  0.12549993170780216  0.13616084051366323  0.14636648340154329  0.15688695900969152
  0.16645766981999155  0.17671320909156005  0.18601510663029022  0.19685491616206749
  0.20798456475342661  0.21905342202395073  0.23054679175724718  0.24044128823558555
  0.24992736730252993  0.25951142576979391  0.26916605811713396  0.27935822686133488
  0.28978456543106024  0.30063415303684149  0.31131961142977455  0.32163472456487263
  0.33169865155217471  0.34194838638818637  0.35247119086921047  0.36300878272122605
  0.37333420689411789  0.38354793810593274  0.39427191449052718  0.40596926367486380
  0.41801591509376951  0.42994007165036763  0.44136030896548917  0.45198757955509494
  0.46255170016735814  0.47309769944415636  0.48395373814545906  0.49467403628917367
  0.50516246354073835  0.51538626488978023  0.52585651580915460  0.53673344043945526
  0.54740910816703114  0.55741567294667571  0.56741667323812961  0.57816331320375103
  0.59007930932873442  0.60218169502042496  0.61286522513467723  0.62261706199479661
  0.63257785436946767  0.64289229010920401  0.65320233396228289  0.66319735695040949
  0.67315388116256247  0.68315495323166653  0.69373912204725696  0.70489784699758007
  0.71556884763327600  0.72544418636660879  0.73500820231530661  0.74500918341692079
  0.75568131624647406  0.76624727344158150  0.77628365333383564  0.78609119707036967
  0.79626539332299739  0.80715228577777587  0.81704497309712554  0.82639177418752507
  0.83610581799993067  0.84652043153175505  0.85653894214030235  0.86627846530418939
  0.87599433414498051  0.88629020108917034  0.89715519537644195  0.90826173651724440
  0.91981113134190440  0.93113577255860747  0.94250345762597432  0.95391351964804472
  0.96576232011857177  0.97778638755850245  0.98931732891269042  1.00000000000000000
 -0.00297797331946552  0.01215793962778950  0.02520443268104396  0.03913438548911960
  0.05333137846261800  0.06714866716379297  0.08006240057184755  0.09235625812409225
  0.10456358422518430  0.11670175078890804  0.12922732650368343  0.14203085197624021
  0.15482781114335759  0.16723266298505635  0.17946205941961804  0.19169970617061408
  0.20401008166138795  0.21706085645045092  0.23010723632205607  0.24308462037623274
  0.25585071906729151  0.26898044209195426  0.28033648543707784  0.29134382176935653
  0.30205557390894289  0.31265265369113793  0.32314780004231169  0.33374583392478074
  0.34486542969291639  0.35598850620280292  0.36705261119910992  0.37771796647327255
  0.38791742604840618  0.39808820758126162  0.40809844994404726  0.41821051810321114
  0.42841604492106800  0.43926438258514611  0.45097258763112763  0.46279808717369608
  0.47408877394929694  0.48443530332218843  0.49406905183900379  0.50376383428591498
  0.51361484015423120  0.52369226625829024  0.53377196801190496  0.54440160103932433
  0.55532619610234746  0.56612427002231869  0.57688955154132127  0.58775933541255099
  0.59865832004520703  0.60899282389535092  0.61867016277256082  0.62798832642350610
  0.63703864247828290  0.64616548899000337  0.65534495947434046  0.66461376401543493
  0.67400394058018709  0.68339035570737283  0.69297043541009151  0.70294273610162694
  0.71308150308388352  0.72323938417541400  0.73370042544236991  0.74385398598137231
  0.75338143525506074  0.76288191003863226  0.77275750235644003  0.78354913845767726
  0.79464520128192895  0.80469266303032627  0.81490746129941238  0.82526092491119196
  0.83583079964456097  0.84625140223063233  0.85582744477316564  0.86445604545239185
  0.87344210896909014  0.88223124834804467  0.89067222079790909  0.89847547601152367
  0.90633267579502874  0.91426839152675510  0.92289199166613778  0.93152292762272715
  0.93979870264432286  0.94826150796758280  0.95722919222007952  0.96634890073704960
  0.97519031956802071  0.98352775038820706  0.99186910155660590  1.00000000000000000
 -0.00265361618272194  0.01007864076883043  0.01995237932537296  0.03030884793534986
  0.04087199521703615  0.05011864855540998  0.05945066054982874  0.06876334588082320
  0.07816362935282446  0.08768018376358618  0.09754561702047571  0.10782069339318634
  0.11818788101896713  0.12804077382502435  0.13789600185206327  0.14802577211280893
  0.15861654038690981  0.16953149218378946  0.18025637597952368  0.19088412708493091
  0.20139106521193645  0.21249189400759852  0.22322542363634559  0.23347272382527698
  0.24354125659584908  0.25335959319434281  0.26339234872141792  0.27347218625305453
  0.28409689903253271  0.29505793812350878  0.30575785888136447  0.31617145926082896
  0.32643764082250315  0.33676380290379238  0.34692462911393285  0.35686826881951006
  0.36704826055001183  0.37738988243247490  0.38755660390284463  0.39776561074358174
  0.40825846139169947  0.41866196399414146  0.42850555517601374  0.43826867599625707
  0.44837066794735364  0.45887707477306311  0.46974847952281207  0.48104134493676548
  0.49247645613927143  0.50344767190043282  0.51387640401233803  0.52420610397155309
  0.53494008634454260  0.54626177763956130  0.55783200309850312  0.56907993451718686
  0.57984985806870382  0.59046517442468316  0.60114947786541362  0.61171713032842812
  0.62199101397516998  0.63234200127227536  0.64277369369104709  0.65318495901377893
  0.66340328737245302  0.67434636059571906  0.68621682257482985  0.69817377702029326
  0.71038752524712190  0.72241692049957995  0.73416843649945751  0.74566448791875528
  0.75686058118799671  0.76787204848928758  0.77895438529495420  0.79021901143083573
  0.80113995430705265  0.81181997788840077  0.82319478568834303  0.83492526589411298
  0.84639503601222077  0.85711213908969330  0.86701625522600845  0.87743108154700145
  0.88720036925583368  0.89721002661848959  0.90646266146644439  0.91551024754755239
  0.92457234481486161  0.93395918689774060  0.94418024924902888  0.95570278449129564
  0.96715628432725420  0.97814743554275685  0.98920555128162724  1.00000000000000000
 -0.00329577499236798  0.01484504341230340  0.02954736950160398  0.04534628623051381
  0.06162863610939393  0.07770865404117942  0.09343753174708064  0.10974933447420088
  0.12591835960004860  0.14022578038824754  0.15345281700887628  0.16635592270182467
  0.17856066715539048  0.19157305599557309  0.20582679845829077  0.22076392108665263
  0.23493092367234009  0.24787376458356142  0.26037391802141696  0.27247994315089208
  0.28400477789385586  0.29608124984357520  0.30809838620707430  0.31924278220942875
  0.32997022275737797  0.34130952543775572  0.35324681997741159  0.36506402173356328
  0.37655077236894852  0.38765454778381242  0.39829858950392488  0.40879350393730479
  0.41956065464151299  0.43051021300107301  0.44132327777324937  0.45169330912011429
  0.46153396738915126  0.47133861317732628  0.48147877465130218  0.49163447750821621
  0.50198892231372827  0.51233179068540668  0.52278506063048658  0.53315412132031104
  0.54308180436439979  0.55266436805515684  0.56206124482875852  0.57107494663923497
  0.57983893568961575  0.58869396006357044  0.59764743704591139  0.60660545857326464
  0.61544515027786084  0.62422818739496999  0.63357302845447461  0.64323181559942777
  0.65269130780245288  0.66166665969114158  0.67060244257775370  0.67993102469711153
  0.68935322952643807  0.69875814827144878  0.70821877168913105  0.71771788144453663
  0.72725137218447566  0.73651071468936291  0.74551488211146522  0.75431151450392420
  0.76311394172561064  0.77211862342992688  0.78158136564574998  0.79105909336227298
  0.80012823627814533  0.80900176119263234  0.81794329172371549  0.82702379081695643
  0.83603976948693259  0.84491816190813118  0.85383763930864176  0.86275643222868303
  0.87161418128814450  0.88049916964370800  0.88944581573826376  0.89851449264320893
  0.90762920149048298  0.91684314061353989  0.92576419795161158  0.93461042974061870
  0.94317250799847829  0.95128450838609624  0.95936955297422177  0.96745376048346066
  0.97570174194860382  0.98398387985882207  0.99197398222853861  1.00000000000000000
 -0.00219952137072084  0.00907723805376811  0.01872127490905093  0.02868794320120326
  0.03876921677795229  0.05004437129295392  0.06158002342414046  0.07252406226497735
  0.08335352681822850  0.09433069444264494  0.10526983046759654  0.11615381977185091
  0.12690593128155836  0.13766285194752009  0.14859092253402850  0.15936592577637704
  0.17000285865894266  0.18081094664398598  0.19135888125793307  0.20182649782663045
  0.21184377899462034  0.22187214899561089  0.23200856284164997  0.24217885957717020
  0.25245502502441858  0.26324616159862158  0.27452222339294036  0.28626047508362040
  0.29752613441417275  0.30827826862732943  0.31884718456644195  0.32899622199168588
  0.33905984560087365  0.34890446089860799  0.35870506432572130  0.36807827846654551
  0.37729921242439385  0.38659638064317903  0.39656274573208433  0.40724766789377687
  0.41821639619233431  0.42913527106106186  0.44004463180184505  0.45173950864638540
  0.46364910101791279  0.47524593434259754  0.48625823751229630  0.49646990574273986
  0.50678996748607685  0.51712083241741391  0.52732885170568311  0.53729187026496072
  0.54804747042442370  0.55907421503163701  0.56929399862147778  0.57891650112204707
  0.58846630989605986  0.59827644319148532  0.60847243399126372  0.61837324214883682
  0.62843090056486206  0.63856048340656735  0.64854483547906827  0.65861788777369723
  0.66873569646217335  0.67879527928312977  0.68891785821570339  0.69944978972069938
  0.70956028462227516  0.71960867873479306  0.72963034355922685  0.74038286590630920
  0.75117827417772054  0.76237192717097380  0.77408772248910862  0.78602407330508994
  0.79731206158462187  0.80826956123198779  0.81908767720048459  0.82991019256730914
  0.84037056055557535  0.85136748439967702  0.86398399816112126  0.87602880419534901
  0.88663276453532069  0.89639796439230512  0.90624844047534425  0.91634509383605633
  0.92670407994872528  0.93685935746186111  0.94804767515602517  0.95932205304490836
  0.97014631023893227  0.98047273776033250  0.99031882661601689  1.00000000000000000
 -0.00193760889238979  0.00740255068970111  0.01554198398890497  0.02432307139559741
  0.03322694360654337  0.04163700124642748  0.04992160004845839  0.05780120337648905
  0.06716800404818925  0.07690682445384141  0.08692706117269167  0.09706283415596373
  0.10645615435237850  0.11528071693312462  0.12399135626866317  0.13283418250411516
  0.14192660202185797  0.15145443578087708  0.16087902568817836  0.17019321432161647
  0.17932774879694591  0.18815524809362283  0.19692542701825250  0.20598850297830093
  0.21501257193711190  0.22398936932440852  0.23314886192602019  0.24255590360714332
  0.25212507964101932  0.26196925725720327  0.27228564203949890  0.28300917676354576
  0.29359939197430990  0.30372911261715441  0.31368575740002630  0.32368524428303036
  0.33342936894450609  0.34288438072831690  0.35232444870481128  0.36199445906294336
  0.37188880180712092  0.38182941673162557  0.39207589199728526  0.40275042590719290
  0.41365147507025574  0.42459464150540011  0.43559221080513338  0.44623822970604432
  0.45661198124037577  0.46717885184297664  0.47739911536666269  0.48758432146224556
  0.49765671332787437  0.50812188026635685  0.51935099855836453  0.53064285772642927
  0.54190450074255825  0.55252400040986172  0.56342775661750422  0.57504348717353693
  0.58582847083766487  0.59570883140475062  0.60560632248109891  0.61586857984688415
  0.62594465502523267  0.63603984911859734  0.64645470437991692  0.65795719640245920
  0.67001474034778385  0.68183588447689625  0.69326024152501420  0.70446236061995937
  0.71584920408230679  0.72727097484278214  0.73817122463511686  0.74875382395116019
  0.75966047765722855  0.77086132961342479  0.78182490594885978  0.79314668600948923
  0.80518802013956325  0.81782974561681410  0.83091839329567407  0.84402343767469645
  0.85764911901681451  0.87103832376171464  0.88362894436614980  0.89563778388326221
  0.90801695524727455  0.92115200147162624  0.93455406238819727  0.94852984165392529
  0.96220961475772770  0.97509716568661053  0.98790314903232046  1.00000000000000000
 -0.00207628578021767  0.00884809173243226  0.01854523824093071  0.02842788225737116
  0.03821714915360010  0.04796387362241109  0.05778717529313637  0.06731132405216073
  0.07665475266955488  0.08644302071766338  0.09716446996270778  0.10838603395061833
  0.11970720288829685  0.13135871750738182  0.14317550020522360  0.15403504337197887
  0.16426654730257106  0.17433257897936147  0.18437197965510785  0.19486622515530691
  0.20569752281574316  0.21691318232341436  0.22795940195245912  0.23842600378818751
  0.24895374115218372  0.25976671831655462  0.27078560856562250  0.28154179686254321
  0.29175377178341072  0.30107567909356348  0.31028574892929861  0.32000763767700185
  0.33000025000356698  0.34014009256049438  0.35005053156427224  0.35994792314415169
  0.37005759129506921  0.37994806193745256  0.38927192268271443  0.39862623599554448
  0.40840021078749889  0.41867464967879892  0.42936099654860260  0.44007936193204433
  0.45073692619605848  0.46146638201582429  0.47232669795284138  0.48336707912994370
  0.49427920645064688  0.50501929177630100  0.51579914292937656  0.52672746188758890
  0.53799639753620332  0.54929875281436569  0.56036018257163822  0.57125606487562397
  0.58215092745814645  0.59286489701708500  0.60311323922924831  0.61333301688928987
  0.62326968938571670  0.63304799573122605  0.64296743962655711  0.65336930038824292
  0.66416521687139074  0.67527176115469612  0.68667840951186010  0.69820487039627610
  0.70919530604986036  0.71966352998225158  0.73020419813711934  0.74116085825568245
  0.75234333574678580  0.76305660588744939  0.77335453396802678  0.78361200355254035
  0.79402534526352109  0.80468091233280248  0.81579080852640284  0.82706658250964893
  0.83821947781777073  0.84897933646773027  0.85953076225015768  0.87004797313454418
  0.88056227955898025  0.89131114201049166  0.90221225425753337  0.91294022904622951
  0.92352886020470437  0.93378223226328316  0.94424946201108828  0.95482778762695708
  0.96597942304571693  0.97730745348684334  0.98888132462188849  1.00000000000000000
 -0.01767779029651297  0.09744704298543057  0.16076409360797897  0.20688948157956727
  0.24222793260617778  0.26973017509647190  0.29370645319901617  0.31540891171801683
  0.33653160831737672  0.35588931426373110  0.37402965373842545  0.39076500684656518
  0.40740495490435841  0.42380937656825279  0.44045918755855379  0.45682311470348758
  0.47196112108410598  0.48575337313383449  0.49918254135170365  0.51252007315566461
  0.52506108768323245  0.53652817676908360  0.54738125272175675  0.55800645620455469
  0.56818627231625951  0.57806595913882441  0.58828798160140006  0.59890939038467372
  0.60983286320426511  0.62041544353925504  0.63015200457930309  0.63922983835811398
  0.64790432828196265  0.65622175895756862  0.66442958740946156  0.67241247925563485
  0.68021460082159224  0.68805569084073603  0.69585145000555826  0.70352219474078814
  0.71094494610856529  0.71819077754143701  0.72521176024580059  0.73199436704633114
  0.73859770739534858  0.74509877907629085  0.75151998803647635  0.75775352019240783
  0.76387090492977361  0.76993146613587304  0.77605162320959098  0.78216904397448039
  0.78823765416441949  0.79427773643667554  0.80022366194487726  0.80631733226295987
  0.81231378501633611  0.81814030042733865  0.82382297007906047  0.82939540303378489
  0.83488212251551064  0.84048969991138189  0.84625373087266120  0.85221774638447312
  0.85792743694899143  0.86352717449764016  0.86883368435372743  0.87402606220550105
  0.87906945643105816  0.88411745270100961  0.88930157994245584  0.89460149795751154
  0.89988241693659599  0.90497676979129815  0.90987195336631344  0.91462580626397239
  0.91902184562771827  0.92333307250013985  0.92757295814896101  0.93176691348762897
  0.93613815415005097  0.94071711822632098  0.94540516064761304  0.94989670405563442
  0.95413107861942303  0.95821626341551491  0.96220694640858961  0.96621285594760065
  0.97024911999608909  0.97434757633312596  0.97846736697045855  0.98271545423506235
  0.98712522697707861  0.99147419475293141  0.99576952594201273  1.00000000000000000
 -0.00260268346352168  0.01011757277662634  0.02097956683584569  0.03192767217519799
  0.04304979363726050  0.05428502398890488  0.06501002915879110  0.07551124983048567
  0.08584540737879875  0.09629508714525421  0.10707246818889780  0.11795619171211180
  0.12833103551831426  0.13851990290185714  0.14838069465250414  0.15816805339335741
  0.16879367740326989  0.17920645901652535  0.18970743050063876  0.19969686454771338
  0.20985302909674589  0.22027392449385039  0.23086379398806808  0.24143061154361992
  0.25218290856572873  0.26312595297254199  0.27364398356019176  0.28307715139172612
  0.29336161867997690  0.30378127867372778  0.31359264378609392  0.32372838167391338
  0.33381877315306713  0.34515097129667255  0.35566011452230434  0.36616658559798443
  0.37616460869494839  0.38603699880262465  0.39585524411306544  0.40582509371908415
  0.41586807810745657  0.42607231273551688  0.43666967294755299  0.44857816942325890
  0.46098706872292450  0.47289181269315217  0.48416746567330143  0.49497833017490667
  0.50541602361400306  0.51559531603192876  0.52591814845438367  0.53670698405794504
  0.54693955797587557  0.55671129912564088  0.56671220327519223  0.57724334538706412
  0.58799922705481400  0.59895451138437095  0.61059480226318541  0.62253552437369608
  0.63428461508064427  0.64581443291680740  0.65733528226561067  0.66924156382846511
  0.68145086796446663  0.69354640857846728  0.70497104205445482  0.71534451840406799
  0.72524946407098134  0.73463064876430850  0.74326894839101876  0.75172273010938906
  0.76086525201128796  0.77049675012516894  0.78066720463650496  0.79087346240215550
  0.80356058602445479  0.81506428320981406  0.82571044825810402  0.83588743582390823
  0.84618046016116755  0.85685004627485029  0.86748833106974044  0.87794578356008401
  0.88847217997388850  0.89873834980207590  0.90882423628507036  0.91885854637093067
  0.92912300332433650  0.93957729500935794  0.94908360386918444  0.95890681995001092
  0.96934309106569005  0.98000365989928295  0.99019710126721872  1.00000000000000000
  0.03372135577242623  0.31330973364220438  0.37994911976619711  0.42768782671177419
  0.46748977317303564  0.50113561461506539  0.52935136053650633  0.55510905214055084
  0.57873685293033650  0.60016848651754462  0.61982633130045794  0.63884980143648940
  0.65662166070750505  0.67282439339216737  0.68766928218036572  0.70125071404772477
  0.71402655630440848  0.72619134414786757  0.73744639409890855  0.74809534324061167
  0.75863213985666067  0.76853444783542357  0.77783270624827627  0.78676213696621122
  0.79523509383585911  0.80315617823269747  0.81061156778586452  0.81747205182436944
  0.82377161574397029  0.82982620383398342  0.83568628179217586  0.84146104587848691
  0.84705935375913533  0.85254548072778868  0.85783406704886400  0.86292858398553396
  0.86789139910382906  0.87274136455228901  0.87744013304622603  0.88192069314744659
  0.88621842017382813  0.89038216750089105  0.89438941551256623  0.89812522029399555
  0.90154776342503973  0.90488678920810306  0.90819868957152305  0.91143491570349255
  0.91454201170747784  0.91751693126685263  0.92037279609328637  0.92312610756689228
  0.92581726761618732  0.92843701402063150  0.93098006899870400  0.93346232196565038
  0.93586401955343956  0.93820143677370238  0.94029276137342566  0.94236736079377026
  0.94434809182483559  0.94635980533985598  0.94838545556269782  0.95037546937337691
  0.95226346567835429  0.95407159481707238  0.95582151209066180  0.95751108791152661
  0.95922743614065464  0.96097173735745101  0.96269936191215211  0.96439104034022050
  0.96605259015465361  0.96768802034259516  0.96926173154684681  0.97072868022009207
  0.97217930223517290  0.97362653025564927  0.97504876942906382  0.97642655421713276
  0.97776662628004796  0.97911462220176038  0.98045204059561608  0.98181508480263069
  0.98310012020958926  0.98434556890962643  0.98560837064719631  0.98688204815118197
  0.98813060248341400  0.98937547626194156  0.99062442270869944  0.99191039570536432
  0.99330449275006305  0.99494580972819979  0.99716782452097208  1.00000000000000000
 -0.03109828105917723  0.16344081932095450  0.21790451371369701  0.25059957737395272
  0.27495244505821637  0.29575401130729606  0.31308716059423974  0.32795499101010284
  0.34128673845718210  0.35356340698283711  0.36475266428220876  0.37509810839002988
  0.38496878968327464  0.39476020541584633  0.40452160006261856  0.41381693855743695
  0.42275717069653324  0.43149936419331397  0.43998071545960299  0.44815411033186514
  0.45591647050523909  0.46338442835506127  0.47061057443218168  0.47758564639624135
  0.48420777908619633  0.49048696433617983  0.49677702005736485  0.50287384166847504
  0.50934832905089378  0.51588015883603666  0.52217882594832399  0.52837879081906658
  0.53466325636279488  0.54086065200511135  0.54683986191941225  0.55265309167007914
  0.55835033259789413  0.56391809138820481  0.56945650664338721  0.57493991491887408
  0.58031956770323201  0.58556128586347400  0.59051471440678116  0.59516301507619429
  0.59961268687434299  0.60420721848283587  0.60848377383907815  0.61300418645288579
  0.61749142123114953  0.62194987801439927  0.62635320072893885  0.63075765331526379
  0.63521444046524123  0.63959754114111644  0.64384145067512766  0.64807659570443732
  0.65256512881957351  0.65707167552136736  0.66178229431087021  0.66644824428817273
  0.67120601645475897  0.67585548254405137  0.68051212816444961  0.68510145963901525
  0.69013870874348326  0.69546562915380561  0.70081969897839669  0.70619235473896669
  0.71158805760537269  0.71706254504090261  0.72272838343012702  0.72815303485920246
  0.73345508458930575  0.73870389292710570  0.74404312088542712  0.74954052896127943
  0.75513023696502612  0.76075689327246288  0.76631178655224708  0.77193174348976190
  0.77777088951166728  0.78374328638626445  0.78982610927732244  0.79610617153025620
  0.80267219100377807  0.80954014324919443  0.81679988581267604  0.82458137751330918
  0.83265896939780903  0.84162406713065585  0.85132504554991650  0.86239445883598320
  0.87592606561091158  0.89413094399282700  0.92294175971853099  1.00000000000000000
   1.5344210770018086E-004  -1.0000000000000000     
 T F F F T F F F F F F F F F F F F F F F F F F F F F F F F F F F T F F F T F F F F F F F F F F F F F F F F F F F F F F F F F F F F F F F F F F F F F F F F F F F F F F F F F F F F F F F F F F F F F F F F F F F F F F F F F F F F F F F F F F F F F F F F F F F F F F F F F F F F F F F F F F F F F F F F F F F F F F F F F F F F F F F F F F F F F F F F F F F F F F F F F F F F F F F F F F F T F F F T F F F F F F F F F F F F F F F F F F F F F F F F F F F T F F F T F F F F F F F F F F F F F F F F F F F F F F F F F F F T F F F T F F F F F F F F F F F F F F F F F F F F F F F F F F F T F F F T F F F F F F F F F F F F F F F F F F F F F F F F F F F F F F F F F F F F F F F F F F F F F F F F F F F F F F F F F F F F F F F F F F F F F F F F F F F F F F F F F F F F F F F F F F F F F F F F F F F F F F F F F F F F F F F F F F F F F F F F F F F F F F F F F F F F F F F F F F F F F F F F F F F F F F F F F F F T F F F T F F F F F F F F F F F F F F F F F F F F F F F F F F F T F F F T F F F F F F F F F F F F F F F F F F F F F F F F F F F
  <DiscreteSampler_grid>
  grouped_processes
  1 # 1 for a reference and 2 for a running grid.
  10 # Attribute 'min_bin_probing_points' of the grid.
  1 # Attribute 'grid_mode' of the grid. 1=='default',2=='initialization'
  0.0000000000000000 # Attribute 'small_contrib_threshold' of the grid.
  0.5000000000000000 # Attribute 'damping_power' of the grid.
 # binID   n_entries weight   weight_sqr   abs_weight
    16   10   3.442514969481969E+004   1.016744229975379E+010   3.442514969481969E+004
    17   10   3.442514969481954E+004   1.016744229975369E+010   3.442514969481954E+004
    19   10   3.442514969481969E+004   1.016744229975379E+010   3.442514969481969E+004
    20   10   3.442514969481954E+004   1.016744229975369E+010   3.442514969481954E+004
    22   10   3.443798694625382E+004   1.017728028092842E+010   3.443798694625382E+004
    23   10   3.443798694625364E+004   1.017728028092831E+010   3.443798694625364E+004
  </DiscreteSampler_grid>
