  0.00330909711093145  0.01146435747628046  0.02151171741659117  0.03169593809635061
  0.04196765926653540  0.05257438062094267  0.06331279511504377  0.07384080707663043
  0.08427846656501646  0.09468995567983639  0.10503953465687739  0.11532665953411832
  0.12577621763567234  0.13639683523911442  0.14703127762732116  0.15746136629888832
  0.16794061429241774  0.17868718860921445  0.18946239689219940  0.20016165095252358
  0.21071491755921304  0.22139618304015918  0.23220862083144167  0.24286394987734114
  0.25334899996460836  0.26364600487674755  0.27418001013172538  0.28495014642302652
  0.29568333254212964  0.30623074162812230  0.31671288196841307  0.32714152092438814
  0.33766659426829471  0.34816157254038516  0.35874704586348694  0.36917928229192032
  0.37964422305217649  0.39014369903543428  0.40058032405805044  0.41091098205988374
  0.42133459696207426  0.43195163116307939  0.44250353586933466  0.45303419063482919
  0.46382584846325647  0.47472401879124959  0.48538451507383951  0.49560441506707043
  0.50578067026175400  0.51604882615005243  0.52647765083149956  0.53692965798791292
  0.54729302995807272  0.55773647618584810  0.56807301393986398  0.57845262873396230
  0.58873716878971805  0.59902599419242075  0.60939102303475112  0.61978327369039632
  0.63002708616729741  0.64035235104423949  0.65060725981207046  0.66126181329835632
  0.67169588328646657  0.68203768397466757  0.69233948049203486  0.70277717653566785
  0.71326096566843789  0.72375116397454109  0.73415339245825151  0.74473584385075242
  0.75511067022395029  0.76530193748300512  0.77533430602457754  0.78542685429436199
  0.79571815783465660  0.80635452535285279  0.81695329034331554  0.82777068019254485
  0.83816370559869968  0.84841490017590071  0.85853742810172629  0.86887345107688629
  0.87932038489548048  0.88961749019290681  0.89983307516537470  0.91012393226730748
  0.92091239300467309  0.93157403440383924  0.94252554897156415  0.95334104975311251
  0.96454889685465228  0.97601961215566191  0.98776745857018811  1.00000000000000000
  0.00696197390064608  0.01640826609983383  0.02821111879261344  0.03994786432829818
  0.05116061745559641  0.06194448597377748  0.07267222274038226  0.08314402894822803
  0.09352614187447354  0.10371621385826710  0.11391658278698735  0.12444145700315581
  0.13514556937441580  0.14602017957871552  0.15675115834199571  0.16728555477009716
  0.17790378147293628  0.18859045491736795  0.19925504502377719  0.20995137094243871
  0.22057418395751910  0.23139609122369495  0.24223099390275346  0.25308652810507670
  0.26395411885933939  0.27467799845824675  0.28545708187693358  0.29629613146777639
  0.30688981096514811  0.31773686949369395  0.32855979794404305  0.33933341527675986
  0.35016262446690638  0.36100740166888445  0.37185770985310945  0.38264045023961291
  0.39334364474007361  0.40412295204609305  0.41466897165100386  0.42534441392908928
  0.43592675523929381  0.44631479558124382  0.45640471614303030  0.46643484284104569
  0.47668824611608701  0.48719616491784751  0.49771488415534765  0.50813735109161740
  0.51848435496678191  0.52908933448202999  0.53962839075149394  0.54999236727274592
  0.56012167901412080  0.57052807991745058  0.58104927652685923  0.59171929742610896
  0.60231992709446958  0.61303579925808904  0.62352305170558930  0.63390777977550339
  0.64425194823372400  0.65469177239572385  0.66510854318633650  0.67570016379784681
  0.68616099740426317  0.69656924101031215  0.70689718244070721  0.71734612284258314
  0.72774217611672831  0.73838489593436463  0.74868995370113778  0.75914967845042336
  0.76902655246066576  0.77920576476873338  0.78936397266308933  0.79977672841126224
  0.81038422316476455  0.82083967248639922  0.83122666991135674  0.84163475819341771
  0.85217613734766118  0.86277197058126698  0.87314302297407698  0.88332043540050120
  0.89340100026418467  0.90353776006043418  0.91381508380106391  0.92394491618782248
  0.93409961601648650  0.94422823993629912  0.95440171538319374  0.96430647224088417
  0.97382394754575075  0.98306661354022273  0.99165943209382434  1.00000000000000000
  0.00337373405886435  0.01129828708080954  0.02148802060294370  0.03178508740867106
  0.04221378077280766  0.05237266726979592  0.06267478566059465  0.07286939750664027
  0.08329322020629364  0.09315164532272092  0.10317292671512686  0.11313246626360081
  0.12330948309270855  0.13341805952454575  0.14382154090784854  0.15440296104079751
  0.16506861795042715  0.17561222766037188  0.18612355014456131  0.19641941092037848
  0.20664438988401537  0.21676128551733750  0.22683449110085815  0.23693173734005479
  0.24721284004157318  0.25759177447268011  0.26816374386719005  0.27860271791006763
  0.28918677924179931  0.29958706857851369  0.30993553857025419  0.32033226833759820
  0.33092220003251099  0.34165675846408200  0.35241919594299820  0.36298425391190581
  0.37353906297015493  0.38411825323892168  0.39471216888585881  0.40509146541285623
  0.41537101722323361  0.42566895263655152  0.43608033076607589  0.44654937255900562
  0.45712861255256620  0.46762908464960484  0.47809354281980965  0.48872535029063896
  0.49946595819218004  0.51034246256218863  0.52107727192617148  0.53181382411451472
  0.54220382590500193  0.55231699344729301  0.56252039045158297  0.57302330156785863
  0.58356132338398892  0.59422355503358681  0.60484101996322348  0.61538281463848032
  0.62582667767298927  0.63621245661063752  0.64660065865938998  0.65695303477059130
  0.66719092599659746  0.67792702485169287  0.68856167574591642  0.69918319868826573
  0.70981617649603490  0.72039312144900602  0.73076095272623176  0.74095031452259297
  0.75132755906101634  0.76186044583122658  0.77282678764578649  0.78357056607821129
  0.79429045104920615  0.80491105713381050  0.81553790552690830  0.82643563399337117
  0.83719028403259432  0.84796545210316876  0.85874073419780672  0.86955476624431416
  0.88046111620119993  0.89130398779278408  0.90210305527844237  0.91287402809991680
  0.92333501119845418  0.93382931868037933  0.94436107365246802  0.95512340191745093
  0.96595214472711444  0.97692231781924477  0.98838716682214645  1.00000000000000000
  0.00556325636439881  0.02155304313766218  0.03697715769730620  0.04977327974416203
  0.06154416480295753  0.07280629074332894  0.08363746989207363  0.09448425446503124
  0.10520414167818883  0.11591703494114008  0.12660000954154360  0.13740581176469147
  0.14823980833264663  0.15904946494360378  0.16992596032225551  0.18095884127307360
  0.19188223110479372  0.20261177391462157  0.21321153871573276  0.22354010097510510
  0.23381963136834188  0.24421695215439304  0.25503119397760210  0.26571140894452860
  0.27624902220201469  0.28663839255055151  0.29698420077360138  0.30715729990989271
  0.31752605370597070  0.32824959925628588  0.33881031293333469  0.34933449604673195
  0.35974568788642303  0.37041050321905711  0.38095022660029987  0.39166601235960041
  0.40248359746652379  0.41345755273003970  0.42427455576314460  0.43491394957039209
  0.44532585628962085  0.45548569646740478  0.46582635069445999  0.47629752076108267
  0.48681810388524172  0.49753888942641356  0.50829710149786722  0.51886735885503410
  0.52926823307717119  0.53939246763010140  0.54947900732992150  0.55958577249687791
  0.56964080357992142  0.57989589882731896  0.59041850634553406  0.60134531960298088
  0.61246377082780101  0.62326640517315457  0.63359055280395482  0.64358958985902270
  0.65371146939598856  0.66408662787247819  0.67436509254109600  0.68444443140442268
  0.69468973487544827  0.70514158441929320  0.71537608831096888  0.72547572180664699
  0.73555128948773307  0.74563764411010069  0.75560965191046903  0.76552586562096325
  0.77546939014926619  0.78541269712457273  0.79527655004347919  0.80541384559155937
  0.81567242882138624  0.82578139818493257  0.83556380059827717  0.84535135291454389
  0.85517905218126467  0.86537476511080880  0.87573769638727283  0.88616768886954500
  0.89646910054770435  0.90653779054622274  0.91650731658062357  0.92637892922951504
  0.93630955688890782  0.94605950838264097  0.95591368835692514  0.96547687385130609
  0.97473000617795846  0.98364010008155633  0.99176276701535249  1.00000000000000000
  0.00000090370462007  0.00000911921298401  0.00001348757659200  0.00001755273782312
  0.00002171593169355  0.00002582913752316  0.00002987892055616  0.00003397977802391
  0.00003811925495419  0.00004215877262981  0.00004610539149727  0.00005011529602283
  0.00005414788203658  0.00005820644858007  0.00006232521590894  0.00006659429614374
  0.00007096852910124  0.00007547122910327  0.00007987662479403  0.00008446762784464
  0.00008921110808672  0.00009408669380865  0.00009909804685715  0.00010426718141453
  0.00010952602975848  0.00011497321916296  0.00012060603670261  0.00012637141070999
  0.00013239440194691  0.00013869414035341  0.00014527592104918  0.00015223463327327
  0.00015974904075535  0.00016787738236169  0.00017646852048686  0.00018533305852002
  0.00019423985969028  0.00020321784372295  0.00021237911610956  0.00022170754442381
  0.00023121926724845  0.00024101343416625  0.00025125055925363  0.00026211904494157
  0.00027330874366062  0.00028497489429246  0.00029693125259401  0.00030921086866406
  0.00032251841670822  0.00033599858948840  0.00035060830674616  0.00036563697546992
  0.00038173583923272  0.00039874272887713  0.00041676653562923  0.00043557977637968
  0.00045485974532533  0.00047470199316642  0.00049521065621247  0.00051675339428664
  0.00053994800686338  0.00056476351118666  0.00059164306554195  0.00062063149046338
  0.00065182492394769  0.00068576907798951  0.00072156423084161  0.00076162978383068
  0.00080480747187425  0.00085052662443895  0.00090104190606382  0.00095404450906203
  0.00101119377107666  0.00107253300188871  0.00113961181767923  0.00121291287554326
  0.00129097481530697  0.00137582987968540  0.00147097038571952  0.00157667151930928
  0.00169260525935340  0.00182334790374067  0.00197299790287922  0.00214237385881229
  0.00232837415233331  0.00253537518208587  0.00277752838131644  0.00307337111432888
  0.00345049704997878  0.00392308225164199  0.00443764166002789  0.00509879495674895
  0.00603684067470087  0.00791683787817244  0.46692162133461035  1.00000000000000000
 -0.00243597402166680  0.00989112659786328  0.02077504234210112  0.03164649539879488
  0.04255723304342855  0.05323503769661614  0.06426290119511424  0.07508148877002860
  0.08571736768299085  0.09664522282597643  0.10726273658234410  0.11818415205269331
  0.12904124446846560  0.14006109048246299  0.15087622081625049  0.16157456048369151
  0.17219621159755771  0.18313078412977873  0.19414400948519522  0.20534475705911232
  0.21680581058832304  0.22783401137234721  0.23846515753953898  0.24849736226652347
  0.25867522607730853  0.26886605633883426  0.27933953442165127  0.28986277160311252
  0.30026736062225345  0.31049487324033276  0.32086299063928220  0.33129734660781540
  0.34170711717629348  0.35201610745235112  0.36258809910187489  0.37330335703496353
  0.38406127046117683  0.39470004502656375  0.40538593012825513  0.41614366512476059
  0.42687464794236063  0.43769205291363272  0.44826305319421145  0.45882457133615806
  0.46928857325537038  0.47979438036650851  0.49009564242834935  0.50041800095004174
  0.51097407051356747  0.52174690803841273  0.53243657724537385  0.54295546293565022
  0.55365702596729516  0.56438618834754761  0.57518617992735155  0.58593884584374578
  0.59657917116215675  0.60708796385494257  0.61727010825019635  0.62739838145839333
  0.63752480887139418  0.64766059382673424  0.65791985977176071  0.66816056521851941
  0.67823005394145974  0.68804246807505365  0.69786829339301670  0.70799528484647845
  0.71841583947196264  0.72891779234043297  0.73926002903520471  0.74977223072285137
  0.76038636284044048  0.77103060124258793  0.78173688159594146  0.79255070907703384
  0.80350224526699676  0.81420378778655156  0.82455598912731631  0.83511852644964479
  0.84532575652120800  0.85560501642758702  0.86596508003229888  0.87637105942199733
  0.88680943496165010  0.89724867531179520  0.90756156019521028  0.91796557310580240
  0.92840382684709466  0.93870798549146039  0.94875858317530215  0.95885575866442274
  0.96941959289918700  0.98009815455615823  0.99014620485790794  1.00000000000000000
 -0.00246612739775739  0.00940418719641613  0.01981791456467077  0.03043142885789680
  0.04135427585600295  0.05185660942789180  0.06256946633612823  0.07309323330373213
  0.08380070215206779  0.09443990633634507  0.10515439129765232  0.11607133305089636
  0.12679401805075627  0.13744407465257916  0.14788210983042879  0.15838659302154159
  0.16888781360710192  0.17943932797691195  0.19006585022529310  0.20080150876171668
  0.21132350539157785  0.22172955472616043  0.23203229062873298  0.24236667074103060
  0.25278447132202275  0.26311533170394824  0.27365991901006759  0.28429404696900246
  0.29499549345158355  0.30554854951872273  0.31616361485616057  0.32699143652046420
  0.33774578958880164  0.34837915618791837  0.35895203269646225  0.36964602758464071
  0.38041804908772547  0.39113527569138662  0.40188309223069335  0.41248520294428831
  0.42293273978031509  0.43341028616554511  0.44403791314037694  0.45458337601511495
  0.46510842929336021  0.47553749866865364  0.48592800841359263  0.49624462041181011
  0.50639789475399422  0.51657049580686265  0.52678236524474642  0.53710127828944954
  0.54744310545147579  0.55777431277521516  0.56829072459849417  0.57912109689486468
  0.59004803986628718  0.60080676407763134  0.61140179920221549  0.62197629361814322
  0.63291822793154451  0.64390316645513057  0.65473004091292619  0.66544574188209971
  0.67594345542964884  0.68648307155865651  0.69690119049249544  0.70743424826868151
  0.71766159326824641  0.72782736318428876  0.73794647283563808  0.74816274579802289
  0.75835122749274753  0.76867127758868858  0.77921353557594841  0.78990036492688953
  0.80034035977740958  0.81092895223905348  0.82153869161787563  0.83218723896169378
  0.84277158834243227  0.85331835369323927  0.86383139769352268  0.87430537150754795
  0.88451437812310452  0.89478231792245155  0.90505312994326936  0.91558752020540146
  0.92614834331114604  0.93676858893573800  0.94732640742830476  0.95793021016612556
  0.96843965968633039  0.97883994680860176  0.98941742411754974  1.00000000000000000
 -0.00246459154234910  0.00940136393313066  0.01968955665258466  0.02989440680272284
  0.03989966462508607  0.04967103580609306  0.05959097881240982  0.07013288347319159
  0.08040230765832754  0.09081317433083183  0.10088675449885476  0.11139034878526892
  0.12189318618971165  0.13221573058860189  0.14259439122036427  0.15266744303476187
  0.16304404677427023  0.17365545359712733  0.18421598661328725  0.19497100266878148
  0.20517404315858478  0.21574506165679669  0.22608182408885880  0.23641170392765140
  0.24679689378899466  0.25745138741590101  0.26826018753841824  0.27902613221017242
  0.28942536088148857  0.29991630630993493  0.31052222054998063  0.32091589974663809
  0.33149676612496126  0.34214590332173622  0.35283683228626639  0.36312038237081007
  0.37305487507490154  0.38331433486761102  0.39391355608295542  0.40459815161967677
  0.41528560896421929  0.42576384108313281  0.43646332903755714  0.44719841816965611
  0.45779165530914984  0.46828908554737314  0.47875274428373149  0.48960938788273617
  0.50063740452232530  0.51141235120902417  0.52217343172244557  0.53277888651145289
  0.54350001247395019  0.55412356093547688  0.56476100964546194  0.57539505611692665
  0.58600081433215501  0.59663845977574281  0.60736644035413045  0.61834815920562369
  0.62901261599426161  0.63950937055036472  0.64985173870241064  0.66024626992809110
  0.67059885661116314  0.68121382991386592  0.69189428051776658  0.70260276810725308
  0.71301624220497029  0.72353696505571252  0.73398554648182024  0.74469790104897304
  0.75525628468224126  0.76585737251738228  0.77631513588388867  0.78689150742332137
  0.79741597801436848  0.80783452414223322  0.81825117248146728  0.82898553533205455
  0.84013454044588820  0.85106543197049134  0.86182401599548930  0.87259375020264796
  0.88310305012175661  0.89389206219479600  0.90432089824313333  0.91495328050612623
  0.92558974763518842  0.93620178295061218  0.94676764677169101  0.95713329565660910
  0.96766418032457691  0.97860273498035755  0.98934751876497851  1.00000000000000000
 -0.00245499313336572  0.00962827097843739  0.02023760068711513  0.03077060328254446
  0.04150378451149764  0.05208788843671199  0.06265419262066275  0.07313324060382720
  0.08350751881145949  0.09401268778063296  0.10465297220404657  0.11532351062558786
  0.12576677996576754  0.13597216114016075  0.14630287832825692  0.15736448717324039
  0.16867722213411759  0.17944571895400385  0.18993200967519988  0.19994929193594291
  0.21003254286452766  0.22009215212502606  0.23044282954758583  0.24077480137704813
  0.25122774346105803  0.26152200471094766  0.27189561135379814  0.28201014675006575
  0.29215736757081900  0.30219940510894416  0.31234937499874293  0.32265056178869939
  0.33329813099443728  0.34405972490864484  0.35485695818353746  0.36562458766708217
  0.37632792823660727  0.38715556654064626  0.39776512386638824  0.40832718612030355
  0.41888849050436733  0.42930991208788977  0.43960266759369021  0.45001862629476425
  0.46064840194892553  0.47137379438153443  0.48223610186416077  0.49334779578527288
  0.50444021238014880  0.51549742315805835  0.52632011587972838  0.53699992723005163
  0.54747838679377381  0.55782671375345172  0.56823768463994395  0.57866210044524891
  0.58913532139655023  0.59971661523936537  0.61045150543126425  0.62139826235895856
  0.63218219497645189  0.64266171576643327  0.65284877913133288  0.66288792013318443
  0.67348623236829930  0.68414704739877319  0.69495088901069535  0.70542746885717722
  0.71602265359278972  0.72641381279096395  0.73707791612833673  0.74803810288341388
  0.75891216929430227  0.76946326955152100  0.77986808748023151  0.79031791866603840
  0.80067536797741290  0.81098387314265385  0.82152311725750216  0.83202828165832632
  0.84264892449497797  0.85354919249007632  0.86467220614321916  0.87569552085717350
  0.88584746891882737  0.89646854637455797  0.90699717555420689  0.91795562395628016
  0.92837250226185997  0.93871965861496287  0.94871865204297368  0.95892428003117203
  0.96888481192393228  0.97932012488336284  0.98960018345329492  1.00000000000000000
 -0.00244975719949763  0.00924638656264846  0.01921969249219752  0.02963642627908013
  0.04019918622986340  0.05095162522700954  0.06151593865148882  0.07217688484662067
  0.08276396550845778  0.09373401362274263  0.10446261226004634  0.11487381295700448
  0.12515578775299785  0.13547592642389616  0.14585219306410285  0.15614922575007506
  0.16635517397093963  0.17666451125984081  0.18693838735542373  0.19717069500285381
  0.20734079586173970  0.21740383110044359  0.22763407319928333  0.23795118899250736
  0.24833146286301952  0.25843846194140752  0.26850659183742703  0.27873382125529100
  0.28907069872334523  0.29923221030474445  0.30928316492253100  0.31927046546263532
  0.32930650062641559  0.33924693982234000  0.34925440810735386  0.35931626474526773
  0.36956584967079315  0.37999566181753197  0.39065632261724370  0.40100619040481367
  0.41119455907979591  0.42165226715221366  0.43240158790258448  0.44313623082334824
  0.45382064936481153  0.46456414007000157  0.47541519379115543  0.48637806088966634
  0.49712464979553306  0.50773047175464148  0.51815971406742123  0.52871073145064040
  0.53928737080166012  0.54985296243949222  0.56033189870607236  0.57064584970549048
  0.58095132300327812  0.59131741093528944  0.60189130976738026  0.61239972406366294
  0.62297828532573596  0.63355039500263288  0.64421275323522598  0.65479954737834645
  0.66552006266632424  0.67623455668569665  0.68703547669618925  0.69789326565419407
  0.70879404142510838  0.71969740216622291  0.73040455636775470  0.74108766954810812
  0.75176757208338640  0.76236713159569380  0.77327929138442542  0.78422628623276902
  0.79547070191685620  0.80673650939812325  0.81784445728059807  0.82891549776338558
  0.83997602718780229  0.85095090081034297  0.86200524858218774  0.87307687559450475
  0.88399248711945722  0.89462886268214070  0.90506117626356397  0.91576826310946324
  0.92649866738377584  0.93711706357061364  0.94776296707382379  0.95814823119769454
  0.96867019709036251  0.97907935568988957  0.98965060574508956  1.00000000000000000
 -0.00237454130359078  0.00910388315005599  0.01930298069079511  0.02962680902303014
  0.04036393592261901  0.05091497354430170  0.06151443144496822  0.07185515036007988
  0.08242027883955295  0.09287953149205425  0.10385641750400425  0.11436643365101465
  0.12519175820561906  0.13533483852627404  0.14555048122407713  0.15581243558651003
  0.16625493778398642  0.17665014034599985  0.18700887091545512  0.19710515985755048
  0.20733073676709757  0.21724022908167301  0.22722492582356177  0.23744613443487170
  0.24780349959783426  0.25821056488748523  0.26881773294556960  0.27945744547854273
  0.28996656252417286  0.30037365715025338  0.31098371382145901  0.32166003889843819
  0.33259071236437826  0.34370615744037286  0.35499798803912580  0.36608167874163738
  0.37680535276293226  0.38748114907010767  0.39792394078153320  0.40842909096426588
  0.41896544554199211  0.42922108558407168  0.43948005650278804  0.44967275833488313
  0.46023502143921691  0.47096862855086846  0.48182620338949878  0.49271856387609697
  0.50362061557096871  0.51436966863262779  0.52501644247265167  0.53566386613717154
  0.54651802413654638  0.55745261454049222  0.56833449496690747  0.57874962863743940
  0.58934773329729329  0.59986493146841025  0.61030750510393283  0.62064083924353497
  0.63117667810909073  0.64182000389037042  0.65232705030660776  0.66266928551195825
  0.67313763610318134  0.68355929295416873  0.69414692263294986  0.70492705247667864
  0.71555403680809282  0.72590721498134048  0.73583359980874397  0.74570548516857094
  0.75572741910562391  0.76588767150403647  0.77671844079395302  0.78758124615845748
  0.79854469636242764  0.80924463943341829  0.82074250614355682  0.83227565462291841
  0.84320736326762291  0.85396795121036728  0.86474613361554697  0.87565351223891896
  0.88632090632417204  0.89710604169503017  0.90789982994376084  0.91847369598511341
  0.92880790878906194  0.93916341349532217  0.94928564784534653  0.95925475833542873
  0.96957363505151040  0.97987151678681883  0.99015408404609817  1.00000000000000000
 -0.00238627031698574  0.00918452571977674  0.01977770397367936  0.03039961180090258
  0.04113107258016800  0.05168123421934004  0.06225943563667417  0.07259446477687725
  0.08272525977866826  0.09310832463969494  0.10364263848862335  0.11448610080700673
  0.12540092509032638  0.13630167379589128  0.14713347850402531  0.15796249629536629
  0.16871132868801816  0.17939528307155017  0.18969295429365937  0.19971968489769684
  0.20974663911056896  0.22007877924291902  0.23075659893332570  0.24140957469181523
  0.25223992962305669  0.26293180038400499  0.27362846384314704  0.28408107219203116
  0.29462982064880444  0.30526643559785299  0.31584854516781802  0.32631808349231317
  0.33682042719874039  0.34719459484403531  0.35785854948978169  0.36849344562020792
  0.37929854163281490  0.39029750762901932  0.40107581945953674  0.41184635989868029
  0.42252562424366830  0.43320891518643673  0.44368378342178000  0.45405840766667416
  0.46464049006036939  0.47528523571707648  0.48576169178894230  0.49606710572854013
  0.50620178815738592  0.51654533534755631  0.52695562622946768  0.53740499025983168
  0.54760752481227204  0.55775782939415020  0.56805146850078780  0.57830707249504110
  0.58851240453863651  0.59871668633263564  0.60899574203656737  0.61942447037715420
  0.62991454947720293  0.64046661980411668  0.65108130120241181  0.66159486483349628
  0.67234007023464637  0.68311147905972303  0.69405676114299375  0.70490132947237039
  0.71536334198219143  0.72571902586349890  0.73613171452472670  0.74670470117450372
  0.75761721482974365  0.76862495407077536  0.77959785731504183  0.79031620500313571
  0.80067846398661036  0.81095309873917976  0.82129460119235964  0.83171429908316830
  0.84212569409358373  0.85280254752360551  0.86382829256890836  0.87520624764727006
  0.88595491985148156  0.89631765812977027  0.90647902143200165  0.91671660950899525
  0.92686172039140868  0.93711589791591943  0.94727783510852948  0.95795755484104084
  0.96832506692528952  0.97882431886222154  0.98945649074802022  1.00000000000000000
 -0.00242425161372324  0.00917088595254227  0.01939907907398870  0.03008919685030381
  0.04074463868257983  0.05137382829273403  0.06173278199413332  0.07236473130046622
  0.08296195318550913  0.09379919019280608  0.10483082428506044  0.11580706659399012
  0.12660092724067312  0.13723655618497341  0.14806264941015096  0.15898808949918056
  0.16981456639135209  0.18043602875022538  0.19095382571202105  0.20136673966178964
  0.21165521714262592  0.22184475822278821  0.23220626636267572  0.24278847756867636
  0.25342286641765666  0.26411383657754534  0.27476303013336401  0.28538835598580120
  0.29588620247655173  0.30622568374995096  0.31657049313906377  0.32700187544596876
  0.33751688828092602  0.34800930329388502  0.35861507257011727  0.36937975999686340
  0.38008739265415142  0.39066475820561686  0.40124905969555280  0.41190255654936647
  0.42251608680477420  0.43295955796045121  0.44339464189076833  0.45377120614686456
  0.46415661820758414  0.47450360781492351  0.48497365296273248  0.49551862178751599
  0.50616886462571342  0.51684308960531311  0.52770019403289681  0.53879871358485576
  0.54999113797626897  0.56093306746470672  0.57165036034128436  0.58216344318202884
  0.59240832555442524  0.60243103817661769  0.61248564634057223  0.62273718423055202
  0.63318987846485275  0.64363046310455485  0.65399677516041466  0.66437204177969233
  0.67482481955900941  0.68519161365223946  0.69553070033687181  0.70591654458210662
  0.71661096631878818  0.72730526909121951  0.73788630837818459  0.74843009028638541
  0.75914622914506691  0.76990612397974312  0.78057386463551692  0.79094899239618277
  0.80127424183520668  0.81145521272615395  0.82145020747208175  0.83159087281976296
  0.84164310944040177  0.85154763581409110  0.86176181020031217  0.87204588894113355
  0.88264080886243712  0.89334633645116546  0.90377669371112335  0.91418805377363710
  0.92451722453211582  0.93498456706111455  0.94557439087904260  0.95637789716480048
  0.96727050623862376  0.97835456468714632  0.98915697739425923  1.00000000000000000
 -0.00226851234138995  0.00896592740682595  0.01867800384195116  0.02882233928740420
  0.03880252594064944  0.04929267364179455  0.05976933029596613  0.07079510791381080
  0.08159139719020399  0.09250836205414806  0.10309052283249663  0.11348944071966011
  0.12394495443371692  0.13429591639050034  0.14477044612830361  0.15531045394486109
  0.16576779024198551  0.17632762339268987  0.18700742716105598  0.19765100424081736
  0.20822006348700711  0.21894958151689575  0.22982599128744780  0.24045795032615905
  0.25084580871965007  0.26088143764384902  0.27100736129317227  0.28123108550692361
  0.29168180762360174  0.30240986263431435  0.31290251728993829  0.32351502761683010
  0.33392963438575640  0.34440920693729266  0.35473437871973007  0.36537130521371380
  0.37603618980310000  0.38658693141015393  0.39679711087546099  0.40658982223776285
  0.41646340037158824  0.42640675789966176  0.43654856844621082  0.44655219014164499
  0.45654415913138352  0.46673705384598746  0.47746633824133516  0.48870348593293578
  0.50013143948527627  0.51125476254697000  0.52191303379343101  0.53234445328073088
  0.54268883225164299  0.55325319893938185  0.56394347385098820  0.57478854168721827
  0.58562261313451891  0.59636075727732984  0.60700125461254573  0.61738965494422293
  0.62767714651253326  0.63807162154771391  0.64856009687161786  0.65904654327939194
  0.66947411803850543  0.67979821158863996  0.69040948206151809  0.70100433459916245
  0.71156562659174016  0.72222085958175419  0.73288538235148915  0.74379376975314582
  0.75470358607688270  0.76570455212626232  0.77665820203266711  0.78747213181560138
  0.79830268839920804  0.80923686243037951  0.82008156455563319  0.83095002975978516
  0.84165785631746082  0.85219921805046750  0.86287277142045848  0.87341326542710007
  0.88395169715280986  0.89431555160594978  0.90460955977515700  0.91500681004561191
  0.92541987925658642  0.93598572555504078  0.94694312378317824  0.95793992543799289
  0.96872492469921367  0.97930611674666401  0.98961321282760562  1.00000000000000000
  0.09869824215048686  0.24103732435937525  0.27100822151695408  0.28833644833481376
  0.30225831936862851  0.31472037383068702  0.32608392904440098  0.33670433223735335
  0.34660727603155167  0.35613524590222428  0.36510275374640394  0.37375946546070116
  0.38192393385026763  0.38996275752896481  0.39779631420320177  0.40542713146114928
  0.41298862314593804  0.42043162379052335  0.42792824044401179  0.43526321464174106
  0.44237998920083771  0.44932483494428815  0.45609534773384808  0.46277672672773201
  0.46938947881170306  0.47594629484076534  0.48242160230245912  0.48883252884015765
  0.49526091946179651  0.50161663938927903  0.50785639004568106  0.51402791986851304
  0.52018689707462273  0.52630547764862412  0.53239435167480464  0.53843117084483372
  0.54443461306074759  0.55048140816748703  0.55649070690483704  0.56243396354387665
  0.56832020026673991  0.57405988072913106  0.57976690539314857  0.58550626224462410
  0.59132619199272229  0.59731478713361541  0.60336122315116569  0.60931838924039938
  0.61517354449545669  0.62094689488327537  0.62663723338389521  0.63226581888271982
  0.63794169315646632  0.64367343646047848  0.64934751690655934  0.65493400262249746
  0.66054346928468211  0.66625210317928762  0.67209163971110653  0.67795394126191844
  0.68379132796289177  0.68960480731759632  0.69547714791989590  0.70144599978386468
  0.70742176030992909  0.71337685155575803  0.71934759715469698  0.72537795783478765
  0.73145833640814595  0.73756736464023498  0.74370505219960303  0.74986540989986505
  0.75606988120175567  0.76231396595085732  0.76859692462705220  0.77504187215340437
  0.78169490646423012  0.78839007003801653  0.79521145662183157  0.80239709071868381
  0.80974824815303714  0.81736189766801548  0.82508245239349443  0.83279206978768183
  0.84060200120835582  0.84859099213555511  0.85687418648795755  0.86548587384026499
  0.87456108090493079  0.88428699244157682  0.89488657153943474  0.90677438271353028
  0.92030486583904147  0.93636895845280710  0.95903907953007372  1.00000000000000000
 -0.02565276884840398  0.12225776289150769  0.15939086480609765  0.18165251440337657
  0.19921205989217319  0.21381222993620846  0.22655698863835932  0.23800185169419635
  0.24873909348584256  0.25858694457596360  0.26805470442549872  0.27688990645979622
  0.28541956534238749  0.29359067356134516  0.30141937800396312  0.30903023902525656
  0.31642840340093920  0.32366334267465019  0.33083062049809542  0.33782623659723293
  0.34477118741166302  0.35146013832491013  0.35798182777157556  0.36431257340505663
  0.37053723623867618  0.37667968336524327  0.38281378445513503  0.38892239041234128
  0.39494377749018589  0.40090324220146617  0.40682052663715501  0.41275516365973064
  0.41839095395862891  0.42379662247851918  0.42919745500275536  0.43464517464717112
  0.44008297356310411  0.44548206803985874  0.45088276764049384  0.45623534822009715
  0.46150994797122175  0.46673079473216300  0.47195941262805974  0.47724297889913303
  0.48254468974412718  0.48779581615708073  0.49311303450662125  0.49843083945193201
  0.50372922087252414  0.50880494369099094  0.51390474883149595  0.51915935315206219
  0.52454865775553317  0.52997352917963259  0.53536693017110726  0.54076130602274397
  0.54622950423059735  0.55173990060807476  0.55722020565105168  0.56268190605834467
  0.56817150645418646  0.57372049240407941  0.57929642343033738  0.58484292292267004
  0.59047024493087719  0.59606294859007103  0.60169138452609772  0.60736773821901802
  0.61321224843046007  0.61915561599034952  0.62520870172249299  0.63133048778785117
  0.63749309328998782  0.64364011714047487  0.64982947436777705  0.65610846075307649
  0.66260686715963590  0.66942559596324414  0.67649314297683150  0.68361327107025815
  0.69097870416479501  0.69871902190080104  0.70670548910829500  0.71493874900909327
  0.72334567059044419  0.73223704754980912  0.74185297961399443  0.75226751274803993
  0.76345028968786077  0.77554141779465213  0.78866941204008933  0.80312138271273059
  0.82012381319715777  0.84203160941059985  0.87837286016052185  1.00000000000000000
   4.8783802732628474E-005  -1.0000000000000000     
 T F F F T F F F F F F F F F F F F F F F F F F F F F F F F F F F T F F F T F F F F F F F F F F F F F F F F F F F F F F F F F F F T F F F T F F F F F F F F F F F F F F F F F F F F F F F F F F F T F F F T F F F F F F F F F F F F F F F F F F F F F F F F F F F T F F F T F F F F F F F F F F F F F F F F F F F F F F F F F F F T F F F T F F F F F F F F F F F F F F F F F F F F F F F F F F F T F F F T F F F F F F F F F F F F F F F F F F F F F F F F F F F T F F F T F F F F F F F F F F F F F F F F F F F F F F F F F F F F F F F F F F F F F F F F F F F F F F F F F F F F F F F F F F F F F F F F F F F F F F F F F F F F F F F F F F F F F F F F F F F F F F F F F F F F F F F F F F F F F F F F F F F F F F F F F F F F F F F F F F F F F F F F F F F F F F F F F F F F F F F F F F F F F F F F F F F F F F F F F F F F F F F F F F F F F F F F F F F F F F F F F F F F F F F F F F F F F F F F F F F F F F F F F F F F F F F F F F F F F F F F F F F F F F F F F F F F F F F F F F F F F F F F F F F F F F F F F F F F F F F F F F F F F F F F F F F
  <DiscreteSampler_grid>
  grouped_processes
  1 # 1 for a reference and 2 for a running grid.
  10 # Attribute 'min_bin_probing_points' of the grid.
  1 # Attribute 'grid_mode' of the grid. 1=='default',2=='initialization'
  0.0000000000000000 # Attribute 'small_contrib_threshold' of the grid.
  0.5000000000000000 # Attribute 'damping_power' of the grid.
 # binID   n_entries weight   weight_sqr   abs_weight
    10   10   7.610313721569796E+002   2.975074858855706E+006   7.610313721569796E+002
    16   10   7.610313721569796E+002   2.975074858855706E+006   7.610313721569796E+002
  </DiscreteSampler_grid>
