  0.00357623549286997  0.01074144839715073  0.02000770206748054  0.02974098375685779
  0.04015264768871926  0.05190282468345495  0.06311496399643543  0.07337183453432068
  0.08299232845145867  0.09146369618515827  0.09994331010659684  0.10896397050214116
  0.11738056864730292  0.12579124789126397  0.13470814124158870  0.14419496745259230
  0.15518475497034229  0.16674603981005123  0.17870543932942584  0.19053678789468539
  0.20191038056011201  0.21186823036079402  0.22067437447295335  0.22978700708777397
  0.23939364647959846  0.24934221493509254  0.25920121076764890  0.26889401002897445
  0.27939711887502849  0.29034543730865087  0.30066600086507533  0.31080164023843787
  0.32112996338240668  0.33168830308940506  0.34267311029263453  0.35347597892040306
  0.36391430878661873  0.37467047559410582  0.38590412535097629  0.39765819201989822
  0.41003786971972533  0.42180721106037505  0.43265829015863372  0.44357198433943368
  0.45430171636379424  0.46501819019002294  0.47542447274784083  0.48606440496165138
  0.49742738106718998  0.50861580816843477  0.51984362394325068  0.53012542598100121
  0.54055532874707746  0.55199748621468880  0.56368102439074985  0.57443456424429240
  0.58436025380410772  0.59444792594844975  0.60440269958790949  0.61319998585185642
  0.62186825871904083  0.63117995922689440  0.64139572892605301  0.65148326833783621
  0.66144845049148571  0.67281436124709570  0.68469938143898079  0.69628259536140624
  0.70716704853142009  0.71670585575342594  0.72558787555718673  0.73492726118842278
  0.74412365439327000  0.75333630336510238  0.76196693508667435  0.77085612694587902
  0.78061317843970857  0.79115949831606558  0.80268336009249852  0.81492594190579437
  0.82762508043076632  0.84033790804155128  0.85289181614985321  0.86378655498910417
  0.87424435491670294  0.88401297910551857  0.89359160740139443  0.90322221096201627
  0.91337834224100356  0.92402573050286174  0.93544426955732429  0.94722424287360663
  0.95928282418484401  0.97167358914605440  0.98474902034351253  1.00000000000000000
  0.00756275400557856  0.01416001404377598  0.02442006559968278  0.03577552898857329
  0.04756926117803206  0.05942329692097897  0.07099202545794860  0.08208094180575434
  0.09269230868996067  0.10302395154540538  0.11404810310533287  0.12511419543510796
  0.13629705760678065  0.14764318183327599  0.15898251249914991  0.16963106387416205
  0.18004914185160878  0.19024461457495834  0.20203883467705386  0.21430557721925805
  0.22708791064744113  0.23995537650025317  0.25307615012658530  0.26636191867701670
  0.27875944248082052  0.28984302056629019  0.30023517789978282  0.30996786864339004
  0.31878869008658606  0.32739673023341681  0.33632756224885607  0.34512330287410609
  0.35388350369891197  0.36299182141245295  0.37158148860962925  0.38182620894445835
  0.39264580097118706  0.40328519172292354  0.41437526457901219  0.42640695643828785
  0.43841581607460722  0.44894008703047761  0.45890053989712531  0.46934345523110399
  0.47952646512288039  0.49048170905552679  0.50136818401697736  0.51190932603264849
  0.52262601034379974  0.53271219895309385  0.54376716590642582  0.55411972246424535
  0.56436046777217908  0.57559606755149495  0.58662282259336673  0.59827355502663715
  0.60971156217255462  0.62093423419866212  0.63206489100885976  0.64306494706291506
  0.65400206474004607  0.66474623624238993  0.67502502448782631  0.68508487913695681
  0.69565721330799579  0.70687824509113262  0.71767812830033628  0.72759408102739564
  0.73755812678842658  0.74760398057383626  0.75821769106364889  0.76874918516983393
  0.77891240712598075  0.78873963781415390  0.79806951985498908  0.80708949454900358
  0.81661278168594842  0.82696082215986833  0.83690959123909425  0.84641855035260194
  0.85586889647128295  0.86582201821363203  0.87553622954513877  0.88530411692671640
  0.89524469790070993  0.90607337421838652  0.91801705028525904  0.92923595119603286
  0.94106411132364431  0.95225774627449888  0.96254502302172085  0.97131510679926347
  0.97907691964531485  0.98660154947208045  0.99077152437455773  1.00000000000000000
  0.00394908149960822  0.00947168735276757  0.01750742175717474  0.02500305859846438
  0.03300386587899894  0.04132107176802131  0.05009044199558010  0.05924801790053490
  0.06912837696362834  0.07928642363319079  0.08957931625678635  0.10007980289169349
  0.11034206286562907  0.11958400701607487  0.12805667191431133  0.13704969011132601
  0.14588622911978871  0.15678074552717408  0.16926434533080068  0.18365369858245389
  0.19768650098977830  0.21034408094587020  0.22236887053112678  0.23370198424144667
  0.24431750266006680  0.25500700003019966  0.26562924724933790  0.27637679821721184
  0.28766935738321275  0.29978736943297579  0.31269972099029852  0.32485690049481680
  0.33678108700628218  0.34879457503299605  0.36076102882070860  0.37206136334965678
  0.38312605394168314  0.39366201366470149  0.40441768669053846  0.41532893527525644
  0.42640890549897575  0.43765759117748715  0.44840446188845379  0.45921242232244508
  0.47012988565377778  0.48165484308215678  0.49354989050698705  0.50490067153875606
  0.51554967960929132  0.52622433640191979  0.53732505261207797  0.54837849513316028
  0.55917239176227496  0.57054303662242933  0.58203020094531044  0.59354993260357025
  0.60501065509760688  0.61625729303280019  0.62702717146072340  0.63591841548331873
  0.64472892678437488  0.65313452803899563  0.66158482820784204  0.67053744424448880
  0.67958110582779874  0.68907066152853813  0.69887611007580053  0.70881237195084246
  0.71825757388579592  0.72794735482631046  0.73905771485729232  0.75019869930290650
  0.76093846861807901  0.77146412537344122  0.78257005170737992  0.79343900997069217
  0.80357610516810496  0.81395868993997467  0.82555815009677558  0.83677419231886296
  0.84689609628291052  0.85613206879238835  0.86532280496097191  0.87468728657926231
  0.88412073710430916  0.89349705351570530  0.90281241603332973  0.91197038794116092
  0.92169968018617854  0.93211735495765924  0.94213087970322418  0.95202356971236823
  0.96191348821661071  0.97350579436027185  0.98631103268391573  1.00000000000000000
  0.00486592744829526  0.02307359498540524  0.03908503043815362  0.05286179687890157
  0.06567050580098055  0.07793014756407662  0.09038848641554402  0.10257049858103703
  0.11321301233605116  0.12355087553584476  0.13366354319134649  0.14387056674950849
  0.15430254493910922  0.16487747237035644  0.17607910332709584  0.18754473882017933
  0.19937549984062908  0.21114676592818177  0.22272422734421118  0.23444616448531214
  0.24600485796960606  0.25689251637589527  0.26755462987009809  0.27837803471836831
  0.28889086887760751  0.29917020784881670  0.30964539831936760  0.32059234709398654
  0.33172330431605246  0.34221174615637590  0.35233172671906904  0.36292945953198480
  0.37420937534409598  0.38605435642687652  0.39747018004755069  0.40836918925887378
  0.41875789825238030  0.42906172291448497  0.43980183569572134  0.45109885177173381
  0.46237943702737749  0.47338041971136519  0.48281592721167593  0.49094987610693802
  0.49927484793563714  0.50812898416345620  0.51697076173316903  0.52577037951527528
  0.53461773256325251  0.54548108014113184  0.55865123088862678  0.57099044684114519
  0.58232213997632032  0.59341546858804628  0.60362816082859905  0.61300772211084698
  0.62233004723406649  0.63201902507819452  0.64159661502250309  0.65090078185852229
  0.66000784058197837  0.67018757803481543  0.68014842365369144  0.68976551321532675
  0.69864736786128001  0.70733479576730296  0.71562146124212833  0.72410359401786561
  0.73323321637545358  0.74252047300510327  0.75139339054688814  0.76016042472711787
  0.76890631137402710  0.77866690909594871  0.78857831682607515  0.79861492918144628
  0.80905816895425331  0.82034502961755773  0.83151427679950562  0.84218136342864702
  0.85253934160330902  0.86313287422530671  0.87394796049391388  0.88540380803257945
  0.89616042458537171  0.90562546790615572  0.91470989745723241  0.92384746231980019
  0.93317197295144472  0.94245863955279108  0.95133219227112609  0.96085685028087164
  0.97092713181526802  0.98076717349384479  0.99034294235636910  1.00000000000000000
 -0.00007828431558413  0.00066358614514921  0.00154159319434475  0.00280247274109473
  0.00446803829231771  0.00651375544563746  0.00918371241028695  0.01197302386483266
  0.01510753179488374  0.01852086490844712  0.02208312426118702  0.02621651232552618
  0.03061145598150827  0.03508673285700712  0.03977156982659223  0.04501431524289577
  0.05069038910225050  0.05651435936032848  0.06238688516954485  0.06824919087813217
  0.07421202061508224  0.08043408668610472  0.08707332454354309  0.09420206393690621
  0.10135084711571096  0.10853315239747563  0.11637607025049299  0.12452109257934077
  0.13274285112137499  0.14058442167196941  0.14825505309275835  0.15602619772372633
  0.16382199638540390  0.17188847463256282  0.17982457712903388  0.18810190523888187
  0.19684164836439894  0.20582019548494923  0.21462448345734234  0.22384921760940951
  0.23419927154761683  0.24470743316946048  0.25419959669113584  0.26321815226665923
  0.27207064834029632  0.28088082109728951  0.28933292363090429  0.29767620380832965
  0.30613117255660299  0.31488554122022017  0.32422672983704404  0.33439391074552077
  0.34508570428202845  0.35610927159158140  0.36756073094634006  0.37910698706636842
  0.39041983744377184  0.40156076879417979  0.41227279272096107  0.42277295349911564
  0.43378895041870602  0.44538725383483707  0.45761133755959094  0.47059940415498325
  0.48362270875418062  0.49626538275990545  0.50943966522781192  0.52221564607935200
  0.53478717087188510  0.54804316844729128  0.56293679946921416  0.57771985546201332
  0.59335456739330572  0.60980374816047511  0.62628979812945329  0.64131925780024546
  0.65564624374004321  0.66989579305479663  0.68486632443721707  0.70096003925467631
  0.71757268165922639  0.73419283043931460  0.75087136979033364  0.76669729662717645
  0.78262945937242601  0.79853855911750504  0.81417614996458587  0.83053643770525243
  0.84874069018398191  0.86813643912170335  0.88831567597556560  0.90777383998630790
  0.92984978114829930  0.95322477029910657  0.97671981652627826  1.00000000000000000
 -0.00293557172507657  0.01067659410566094  0.02145043435476207  0.03038885634782620
  0.03903235433646838  0.04815721225531897  0.05646919304287213  0.06502751461433785
  0.07321901497563285  0.08194731375569982  0.09198984059730800  0.10275407059554620
  0.11356448875798159  0.12452919254256449  0.13554575859373141  0.14682457592863069
  0.15839292381955877  0.17018088862148326  0.18204351221598347  0.19427936143141164
  0.20670297169034044  0.21811123482584291  0.22857376934762499  0.23865278824466091
  0.24837761538603009  0.25853837259548085  0.26848417664212981  0.27849035523391785
  0.28769049792680085  0.29737647667103645  0.30849228265738271  0.32036313014993045
  0.33286108972189749  0.34458505079900620  0.35593528613023762  0.36664580298992500
  0.37654285737352505  0.38615341618996890  0.39630206998591772  0.40810071068995984
  0.42004154399411914  0.43140245757545942  0.44234633018600494  0.45306407791878373
  0.46350132835486130  0.47468069537398982  0.48441033039709230  0.49311359435533653
  0.50214698525208357  0.51116195626249905  0.52053314814659957  0.52977718733837031
  0.53876534737661685  0.54819706272496049  0.55859826145330793  0.56987173850617112
  0.58151145853114050  0.59291304444356718  0.60445819758147445  0.61691148268791363
  0.62934942750877088  0.64061956667458142  0.65142534395580465  0.66197623641413850
  0.67263773058284804  0.68286256712440419  0.69324764376946701  0.70443070838981148
  0.71533733913295428  0.72608686532495470  0.73687182629934000  0.74764734020268298
  0.75877023392681708  0.77003314757264485  0.78142124078478414  0.79221879865893952
  0.80248909911228605  0.81257481557603772  0.82190265307608246  0.83057985705932458
  0.83957352926707940  0.84862221807218163  0.85791320798385173  0.86774093333076341
  0.87783912416578336  0.88849698210937500  0.89924525674706146  0.91056307872870523
  0.92173493282281849  0.93232723140839346  0.94328085975407661  0.95452459776617604
  0.96555322486151018  0.97683125664814241  0.98821537302803730  1.00000000000000000
 -0.00274094113775020  0.01165567103207401  0.02339258997762473  0.03655413079476763
  0.04984000598874346  0.06324327634468603  0.07473649652597975  0.08599333414014503
  0.09774123962937216  0.10948681246040548  0.12081204813013746  0.13333230412643521
  0.14679172298592305  0.16048592164259554  0.17438322986504584  0.18811125910665924
  0.20135273358616007  0.21449215931321594  0.22723499365851199  0.23912860804149463
  0.25033421866265010  0.26097032498806577  0.27134700137072748  0.28135547668670813
  0.29178970009926064  0.30290147566176251  0.31412357652970602  0.32506339048236571
  0.33611103965682165  0.34735816475220305  0.35816871188062072  0.36842680890547197
  0.37870115353372857  0.38926062265820555  0.39979361468873470  0.41115708470322865
  0.42283371421826565  0.43424428942866439  0.44556330783669179  0.45680937586878867
  0.46777856927572398  0.47852206116432272  0.48908903222370914  0.50044414036161455
  0.51224501057455940  0.52434457496947351  0.53619843657418398  0.54740726759159841
  0.55690178339868901  0.56570861616649137  0.57412421258091051  0.58376295362164221
  0.59292278416021527  0.60174216458469965  0.61052630039270417  0.61917994985326241
  0.62792679391879203  0.63739565058872483  0.64757975693342273  0.65822459798637911
  0.66885557898674186  0.67904754941656165  0.68987280346127544  0.70122333081388044
  0.71186719064059223  0.72174865302309055  0.73199350858520629  0.74257420829993748
  0.75253405513577798  0.76164316799239129  0.77052187313874643  0.77963640100941967
  0.78872240575354058  0.79784467891828148  0.80735049739431752  0.81759955067207324
  0.82849851701628185  0.83929398988829007  0.84977138744686620  0.86031018252608349
  0.87076402912475293  0.88110433325732862  0.89104369313637888  0.90011468148982021
  0.90909473614314795  0.91721910495666759  0.92484761621573830  0.93263428235874379
  0.94070142680686475  0.94899561379211561  0.95700411286554299  0.96489181346848696
  0.97274493443115850  0.98053344365542228  0.99044607836656162  1.00000000000000000
 -0.00264036411718639  0.00969614094807661  0.02031480938677219  0.03075959057874249
  0.04153258841887656  0.05289410117333288  0.06429792800636229  0.07467712752012458
  0.08512326504883914  0.09658502985800120  0.10855917563780230  0.12074271789284138
  0.13114850203666220  0.14062693705275656  0.14972936837678319  0.15884546298269345
  0.16826909401465479  0.17788120228221491  0.18716330751957738  0.19659709760070984
  0.20627389078256253  0.21688414233410536  0.22797958357662110  0.23864097312447735
  0.24874301368151489  0.25952861021956281  0.27099880946378607  0.28228197623814871
  0.29321663769657164  0.30410210970870705  0.31574730026339859  0.32803009148841589
  0.33976836420405104  0.35068974095480226  0.36113728269208684  0.37175681544902095
  0.38280022127259627  0.39421857546016104  0.40501015798342888  0.41534139509126250
  0.42562774407106141  0.43539906598053940  0.44571277866516945  0.45598283493361702
  0.46659057539175625  0.47693382104679127  0.48780645257237537  0.49859842682223399
  0.50898212023043399  0.51923154415894091  0.53002040569874842  0.54146320344227150
  0.55333879403977804  0.56501729459043826  0.57664236542874703  0.58789356005328941
  0.59896199263681638  0.60922416367407217  0.61938698858017371  0.62976941515485163
  0.63984542593950000  0.64947191672789806  0.65881823237738946  0.66862599308612780
  0.67930937038125638  0.69011217753204068  0.70087770485462741  0.71192330537305648
  0.72298739282474334  0.73313513380381390  0.74226442225124512  0.75129097628760333
  0.76024067048990052  0.76941448837782789  0.77807994294005356  0.78625009707538474
  0.79461683082206302  0.80452978594340885  0.81432031410261618  0.82452928057973141
  0.83551950921521256  0.84677022423873327  0.85797476147855867  0.86911124608103385
  0.88024785984163834  0.89127006006073950  0.90284078969174475  0.91449585390810573
  0.92554928763493027  0.93606256622121919  0.94677128075875938  0.95728169482224035
  0.96809617746545218  0.97827166547264044  0.98919326332083657  1.00000000000000000
 -0.00246144916757947  0.01147612055355818  0.02311092558363210  0.03483394231533983
  0.04723102124551558  0.05969154411100810  0.07356369798545701  0.08564789471359280
  0.10214196089070077  0.11716795045473073  0.13233846169256497  0.14598359112565309
  0.15847285476564338  0.17080716927025669  0.18402034873142872  0.19701621686672763
  0.21021916378534472  0.22336749539640829  0.23548329535681622  0.24686644876484540
  0.25805362780299751  0.26874705336759708  0.27955181924540851  0.29133634018981391
  0.30392747559444444  0.31672269486093652  0.32998676469131855  0.34334242493876349
  0.35650022682296412  0.36885312611596383  0.38100346452747402  0.39311061713787737
  0.40488479085083917  0.41620844059451412  0.42732958057255216  0.43866010451042498
  0.45085179584338986  0.46180634756320382  0.47076804758364049  0.47946368904193681
  0.48787802665820884  0.49644848327834767  0.50465164081727676  0.51256243406751778
  0.52084550851073086  0.53082665652746863  0.54049796536265116  0.54993050180763470
  0.55934430711068739  0.56938827937549197  0.57990647580849441  0.59079928250460445
  0.60127265155712339  0.61108235190598659  0.62072351886152832  0.63045800077705705
  0.64009548804797978  0.64943899708328434  0.65865817269106863  0.66830395111552165
  0.67829550578106335  0.68818913426913375  0.69851351700618836  0.70892347332593164
  0.71928913709065445  0.72951408152574271  0.73980336390637180  0.75032909027809280
  0.76033943329827447  0.77014281094888426  0.78015023406461315  0.78980521457431685
  0.79897804334527966  0.80855473609555040  0.81851360599549872  0.82819605879204461
  0.83692726400291628  0.84517326144008298  0.85359564740218363  0.86254714126640208
  0.87158120894535562  0.88084518384324839  0.89052971001791215  0.90026966182537926
  0.91038936637161605  0.92097577977443612  0.93113371429102343  0.94031270912815823
  0.94851088262041194  0.95662746245568964  0.96454596763019562  0.97223051308069519
  0.97974859365989264  0.98663712328365860  0.99336906935293523  1.00000000000000000
 -0.00237363074557855  0.00934767698204311  0.01948766723488785  0.02925397952634894
  0.03920132226849908  0.04938179293251534  0.06079763314922479  0.07188903980678404
  0.08299205634157546  0.09451961047843291  0.10630871157804618  0.11709582675430814
  0.12712884171790126  0.13586278026113430  0.14468087195748491  0.15321492818443816
  0.16189930076561659  0.17092615375972656  0.18018700271611202  0.19008186673395197
  0.20088132989628354  0.21170421780543408  0.22230337978633602  0.23278506431166612
  0.24317576354580009  0.25352603575067112  0.26382683196454421  0.27468567651287190
  0.28719628149148219  0.29945784617868548  0.31040434574135584  0.32138297243616815
  0.33183736052631807  0.34299116874812696  0.35335790359585878  0.36454270424892044
  0.37609245567138755  0.38793494642997695  0.40007038158223063  0.41202389412965379
  0.42339391193466097  0.43452272438359685  0.44621569261217675  0.45743656633361818
  0.46708896462513105  0.47559180842131532  0.48390641254625616  0.49270776616126477
  0.50171772087454258  0.51009215313373601  0.51812399275243426  0.52712267416560299
  0.53683836410071495  0.54677437442994892  0.55633616029206689  0.56693881718947770
  0.57929941415549646  0.59055079558482615  0.60058639395476676  0.61113919003399120
  0.62069504290881983  0.63001572804697636  0.63838486849710663  0.64710010499946591
  0.65621486272699181  0.66589438551215741  0.67633420734721350  0.68753215408431190
  0.69969025011121655  0.71241280145403185  0.72486179596844136  0.73611078329014468
  0.74663662509110817  0.75751972389550426  0.76875121482146569  0.77955612693884535
  0.78982995937695866  0.80027602694480793  0.81116989599546607  0.82211068285598210
  0.83270198133057838  0.84336449854579709  0.85472830247463061  0.86650063130015176
  0.87867307401040184  0.89088954400644138  0.90287235653337483  0.91439608869083699
  0.92544112520057675  0.93673328738277850  0.94736500590143913  0.95793179664440153
  0.96880385678419756  0.97937791999982560  0.98974446373596325  1.00000000000000000
 -0.00226146754136557  0.00705031801184489  0.01640251478393154  0.02546845904787233
  0.03470633497563674  0.04434375105830024  0.05435475466448245  0.06463216193948675
  0.07540880289057472  0.08688300557332276  0.09831036546883061  0.10924156125170928
  0.12012451947344731  0.13065107597382714  0.14120396951247405  0.15195580398032404
  0.16263224784007552  0.17241537181817171  0.18203192230608378  0.19053879056010795
  0.19857873921614921  0.20702304273392655  0.21568297962580682  0.22426292445868473
  0.23257529083266001  0.24083477819789592  0.24911573765241676  0.25773859265686544
  0.26531226654799311  0.27326093115066835  0.28135329514663804  0.28947572549508621
  0.29774278693019496  0.30638972876029558  0.31610748963744256  0.32650059183926389
  0.33652104020085222  0.34600811131110676  0.35521834819986975  0.36462461133948043
  0.37445941198446125  0.38430741499357646  0.39400621388637275  0.40329803210404919
  0.41247264590470317  0.42184630651155275  0.43111657663178732  0.44040929295000858
  0.45041708165918504  0.46108483962312352  0.47213269538118730  0.48259486038207422
  0.49263578136444564  0.50228920541343292  0.51205911060280451  0.52185511391254835
  0.53274718327806836  0.54333116468508025  0.55412073661161976  0.56487664776297042
  0.57572921961813728  0.58582813545154955  0.59532752653171006  0.60487775393297560
  0.61420475238142713  0.62307503421057409  0.63246581182684114  0.64270670110121197
  0.65417503261165844  0.66767435754522142  0.68092564000197697  0.69411320790850661
  0.70670829277747238  0.71828203727726359  0.72994737717886493  0.74220024892612324
  0.75482077379250212  0.76732250145283798  0.78075790275738610  0.79461221756445055
  0.80744414121715313  0.82031637677360003  0.83257043170679124  0.84493956843646112
  0.85708537082980396  0.86907165776088580  0.88125447521518274  0.89331993398714127
  0.90575260371027300  0.91883827783780569  0.93281921135435475  0.94723490669178689
  0.96113210492814516  0.97376012762860553  0.98661891653693923  1.00000000000000000
 -0.00215627184964137  0.00886175196444049  0.01845955848067840  0.02860402225332029
  0.03764395460801399  0.04624136188174555  0.05503651445804193  0.06444616035208825
  0.07435952731347494  0.08479938348818863  0.09585123392746592  0.10703419702195291
  0.11772716400789227  0.12818572283051508  0.13894666867407965  0.14949597099859335
  0.15958054195181637  0.16932914724759934  0.17931992942060171  0.18944392664408338
  0.19974239219938458  0.21020998353068979  0.22144734032958643  0.23226742202104128
  0.24258577885187277  0.25289746531178026  0.26385614641863508  0.27508269066578661
  0.28580841580969041  0.29685312716602891  0.30814721035568571  0.31970848569420712
  0.33137977767124771  0.34373759136244630  0.35603158889761083  0.36750790140437384
  0.37814465793587132  0.38841144095070324  0.39909756570485083  0.41047727780231663
  0.42206706626583773  0.43356199399977524  0.44487032878940630  0.45597712298498261
  0.46688958142012910  0.47759673868232305  0.48824417457264124  0.49808801041646777
  0.50761370717276255  0.51755943047266584  0.52814915541389507  0.53937039608129866
  0.55081332397674687  0.56227314820596364  0.57359619333994993  0.58467759098791394
  0.59581352557441325  0.60685830080720660  0.61814591346507397  0.63011819672550251
  0.64284092821200400  0.65623174417328300  0.66921105885596566  0.68076384041568327
  0.69185229254973957  0.70307641528421272  0.71384792977108402  0.72423573220945392
  0.73470226046781784  0.74593760765130590  0.75627080134454461  0.76664236249229245
  0.77648823688891488  0.78537217304600293  0.79352917381500665  0.80172459990770883
  0.81048095510244555  0.81967842842146477  0.82897646372152756  0.83875529619516953
  0.84834179969339663  0.85726915415575766  0.86590433120146604  0.87525062579798152
  0.88641928694867034  0.89751945170431358  0.90752768331131251  0.91828909622704979
  0.92821234177978673  0.93753199269009069  0.94675634045981483  0.95609785985194828
  0.96616810092225813  0.97668774628948374  0.98817339108508384  1.00000000000000000
 -0.01074808098268054  0.07607424428236685  0.13339661021616500  0.17534570497483803
  0.21013545400690511  0.24234587022278098  0.26954135636813359  0.29234747954716900
  0.31281158605818399  0.33287474066420231  0.35365069562673568  0.37265824151496424
  0.39062368546508919  0.40671243291442383  0.42143962793538381  0.43559313962841872
  0.44894418184684937  0.46193498535299615  0.47510755422533052  0.48776557301044721
  0.49988849532298513  0.51150908789587080  0.52249556163564326  0.53375039417331782
  0.54529123512079103  0.55723934853787005  0.56815381695612566  0.57810588192705714
  0.58773811891716099  0.59694112595551041  0.60566854845935980  0.61408999202842518
  0.62277999281671159  0.63193037197624413  0.64112433102581323  0.65009871847264866
  0.65870787887854798  0.66722597418443330  0.67604740727627588  0.68507478900846319
  0.69449786982317252  0.70360579709431548  0.71144477272121975  0.71829353409318819
  0.72524611359705449  0.73229578926143901  0.73855714714749243  0.74484417883187182
  0.75109291418212509  0.75753104554171136  0.76421864374951431  0.77111421736901031
  0.77807122614373603  0.78517126685050287  0.79198937622456644  0.79852251581411460
  0.80471664340923266  0.81045694753575614  0.81578926998620893  0.82083758945628993
  0.82590473640491158  0.83127965103577894  0.83687469395061531  0.84255864935478619
  0.84813026797036351  0.85330288299740165  0.85854352737817863  0.86402541920558840
  0.86962581238583370  0.87565937701937990  0.88181694674987632  0.88787068952364778
  0.89369948376297370  0.89933608017375766  0.90490321720742972  0.91050377935751969
  0.91608715620271475  0.92098917633919242  0.92580953993670123  0.93029351926659820
  0.93460850097626114  0.93877360824663425  0.94290935256703201  0.94708502494583102
  0.95135271957182765  0.95573316643079465  0.96013150300284067  0.96459991826626512
  0.96892486559690072  0.97288823689122494  0.97694617418184326  0.98140169302505242
  0.98609324880753568  0.99082558877266069  0.99548103975343605  1.00000000000000000
 -0.00261564676342804  0.00946067569841024  0.02005146491417588  0.03132403910418534
  0.04305344474617940  0.05459627347976970  0.06649893761393894  0.07842394941307433
  0.08974350140210349  0.10076771225785133  0.11208068703466698  0.12378622906180545
  0.13557078193769118  0.14709969253329916  0.15822626817907642  0.16857857726350836
  0.17810889142138345  0.18764284460038175  0.19742551908863160  0.20695267371249085
  0.21710809108338619  0.22808462043283109  0.24000421501768973  0.25182933042675737
  0.26253903641669923  0.27350483417098803  0.28434835248764334  0.29613518995311366
  0.30846782694150648  0.32050296618768981  0.33217151287447244  0.34354283752559128
  0.35432721347712159  0.36418896988887628  0.37365439755710861  0.38341505107083973
  0.39327316354435182  0.40277762246157539  0.41223202691422089  0.42270209919556995
  0.43405727481826040  0.44484129659586158  0.45445150355214048  0.46469723894090720
  0.47466068496299141  0.48423731965394817  0.49347362163827657  0.50298564182776606
  0.51474041115248192  0.52633996101405689  0.53831796742275817  0.54953340701895892
  0.56065490942516982  0.56996821872742909  0.57949810594797635  0.58975072138683682
  0.60020744257916780  0.61049805318811501  0.62074256375639592  0.63195600957590825
  0.64404088698389406  0.65559163162534262  0.66651324002878443  0.67686400832583593
  0.68716222918754410  0.69762234491894259  0.70824018493256424  0.71855613127661822
  0.72874143864584573  0.73954713884689982  0.75060070049556038  0.76069895699801338
  0.77056339951498454  0.78112144789021842  0.79154463899138305  0.80086225992300997
  0.81001729654910726  0.82044521264914327  0.83127302350450571  0.84115563800138926
  0.85066376400097132  0.86114224731474809  0.87230101875405464  0.88332982729024090
  0.89440023107344468  0.90546968358291557  0.91685107968239010  0.92746072626617515
  0.93773626882342132  0.94770928953471056  0.95748930411187683  0.96646596473142143
  0.97501810716027659  0.98349947647713520  0.99177569537419863  1.00000000000000000
  0.07855799300071938  0.28276837725326243  0.33780204298896760  0.38058527175613915
  0.41618902942664426  0.44734466453677857  0.47574972918546743  0.50209801472116078
  0.52586831940134249  0.54769740560859825  0.56778847654072850  0.58704128547786383
  0.60420527548898972  0.61998364152455265  0.63489656043224052  0.64932842367802734
  0.66321167954534044  0.67640972829263768  0.68902775094207902  0.70155257229220214
  0.71375043404437932  0.72529214095563432  0.73598156001575044  0.74605515266643752
  0.75552086882057623  0.76448739877734384  0.77336457647151247  0.78216853314037738
  0.79073179801608673  0.79855454043407459  0.80589896968251251  0.81303005180265808
  0.81994491591364860  0.82675581304247281  0.83337510542716531  0.83939576090562429
  0.84491437381256751  0.85021466629110298  0.85535976780145084  0.86030987544655391
  0.86515389148660704  0.87005802506881003  0.87492086045091966  0.87955158216828833
  0.88405312065168873  0.88829522499199176  0.89229850149417067  0.89600613686660757
  0.89948222756610985  0.90284176395296878  0.90603575186107665  0.90914209434413096
  0.91223814414821125  0.91524265667662286  0.91816703757140494  0.92113084284260649
  0.92412482569657228  0.92701623702462710  0.92986910988416194  0.93253449047545478
  0.93518169506803817  0.93777551867210329  0.94017971891503682  0.94245291950622734
  0.94472295654472394  0.94694737810641905  0.94912145534204306  0.95123943993787530
  0.95328707362827692  0.95530817989356431  0.95728033737901452  0.95918719633293592
  0.96104468019248834  0.96289095516511358  0.96463739251445635  0.96637351389464932
  0.96804523748506033  0.96970013321643345  0.97137954671934668  0.97299665075983099
  0.97470733154070899  0.97636624117632687  0.97798759753660669  0.97954967275713700
  0.98106224849126267  0.98259788988762975  0.98407908709416780  0.98552784693102358
  0.98694122010114482  0.98831885694213084  0.98981430115363866  0.99133271893263031
  0.99290044049961723  0.99461415778815576  0.99700371413303668  1.00000000000000000
 -0.02000215588674840  0.13880596376049845  0.19284967642335057  0.22719225095905321
  0.25584186644720169  0.27894110899476149  0.29786520195055249  0.31431366409296058
  0.32886727215605616  0.34256123326610566  0.35559848547915285  0.36773905617695629
  0.37950045196767351  0.39062619642782437  0.40099964313208419  0.41097361712330466
  0.42041966025134020  0.42935588075975090  0.43818870602755688  0.44702044231522542
  0.45573440233538465  0.46360307331779488  0.47079143728730166  0.47770237380722591
  0.48432400361967515  0.49085716193395196  0.49723504388583106  0.50344922466664810
  0.50930595025410241  0.51497673794983434  0.52044486771895893  0.52587952250250347
  0.53132967853309576  0.53676878466883449  0.54246880011627852  0.54867754383725797
  0.55484243050774740  0.56079984347300404  0.56638124112805299  0.57178012698888969
  0.57715211533756383  0.58244533534546017  0.58782798699593042  0.59303792259940913
  0.59793570964176690  0.60288152366401593  0.60784296759023648  0.61280411136292035
  0.61847509572085224  0.62410661487637298  0.62973715542274245  0.63535354045576742
  0.64077685393364947  0.64598533141993963  0.65108833773241559  0.65610721295976626
  0.66145176439405196  0.66681866061413941  0.67095935401698892  0.67501806049670809
  0.67913609431348720  0.68340627083678074  0.68791483744592985  0.69246209128516911
  0.69703612073589105  0.70163251157830486  0.70621606632695433  0.71083113356035144
  0.71556059024515617  0.72027301297510060  0.72485019403947293  0.72960498000675711
  0.73478799903855174  0.74032464468276071  0.74634291296093436  0.75262668728378146
  0.75918988100766571  0.76555628834918354  0.77181952232102935  0.77771135185400364
  0.78349929993553602  0.78919786352107235  0.79525543264130250  0.80157563865884918
  0.80838375487136360  0.81561111002652498  0.82290648090059748  0.83004729657216481
  0.83921948217981923  0.84984620227483143  0.86272467724210156  0.87670815631126631
  0.89149933303648343  0.90915613237795645  0.93432910186256823  1.00000000000000000
   3.0695189223210273E-004  -1.0000000000000000     
 T F F F T F F F F F F F F F F F F F F F F F F F F F F F F F F F T F F F T F F F F F F F F F F F F F F F F F F F F F F F F F F F F F F F F F F F F F F F F F F F F F F F F F F F F F F F F F F F F F F F F F F F F F F F F F F F F F F F F F F F F F F F F F F F F F F F F F F F F F F F F F F F F F F F F F F F F F F F F F F F F F F F F F F F F F F F F F F F F F F F F F F F F F F F F F F F T F F F T F F F F F F F F F F F F F F F F F F F F F F F F F F F T F F F T F F F F F F F F F F F F F F F F F F F F F F F F F F F T F F F T F F F F F F F F F F F F F F F F F F F F F F F F F F F T F F F T F F F F F F F F F F F F F F F F F F F F F F F F F F F F F F F F F F F F F F F F F F F F F F F F F F F F F F F F F F F F F F F F F F F F F F F F F F F F F F F F F F F F F F F F F F F F F F F F F F F F F F F F F F F F F F F F F F F F F F F F F F F F F F F F F F F F F F F F F F F F F F F F F F F F F F F F F F F T F F F T F F F F F F F F F F F F F F F F F F F F F F F F F F F T F F F T F F F F F F F F F F F F F F F F F F F F F F F F F F F
  <DiscreteSampler_grid>
  grouped_processes
  1 # 1 for a reference and 2 for a running grid.
  10 # Attribute 'min_bin_probing_points' of the grid.
  1 # Attribute 'grid_mode' of the grid. 1=='default',2=='initialization'
  0.0000000000000000 # Attribute 'small_contrib_threshold' of the grid.
  0.5000000000000000 # Attribute 'damping_power' of the grid.
 # binID   n_entries weight   weight_sqr   abs_weight
    16   10   1.051228075808838E+002   4.115770146792025E+004   1.051228075808838E+002
    17   10   1.051228075808838E+002   4.115770146792020E+004   1.051228075808838E+002
    19   10   1.051228075808838E+002   4.115770146792025E+004   1.051228075808838E+002
    20   10   1.051228075808838E+002   4.115770146792020E+004   1.051228075808838E+002
    22   10   1.050025453365031E+002   4.110295502971003E+004   1.050025453365031E+002
    23   10   1.050025453365031E+002   4.110295502970996E+004   1.050025453365031E+002
  </DiscreteSampler_grid>
