  0.00324646053246089  0.01168908689481611  0.02266401202918528  0.03314418374715140
  0.04318060503611271  0.05374933453360730  0.06499497642413955  0.07657538494694836
  0.08763162944948946  0.09817578000432386  0.10821168112763074  0.11785486625922612
  0.12765000089111811  0.13667627261723606  0.14575110279470221  0.15539583799549017
  0.16433685655901240  0.17494179389227094  0.18610736266732444  0.19684989550610868
  0.20826591303170122  0.21994466695837553  0.23108177694856433  0.24098705973062182
  0.25041801649704692  0.25958242962871053  0.26866431622001025  0.27774073493084278
  0.28661521799767220  0.29607359845776615  0.30613469581887032  0.31582585772088456
  0.32484080676155475  0.33372077291392938  0.34294233780815897  0.35237360463209561
  0.36187853938454662  0.37154315161758078  0.38229792540612867  0.39420785788917356
  0.40627034849094673  0.41799049062026039  0.42903274712847450  0.43930171141646518
  0.44943780681063056  0.45983968108883477  0.47066102868388382  0.48167777683621932
  0.49225460349578304  0.50263913509139435  0.51298106293931467  0.52311928884443404
  0.53337091085334742  0.54378743517806216  0.55429358836733167  0.56495419861797125
  0.57593861623332254  0.58700353360878765  0.59763744792519968  0.60794983315475759
  0.61825170572199795  0.62907871493002343  0.64003008821975771  0.65122617134304350
  0.66242608725514651  0.67365917291648236  0.68477777644643245  0.69563614924917183
  0.70657946349356837  0.71716354943156380  0.72771006416916795  0.73887723240233505
  0.74971400376021391  0.76087927536337141  0.77158571542801446  0.78353250172116773
  0.79463367064285606  0.80563096063668860  0.81692288015254433  0.82783542884501038
  0.83802716627479534  0.84764404907657886  0.85805632891082328  0.86931132436809122
  0.88035519273179008  0.89030654665323261  0.89971458362523793  0.90932609816154564
  0.91979269301339650  0.93092080600009675  0.94120958963370538  0.95094741107255187
  0.96124425396413526  0.97294792710730260  0.98347925057086938  1.00000000000000000
  0.00765312175788342  0.01444955765392704  0.02378075217509414  0.03316714182947034
  0.04242431474058951  0.05263576109402433  0.06315303330346510  0.07330640911939688
  0.08364993535963777  0.09432208317183499  0.10497418345023998  0.11506775977474958
  0.12528876173102071  0.13588637938038658  0.14685498439383921  0.15768315985806275
  0.16881024950416287  0.17988871146804444  0.19074735685842270  0.20127597705789058
  0.21173652419956113  0.22215983445548093  0.23249233257451654  0.24265950992802929
  0.25325702225922542  0.26339124011039633  0.27360844658882055  0.28422444870102287
  0.29492299956024121  0.30557988649345474  0.31613500445924891  0.32677610209102292
  0.33748617434986972  0.34781929136158618  0.35843430704411355  0.36953364570535185
  0.38083840426216659  0.39201386570256752  0.40327661583548785  0.41447281899134658
  0.42532305420194733  0.43598988338562134  0.44671240372617127  0.45771796934704406
  0.46896271281645313  0.48047010672870560  0.49211375054938844  0.50374501163725338
  0.51505371275950329  0.52638412443624216  0.53757239383868105  0.54891437190868264
  0.56021031179491187  0.57053355729253052  0.58064751436212036  0.59079710454473400
  0.60114047305517260  0.61186736892094618  0.62254412877459042  0.63346155324783116
  0.64447894087490387  0.65529251783918430  0.66640474975350739  0.67709481916504266
  0.68816483117947991  0.69951005382212028  0.70994005379572267  0.71945236890334274
  0.72895211916609148  0.73836014764636881  0.74779696557971442  0.75740539231277459
  0.76731382677991455  0.77777440754261473  0.78842486530920097  0.79929099758057498
  0.81044621816019058  0.82168781741685371  0.83279625507362209  0.84372716846699447
  0.85458838208174526  0.86539792677444671  0.87588044585276736  0.88626213906753248
  0.89723077873295232  0.90864455330193961  0.91948697985307881  0.92983625205505027
  0.93993864599681209  0.94968374294387004  0.95892500928341617  0.96752426423579196
  0.97590766643218274  0.98422937754826645  0.99146310379256608  1.00000000000000000
  0.00351529541055105  0.01125360477345898  0.02061300062119373  0.03092158715467615
  0.04214671251629885  0.05392208934969844  0.06522874317460434  0.07691505387302471
  0.08814210263615845  0.09915940524102894  0.11033414072330328  0.12168215347261348
  0.13356017132836850  0.14544559351442046  0.15657397719456534  0.16748099424032792
  0.17729501077397850  0.18651258674742324  0.19553458545125282  0.20504094904173173
  0.21535019831698601  0.22636040547516023  0.23819727591196421  0.25005408472808144
  0.26125586884381313  0.27203965105884886  0.28257872204410772  0.29303669807118782
  0.30345069380006029  0.31400445607560329  0.32468155180660729  0.33583899795331301
  0.34763855320252435  0.35955873569630803  0.37089285841832320  0.38204506925711224
  0.39329383775890331  0.40442099716616586  0.41561179703270501  0.42660620422292311
  0.43711131129456210  0.44731444872560044  0.45759829739252755  0.46799926535441083
  0.47818216827169774  0.48844007031358588  0.49874865822255854  0.50891872564235108
  0.51869130255961060  0.52839498807174123  0.53806727213043914  0.54727851154505935
  0.55633845646855562  0.56589158114419735  0.57565769063238570  0.58538890523929754
  0.59518207400485923  0.60530815930322768  0.61563419163813438  0.62562471354524418
  0.63524993579018185  0.64522703027380157  0.65565938598908180  0.66594336025182810
  0.67576779246038143  0.68554509670236119  0.69568811272247832  0.70606276130796575
  0.71653989127313067  0.72719345561964677  0.73838206753633950  0.74931614641404343
  0.76010912759112348  0.77055502544267618  0.78065833744784308  0.79096116902646996
  0.80153483127881242  0.81217173103903018  0.82256912071567256  0.83304256140230326
  0.84378493280990130  0.85487537930725577  0.86609703322070553  0.87720956831880326
  0.88798849454441908  0.89884735429831497  0.91027296877474084  0.92204709426308173
  0.93358688889443475  0.94394933687100546  0.95357702896342711  0.96327932876382483
  0.97326985421387135  0.98368878190719244  0.99266803702303652  1.00000000000000000
  0.00593449348721052  0.01941636274880955  0.03377610779916357  0.04653636545237180
  0.05740549299642553  0.06868366404866538  0.07946215915976440  0.09080750677257232
  0.10233164484667809  0.11411328211638892  0.12553196523407428  0.13639905941354935
  0.14687128144826414  0.15721515220934298  0.16799132802020023  0.17890563632052647
  0.18953872063158270  0.19993930137313615  0.21084524731303061  0.22216236978452833
  0.23280618233414216  0.24267427677373463  0.25223913181257213  0.26177684900761422
  0.27139179764185689  0.28116311059131865  0.29078467718011936  0.30044146723861537
  0.30997987571593866  0.31963807214584611  0.32899759963283098  0.33843790193574874
  0.34797204717840013  0.35844031264541693  0.36936707216642883  0.37922530976545726
  0.38842855068378779  0.39774396790179350  0.40765737374080696  0.41777762779062766
  0.42820300063982814  0.43805947071880363  0.44874338004879655  0.45897520769922817
  0.47044879478478213  0.48216431784387992  0.49323744448467610  0.50465721852638334
  0.51610920754851941  0.52738920646377774  0.53866367844646723  0.55014454744121433
  0.56188608328009482  0.57372919342987672  0.58565240418401920  0.59760541089240848
  0.60936401104741000  0.62101806670985271  0.63246174270377309  0.64346918000476172
  0.65388635769832948  0.66409342232180590  0.67470609370137535  0.68563160714748805
  0.69670227205418866  0.70808794909703576  0.72001907057905368  0.73176994186954325
  0.74267703319570488  0.75301875765881576  0.76280118303077926  0.77241019360375451
  0.78197004956417671  0.79161044513880585  0.80133765337838625  0.81117870878453557
  0.82144425805409549  0.83185646950337322  0.84200676969322485  0.85187407448280916
  0.86187153786098258  0.87236348380248552  0.88274299419006430  0.89259254217919137
  0.90215115100543786  0.91204802639648708  0.92262125402338402  0.93361303909282500
  0.94423677051887367  0.95406348015672227  0.96262877599431107  0.97036825805953186
  0.97804952978465587  0.98526008555347189  0.99106405371218953  1.00000000000000000
 -0.00016478440016559  0.00141618982872507  0.00346837453605271  0.00618907851944966
  0.00956524597491623  0.01315360909540729  0.01721351834820041  0.02193761539510110
  0.02630710295499934  0.03101721244630880  0.03605507277911460  0.04139402805151543
  0.04735895233750833  0.05361190440691351  0.05983287289984140  0.06621034898459346
  0.07271934108788168  0.07947367309077415  0.08654014620045913  0.09379758397159449
  0.10114745880491956  0.10882804911853980  0.11716393058435515  0.12537422545653779
  0.13341135433722168  0.14130532974408089  0.14909741224439932  0.15689636606194463
  0.16446282426114747  0.17204294915302376  0.17991493061479033  0.18784293643348529
  0.19587172181227072  0.20424507834882963  0.21241280625156758  0.22079910780101997
  0.22944828978955745  0.23822599821075066  0.24696373027156923  0.25558968510790903
  0.26403383819419102  0.27286051973592629  0.28221276281550084  0.29174242317796528
  0.30132701840676790  0.31098471404162892  0.32068602576449351  0.33047899231388844
  0.34024184571509714  0.34984860309284116  0.35993697276169462  0.37020867414479502
  0.38076606180121847  0.39176535791239131  0.40324256435394512  0.41477959027216199
  0.42626733510502313  0.43784736697209814  0.44963371298696247  0.46155596764730850
  0.47351918141323163  0.48556674297700841  0.49780703713881280  0.51070623572812002
  0.52411088716516219  0.53742071326568575  0.55088872908029352  0.56456442794444617
  0.57836753410092645  0.59225267401874637  0.60631266665645001  0.62030461310959739
  0.63421093808274587  0.64805850239902574  0.66125000003392287  0.67440336415650548
  0.68771727497181678  0.70111299408000050  0.71459686476865314  0.72778058291784742
  0.74099717955427091  0.75472974532395276  0.76941539960127414  0.78437941746311968
  0.79981935264977966  0.81557490137860589  0.83154278610373311  0.84794993611367331
  0.86544110270302455  0.88329354214458378  0.90114356456200817  0.91928205368729288
  0.93826940679293713  0.95837938458258687  0.97903421983412842  1.00000000000000000
 -0.00198502110766025  0.00829430511100678  0.01804487353727321  0.02874146454987040
  0.03935522095096402  0.04957027743790152  0.05940415457629843  0.06967707784656282
  0.08051665692429716  0.09109444409321546  0.10123996444990552  0.11086959990655723
  0.12064029954118076  0.13042265160998842  0.13993817510320339  0.14933061748950749
  0.15892455206055145  0.16880525776866337  0.17911098031328876  0.18938120925490695
  0.19949961024976792  0.20947562209333473  0.21939694925100015  0.22937224749044677
  0.23940610452522762  0.24933829152173931  0.25954314642754994  0.26988584647807023
  0.27946726148938189  0.28916225517066363  0.29912650418254921  0.30902452267235120
  0.31868869608940881  0.32789481647419327  0.33752975479312869  0.34885530409723470
  0.35974970247137594  0.37057402129602030  0.38133408118371043  0.39173801426030058
  0.40159504260431050  0.41134413911799905  0.42137707957325354  0.43208020006255105
  0.44291159497285232  0.45401236967754516  0.46527390656229689  0.47651071372030807
  0.48725487814312424  0.49781474466827230  0.50855743470211123  0.51966574714848257
  0.53076780239480292  0.54138433244257089  0.55179321348740429  0.56233014668849934
  0.57335325162073547  0.58459245762279799  0.59579207290370784  0.60671799346696886
  0.61708030565824279  0.62705018114880218  0.63737633482465228  0.64805585360544915
  0.65871158369480187  0.66928087686678672  0.68003460083232792  0.69058400545200938
  0.70057641864792308  0.71038910703743285  0.72069996402827041  0.73183350420958571
  0.74347665656794892  0.75523972108706483  0.76719166669774519  0.77949873798938851
  0.79177078218639707  0.80370128266577245  0.81452466800358203  0.82550078586518782
  0.83627700535756211  0.84662971185612046  0.85784177132842165  0.86918570369328396
  0.87996433588586143  0.89035938049403207  0.90031853562337749  0.91112634804108428
  0.92116050776736846  0.93181567437579460  0.94216246410975246  0.95244370865809180
  0.96325748410554302  0.97498675412233071  0.98727420957237877  1.00000000000000000
 -0.00358794552219172  0.01397606940811579  0.02785586573508705  0.04195105194392838
  0.05515510951483830  0.06820245827249126  0.08083102009100046  0.09433795026075636
  0.10832046467608411  0.12275999245180018  0.13764668814777758  0.15095469657996746
  0.16349566006852245  0.17584419431731957  0.18872000474580772  0.20126312250271700
  0.21371934910629875  0.22595767285413390  0.23775048603497603  0.24936803183253584
  0.26119463366177026  0.27274004869764124  0.28408670834665406  0.29562805952929633
  0.30740094996404405  0.31948457566027827  0.33159731419702376  0.34393945488185723
  0.35591784148255617  0.36716295643522762  0.37808736790903719  0.38852784256585898
  0.39830292502081255  0.40793082247864487  0.41783085542063580  0.42797437834259489
  0.43775101650095005  0.44743411920442705  0.45669444354186078  0.46562641940625099
  0.47458853384237770  0.48425869474950817  0.49469601928503115  0.50500251934313356
  0.51509954540852776  0.52481017157251564  0.53418706830141804  0.54346290836301347
  0.55271111305346043  0.56227050660372413  0.57231410714989095  0.58242382063737630
  0.59223733552467694  0.60201984034617562  0.61224526316771599  0.62282182908007844
  0.63316890918168311  0.64320618298994792  0.65313025894812904  0.66292278281935779
  0.67249971837983080  0.68158467339743367  0.69066712547357023  0.70006585617247008
  0.70984474640577777  0.71990321415860259  0.72966207133026839  0.73913019523287260
  0.74887871170033027  0.75894144869246316  0.76883844933339685  0.77829466413751891
  0.78761246200048940  0.79734507787146192  0.80762173780962199  0.81829092721486585
  0.82880332948289837  0.83866439244799218  0.84810103132478032  0.85731360308711813
  0.86655296745924570  0.87567706877762641  0.88449419694825560  0.89366740871355055
  0.90309302997420793  0.91208227111917328  0.92056390417309242  0.92894104370572161
  0.93741034608765272  0.94659384075782893  0.95608675391749498  0.96485464278067756
  0.97334253349537525  0.98180926283067127  0.99066708736228792  1.00000000000000000
 -0.00258066286223755  0.00985105418542738  0.02061736129787569  0.03197439524655758
  0.04359192977413325  0.05560893688268195  0.06646115867117428  0.07726512367303079
  0.08725497880580195  0.09711467421829736  0.10697285585521052  0.11685584420845592
  0.12685398572516696  0.13673354757390227  0.14659247946097223  0.15684036199604595
  0.16773529096266476  0.17897438904305463  0.19015403270890668  0.20111258164385754
  0.21170954574117243  0.22309176265704483  0.23390228463693252  0.24509910762847056
  0.25536643339551246  0.26515959814818663  0.27481875516247650  0.28497808233270094
  0.29562195506758132  0.30720181207927361  0.31898556216241730  0.33091749404466192
  0.34206345393540566  0.35318058559761828  0.36361808017654834  0.37441563089085933
  0.38482640005741592  0.39508672593098071  0.40459851289546528  0.41429102225435921
  0.42399955075173451  0.43402483607159809  0.44415059377107008  0.45453069676589397
  0.46634632022922795  0.47804000400173979  0.49002525680761649  0.50161056068084542
  0.51275657120213747  0.52362158611291487  0.53446213160329570  0.54544139098513433
  0.55627476508582363  0.56668324213722099  0.57681972902043854  0.58701098961016995
  0.59699231046567225  0.60667456079759319  0.61644774728332064  0.62670152448731575
  0.63734958534575636  0.64805850302272983  0.65890525396463318  0.66972177020587464
  0.68029728451314697  0.69061714448529055  0.70083841120109525  0.71102598841201692
  0.72151213384239044  0.73255284507719065  0.74381760447133749  0.75450169952361812
  0.76467184903105168  0.77502532710791661  0.78563418236312688  0.79567007938438761
  0.80495851425499820  0.81440077402972832  0.82429380960196152  0.83430986301076959
  0.84391050179308069  0.85347577860559798  0.86357674093108472  0.87371703327934280
  0.88371384921825502  0.89341093373136293  0.90340789238671693  0.91331304898520649
  0.92541965824277184  0.93682776931111633  0.94831171971945860  0.95941676457672909
  0.96955559047728779  0.97984398273552309  0.98946565014348586  1.00000000000000000
 -0.00347139213983624  0.01465436852969641  0.02958754996117477  0.04646175634022072
  0.06442137630942296  0.07982366605884510  0.09394386658226396  0.10725614828001467
  0.12021294701072217  0.13339213144496315  0.14761106371395002  0.16259257222414863
  0.17710767785334205  0.19091428695803409  0.20386096189886141  0.21606574093950656
  0.22787230200810590  0.23922954947270025  0.25108323145593964  0.26332455383431502
  0.27575339722322323  0.28718093303363040  0.29924814849327008  0.31195208637101907
  0.32537092367935294  0.33871518302674608  0.35149959790596408  0.36387452198770448
  0.37580244518583478  0.38759842761863422  0.39909482895918585  0.41099193116196192
  0.42223785925786200  0.43334012874427319  0.44439069307185580  0.45544209337722480
  0.46625070760241405  0.47648551746240631  0.48604824596696389  0.49546410339334485
  0.50504721119742624  0.51500293099302807  0.52524491598056189  0.53509540609003270
  0.54640100048412354  0.55763062876984848  0.56837380973782869  0.57852487713436895
  0.58806882721965981  0.59735323746554103  0.60653685162561188  0.61565906935745562
  0.62437025996053042  0.63259116253438041  0.64076842472455975  0.64905539500992770
  0.65730644307362107  0.66574128166467383  0.67444053791459380  0.68301249738961700
  0.69175813034013101  0.70037436176000167  0.70946202303549177  0.71888389293131894
  0.72856274840019752  0.73765043325138602  0.74626647858720885  0.75507797281614597
  0.76431828643015132  0.77351615209447444  0.78260413205480639  0.79164344610575210
  0.80085661162786381  0.81016947643344295  0.81931060361970609  0.82805589787324307
  0.83671654524150596  0.84555137989366691  0.85479828802134483  0.86419243306786153
  0.87326640031281177  0.88216834230313468  0.89103818362978526  0.89972674932578789
  0.90868176473298334  0.91763263392680450  0.92678880830331734  0.93587065339013042
  0.94504662790028848  0.95479588706368246  0.96295187681961603  0.97089754975075460
  0.97918916389658939  0.98642246579175452  0.99338024002802205  1.00000000000000000
 -0.00258879884104974  0.00932306864136521  0.02002176843050086  0.03163497326481107
  0.04298535649929790  0.05409806711817144  0.06497789102884237  0.07577143005430664
  0.08644674492972342  0.09712044579221558  0.10793207271528703  0.11895046613964919
  0.12997874165191833  0.14058906157150924  0.15082404760309578  0.16110155840512871
  0.17178475503112062  0.18268512035814602  0.19306378859572332  0.20323969245846768
  0.21411615661813832  0.22522091971703581  0.23533259864380260  0.24441656169480930
  0.25372469061635083  0.26356690694312496  0.27276434481389233  0.28137423930678435
  0.29007007788081884  0.30023255301988255  0.31127003558096678  0.32227024777438046
  0.33333689005667994  0.34415772006118350  0.35516905619320860  0.36601943635195411
  0.37706219820638542  0.38782930577634289  0.39825901236193334  0.40974692802535773
  0.42051266576477819  0.43140730263753002  0.44236220957635364  0.45368269286966939
  0.46502561313887758  0.47580645419540391  0.48614341534990863  0.49606576693600984
  0.50578227473511628  0.51547410425925044  0.52583554592144843  0.53640066118035501
  0.54576875848471906  0.55453719721934713  0.56363069356908513  0.57354363070922887
  0.58361617029648449  0.59391920955795041  0.60450345359673274  0.61487182582416600
  0.62539852869013324  0.63592055346466980  0.64619738830063211  0.65616358805923936
  0.66619739851808990  0.67674404305637259  0.68713522306942620  0.69736462848964142
  0.70784594270993584  0.71875154738967639  0.72985550353562301  0.74137038007691181
  0.75332635293825012  0.76528666491501895  0.77679137326238423  0.78852370081405831
  0.79995959882592271  0.81167623040975312  0.82289043764536840  0.83393981917647431
  0.84460474648152428  0.85488806916365678  0.86489860647617856  0.87489854575602388
  0.88536948980833718  0.89593733611174631  0.90663974133323688  0.91751530187825181
  0.92833944249813127  0.93896592637646814  0.94923265417551694  0.95936814116468383
  0.96914578422208486  0.97936014368214264  0.98957947239393396  1.00000000000000000
 -0.00191358673866301  0.00737446419523703  0.01648968690865448  0.02598275930239113
  0.03580979459009922  0.04542114259378344  0.05466750049026152  0.06363269240766786
  0.07275996311136002  0.08178510722949014  0.09054702885940288  0.09942942576932894
  0.10860098072953309  0.11795834113440672  0.12711293334752796  0.13594054473695050
  0.14474979284398881  0.15385562971340996  0.16293247170180430  0.17189475144164848
  0.18082169882172974  0.18955455162187382  0.19819402066680467  0.20701937592946240
  0.21607754792383146  0.22503155451584106  0.23373621397805877  0.24268253835451981
  0.25169817895532642  0.26151949264003527  0.27115996752676025  0.28069446607485921
  0.29003039845739531  0.30047986941521299  0.31102034523515404  0.32115902913388061
  0.33137334648040273  0.34158304558382163  0.35153978891727600  0.36173307590879739
  0.37145873461960727  0.38196472777126877  0.39218451494441520  0.40269753171405431
  0.41343735148563976  0.42436951618119056  0.43533962645559310  0.44603288277303621
  0.45637179033030956  0.46671705762222498  0.47722196545031226  0.48792012518312783
  0.49865970392976650  0.50886497963758537  0.51863447231863580  0.52847240534343387
  0.53901394100438538  0.55021709296609100  0.56157943105286012  0.57305495730314504
  0.58486773881429377  0.59684768877677052  0.60861996491619330  0.62007225013191936
  0.63135055535859086  0.64259109725488139  0.65378786209768980  0.66494507889093080
  0.67623439236999816  0.68776619484799784  0.69955784327505866  0.71124953387750456
  0.72217920943604152  0.73255463538911980  0.74292142559054342  0.75383871232266675
  0.76495175778942093  0.77638880990293291  0.78772160267856539  0.79872695653657344
  0.81024650133316301  0.82257822947184123  0.83537960693636182  0.84798194693182338
  0.85952607402476822  0.87014810684626132  0.88118442150888043  0.89243168926298511
  0.90399138998670403  0.91473733435194404  0.92863436528409005  0.94286425430553733
  0.95732501603172837  0.97154882448226854  0.98604024018276271  1.00000000000000000
 -0.00207134068392283  0.00818976010480036  0.01721804264163682  0.02653683284567610
  0.03664652799261680  0.04677059719612224  0.05638720654793122  0.06572080280905614
  0.07473525029049702  0.08377092577585973  0.09339069707527861  0.10412248218184925
  0.11600563327334554  0.12828279689271110  0.14029571535975938  0.15221927695432463
  0.16353158488632497  0.17410801025937950  0.18378246589859770  0.19302855986614059
  0.20210355241943595  0.21163549487696845  0.22183153103584738  0.23277192288092002
  0.24430900229552466  0.25578492231250149  0.26684215410625944  0.27775638221668736
  0.28862388856459803  0.29960361907030009  0.31074920136199113  0.32208309562837434
  0.33342188941707157  0.34436651253127687  0.35505032814569598  0.36580834048413230
  0.37660888010838384  0.38712498996644568  0.39736100056398366  0.40766833205196140
  0.41830760052976923  0.42877202149386895  0.43933872176167260  0.45057489021459801
  0.46216659493910855  0.47360205023698287  0.48548443754740378  0.49672953901678352
  0.50723835609349532  0.51800712003886118  0.52834467817560027  0.53891502514429812
  0.54956299208282966  0.56010640148659507  0.57023743115575953  0.58015697625891705
  0.59023575838444076  0.60058110593761627  0.61114345226608358  0.62125286129941659
  0.63130879679867957  0.64133447761508655  0.65177945919135050  0.66287879771648095
  0.67398970374580869  0.68475754595206584  0.69529815095358194  0.70553566819980718
  0.71568183222750559  0.72588750643056577  0.73658926915771739  0.74706971965054159
  0.75701930411326934  0.76653736229162883  0.77636416472101866  0.78668490096803867
  0.79760018463916249  0.80836298580167931  0.81945146721889284  0.83076474565157055
  0.84072054776049421  0.85103081153637206  0.86049997213210094  0.86982425997412238
  0.87921307522592596  0.88882861110356060  0.89921961235880443  0.91072925690117712
  0.92197408830090888  0.93414659309024362  0.94511249302201716  0.95593355847733819
  0.96656831410147981  0.97710169035994321  0.98847947340938069  1.00000000000000000
 -0.01827836016418340  0.10350831511678109  0.16538433882169790  0.20579944952024862
  0.23635061839920082  0.26536470984110916  0.29219255962776031  0.31536652299640405
  0.33475631777173803  0.35352756259569118  0.37032887154415484  0.38680556220308254
  0.40271488691489427  0.41769948939122598  0.43282301287521502  0.44795910308876452
  0.46243330492848700  0.47553819605792885  0.48873560877095690  0.50136407289182228
  0.51522564687868622  0.52786585963633981  0.53971481923915399  0.55066645627111666
  0.56109906990822289  0.57147943472904650  0.58115404751703270  0.59051595217288333
  0.59995776958988523  0.60936556746510273  0.61869919525738559  0.62800183991621261
  0.63728704376738632  0.64601277878379559  0.65427635386947969  0.66230165724870249
  0.67052338475462869  0.67928006665319418  0.68745216440637003  0.69547665961789029
  0.70302343020403346  0.71043327467813477  0.71750784101003573  0.72449719740736485
  0.73188135035598001  0.73934753875117665  0.74681562844364102  0.75409287209944864
  0.76111395478252108  0.76799048092562439  0.77480866536908011  0.78156946900976487
  0.78827093170868090  0.79477120678849922  0.80101729599008109  0.80730066072151052
  0.81319344593197374  0.81893668815170995  0.82469614406423219  0.83056574003334727
  0.83641816085071763  0.84195165076707645  0.84764615645734431  0.85323122810999963
  0.85843731546155466  0.86334045441987750  0.86819947036561684  0.87314955341975364
  0.87824457707679415  0.88337212151303168  0.88825117329529646  0.89272665907447790
  0.89709155400602447  0.90156772855746148  0.90616219087392724  0.91093502663648751
  0.91588805785051064  0.92089506604992610  0.92578534533569257  0.93050574758613791
  0.93503083335436499  0.93945893885641318  0.94378780285049058  0.94816760562919589
  0.95274873016395645  0.95717436199752282  0.96144535561775935  0.96566433364309912
  0.96985155665960221  0.97404442379217804  0.97839117320795299  0.98286335775113365
  0.98722494394485250  0.99149875735038928  0.99578083568598519  1.00000000000000000
 -0.00299024098596214  0.01040860786201620  0.02177635458344825  0.03282182972909183
  0.04358734187650476  0.05417741292612538  0.06494304955712216  0.07565304520849840
  0.08643301566275616  0.09719459291329950  0.10749161540329180  0.11722515739533970
  0.12675725593846382  0.13630976050887378  0.14614938374655720  0.15634739609237894
  0.16686641301287936  0.17754118199620467  0.18801153594464126  0.19790822976071543
  0.20757642683956176  0.21685374934732582  0.22626159263542109  0.23627348704123080
  0.24672616426766816  0.25726710771014100  0.26757809918937908  0.27733487834531156
  0.28701783177247508  0.29701306919656351  0.30705838914418260  0.31693133251813771
  0.32714714170165010  0.33753219256884254  0.34789316620341859  0.35847934842898088
  0.36891928911659300  0.38045759357035036  0.39217081843508822  0.40373513758961521
  0.41498537617367975  0.42600443020855633  0.43716119035134388  0.44803328849979362
  0.45916254358057462  0.46971130586557475  0.48034061794296001  0.49108772630085079
  0.50173860428059380  0.51201031230557636  0.52295961622410192  0.53398601137390511
  0.54485039504874766  0.55457081994310098  0.56513948818918658  0.57640975063249245
  0.58851421968236106  0.59990782242453233  0.61102163466459736  0.62181233661018942
  0.63254184887928555  0.64281780638086894  0.65259514543484853  0.66229954370602473
  0.67238517227909389  0.68260894342630007  0.69261032279671864  0.70248924769475873
  0.71243911662645887  0.72300342216175795  0.73431597430717077  0.74669755480161992
  0.75621160228007944  0.76553142837771726  0.77487655601562400  0.78411524401010801
  0.79335646794234849  0.80281149218029879  0.81274588841332662  0.82399006515711160
  0.83547863527639676  0.84696050847330928  0.85820503430072093  0.86927272718506687
  0.87988613287770623  0.89009067371127482  0.90063974416664283  0.91109269123924586
  0.92150779429585883  0.93179287916933928  0.94238680687943743  0.95371701511017992
  0.96517775068461331  0.97668568780887433  0.98825236631967550  1.00000000000000000
  0.08256563687216320  0.31383974513551227  0.38010415505342698  0.42777527131773840
  0.46668402281769944  0.50045623498023328  0.52997752241207563  0.55676564755375335
  0.58087331188412894  0.60227758791314201  0.62123548264804207  0.63806172131154792
  0.65444514375659624  0.67020198236784656  0.68435544432941575  0.69775346681678430
  0.71088281359462879  0.72322433084999638  0.73474159134666106  0.74567466203232780
  0.75577976875496644  0.76530985463337586  0.77447823285327777  0.78338401771197286
  0.79199559084011395  0.80026786909177050  0.80835831834917504  0.81622087186030912
  0.82336849421972169  0.83006962244836824  0.83625740105113955  0.84216844228469212
  0.84800452234755352  0.85366382753078751  0.85895303931629818  0.86398729644635086
  0.86901763150871703  0.87361821341474255  0.87799616199344321  0.88206789725081647
  0.88613271390938408  0.89016702358407318  0.89402020290805129  0.89765928792123295
  0.90115216750262817  0.90455689068410572  0.90788796939892780  0.91110384966357305
  0.91421384352045321  0.91724230499094994  0.92025022958363156  0.92314737843159811
  0.92592553244769171  0.92859693562715229  0.93116543215941994  0.93363643342180513
  0.93600693686634129  0.93829067535410737  0.94052765524430615  0.94275380869170777
  0.94495274325499357  0.94710905080290964  0.94920188693407614  0.95126685738851924
  0.95331576978038857  0.95533552738881244  0.95727147172964933  0.95910454591268812
  0.96084628226548008  0.96250976301395907  0.96409718595045657  0.96561856059345375
  0.96710577882175963  0.96857186748441138  0.97003228616907400  0.97147635239020513
  0.97290333809740992  0.97432721146752599  0.97575104877632213  0.97714166949798820
  0.97850581692955096  0.97981812269651092  0.98106302067242335  0.98226943962706204
  0.98343952718952177  0.98457798833842791  0.98573470198794200  0.98690586556920845
  0.98810206296312930  0.98933370303468848  0.99060073305569607  0.99190716951649682
  0.99327355309015675  0.99481038040616809  0.99702897443422445  1.00000000000000000
 -0.03157228930487442  0.16271248653407994  0.21799937027723701  0.25074846050597449
  0.27511836546359203  0.29556707715273034  0.31389561592638071  0.33037495764104785
  0.34484684615518796  0.35785745708905020  0.36968145228234994  0.38063307059823887
  0.39080000935709897  0.40030009498785557  0.40943325969866307  0.41833869886449998
  0.42701695975412507  0.43528292504049854  0.44298631403471828  0.45018846495655795
  0.45717742973867959  0.46425363935336772  0.47134766901853969  0.47815380281391473
  0.48490513517818046  0.49135879321495185  0.49777538110882330  0.50407310534131167
  0.51049613742221367  0.51690850996170856  0.52313424477181059  0.52915237634429191
  0.53498683114056245  0.54083077166185789  0.54651777013227998  0.55221252516874397
  0.55782046385399719  0.56325788963206724  0.56860255168230633  0.57390427001016953
  0.57913438183354804  0.58428440993183250  0.58932659978833546  0.59428556080848827
  0.59940652528481941  0.60469433653046989  0.60940839764592369  0.61406827325956426
  0.61882449261454187  0.62357282254812330  0.62833049342619907  0.63295025387608317
  0.63748825804685472  0.64206380521462258  0.64676747980318416  0.65154264522234528
  0.65620607332600711  0.66077955815810718  0.66528597358799846  0.66988789451773589
  0.67458847234391628  0.67923450476038794  0.68383688156749411  0.68841311758093249
  0.69291839597583760  0.69742865261141973  0.70193406764677313  0.70644993311372151
  0.71102715640854031  0.71564655175534642  0.72034292728225813  0.72511009299097606
  0.73007937759199248  0.73523226443263867  0.74073620024330966  0.74642209640557977
  0.75210663798467581  0.75779391696623344  0.76353491837578780  0.76939495361554266
  0.77552182587646046  0.78204743935308485  0.78879004307143796  0.79549930121413004
  0.80225366163265199  0.80940274898477704  0.81741149340042030  0.82618115010050108
  0.83517555802333376  0.84442457284075068  0.85445221219342649  0.86598769196055636
  0.87947667348454139  0.89676181992158810  0.92572210301360780  1.00000000000000000
   1.5270505400840571E-004  -1.0000000000000000     
 T F F F T F F F F F F F F F F F F F F F F F F F F F F F F F F F T F F F T F F F F F F F F F F F F F F F F F F F F F F F F F F F F F F F F F F F F F F F F F F F F F F F F F F F F F F F F F F F F F F F F F F F F F F F F F F F F F F F F F F F F F F F F F F F F F F F F F F F F F F F F F F F F F F F F F F F F F F F F F F F F F F F F F F F F F F F F F F F F F F F F F F F F F F F F F F F T F F F T F F F F F F F F F F F F F F F F F F F F F F F F F F F T F F F T F F F F F F F F F F F F F F F F F F F F F F F F F F F T F F F T F F F F F F F F F F F F F F F F F F F F F F F F F F F T F F F T F F F F F F F F F F F F F F F F F F F F F F F F F F F F F F F F F F F F F F F F F F F F F F F F F F F F F F F F F F F F F F F F F F F F F F F F F F F F F F F F F F F F F F F F F F F F F F F F F F F F F F F F F F F F F F F F F F F F F F F F F F F F F F F F F F F F F F F F F F F F F F F F F F F F F F F F F F F T F F F T F F F F F F F F F F F F F F F F F F F F F F F F F F F T F F F T F F F F F F F F F F F F F F F F F F F F F F F F F F F
  <DiscreteSampler_grid>
  grouped_processes
  1 # 1 for a reference and 2 for a running grid.
  10 # Attribute 'min_bin_probing_points' of the grid.
  1 # Attribute 'grid_mode' of the grid. 1=='default',2=='initialization'
  0.0000000000000000 # Attribute 'small_contrib_threshold' of the grid.
  0.5000000000000000 # Attribute 'damping_power' of the grid.
 # binID   n_entries weight   weight_sqr   abs_weight
    16   10   9.762647048682126E+004   7.024411355638181E+010   9.762647048682126E+004
    17   10   9.762647048682123E+004   7.024411355638187E+010   9.762647048682123E+004
    19   10   9.762647048682126E+004   7.024411355638181E+010   9.762647048682126E+004
    20   10   9.762647048682123E+004   7.024411355638187E+010   9.762647048682123E+004
    22   10   9.769285027820271E+004   7.034698523506468E+010   9.769285027820271E+004
    23   10   9.769285027820265E+004   7.034698523506473E+010   9.769285027820265E+004
  </DiscreteSampler_grid>
