  0.00339698965813250  0.01130395734835330  0.02158854069395297  0.03242593484153774
  0.04371288010138866  0.05582840852737355  0.06739373166396549  0.07913046559650744
  0.09052259369231248  0.10193575957369558  0.11401651543244902  0.12607478555381604
  0.13810893426246712  0.15174737222529655  0.16611678405909192  0.17866841020465463
  0.19055114415839974  0.20376249353605896  0.21559899549597827  0.22626608233212694
  0.23529128629187396  0.24421474024627429  0.25318645149417396  0.26229052239627315
  0.27090131014943525  0.28016850317076641  0.28987766144434784  0.29910851564537694
  0.30811959410978174  0.31717004419760847  0.32724373674635598  0.33714247975124606
  0.34614992800986893  0.35412562369381551  0.36248998728899789  0.37130309945392204
  0.38204386189944556  0.39351019376902230  0.40480876734983923  0.41599723966008029
  0.42765545585736436  0.43945197186552237  0.44979428101818175  0.45940149859159735
  0.46937059926785019  0.47962512968397053  0.48966070008348267  0.50003785074537255
  0.51085787913981751  0.52085212982325857  0.52873649544370749  0.53658351501750956
  0.54584385752021947  0.55582293461423715  0.56561129060810089  0.57473836517443466
  0.58389194985270509  0.59338144742903332  0.60286001089944385  0.61223186528176099
  0.62240924390933006  0.63374434904768351  0.64523823717169737  0.65532295536018781
  0.66510973730010825  0.67475323151987665  0.68538560136273985  0.69754335159466541
  0.70892113842818283  0.71871033247819405  0.72850897039009688  0.73859698106416116
  0.74908894258611036  0.75845612067155443  0.76732570013241663  0.77573762684915815
  0.78386063804020334  0.79292310698240809  0.80231954869889588  0.81181004842124382
  0.82117542298472546  0.82972644240319904  0.83856983391883189  0.84852107067582705
  0.85944617753289021  0.87105671977976529  0.88271847769106415  0.89378858499606684
  0.90405453297033889  0.91498987527632747  0.92691331587177439  0.94020803016091004
  0.95456421381660561  0.96826594570958513  0.98449891862928818  1.00000000000000000
  0.00732246405151346  0.01593399068531969  0.02680092604454203  0.03894936971022044
  0.05003833940597263  0.06068187122682778  0.07033170208618339  0.07916549681422144
  0.08827042995845991  0.09779592276702828  0.10792195904057929  0.11822321207777844
  0.12934170786469179  0.14248342319931559  0.15435515468203043  0.16530586834101227
  0.17600081324419597  0.18749590372714553  0.19894358813073421  0.21063094582638081
  0.22243211228081691  0.23426118596829795  0.24678107617456058  0.25842879209879260
  0.26907401781733675  0.27979969194357618  0.29140706411671580  0.30168497979577219
  0.31137795786868283  0.32154083729119587  0.33163941470679686  0.34150970827574112
  0.35106869689802012  0.36217095530324245  0.37339766268316460  0.38596393416924285
  0.40158783165637896  0.41609938945256919  0.42865815411740271  0.43922825299009111
  0.44895746648797991  0.45819244943256499  0.46708862432530290  0.47626382729055361
  0.48534131577773648  0.49403425003713519  0.50291498131956314  0.51389975608897587
  0.52534053474423281  0.53547149000369743  0.54504529912032029  0.55500947518899069
  0.56521757386975635  0.57556768700385319  0.58566852221145493  0.59712925082005264
  0.60945226327093449  0.62141058314209419  0.63220306057303177  0.64195350344116076
  0.65105691629457818  0.65926766267164916  0.66783020173010954  0.67721947312709563
  0.68755701439005534  0.69811190932078804  0.70890500716455884  0.71954424337736411
  0.73009526866020114  0.74036783661019101  0.75054995594882812  0.76013462007370380
  0.76868884627280976  0.77712791474054888  0.78614022136600659  0.79574935241163292
  0.80500367767879522  0.81423975624257261  0.82451856473792606  0.83460956844934742
  0.84359683976805033  0.85285714300002824  0.86285797754909888  0.87395593204790645
  0.88503798539310474  0.89555989378188849  0.90466469647085335  0.91389067926136724
  0.92343187748352007  0.93333828053338719  0.94265966145496893  0.95130927685732170
  0.96083263115870310  0.97176661504976436  0.98517329493933259  1.00000000000000000
  0.00292231327674308  0.01317072416626534  0.02459794097283803  0.03548433331307407
  0.04562233442783910  0.05601603843040070  0.06770130185618456  0.08021035149131059
  0.09022162917942522  0.10013409922436292  0.10912250106569800  0.11850963335276829
  0.12778662144969311  0.13684531394278326  0.14583495201367067  0.15583933701538355
  0.16617742050038234  0.17675985904985062  0.18744514624421538  0.19821859024788113
  0.20891220252358714  0.21939860703945474  0.22890334236848320  0.23860048509034959
  0.24931279941830042  0.26151160237682713  0.27518620744211897  0.28684663859254361
  0.29798742514653426  0.30743802589121350  0.31658875490676541  0.32461207805733078
  0.33299880857614050  0.34226308242888520  0.35207884700242992  0.36265737717785118
  0.37366609970301534  0.38457933675064077  0.39620505223400343  0.40993488612385126
  0.42331030295090810  0.43563226443063047  0.44796047249788479  0.46054017466829572
  0.47155040925951486  0.48300009708311287  0.49414988566055384  0.50474634989330647
  0.51532609056737255  0.52652113164498815  0.53843191563767012  0.55014899032122000
  0.56074103422517330  0.57184237512697245  0.58331883036428367  0.59624384851193790
  0.60925074907403742  0.62066587078997293  0.63074191572049199  0.64047654615724570
  0.65036691727802143  0.65900959528416414  0.66711757793994020  0.67568714219316628
  0.68516582827661687  0.69557213984834199  0.70562544110622272  0.71527915042143353
  0.72473679522136747  0.73468041296345132  0.74467634328194521  0.75444164926402191
  0.76382076604246985  0.77251066197064011  0.78083181496428389  0.79029234931094416
  0.80000026887656250  0.80944316588271570  0.81747950409997283  0.82581793732137132
  0.83505259856406533  0.84664736103982829  0.85818639270016428  0.86853443929808105
  0.87893367218715157  0.88941355450302417  0.89972833357955584  0.91043827142911071
  0.92089129765301991  0.93073916855068650  0.94075509610827124  0.95065439739235025
  0.95994882945447702  0.96951813529126363  0.97846223516995512  1.00000000000000000
  0.00568110087560032  0.02215782850491236  0.03639253829460454  0.04796534496548401
  0.05889009277112182  0.06941231774231847  0.08052530924213758  0.09259804862264920
  0.10579663006063283  0.11711249943630268  0.12895016133012643  0.13972229511298326
  0.14991278841717140  0.16046224975825923  0.17123825790544711  0.18234134634747659
  0.19274717934031213  0.20206105110885891  0.21052088001602159  0.21826145200262606
  0.22636808419269866  0.23563259590878805  0.24525796080653445  0.25482420314546678
  0.26418838043509724  0.27559435182007297  0.28786533918592949  0.30043470988682347
  0.31249685914049197  0.32476699393654257  0.33680140682626136  0.34810232906029054
  0.35799390802673842  0.36670792468326197  0.37523407453031205  0.38397323574618802
  0.39212689980436921  0.40036419693041708  0.40837586087452649  0.41779404051402907
  0.42827420916911979  0.43871259392016726  0.44846055353355052  0.45812413075682962
  0.46864712081228260  0.48039804930546420  0.49233793344970561  0.50430047867978356
  0.51623100661386967  0.52663348468125182  0.53565437093202739  0.54522420905279367
  0.55510004976650151  0.56495495593172895  0.57428479886555872  0.58375915204060513
  0.59411652913733459  0.60471316593581503  0.61416557032295371  0.62354149033600392
  0.63381403362836131  0.64354033557930612  0.65324450350928753  0.66201867110890600
  0.67218485360498903  0.68304767090259910  0.69417811387284756  0.70530154056304539
  0.71505109108943299  0.72410083595751484  0.73313908280470574  0.74224279168099228
  0.75117634041988990  0.76046296749131137  0.77077867237115161  0.78242526946831181
  0.79379156873216894  0.80325954146052025  0.81344932877099985  0.82482934785920026
  0.83656548392709917  0.84801884363036739  0.85894990032559015  0.86900310457912777
  0.87939127418860141  0.89000758234857624  0.90100938989244872  0.91175949454235450
  0.92191236406464572  0.93188549086936490  0.94154221708546915  0.95186052521744546
  0.96211577594890219  0.97311441663022169  0.98536240660486130  1.00000000000000000
 -0.00007934712324076  0.00076580609978014  0.00191142546709873  0.00372304206187629
  0.00571617475251615  0.00827146296153731  0.01137315641592552  0.01491997403847328
  0.01924257791699221  0.02425590577765646  0.02855984359448254  0.03313956684706072
  0.03843395409167163  0.04397504969632818  0.04983188346580380  0.05641503844614414
  0.06369862784961157  0.07176292763402815  0.08011740955793889  0.08774891686967506
  0.09573364669898157  0.10381116105723076  0.11208666790876294  0.12076800690148365
  0.13051496926974684  0.14067178702955446  0.15064432796103175  0.15950672061225540
  0.16755045303678331  0.17539596829698650  0.18397884801826711  0.19303831371123967
  0.20317298373751558  0.21534395542370810  0.22818006625813250  0.24032140348722109
  0.25170577660867538  0.26349883605909724  0.27556259285686752  0.28828754687729630
  0.29950295792190368  0.31091030571646167  0.32241710605611668  0.33418528667637182
  0.34558397947086111  0.35626957366185602  0.36646166597972990  0.37706001257408445
  0.38873167364184297  0.40154796488019795  0.41478376104003634  0.42766998768326070
  0.44047756545375460  0.45341981694744127  0.46672192815955038  0.48052272006927194
  0.49485962662021687  0.50804701583031586  0.52194817819826389  0.53583641390105130
  0.54881506586846740  0.56127471603193513  0.57396429350694356  0.58692881106669337
  0.60064189891603192  0.61403071004897392  0.62628172169265395  0.63776407531538903
  0.64884209209596189  0.65976154180317326  0.67074974280491695  0.68150109044470664
  0.69253507543974291  0.70366124336021063  0.71510570033087251  0.72699840173124619
  0.73924588166911231  0.75238757982553139  0.76608935296733660  0.78008444320945991
  0.79386242216846392  0.80707035806249205  0.82002666327574036  0.83254666105265851
  0.84607286789615588  0.85992144501249057  0.87363901315654868  0.88715478839250883
  0.90035695774130586  0.91361161662351542  0.92696833972767889  0.94047002300580884
  0.95486431599397059  0.96939269861235422  0.98426004197113726  1.00000000000000000
 -0.00262429728904164  0.01235639158132066  0.02426312369372529  0.03618489678256337
  0.04663747420035857  0.05657427935146944  0.06690318516682017  0.07746089843045362
  0.08764195321326321  0.09726373935364098  0.10618055518580213  0.11547610054437388
  0.12532168722820064  0.13671186051314216  0.14796516311675018  0.15817041878193627
  0.16830381359438079  0.17895327407335665  0.18875583970872195  0.19710459681606002
  0.20532415921974242  0.21447039297909701  0.22391251872124793  0.23381412729627343
  0.24403422238834502  0.25483572432969381  0.26702916816691286  0.27763867035045936
  0.28680147936534467  0.29729533843814837  0.30905544477711633  0.32123691476092664
  0.33282187452410339  0.34461866667026880  0.35685862531716728  0.36907508092576752
  0.37958233989093598  0.38884123367821605  0.39767550403959784  0.40643664536362523
  0.41517549733979786  0.42461993607908710  0.43419793395819056  0.44422608744554198
  0.45573856605358920  0.46655374193350574  0.47713789568977089  0.48717933743027986
  0.49668118251457122  0.50705620736073420  0.51885871765775127  0.53153642110765997
  0.54395768666031552  0.55587122849776827  0.56719940704782112  0.57765966235144772
  0.58762754997130640  0.59749447288475499  0.60826168107040501  0.61926214429310011
  0.62968963402700406  0.63998707260990895  0.65055564536298538  0.66107957087316815
  0.67109390111718314  0.68096304814719344  0.69096288959862784  0.70118153274360673
  0.71297786604808278  0.72570530028860647  0.73687792452493828  0.74694993290888656
  0.75728427907592377  0.76836812247549469  0.77892672811893748  0.78911946557619472
  0.79967200769961999  0.81068468164298080  0.82022632216847235  0.82973971693961623
  0.83863669149960851  0.84834850060039502  0.85832891445337922  0.86860082508756009
  0.87932152011361775  0.89101975075914885  0.90236572486332567  0.91253356500819283
  0.92199038103931086  0.93159684047367386  0.94061848652091407  0.95009898631662926
  0.95925934197759621  0.97225036185445923  0.98508816670812738  1.00000000000000000
 -0.00303105079346450  0.01193568159050682  0.02384159112128325  0.03453987331721310
  0.04533016416960201  0.05509248240685679  0.06451678048976198  0.07282518660464250
  0.08093029169715128  0.08924126003507965  0.09868079631545153  0.11029989482479524
  0.12402872094633929  0.13870859960807927  0.15162060864037102  0.16329601744912861
  0.17377844562033148  0.18369704603462630  0.19384262544011749  0.20353961240342705
  0.21331404261550599  0.22337081870249137  0.23340247642515599  0.24398508053871928
  0.25342342331553103  0.26130753805350937  0.26976849880051845  0.27807061946197226
  0.28615798662578201  0.29404821869672870  0.30261676421339151  0.31216387501535559
  0.32304914663955048  0.33422815130893230  0.34513271928499362  0.35652793916078646
  0.36717220764917985  0.37798305783848618  0.38871682045223754  0.39884041933162107
  0.40861100226321478  0.41869645430685482  0.42901494953891306  0.43895737348731811
  0.44854858060011821  0.45820332818986287  0.46727075315733224  0.47607511308843908
  0.48420887604018631  0.49278693214410441  0.50231899978802785  0.51254986314254947
  0.52347574068564839  0.53541307469260147  0.54738661733564475  0.55812687048510423
  0.56903859060370432  0.57935875142189464  0.59058727447557924  0.60200040409287403
  0.61267643270521532  0.62289628074872017  0.63317567923763440  0.64317058984154551
  0.65241070471967766  0.66136504751820724  0.67226560797269741  0.68508773301118386
  0.69840744358938800  0.71095188179492086  0.72307598346865953  0.73503023372911125
  0.74730355410883187  0.75952162543297086  0.77145062802982123  0.78200014750424995
  0.79213827752103672  0.80298224237000104  0.81413202996536338  0.82524695648354540
  0.83696701153672881  0.85144187414421202  0.86714508593289374  0.88032049426244319
  0.89096506699114086  0.90161451638136758  0.91238780504904782  0.92293039532557752
  0.93190025369465079  0.94063930351238811  0.94979090629896723  0.95963268443213467
  0.96970668861886877  0.97990561401293041  0.99007490762285766  1.00000000000000000
 -0.00161313713794732  0.00878014055266924  0.01803091568040190  0.02818131985963127
  0.03870018712070991  0.04984441342036754  0.06108243157276233  0.07131952557566763
  0.08204329103225361  0.09408452809072651  0.10648964041826485  0.11884153908632238
  0.13122245876652427  0.14323202501737914  0.15471957450411292  0.16561732156649595
  0.17587206172772940  0.18548759421709562  0.19538115723566105  0.20565874765167313
  0.21490923456353284  0.22449541868046596  0.23341743888806460  0.24224258216077010
  0.25136283267195725  0.26087429849449806  0.27111189774310845  0.28150128390596330
  0.29191915993740986  0.30190100351986654  0.31254483696418867  0.32300816556577933
  0.33233556238630152  0.34044099817834433  0.34875368321099187  0.35792898551402802
  0.36716254306801277  0.37618537300098659  0.38536810084434142  0.39581860896265397
  0.40737580207261870  0.41880892049713314  0.42916290847584226  0.44004374309256356
  0.45110774401878423  0.46155500087836637  0.47198906739880436  0.48154318064117313
  0.49107555002522296  0.50042440238665820  0.51074787435743019  0.52140387098546825
  0.53180644744426142  0.54203155183667928  0.55331820354863803  0.56484283875643071
  0.57680175802414435  0.58736900221711763  0.59695025102940136  0.60704598420779243
  0.61746778268137070  0.62730654282090936  0.63633690043856406  0.64548196818333614
  0.65606607444714593  0.66682554404090411  0.67714638153519224  0.68773937652572825
  0.69930689504014687  0.71139997751143680  0.72357754214916514  0.73502610678917657
  0.74618771925281857  0.75697849725912536  0.76761242033587884  0.77875929218958673
  0.78993877198175533  0.80204912504674375  0.81362492087162130  0.82659593572859447
  0.83839248894074425  0.84954129465378669  0.86053713172965629  0.87045250643145755
  0.87950858400617637  0.88872891435046519  0.89805530733124517  0.90849504910023660
  0.91984156559488683  0.93038366714173193  0.94043091404351686  0.95147641975117647
  0.96189941952404312  0.97263496975363273  0.98606798664184403  1.00000000000000000
 -0.00253555836377471  0.00989362610590932  0.02092109567639600  0.03227871487411903
  0.04348249973019257  0.05233625895152776  0.06103183112072930  0.07057503641951510
  0.08120343984690626  0.09126456924536769  0.10104479318825614  0.11140827027155394
  0.12259759865601562  0.13400363505610682  0.14619692656306627  0.15853783090710313
  0.17089136490423304  0.18282141415383407  0.19357853384698670  0.20321821654575023
  0.21255232087200018  0.22169828871544028  0.23099904602457283  0.24181943537957101
  0.25265373135531838  0.26354740929230935  0.27427967161444511  0.28539280608796080
  0.29620857644536608  0.30679008441622296  0.31617712092571232  0.32501313163464091
  0.33423381043929784  0.34409777456075480  0.35429409519623656  0.36368089436306922
  0.37238108611426773  0.38141016382360632  0.39091513201420119  0.40149963545794598
  0.41240091370298726  0.42208055969929276  0.43053000328156521  0.43947046923551120
  0.44932716203271283  0.45794690315956094  0.46651468649132338  0.47404912738873412
  0.48194257502409449  0.49330998919399394  0.50374180947474201  0.51705598949507103
  0.53022337042266221  0.54243524228614026  0.55392853094529360  0.56558241444174429
  0.57741715315481879  0.58899457681147760  0.60058734960673077  0.61182796895312930
  0.62238150870252684  0.63253692540371342  0.64338208067994307  0.65426255833544344
  0.66406921674539954  0.67340112468031532  0.68300360812360494  0.69261801210695728
  0.70257618484252493  0.71298047796668496  0.72377698964594983  0.73371225626462910
  0.74261981190300486  0.75169653442236117  0.76146393996891060  0.77184605049770183
  0.78137421148768416  0.79008214754033701  0.79890474025859337  0.80832455530801295
  0.81886975432507547  0.82980258757771996  0.84005278423402585  0.85011552305990745
  0.86180161813493283  0.87482615693104171  0.88683590609087315  0.89758894867519967
  0.90783432243410245  0.91862762274560561  0.93065484619561889  0.94341691744491440
  0.95540942188049094  0.96946648871862962  0.98528256561059813  1.00000000000000000
 -0.00353384874318490  0.01313177768686018  0.02658339976310403  0.03847173104344563
  0.04983159261355916  0.06104928415054722  0.07258422696834213  0.08469895847268222
  0.09655502412698334  0.10745047432372051  0.11798871042138830  0.12834050873529504
  0.13859514215091973  0.14860788385337140  0.15836333509997413  0.16852963800028950
  0.17870202253004608  0.18821178345895326  0.19746890427603928  0.20715444016704590
  0.21927373767472719  0.23363078384451361  0.24848810838819074  0.26119563058812612
  0.27266815532402344  0.28322481002308214  0.29311252081664801  0.30239164870565344
  0.31294217535095120  0.32256561593362287  0.33145010898349003  0.34020768652819033
  0.34953321925403602  0.36078890427911164  0.37280045483077234  0.38454967123846889
  0.39603575056284768  0.40787851973340883  0.42035850872023145  0.43322136265712191
  0.44450970682830160  0.45401181207495911  0.46401600577643509  0.47395917528963705
  0.48448358196068819  0.49490268069578347  0.50551734532742176  0.51641052659716380
  0.52721441843925021  0.53868832971161507  0.54936862143010312  0.55980242277720793
  0.57001836173853460  0.58045680252951948  0.59018784810299330  0.60007218189544953
  0.61051000128536814  0.62093306955441641  0.63179060206999604  0.64135242660547931
  0.65019574882343578  0.65883265355190390  0.66859871445337138  0.67923434114640568
  0.68959691395989242  0.69964393975963324  0.71017237561514079  0.72129153246763922
  0.73144053262974396  0.74037419398252258  0.74988366269909679  0.76029607563169843
  0.77073093806314874  0.77993695204572600  0.78949136660852148  0.79785596716214335
  0.80664945111068109  0.81477883357118874  0.82379600293360200  0.83275564329950436
  0.84146788608992817  0.84983777184406184  0.85863605124896292  0.86797950382183020
  0.87684696890681435  0.88567563992274345  0.89465477899924628  0.90444982465399570
  0.91508644280727247  0.92674990723546746  0.93974404585384763  0.95473491836476831
  0.96688377804874504  0.97816284786507024  0.98906926578145538  1.00000000000000000
 -0.00262467997033201  0.01147431034621546  0.02392163509894707  0.03556419817229875
  0.04833844750329466  0.06084564957246488  0.07324094490766304  0.08456212591048015
  0.09487843263237138  0.10543130410156235  0.11575724914494602  0.12478981853878464
  0.13342914316802792  0.14249026835007800  0.15609112587553142  0.17135006293238139
  0.18574739303508503  0.19854625943789597  0.21090075863027768  0.22326221569253160
  0.23473361491876768  0.24431130682054530  0.25354650364353570  0.26325042603460180
  0.27353850202189484  0.28462481013497376  0.29582840032352825  0.30739819439617821
  0.31914458529881023  0.33084641443225449  0.34194589328905822  0.35458862568583693
  0.36672013579231860  0.37860914903443260  0.38882110456417457  0.39828016634217622
  0.40795902429100456  0.41743268173457171  0.42738270155729469  0.43729812487289110
  0.44833959673880608  0.45952535838411002  0.46979404808318354  0.47960987220180445
  0.48876677059700824  0.49718492254344260  0.50543629109189070  0.51447061148674145
  0.52541576355973307  0.53780524761525561  0.54866431782208092  0.55860972884510018
  0.56832851239303761  0.57812004059702871  0.58779675948002053  0.59664044320353393
  0.60570819160672307  0.61567310487212557  0.62710732986104067  0.64044969073015812
  0.65326302672786474  0.66736173175126934  0.68114103293034212  0.69408874526205599
  0.70722987167765117  0.71729210586025571  0.72642331599005827  0.73452784633801027
  0.74264802480588710  0.75098601241568996  0.75993211844268460  0.76889096533922519
  0.77834794667091201  0.78818313697410691  0.79835891844519824  0.80898009085249156
  0.81912830600098163  0.82873831176926327  0.83843703594303076  0.84867589352628914
  0.85887973563123610  0.86860352974388566  0.87819831444662200  0.88840089133017264
  0.89768973399826946  0.90658379416479018  0.91512134914743926  0.92560058387975064
  0.93598767719939668  0.94496756112339897  0.95350283955964754  0.96206731758510955
  0.97073445285133841  0.97989295847869307  0.98966344891671976  1.00000000000000000
 -0.00209676402626458  0.00765239699849245  0.01602143951038411  0.02579688169722675
  0.03516175436568712  0.04522383550302677  0.05606335860832035  0.06707199568691265
  0.07820045220675044  0.08976493722845519  0.10174409876123081  0.11304782074934344
  0.12339555656446909  0.13406359672494728  0.14634884923019065  0.16011335588018555
  0.17272826229268118  0.18360178290059140  0.19417819315919702  0.20518518082147066
  0.21706341126474046  0.22897283268648799  0.24039896354079796  0.25183369679968282
  0.26335586798487703  0.27376498454177234  0.28332042680171554  0.29289621974741292
  0.30325334004890858  0.31328450414041792  0.32385961223933390  0.33437597322811957
  0.34320840109120482  0.35174465553784973  0.36119529505313674  0.37196554075225341
  0.38284802672234708  0.39439498221182545  0.40665499855645559  0.41801252060934391
  0.42623144244726840  0.43484885935897721  0.44493316701451935  0.45534626058350491
  0.46503565200562508  0.47394632544078846  0.48356026983379052  0.49493213140000741
  0.50570003773653549  0.51598272594101424  0.52601407202096218  0.53628057073910917
  0.54690017330710428  0.55754710265739305  0.56824129466782847  0.58004762264315857
  0.59113594015146653  0.60227288394106626  0.61282494064960591  0.62358057658182342
  0.63325171843224481  0.64356659006423267  0.65607258689872316  0.66795727071762101
  0.67876050026892842  0.68985807985546832  0.70204953497804168  0.71302552491476578
  0.72330976497848187  0.73381967662431702  0.74484276300827135  0.75617221215209141
  0.76765485258444521  0.77826729080398327  0.79008886695965430  0.80153053113405925
  0.81223579850970251  0.82187687309198143  0.83068096088379662  0.83870070765099725
  0.84662624431494460  0.85501333520971279  0.86424408561540522  0.87431888456664275
  0.88392710643139971  0.89285931900566007  0.90340534036052333  0.91548262681639003
  0.92687210167885259  0.93847380901118993  0.95096247963626368  0.96168677387497126
  0.97077857444505200  0.98050586046841615  0.99025751690470587  1.00000000000000000
 -0.00136814194871683  0.00397619293206187  0.00936688104217602  0.01456627717689404
  0.02004355231176013  0.02560638420784469  0.03100169753079977  0.03644077953296025
  0.04172155092532830  0.04740688732248426  0.05329948859650469  0.05955297077254701
  0.06624515093835005  0.07335500310994020  0.08049159654678152  0.08760679611555594
  0.09483906252293510  0.10199183685830740  0.10918644747101386  0.11754881124999805
  0.12633373496133857  0.13483309943302990  0.14275872374718607  0.14976712457992436
  0.15680126333507535  0.16364105664299741  0.17094846477331752  0.17888015146037967
  0.18735466966365158  0.19616342232352327  0.20495355324239814  0.21377116527341244
  0.22266511463029481  0.23210538393796429  0.24172464963427590  0.25181808180178111
  0.26268365884785755  0.27382895664950618  0.28442226276132687  0.29435353383353791
  0.30401759545431728  0.31458888931370138  0.32546620484413441  0.33682971694923636
  0.34581748066380646  0.35440436076462006  0.36316525932016047  0.37298598006044420
  0.38495117691412489  0.39760457662097037  0.40852106798529236  0.41834637256173418
  0.42779604506449886  0.43732320520657197  0.44625735635667985  0.45494432167559973
  0.46513354523716038  0.47596820351619162  0.48795765149980219  0.49980824991256917
  0.51321850815853098  0.52806312315274240  0.54257323936330215  0.55491600722291534
  0.56645329740788009  0.57922431625193704  0.59306757307145896  0.60677222024310251
  0.62165085289893274  0.63586088255911577  0.64877652419109377  0.66156297869013514
  0.67368091327582957  0.68580881216912071  0.69932728865562210  0.71371894467451757
  0.72795753902485905  0.74119318345206398  0.75311814071554140  0.76471550402608723
  0.77731468804978410  0.79217420367704205  0.80720185663455724  0.82212059959119665
  0.83639313973157536  0.85013988926462813  0.86570332669816885  0.88218242412854175
  0.89880881183332506  0.91707199392653227  0.93509735812394612  0.95005586154402555
  0.96348647525664621  0.97653622625765302  0.98846237855898433  1.00000000000000000
 -0.00411677663233962  0.01336733000475181  0.02708325139659807  0.03929429433152361
  0.04950439858142724  0.05878296166583946  0.06832316604240689  0.07889056084309286
  0.08961319054153825  0.09965917068398195  0.10906979588529885  0.11911235831961915
  0.12827231528018790  0.13783817687714217  0.14859148098722508  0.15906575751872340
  0.16813749413827653  0.17700740302986717  0.18612925453268458  0.19585849452762208
  0.20529795301350720  0.21412765585192345  0.22272597725213297  0.23188005197981587
  0.24109736612089713  0.25060924437867999  0.25977386293639682  0.26803421833391344
  0.27702200899298501  0.28607964975094641  0.29742164367230267  0.30987550519713536
  0.32338079221242794  0.33689499788379756  0.34918901386114681  0.36015824361499849
  0.37049376340282092  0.38141239557252887  0.39353234707944540  0.40552101094120807
  0.41697413224668683  0.42778549642522651  0.43773719601595190  0.44723289707209501
  0.45764029672889817  0.46871586784344083  0.47898233842435090  0.48948910001867441
  0.50021053371255153  0.51119416442941823  0.52157404411944464  0.53192705447196997
  0.54292761238752008  0.55477446294371902  0.56643154875734980  0.57769605401998192
  0.58806691550953416  0.59875642909974347  0.61005515573128444  0.62193877494220695
  0.63406254095424441  0.64538092647877976  0.65560085419456993  0.66543138395933144
  0.67500354513993921  0.68399410421906859  0.69268641608571813  0.70088447695673584
  0.71036313814833529  0.72033557270965420  0.73085744699519384  0.74127928325771419
  0.75227775896714311  0.76277762090845747  0.77303707421854151  0.78346080125226525
  0.79500438221712777  0.80815657108224437  0.82137226733741009  0.83387049863545748
  0.84428770375218343  0.85479237949281894  0.86586893078041260  0.87686094316380558
  0.88805285322595007  0.89913280193045042  0.91169533650339007  0.92252562496764423
  0.93310512516864075  0.94203526111866553  0.95123883402895715  0.96093990397030737
  0.97068613742671650  0.98023627016265613  0.98987517015933635  1.00000000000000000
  0.11663337412257187  0.26111513914173151  0.30236701944008826  0.32570801334288707
  0.34176152084579037  0.35545377471840151  0.36758116796995643  0.37788570331490973
  0.38706281620339439  0.39605323807193044  0.40507177986779652  0.41345011489894923
  0.42111345955959290  0.42870622340883924  0.43635396352815775  0.44400727937236961
  0.45189834713607474  0.45958389096824720  0.46638777120630343  0.47252740856279146
  0.47822505995950454  0.48389165976871173  0.48988494641276814  0.49593924566127318
  0.50186721526331679  0.50772347415233932  0.51368834864129986  0.51918907960951677
  0.52440240784679926  0.52973945258619459  0.53504969056842877  0.54064205856336667
  0.54588564343597723  0.55126703160398705  0.55674344406906728  0.56217397056468466
  0.56732093779195392  0.57246233682346581  0.57781594127572455  0.58332566721836931
  0.58893469515776953  0.59434540169666539  0.59919709310906200  0.60366038202567174
  0.60809497870189366  0.61283559647047914  0.61776855890961035  0.62274160379726462
  0.62778704058624579  0.63305034787656289  0.63851188682201154  0.64451068504060482
  0.65125342907738848  0.65843479591294674  0.66528394474841934  0.67095926787456983
  0.67646751898708291  0.68151223439473807  0.68613672033041151  0.69108906195045638
  0.69616654470317996  0.70192296172885194  0.70841375288980035  0.71523109551634056
  0.72209914501411943  0.72792331261396914  0.73357544185454615  0.73910723415497825
  0.74461682650737671  0.75015843119529890  0.75521620384771260  0.76028733945097138
  0.76537149616757194  0.77075966890328118  0.77685223912873902  0.78308759479555379
  0.78937094304123057  0.79610645067051911  0.80311115301751579  0.80966757171755277
  0.81628614524890308  0.82317110914483327  0.82996416040323739  0.83688404336665734
  0.84385303028059866  0.85083229076028388  0.85817508161093448  0.86646605014665723
  0.87628123997341434  0.88833258536879967  0.90132950940904821  0.91473659521185968
  0.92850945149700514  0.94367819059118252  0.96508852420689928  1.00000000000000000
 -0.01999906440239809  0.11612931198154204  0.15621146976246139  0.18043345948645928
  0.19766899504344049  0.21203161749611141  0.22462435661512986  0.23640087396153139
  0.24682601317603919  0.25611102054079565  0.26459194384607726  0.27391030982992415
  0.28435471258428169  0.29336720710537662  0.30001754391294233  0.30601646834244817
  0.31230794309374593  0.31904980559640794  0.32558270393724004  0.33170906517501225
  0.33751455552214499  0.34334533525510624  0.34962966351844060  0.35603038518526281
  0.36293559431183631  0.36985653237326321  0.37614815569491228  0.38262885383728773
  0.38933051405076807  0.39635752461491008  0.40342437485318200  0.41028397201593392
  0.41667407903790638  0.42212148110513870  0.42692381190997480  0.43174849226587175
  0.43674920102250525  0.44206916459643697  0.44735423305907418  0.45249626208001642
  0.45759708933116200  0.46263102437897874  0.46832705226830174  0.47382255354410679
  0.47941568735185486  0.48468908674363143  0.48976061666214554  0.49501208344999542
  0.50038641759828428  0.50566412975241848  0.51133330292776513  0.51623687276994978
  0.52133920517747989  0.52604876626329466  0.53138225863871902  0.53665380679660368
  0.54201069157933734  0.54745615497228939  0.55287947712437324  0.55829218392106228
  0.56384554367036355  0.56982244658443693  0.57651394989132354  0.58357241574628460
  0.58953434875804323  0.59536632828268210  0.60046857912225793  0.60611036319346989
  0.61157334244876504  0.61753994655952249  0.62420865522559432  0.63070827818074271
  0.63697632787870417  0.64283581355068120  0.64890421304052393  0.65526863168071725
  0.66166703287632633  0.66860441822132022  0.67564581674735180  0.68316402055851289
  0.69004077460036317  0.69717518424016034  0.70415926345904145  0.71226750548449658
  0.72071380763123061  0.72940545982366634  0.73863877544196022  0.74862860866119807
  0.76019509426911280  0.77199281846827827  0.78567609069557753  0.79995232633066637
  0.81868121142838013  0.84270316646256349  0.88391802313732981  1.00000000000000000
   1.5491595857569011E-011  -1.0000000000000000     
 T F F F T F F F F F F F F F F F F F F F F F F F F F F F F F F F T F F F T F F F F F F F F F F F F F F F F F F F F F F F F F F F T F F F T F F F F F F F F F F F F F F F F F F F F F F F F F F F T F F F T F F F F F F F F F F F F F F F F F F F F F F F F F F F T F F F T F F F F F F F F F F F F F F F F F F F F F F F F F F F T F F F T F F F F F F F F F F F F F F F F F F F F F F F F F F F T F F F T F F F F F F F F F F F F F F F F F F F F F F F F F F F T F F F T F F F F F F F F F F F F F F F F F F F F F F F F F F F T F F F T F F F F F F F F F F F F F F F F F F F F F F F F F F F T F F F T F F F F F F F F F F F F F F F F F F F F F F F F F F F T F F F T F F F F F F F F F F F F F F F F F F F F F F F F F F F T F F F T F F F F F F F F F F F F F F F F F F F F F F F F F F F T F F F T F F F F F F F F F F F F F F F F F F F F F F F F F F F T F F F T F F F F F F F F F F F F F F F F F F F F F F F F F F F T F F F T F F F F F F F F F F F F F F F F F F F F F F F F F F F T F F F T F F F F F F F F F F F F F F F F F F F F F F F F F F F
  <DiscreteSampler_grid>
  grouped_processes
  1 # 1 for a reference and 2 for a running grid.
  10 # Attribute 'min_bin_probing_points' of the grid.
  1 # Attribute 'grid_mode' of the grid. 1=='default',2=='initialization'
  0.0000000000000000 # Attribute 'small_contrib_threshold' of the grid.
  0.5000000000000000 # Attribute 'damping_power' of the grid.
 # binID   n_entries weight   weight_sqr   abs_weight
    10   10   7.619799756408673E-002   4.568312127246043E-002   7.619799756408673E-002
    11   10   7.619799756408704E-002   4.568312127246085E-002   7.619799756408704E-002
  </DiscreteSampler_grid>
