 -0.00008050425632602  0.00079523295726934  0.00171191040674835  0.00309282682388210
  0.00481169286007633  0.00686980555398386  0.00933226836964711  0.01219244087145098
  0.01557160913823682  0.01905527667203350  0.02291870520332752  0.02725426674634403
  0.03171633236372022  0.03638661266442417  0.04127341597827650  0.04638588217983252
  0.05178916920373886  0.05743667341332759  0.06342881608339171  0.06970425673325506
  0.07631988815579671  0.08319507278720668  0.09038262728347987  0.09759623979398933
  0.10500435537154119  0.11279971499999986  0.12088799078314834  0.12946917297404886
  0.13818606801208308  0.14681294083537763  0.15575803418225012  0.16501667214845039
  0.17480521102268848  0.18497755840544655  0.19499742623972210  0.20487836140566335
  0.21479747266577448  0.22493453247803291  0.23527515970809237  0.24642920522177536
  0.25756790702754040  0.26867550328311612  0.27988202640672821  0.29100615012577974
  0.30234260648198358  0.31384819190284574  0.32531787946308516  0.33684804655399819
  0.34853484631886661  0.36024038168997646  0.37206211077118073  0.38407600410048642
  0.39601900724270461  0.40847028230126220  0.42088399079029992  0.43393918375825974
  0.44728578278901998  0.46079903112739151  0.47442068361716544  0.48787401479415804
  0.50135183819998008  0.51531362755948062  0.52984210722655234  0.54497193191910276
  0.56027351218795773  0.57559125156991175  0.59097158103990588  0.60605225621290082
  0.62052640094565492  0.63467149033922632  0.64865607435292993  0.66282673566987338
  0.67712115585030352  0.69147697662057284  0.70580860776557675  0.71996968273190698
  0.73412511961796234  0.74827772179863383  0.76245631235988875  0.77685748398272325
  0.79164290372267598  0.80632329273361503  0.82038122668328584  0.83436053274615274
  0.84835491359723880  0.86236856457909816  0.87635638403325944  0.89001649716682785
  0.90350764755686641  0.91711936079810319  0.93098509799417417  0.94504043579090025
  0.95921948583306582  0.97302895579256576  0.98655534902598185  1.00000000000000000
 -0.00244124002242446  0.00986804039949120  0.02014244663087565  0.03067005024867300
  0.04118181227246497  0.05161348578186145  0.06167886995199123  0.07201146115383600
  0.08258207966490617  0.09361913394968507  0.10455360179024639  0.11479951413705834
  0.12492247474272057  0.13469753304804788  0.14438754917754013  0.15448388577195424
  0.16488625061152976  0.17444305235333529  0.18363046774336617  0.19355050702564736
  0.20457736056558382  0.21585733260189369  0.22671239304608917  0.23806295673287581
  0.25006935628395355  0.26141967248750503  0.27329151609100893  0.28537439533098141
  0.29706094433295266  0.30881039248882053  0.31871185084416453  0.32798097612755067
  0.33695061115167285  0.34606933397511919  0.35548021336935892  0.36497077622332808
  0.37470111546398799  0.38553250701248121  0.39607500527746164  0.40675331806406878
  0.41743274194147628  0.42874941280162121  0.43959310424019765  0.45043653479759393
  0.46105723556648753  0.47200611730839093  0.48282137383591150  0.49413295335034374
  0.50412175717857155  0.51392368068364225  0.52373386163914293  0.53376889610241041
  0.54356577654351468  0.55318653993354450  0.56238809696639203  0.57318328479395975
  0.58401561999874729  0.59508830074908703  0.60617146842885816  0.61727315563889040
  0.62812287034262393  0.63904525385961564  0.64968294345494337  0.66019181146811268
  0.67022444109847712  0.68019430588437479  0.68989639333496688  0.70033431556154335
  0.71042466976062968  0.72120679314870306  0.73164561965310393  0.74331815213780428
  0.75389533501816774  0.76435136118636116  0.77540523404275663  0.78688866649108102
  0.79848942573215087  0.81034594902426071  0.82286258010840685  0.83528174008203815
  0.84736258751559457  0.85860357090615846  0.86887481855236159  0.87862136445476591
  0.88840251860380970  0.89830750372336521  0.90834672441241160  0.91845212854896696
  0.92832445186829549  0.93776958304960567  0.94789737416519548  0.95796508506164035
  0.96863640737233780  0.97886326085954833  0.98951536564606291  1.00000000000000000
 -0.00205010866926087  0.01615514847228934  0.03018086461784818  0.04213760092893922
  0.05344694130268189  0.06410562143158677  0.07396091333082769  0.08358299489995157
  0.09325496856890965  0.10262178328349879  0.11174172825176062  0.12073319565959185
  0.13024690999577063  0.13979208466851678  0.14901471751766801  0.15806655285382640
  0.16698306038363342  0.17577707316195687  0.18456532037965998  0.19354770188204332
  0.20257396510007800  0.21122324937615200  0.21963986960364554  0.22799524129181900
  0.23624229835331170  0.24453598058192791  0.25306794099433833  0.26173582481257118
  0.27038616685880784  0.27885125251691067  0.28708587672752378  0.29554513374962310
  0.30430705224434473  0.31285776972394919  0.32123168089185972  0.32963247364731241
  0.33744110755554774  0.34497672988191863  0.35256549257226599  0.35970293541766762
  0.36691881875652488  0.37401101750168536  0.38104152685127562  0.38817161889310930
  0.39514152798943347  0.40235328721726360  0.40975304918698147  0.41757807871491742
  0.42584215738744113  0.43420941253989703  0.44241253507720718  0.45050754881902078
  0.45831894311707067  0.46564125119968963  0.47280118441797470  0.48020947856543617
  0.48806396497589866  0.49626074250110730  0.50414674489774569  0.51155579747328306
  0.51881559949608458  0.52631821149773927  0.53416293437424711  0.54218013963234135
  0.55031120199308869  0.55888834291036182  0.56791096698937538  0.57736526431270396
  0.58728098035720799  0.59755434810607366  0.60814450911876683  0.61899508163086647
  0.62986633989125485  0.64044387473248632  0.65124712053644584  0.66179925503585901
  0.67282336653731156  0.68404019337411703  0.69553315795574377  0.70684227614597683
  0.71820483819863412  0.72953259408482352  0.74081847554189895  0.75242901022197584
  0.76445182338466811  0.77656417340618766  0.78944581023734828  0.80336380779238370
  0.81853853711541902  0.83453034680821225  0.85133055747944275  0.87023700274998361
  0.89171089648763158  0.91661987584977411  0.94893168890460633  1.00000000000000000
 -0.02116144598921793  0.13388600486990407  0.17970423390239565  0.20928161187032526
  0.23262813952155292  0.25302916673529091  0.27253802710659525  0.29177730138935615
  0.30983127082592804  0.32572904031406591  0.33973234560177812  0.35277118087609050
  0.36561664733213473  0.37756552437976870  0.38878516558607223  0.40001347174072083
  0.41101711926813622  0.42115399067327286  0.43037740606451386  0.43931177339595467
  0.44785784868037792  0.45626143279525505  0.46418897549205695  0.47179273991300519
  0.47947980174484073  0.48729460699422344  0.49514859492776570  0.50281625664638918
  0.51029558037726508  0.51755134828801874  0.52480207755613628  0.53232411928932366
  0.53979180388678960  0.54718953140315663  0.55441805248962717  0.56128478163364270
  0.56768873814966347  0.57417412585796368  0.58052340365326505  0.58683697658311618
  0.59290732542246549  0.59899041794242991  0.60499353380917964  0.61075999500211353
  0.61640762675504446  0.62198197613071160  0.62746853618599363  0.63296971242900824
  0.63861316314147232  0.64439052280990361  0.64984841250772363  0.65504083871603658
  0.66010624020059538  0.66512959751105816  0.67003947760099103  0.67483006459367278
  0.67948147275814352  0.68416003472498055  0.68902184789898069  0.69407851190920333
  0.69923504712671425  0.70433709367183539  0.70936019191341693  0.71447339736033155
  0.71961312998305560  0.72474532367645539  0.72996850591812679  0.73514306806656848
  0.74025963206885625  0.74532482521640153  0.75039829812963810  0.75549704870361478
  0.76053134709126902  0.76551067784728943  0.77055129072511475  0.77585840255029614
  0.78154193488047397  0.78718061323784727  0.79300622196026538  0.79888712792509486
  0.80488845066415982  0.81106481980346024  0.81742605497854248  0.82397196165648445
  0.83064477423781669  0.83761865729478346  0.84477484682345994  0.85267480623341996
  0.86123017761440224  0.87051022900547981  0.88030601943857023  0.89056535710220941
  0.90249014499819658  0.91848378028796607  0.94377922989777541  1.00000000000000000
   1.6985947064974717E-003  -1.0000000000000000     
 F F F F F F F F F F F F F F F F F F F F F F F F F F F F F F F F
  <DiscreteSampler_grid>
  grouped_processes
  1 # 1 for a reference and 2 for a running grid.
  10 # Attribute 'min_bin_probing_points' of the grid.
  1 # Attribute 'grid_mode' of the grid. 1=='default',2=='initialization'
  0.0000000000000000 # Attribute 'small_contrib_threshold' of the grid.
  0.5000000000000000 # Attribute 'damping_power' of the grid.
 # binID   n_entries weight   weight_sqr   abs_weight
    13   10   3.891351143720981E+008   1.528445283767138E+017   3.891351143720981E+008
    14   10   3.891351143720981E+008   1.528445283767138E+017   3.891351143720981E+008
    16   10   3.577522053402312E+008   1.299491384302658E+017   3.577522053402312E+008
    17   10   3.577522053402313E+008   1.299491384302658E+017   3.577522053402313E+008
  </DiscreteSampler_grid>
