  0.00353184748598962  0.01235090966985651  0.02149153868831020  0.03095673531057969
  0.04007458275206402  0.04916570829712951  0.05853111801545936  0.06807556975244705
  0.07752499677411083  0.08706266529945345  0.09701476125566891  0.10725787840066160
  0.11771045711090634  0.12766229546297930  0.13785815334390067  0.14893363408672830
  0.16118292057216918  0.17258761517832646  0.18290963600326768  0.19346494666969258
  0.20405286018438665  0.21470890847365373  0.22454595914499381  0.23492524247863117
  0.24569603718665606  0.25801633159190385  0.26963261046567488  0.28038867546696422
  0.29124650984671985  0.30243058084254970  0.31439247169516543  0.32632901976384276
  0.33699890441122099  0.34674074190158044  0.35655191559972943  0.36673946276243852
  0.37692149420632565  0.38633331884968014  0.39485103972068852  0.40343075235483483
  0.41277359790516149  0.42218062102078530  0.43125929052541284  0.43944501402288993
  0.44781649587476674  0.45612860311722536  0.46543379741356966  0.47601892654509970
  0.48740155728574197  0.49883853560451091  0.51011022065680500  0.52180897769561407
  0.53424732131398456  0.54607493230758752  0.55683731335143283  0.56728253863997979
  0.57776906354796187  0.58920115751555191  0.60156420617743278  0.61387924569436714
  0.62533407502968119  0.63573505807724917  0.64582097460304577  0.65601049090055152
  0.66608206973851947  0.67598489201370771  0.68607510148663053  0.69654247803493319
  0.70733321778588809  0.71843534666352027  0.72889553048540989  0.73928699546874410
  0.74954757302063157  0.76011032631792397  0.77067870359297819  0.78023500578544636
  0.78958067364145867  0.79949752453481959  0.81019054904520316  0.81991554060032412
  0.82925454382279462  0.83954420174905597  0.85038877452626016  0.86116365574386455
  0.87191637638872777  0.88343376849280075  0.89550174167670360  0.90727347498989253
  0.91850824495545602  0.92975517429695631  0.94082823400577242  0.95100929024905256
  0.96188161206267941  0.97332969316576434  0.98635552549883387  1.00000000000000000
  0.00693320333909959  0.01689329398741786  0.02796549299484927  0.03862893031977507
  0.04894705761901971  0.05900260455545955  0.06839746918447787  0.07724705989196125
  0.08640045941276919  0.09637254165921448  0.10685815757810257  0.11708140834970482
  0.12700233319773999  0.13676888881310209  0.14688346827556384  0.15888741919936758
  0.17102316384951394  0.18251913250236437  0.19333673341459920  0.20351781098750860
  0.21459851899277646  0.22507065338744442  0.23507477978491936  0.24500909226428180
  0.25483841457196504  0.26482214958005090  0.27429189115975444  0.28366834643934918
  0.29389736818664852  0.30471091452969129  0.31576669470048996  0.32619186558752955
  0.33685204841419730  0.34772417295465452  0.35844309307633071  0.36896591398407413
  0.38042714520311499  0.39356330882989066  0.40572556816943295  0.41746970883530060
  0.42909786632820474  0.44149670806052771  0.45385801053519520  0.46532679830165774
  0.47575830874882141  0.48587628002225053  0.49602368635087918  0.50701327292509057
  0.51759062278941226  0.52819202756945760  0.53909214794055105  0.55058270933740050
  0.56096930096759789  0.57114324433272745  0.58105628145694499  0.59080325192418293
  0.60010804888970748  0.60930707157013952  0.61884017503262434  0.62870461796248944
  0.63905240310962297  0.64948196622215504  0.65999588844379653  0.67032436048825861
  0.68094267245147078  0.69216666748475320  0.70378779636300537  0.71648367829965420
  0.72772084316090491  0.73727731544911401  0.74637366252390924  0.75588440537965707
  0.76624146050766340  0.77649662927322749  0.78644936117326436  0.79628551118224367
  0.80675388457357988  0.81752360022205595  0.82947928357789824  0.84125053933636151
  0.85354643176335254  0.86560149852357093  0.87734499620971240  0.88945591132899859
  0.90003475006371148  0.91012029374638603  0.91908530892043561  0.92788575421597019
  0.93636153604396755  0.94521440444628790  0.95419716223782014  0.96442792910876984
  0.97433725640873126  0.98344001491407695  0.99149691574374055  1.00000000000000000
  0.00321996124577136  0.01305270749786545  0.02326816309751802  0.03366692318972868
  0.04418451277197055  0.05406978630871326  0.06377733389304568  0.07299913422743703
  0.08251585318238494  0.09203272319711460  0.10141699133953172  0.11059543082461180
  0.12009629777982940  0.13021814583954994  0.14132450795638490  0.15246883298146863
  0.16386829947752055  0.17527316886461705  0.18602962984392268  0.19593290128244242
  0.20559403333620868  0.21596699625840540  0.22679834500505733  0.23719477049816681
  0.24752248807431712  0.25846615253514860  0.26944652769937028  0.27968052023713308
  0.28980128500068342  0.29940867391107900  0.31007379446876759  0.32060783650413122
  0.33222517055798373  0.34465742340482197  0.35681510630006058  0.36841866522252209
  0.38031568853597997  0.39324325860242038  0.40437458685989369  0.41578744366851295
  0.42580238967362039  0.43621416968058269  0.44700099711639735  0.45776763023930234
  0.46766064540317365  0.47721065924090517  0.48673949443869408  0.49645294078364433
  0.50629535034758555  0.51622002087254015  0.52699623349100677  0.53783586766953773
  0.54908633694176689  0.56015788396322974  0.57032770683576950  0.58065018706336502
  0.59150700759412878  0.60236109629644830  0.61315823866171715  0.62329501233504614
  0.63425820869717020  0.64588104611949415  0.65732856904896309  0.66861312822677943
  0.67921152807204765  0.68931873268426314  0.69905604933399834  0.70843266532817506
  0.71810298096484704  0.72775670048326280  0.73756133813634406  0.74738432189307225
  0.75684918664709178  0.76604117072206368  0.77497259262857121  0.78354532146553435
  0.79282817508658221  0.80297271958282102  0.81375452230239664  0.82614251020974061
  0.83806809861428411  0.84927092360104006  0.86023902860204360  0.87169885474661746
  0.88306464694139741  0.89360823290477931  0.90345886673727216  0.91338634405860475
  0.92348283991210134  0.93428456738237742  0.94501354840626672  0.95587054359096579
  0.96640857123991541  0.97679799186509275  0.98813142943839327  1.00000000000000000
  0.00570004209426917  0.02121156093180722  0.03751726337399346  0.05074298902258695
  0.06264451840202269  0.07536482728415858  0.08897880240274772  0.10283001158548979
  0.11391962399668858  0.12366459086315096  0.13323768202968314  0.14326746117778913
  0.15310648632960183  0.16236676425782215  0.17260410934879861  0.18285850302341453
  0.19369391782733469  0.20429796912248852  0.21473064221383747  0.22569236657425984
  0.23645166772811826  0.24769470104631877  0.25785644445583472  0.26793099701084122
  0.27755359212351005  0.28701291280478619  0.29642102970222978  0.30603247519224924
  0.31686225645877031  0.32874955716919080  0.33946228393844768  0.34955389487495525
  0.35963820304630950  0.36994401968074392  0.38020274045675145  0.39070606596949675
  0.40205693995093722  0.41341902378217205  0.42499036039211940  0.43597251955705651
  0.44794718036678843  0.46051855931902835  0.47345887706988249  0.48672192437775014
  0.49923867688932788  0.51036511013324526  0.52020185072328451  0.52890311173428761
  0.53726074954552305  0.54557490590665481  0.55336754139605371  0.56111726593701372
  0.56932656791054692  0.57800058001931565  0.58761682661998715  0.59832534503787227
  0.60917431448975923  0.61919395147325706  0.62832676174125435  0.63708629737228062
  0.64573880955378193  0.65486809973976534  0.66402159362487156  0.67426662540146354
  0.68505176769760578  0.69513743550935414  0.70491518466434788  0.71429135297675328
  0.72431392287479346  0.73379094850537863  0.74376709433292487  0.75423452216144127
  0.76532007823453696  0.77664529889250555  0.78808176517328243  0.79821037834906061
  0.80771770877129767  0.81671964338624092  0.82579379642184991  0.83571021533420264
  0.84628279265218631  0.85864662848703743  0.87215614556580001  0.88230614154031528
  0.89194727104655502  0.90116342442759545  0.91070569926360156  0.92018018258840428
  0.92884462421977476  0.93724982231182041  0.94611533315116780  0.95568494653087666
  0.96551724879410361  0.97559166336859826  0.98696893924208795  1.00000000000000000
 -0.00008246459329359  0.00072687523392312  0.00178012563004577  0.00324375074958487
  0.00530358060063499  0.00769093546804007  0.01041710590000710  0.01370944243737978
  0.01761497940071572  0.02161514901846006  0.02587773851752637  0.03068975958144130
  0.03573411017247163  0.04131444231143946  0.04766784723372006  0.05413983949315581
  0.06048927073762913  0.06749254509342120  0.07532791298713666  0.08268081297405361
  0.08958147435749124  0.09703885632204420  0.10452276030139766  0.11233240421706056
  0.12040260759345409  0.12868157824491572  0.13696939601467331  0.14566249812397006
  0.15503432960517341  0.16550392246454174  0.17614505733795438  0.18603768007765725
  0.19596243559548621  0.20564503107688664  0.21508052609066675  0.22445350989139543
  0.23407000282486107  0.24422011512308581  0.25489666427007790  0.26562172905177578
  0.27599898126195366  0.28634091608692086  0.29692561497451336  0.30810766363211167
  0.31922116276186929  0.33023085730217216  0.34142553707098228  0.35292744362260375
  0.36507123948269460  0.37771168801469723  0.39037970654979209  0.40285513713658999
  0.41530105867162981  0.42729487378538250  0.44012432184100997  0.45284390760123910
  0.46570016401192210  0.47857813543257671  0.49134273670967271  0.50412745510444601
  0.51743479252985303  0.53101446789988793  0.54456809242500648  0.55883571016654143
  0.57356574066434574  0.58766579235431893  0.60157450862173167  0.61605972115739427
  0.63038427641589190  0.64439070567506884  0.65813962228840539  0.67179610591850969
  0.68553044089829940  0.69930416044490418  0.71221465894816705  0.72472143792656984
  0.73740760590042265  0.75047831661898545  0.76384263933476104  0.77708127484695688
  0.79089585889029113  0.80465568440847934  0.81829958310167372  0.83183563227761259
  0.84498685187572486  0.85873171098969214  0.87249130433034860  0.88608661603855376
  0.89978278296559500  0.91385529804616095  0.92806237154659488  0.94268312402503873
  0.95672971553293340  0.97082574594241022  0.98538730413224074  1.00000000000000000
 -0.00203015958115191  0.00887677072147188  0.01806535583329752  0.02868944835419690
  0.03997660224657403  0.05394694237856776  0.06706694189504714  0.07812765233074723
  0.08846908640534581  0.09873397639357920  0.10907150313780099  0.12031265954155561
  0.13057157087472088  0.14141609174826092  0.15195854661141431  0.16224207233704585
  0.17229254253699020  0.18194284600688221  0.19309187451069587  0.20476745885130310
  0.21572535736017187  0.22578219266600263  0.23446600217147587  0.24239398802993503
  0.25049049673341722  0.25913030134381410  0.26761214505660336  0.27614536033695142
  0.28434429755221097  0.29334899086432209  0.30288002822508897  0.31246627307937996
  0.32185621598152142  0.33167415801747585  0.34173334930920801  0.35150730211819203
  0.36130043347136875  0.37101666791312560  0.38092938074173166  0.39137133221849607
  0.40293073789074474  0.41580053290399077  0.42895211055257487  0.44083532619287935
  0.45009538972235102  0.45921767738617691  0.46801059466996142  0.47770358745317365
  0.48789265041377272  0.49873440823258625  0.51033118804252264  0.52214417739483732
  0.53405188420313865  0.54516559479289861  0.55602414676382328  0.56672376560170168
  0.57714498243897350  0.58838198968805200  0.60036967114601059  0.61223305798469596
  0.62293371408002318  0.63410540763185586  0.64531489418414412  0.65616537273949127
  0.66640291313276467  0.67648924137158206  0.68682960484821043  0.69673630851352519
  0.70713564650302096  0.71693373712662056  0.72708461376195199  0.73850414080520888
  0.74915530013728060  0.75934899786207755  0.76988429305625850  0.78119368107739862
  0.79203964490414280  0.80185213772081665  0.81194319561215800  0.82367176469954129
  0.83505207319414410  0.84693822445610234  0.85818778190749501  0.86850596243417477
  0.87912295591506207  0.88972509471683070  0.90038042226241610  0.91192522158983147
  0.92512066450685948  0.93820827982156640  0.95027381448459947  0.96041619382695353
  0.96977622053760570  0.97924652673780554  0.98940699734428372  1.00000000000000000
 -0.00187339074260889  0.00969269780920686  0.01888267346832553  0.02887024599406180
  0.03893685188600979  0.04884902370695161  0.05825179999800446  0.06875320580216895
  0.08018829234875174  0.09133903058952607  0.10197775858385329  0.11342800060875445
  0.12513317315129280  0.13665986904563801  0.14727989443923062  0.15760929454430528
  0.16773063634392091  0.17764336049622495  0.18801474572262938  0.19891913081194348
  0.21086319308339585  0.22297100408296583  0.23494461339570533  0.24869003709755694
  0.25794643850059401  0.26787259517373785  0.27822380456748641  0.28877935982823105
  0.29890365315672940  0.30887414404538049  0.31992835134698222  0.33117487950561419
  0.34170849504516698  0.35230130378997376  0.36394417063974777  0.37611536101973653
  0.38848056734428893  0.40024664898941276  0.41150021323457270  0.42222648244097527
  0.43232030053674170  0.44279594760865548  0.45298035588798519  0.46253777465050666
  0.47158896449023230  0.48055370750108212  0.48958966069595489  0.49909436392937012
  0.50925981491317807  0.51866550368442810  0.52686467821241589  0.53555930258374651
  0.54506697751137412  0.55587166394905962  0.56630073780510093  0.57594982435997721
  0.58520747238750193  0.59465631103348993  0.60446600463487099  0.61482939496998279
  0.62540543438164353  0.63564512154214858  0.64576616801522135  0.65591856407185645
  0.66622295356919559  0.67658711871859933  0.68707265117375804  0.69777168497933739
  0.70843918139065043  0.71833028895990048  0.72741030361742676  0.73693440090475026
  0.74754367703451996  0.75836110365394138  0.76860313827105498  0.77858807224714377
  0.78815510295633140  0.79698000310093042  0.80550999468630824  0.81469800802126657
  0.82454231105348796  0.83418581632404698  0.84340328286646760  0.85250037068890450
  0.86246535300230531  0.87256004297146994  0.88306705300788635  0.89365853180208943
  0.90789289970040898  0.92359150966021908  0.93728167337104562  0.94922856904270003
  0.96086231918378262  0.97351314789509380  0.98643666726895762  1.00000000000000000
 -0.00354979824560434  0.01126125695100674  0.02450636325989322  0.03695322399725697
  0.04808683353967204  0.05819011061648802  0.06816560756131915  0.07816122705910529
  0.08804861433462007  0.09771995443133108  0.10785002035727648  0.11817548844059222
  0.12860305737988992  0.13932519674297916  0.15037783864011459  0.16196219930249126
  0.17251017768399599  0.18293771380244125  0.19293637608781594  0.20302594086204409
  0.21262584919055694  0.22164213608384342  0.23027749526721542  0.23961789207851181
  0.24971973924273727  0.26078677029537733  0.27129182215288000  0.28105361353335206
  0.29073920098084433  0.30083797352341951  0.31155638560523885  0.32132552381008406
  0.33104903212879699  0.34078221496673256  0.35113909433537716  0.36187681901844915
  0.37326936504160185  0.38380643971646250  0.39441869177159528  0.40468960163087397
  0.41458527198754980  0.42398008757932448  0.43294952053640745  0.44257285866227342
  0.45306570597568674  0.46415985090262024  0.47529428835507515  0.48628578935286149
  0.49725262586608127  0.50869785451720062  0.52080265034954676  0.53262518777935697
  0.54465462735917625  0.55653160482987696  0.56811373054509606  0.57912504232395434
  0.58912408217696199  0.59879451967861042  0.60868003867466636  0.61891088435286745
  0.62980482515646197  0.64098615642484513  0.65089946240734764  0.66045993729285601
  0.67002726414303737  0.67962979739196749  0.68885695492997800  0.69829326899746647
  0.70797443562023676  0.71865008416109999  0.72977983911851529  0.74158581410982771
  0.75373232697153481  0.76618212595172175  0.77813890241541528  0.78930383382058755
  0.79928076460653208  0.80888477344467813  0.81884376311760387  0.82934404302979459
  0.84085834340622556  0.85232669334192912  0.86318849008064957  0.87358593170271115
  0.88402178303396017  0.89512707284409454  0.90661920226096815  0.91691423554923346
  0.92710992578278462  0.93699894400433170  0.94868137001967789  0.95958728376198899
  0.97029561835992606  0.98038189672793319  0.98983681720140959  1.00000000000000000
 -0.00236371662997315  0.00868903107000029  0.01844435875655613  0.02818009681935569
  0.03892385967390347  0.04975036372232555  0.05971154973911584  0.06938363763703295
  0.07916920375550600  0.09015830262796388  0.10163786108112857  0.11298113389398848
  0.12424035925525535  0.13560493971015214  0.14654191812081477  0.15720948077572092
  0.16832313129510210  0.17941050044216106  0.18947914162512428  0.19896717702418570
  0.20929530925801115  0.22085057002493910  0.23271721036219076  0.24468602131883840
  0.25744314629209719  0.27044985924700343  0.28298930777437992  0.29527947159892559
  0.30700266986904567  0.31843409989821186  0.32949196788937474  0.34013497220528655
  0.35037101825854372  0.36003308264363054  0.36929556906081795  0.37843917060320303
  0.38766000352784241  0.39702252982704650  0.40624586442748173  0.41620469189473253
  0.42734923573051153  0.43821371282404875  0.44859237142009750  0.45898520226194378
  0.46930008102222981  0.47937983037235149  0.48950326953875034  0.49998347317733199
  0.51133117006650952  0.52166775641632734  0.53189706817048521  0.54210484675056381
  0.55317704868427420  0.56430262554005484  0.57404543382442719  0.58341522123693956
  0.59264649238530276  0.60206665752746347  0.61171719209374098  0.62102884964253158
  0.63132628770829446  0.64195769213193332  0.65340361568423055  0.66458756601722735
  0.67676448817990087  0.68880130927361860  0.70060434634389346  0.71255183408756262
  0.72406489100816862  0.73550219781970416  0.74690566456743390  0.75798455573227641
  0.76872669620190370  0.77924436436765976  0.79053038867601688  0.80322574463730478
  0.81550616302554146  0.82590859087057233  0.83550046788836385  0.84555610871359088
  0.85606996942957514  0.86511888764862788  0.87290474280837893  0.88146976461306803
  0.89120963182436086  0.90159042087767538  0.91203436613974742  0.92292749339709113
  0.93372241622988716  0.94367268137565419  0.95279110165780845  0.96173955820553048
  0.97064476763091923  0.98018639001871433  0.98997076410095119  1.00000000000000000
 -0.00208424745281562  0.00903978656618028  0.01901325994054661  0.03035653265734813
  0.04196518435697277  0.05352856219471526  0.06415158630549594  0.07376952840252204
  0.08264453935099035  0.09216432913013500  0.10205538333183149  0.11248037524738512
  0.12342086963548390  0.13410085424592710  0.14482959951320293  0.15509929846265258
  0.16462349409810187  0.17370190786661507  0.18276591814062532  0.19317171651239853
  0.20393829474946024  0.21459256706863641  0.22531965421093683  0.23754002664237392
  0.25149847367985118  0.26466662627832771  0.27688362086378326  0.28802038927480705
  0.29812493888075969  0.30827100265492763  0.31876209716086779  0.32962403117173883
  0.34107071369539615  0.35365364250530468  0.36596607246633639  0.37749078874416736
  0.38832951139653393  0.39853665652316500  0.40931384596518600  0.41935030572972193
  0.43097602427074722  0.44335832539264031  0.45581831125922267  0.46871564273243488
  0.48062621992556070  0.49331262177134771  0.50507079604042016  0.51579599263844245
  0.52618288142057035  0.53608244964116214  0.54569067617549016  0.55545278133474285
  0.56530705930847780  0.57585174249754945  0.58581122055218804  0.59542719720721304
  0.60546422771455488  0.61580850395117193  0.62560040886244650  0.63488586323430873
  0.64412606605980927  0.65425337690402852  0.66484717619035194  0.67515644964273569
  0.68520295053934532  0.69590228325234005  0.70736793183601432  0.71855780771562783
  0.72961161664594776  0.74032184614357932  0.75033514853977645  0.75996416235570485
  0.76962136872707276  0.77982978759003241  0.79072657216051900  0.80251800223232517
  0.81387557865588067  0.82421825479071409  0.83433535130943970  0.84496711096172616
  0.85511292414031104  0.86415344704678332  0.87246766702083245  0.88195065424230834
  0.89177250847215150  0.90166034668153616  0.91132195502724767  0.92094722391550843
  0.93037859080342700  0.94022127832556135  0.95090691362715318  0.96104893758272636
  0.97134833592098424  0.98097606853273367  0.99083925847322918  1.00000000000000000
 -0.00405857952905222  0.01210437884322486  0.02400373997760626  0.03453761439239315
  0.04528222707705003  0.05562256729159960  0.06561425048891678  0.07548788003337184
  0.08536710827269438  0.09582602361733475  0.10639335486718403  0.11700582322755303
  0.12738086102731067  0.13733665358080174  0.14698444560634061  0.15649537853932302
  0.16659020845819072  0.17722244305343757  0.18846356333012651  0.20004427281215420
  0.21153481587624437  0.22269361707680066  0.23314499314208090  0.24332323518131205
  0.25402321343392759  0.26506542501402769  0.27588569961024051  0.28611233509114148
  0.29599202840418248  0.30554936517380593  0.31498876972175049  0.32477977759829901
  0.33557987759377755  0.34799409774797763  0.35959546304413037  0.37024918664351680
  0.38045697706281512  0.39018906378346341  0.40024654508150276  0.40952221569765701
  0.41917405388418227  0.42899995283597969  0.43932665651552616  0.45065426088573263
  0.46261090750789935  0.47515785023463386  0.48730553843547120  0.49855868620811233
  0.50981469087981413  0.52157644731818897  0.53435803216221567  0.54560099179919841
  0.55480782005738905  0.56361411921810289  0.57285567315436348  0.58282870348814708
  0.59226051607405072  0.60137359085455311  0.61072328015472033  0.62066893217394570
  0.63190637394153626  0.64431121112431722  0.65707783936739750  0.66907238860404394
  0.68002410884006015  0.69058169389036139  0.70094239134765157  0.71099630030934668
  0.72096812706301050  0.73111377609906403  0.74150859135288250  0.75190799747340265
  0.76132598367514670  0.77063044068495234  0.78052536071536727  0.79127228810137129
  0.80227151241814820  0.81317752591021764  0.82406032783421723  0.83587542942508231
  0.84765188734868402  0.85888996149451591  0.86985854054625711  0.87973458634416901
  0.88914407309900512  0.89842690246324952  0.90805197427415552  0.91771398398636372
  0.92725708479035751  0.93631232250664820  0.94624237689892088  0.95758680064565882
  0.96697421408782769  0.97741609685495312  0.98812423796165494  1.00000000000000000
 -0.00224371861276599  0.00944130497106576  0.02003251167672418  0.03129907388505623
  0.04242341469245097  0.05396406236704846  0.06562098101374605  0.07697188099808336
  0.08765782994566773  0.09846225486869467  0.10928691645995220  0.11808050284013211
  0.12682056674262318  0.13585322484427587  0.14520420307087242  0.15465161083488080
  0.16385619064279616  0.17341553502721921  0.18340502926034438  0.19339748292037953
  0.20322398507096842  0.21288291021614725  0.22229277282867205  0.23164449859403280
  0.24109542347754087  0.25067830928351353  0.26105781461217020  0.27187132284834287
  0.28300853547240801  0.29524362533774295  0.30829909119155646  0.32086181278919307
  0.33202954422090486  0.34324975224026544  0.35503257149891720  0.36794505526755200
  0.38081326436659590  0.39221053203310152  0.40268427011225444  0.41318438791307543
  0.42233808167274622  0.43177341499315969  0.44193784546850745  0.45241827599094070
  0.46288515493374893  0.47393025220381357  0.48503768801303315  0.49666462928431443
  0.50772775452802332  0.51917787298483997  0.52965002307338638  0.53987389400932995
  0.55066808042426285  0.56117847761324957  0.57150698398918531  0.58097434792535341
  0.59015217403232734  0.59922661263321519  0.60842065890593044  0.61786119963478503
  0.62775496833152211  0.63784550988762356  0.64782615428329848  0.65740204406236380
  0.66785164576665279  0.67912597389175478  0.69044819476689123  0.70137916675640621
  0.71228565782882325  0.72366919874686053  0.73549067376002242  0.74666378353770690
  0.75818481918012515  0.76803443766101520  0.77777836139708312  0.78698905701070598
  0.79735910807276733  0.80804615684565850  0.81945497065864426  0.83170811260418243
  0.84339907931143954  0.85430877002217587  0.86404760321679797  0.87339236829302269
  0.88256629742028447  0.89178415173281367  0.90205281103868085  0.91321737524009405
  0.92713376662259628  0.94058192988513778  0.95144391694804287  0.96213656410662352
  0.97221511583957887  0.98236079679325450  0.99115808816979478  1.00000000000000000
 -0.00202865574510478  0.00990971212024490  0.02067097547085520  0.03115429786211701
  0.04161699039083959  0.05166508215491008  0.06118337142385991  0.07006151006460233
  0.07889647368779036  0.08799561215386970  0.09699255569074301  0.10631263328675533
  0.11589098130150653  0.12571385357929407  0.13608085247752993  0.14621037403002812
  0.15599697133443546  0.16598295761771106  0.17668686853312460  0.18767329328404955
  0.19824291246683981  0.20871332754448491  0.21925404633098464  0.22992998477189527
  0.23869751346641621  0.24778238145081238  0.25714039674593991  0.26718181703774596
  0.27662282608923644  0.28567594615332481  0.29461789113523951  0.30390178466992679
  0.31346986213897471  0.32323243662265244  0.33289189318396617  0.34221777876056975
  0.35161311006987339  0.36117000822837170  0.37067883527430734  0.38021755749003733
  0.38990853478399184  0.40028638347661871  0.41121991342133252  0.42282085489759813
  0.43490504825623105  0.44632895795171340  0.45714079901805044  0.46772855065119168
  0.47888118230874327  0.48992719867793655  0.50035060054016944  0.51074721436817627
  0.52163144747833701  0.53325277588215680  0.54569320571828017  0.55917983026980589
  0.57177811962681591  0.58342206296342025  0.59553863224340597  0.60729173792340019
  0.61937545819231243  0.63183951868153232  0.64455550017888297  0.65701477099830552
  0.66848407708584201  0.67895042713925335  0.68929018246642615  0.69971384976273054
  0.70985097444324530  0.71929594218853210  0.72888555111331432  0.73872812531184917
  0.74846357088023219  0.75772929039917014  0.76686908114310270  0.77728406214537504
  0.78779103305456588  0.79830259073379872  0.80822289575071571  0.81846591657031098
  0.82985739266075198  0.84147301817302278  0.85295222449342356  0.86370395533725630
  0.87412542800726878  0.88531956652326038  0.89731004755089605  0.90811175392519128
  0.91946441569799919  0.92937149447755896  0.93991501459265636  0.94995655830989545
  0.96069065529890740  0.97249511819368051  0.98565035930511025  1.00000000000000000
 -0.00187082345468353  0.00857655894499741  0.01805013136189440  0.02928392928871800
  0.04040019041332632  0.05032718101154843  0.06009870918872430  0.07019376560200986
  0.08105253043692905  0.09221702587844280  0.10381847999839341  0.11645288185878436
  0.12808436717613558  0.13954185920399978  0.15015551820893827  0.16041384494253838
  0.17128699855401153  0.18223972601474833  0.19276556479110810  0.20302856821075316
  0.21390070449505882  0.22484926729327051  0.23475620435469197  0.24438339093828060
  0.25408704157110762  0.26378860350727995  0.27402253079630562  0.28483658702750131
  0.29549511641964527  0.30575945715948100  0.31559872042907100  0.32602736292243945
  0.33620482653444650  0.34666923562222091  0.35702127678925122  0.36761102399230239
  0.37863972497127618  0.39039914723418168  0.40160154929646896  0.41217158860086672
  0.42286106168827925  0.43296668461861232  0.44307378547017567  0.45266124650063760
  0.46337257540503285  0.47431924785770690  0.48501341383066476  0.49495425846934915
  0.50538739328935500  0.51682532154720395  0.52756748172476342  0.53822903918788312
  0.54884894022309227  0.55960570713441016  0.56997943676698759  0.58017340962266273
  0.59098554727905761  0.60168352506842748  0.61183670208977892  0.62162569076261631
  0.63170012520435481  0.64278153573765329  0.65346036961627607  0.66444684566527379
  0.67498263062976682  0.68597076113152744  0.69772858491171563  0.70799980877701507
  0.71789726347542082  0.72766294999247105  0.73842584881553097  0.74992618269713107
  0.76108202608380182  0.77175810810606316  0.78255299919082832  0.79522579983312269
  0.80962253309857868  0.82347434267912945  0.83552682463219652  0.84588114309450391
  0.85560338406277237  0.86538752586904621  0.87514911560558462  0.88457865117690171
  0.89390805291775766  0.90286989553261376  0.91182942486657403  0.92072606115425593
  0.92984476065141941  0.93906964761713008  0.94818754271101602  0.95689423313683508
  0.96689957006162530  0.97681622143492775  0.98833516829223111  1.00000000000000000
  0.04485754120602072  0.22339007969045707  0.25359626859546563  0.27077586842992712
  0.28131727173434085  0.29050388368624214  0.29857055160041168  0.30620869654447408
  0.31371349487895661  0.32134867318081789  0.32872599134392821  0.33585235715501083
  0.34289973201799334  0.34990347627353452  0.35663834743464484  0.36293977786012349
  0.36916100057501644  0.37495497269290745  0.38071564409157493  0.38646605910159781
  0.39224810435545415  0.39870650595725776  0.40482740838565801  0.41069289363210887
  0.41656287752934557  0.42239772739545550  0.42811697764624546  0.43384667187349124
  0.43952506322839385  0.44529536235126954  0.45151376475639765  0.45788353741457472
  0.46434239551695572  0.47079956195194222  0.47684527131587218  0.48237663847216389
  0.48769762905661795  0.49309394913003479  0.49863412138058050  0.50441350135206453
  0.50996445996630824  0.51520239182747563  0.52051180954910292  0.52592006567188654
  0.53126463427419346  0.53683950456303542  0.54262522817020176  0.54812522204878833
  0.55384557078310104  0.55925764960621471  0.56499747698911229  0.57105075852689624
  0.57747175091621494  0.58369526674032890  0.58931545729393342  0.59455480110367209
  0.59980482674134561  0.60527135153715561  0.61099621099709700  0.61692710141964002
  0.62298176715881803  0.62912465224106084  0.63556054633824766  0.64173319052960354
  0.64820317833579544  0.65429819432288561  0.66067300447794608  0.66691481835608957
  0.67365218921686809  0.68041502791536090  0.68736133677685884  0.69437266614754900
  0.70184655134285179  0.70963121208924218  0.71689445994958245  0.72397893601165753
  0.73079771925228743  0.73783486947904886  0.74485155085298771  0.75189412124635435
  0.75916732646936358  0.76697222836276002  0.77543006789658209  0.78418888496567007
  0.79304279826150426  0.80273356759727610  0.81292197557742096  0.82356757087357357
  0.83384137434277361  0.84480801805341077  0.85714460439982576  0.87152642657114654
  0.88901224614394103  0.91054656067471762  0.94067193193830256  1.00000000000000000
 -0.01855691547742602  0.10919826913063523  0.14443043176926607  0.16492022864892189
  0.18050500136357353  0.19493897262792004  0.20801904112769143  0.22005120618919355
  0.23142859833951154  0.24272677629930012  0.25284746847613188  0.26231064517632230
  0.27103659733676966  0.27947157656847499  0.28754683627701433  0.29629138795690962
  0.30490153481633953  0.31349543307767280  0.32098789069071421  0.32837892132968372
  0.33521709675788169  0.34159626577264912  0.34812751116395180  0.35476870060270055
  0.36125509385406313  0.36760238449254296  0.37348470364208897  0.37943612998627035
  0.38547196659467731  0.39180043148749039  0.39798652733445278  0.40394411969530197
  0.40979483554636076  0.41567263430388368  0.42151818927933055  0.42740420024718351
  0.43309006157283758  0.43865607060956419  0.44413204429339614  0.44959504386126992
  0.45520300228481864  0.46080229615468765  0.46624911941746650  0.47173542108228278
  0.47694471440251168  0.48239472739750389  0.48838365591925920  0.49438986502507348
  0.50018601124099538  0.50587110158659510  0.51151762692551417  0.51686170952520816
  0.52297952232056533  0.52913471161464876  0.53570899102730873  0.54264604571077513
  0.54971465550352816  0.55643854684606198  0.56255314424274694  0.56833563329281445
  0.57437648224741156  0.58039008644756762  0.58652500626580784  0.59275656000723287
  0.59897055632452711  0.60534504700785097  0.61178408068587098  0.61804538620447858
  0.62403053943948239  0.62967560447906801  0.63487465508920227  0.64032697807180694
  0.64574123840079090  0.65172816137379530  0.65813872504670279  0.66450469938002021
  0.67066156750980954  0.67666629908156983  0.68307668833849033  0.69049863104443698
  0.69903755168413473  0.70788178059436735  0.71665049294318639  0.72535351607503729
  0.73401478465560421  0.74290398482054765  0.75237004169571708  0.76254854766277014
  0.77364384187935176  0.78508079052802771  0.79846287692611262  0.81372236081799154
  0.83074738992976449  0.85413480678621367  0.89166533074926135  1.00000000000000000
   4.0370982944835940E-005  -1.0000000000000000     
 F F F F F F F F F F F F F F F F F F F F F F F F F F F F F F F F F F F F F F F F F F F F F F F F F F F F F F F F F F F F F F F F F F F F F F F F F F F F F F F F F F F F F F F F F F F F F F F F F F F F F F F F F F F F F F F F F F F F F F F F F F F F F F F F F F F F F F F F F F F F F F F F F F F F F F F F F F F F F F F F F F F F F F F F F F F F F F F F F F F F F F F F F F F F F F F F F F F F F F F F F F F F F F F F F F F F F F F F F F F F F F F F F F F F F F F F F F F F F F F F F F F F F F F F F F F F F F F F F F F F F F F F F F F F F F F F F F F F F F F F F F F F F F F F F F F F F F F F F F F F F F F F F F F F F F F F F F F F F F F F F F F F F F F F F F F F F F F F F F F F F F F F F F F F F F F F F F F F F F F F F F F F F F F F F F F F F F F F F F F F F F F F F F F F F F F F F F F F F F F F F F F F F F F F F F F F F F F F F F F F F F F F F F F F F F F F F F F F F F F F F F F F F F F F F F F F F F F F F F F F F F F F F F F F F F F F F F F F F F F F F F F F F F F F F F F F F F F F F F F F F F F F F F F F F F F F
  <DiscreteSampler_grid>
  grouped_processes
  1 # 1 for a reference and 2 for a running grid.
  10 # Attribute 'min_bin_probing_points' of the grid.
  1 # Attribute 'grid_mode' of the grid. 1=='default',2=='initialization'
  0.0000000000000000 # Attribute 'small_contrib_threshold' of the grid.
  0.5000000000000000 # Attribute 'damping_power' of the grid.
 # binID   n_entries weight   weight_sqr   abs_weight
    10   10   6.799511806925989E+001   1.262324325677674E+004   6.799511806925989E+001
  </DiscreteSampler_grid>
