  0.00393854650038757  0.01065899216984960  0.01954955667766132  0.02836137795325750
  0.03734326078625456  0.04693000753886498  0.05731952399801141  0.06886231727012554
  0.08136612874519324  0.09384106433548124  0.10588533116091124  0.11730029227013949
  0.12904425756954724  0.14106560293714729  0.15260926176757073  0.16377038273347627
  0.17499767332139543  0.18602877352520711  0.19599756380217931  0.20538981972501752
  0.21455323511620478  0.22383371368964824  0.23343875478850926  0.24324391512226962
  0.25317900296704815  0.26304241699510494  0.27293250403800107  0.28341458872551062
  0.29439330587095214  0.30556567489890291  0.31717091762199451  0.32934664058754026
  0.34174341843118611  0.35395599493725938  0.36494290780429139  0.37551387789900875
  0.38512415745982653  0.39553647167317396  0.40662117554389809  0.41820892922708380
  0.42921215203125013  0.43978610714846361  0.45081009882389850  0.46168612066274040
  0.47254767938388842  0.48311039612784462  0.49417044879056010  0.50584085626269526
  0.51766304595903656  0.52790705367041446  0.53768452615864426  0.54786116517595673
  0.55947993683162522  0.57007146278415510  0.58038955375746926  0.59056469395236055
  0.60002307959484635  0.60938181202278208  0.61809161374997945  0.62706940475668604
  0.63614759313871616  0.64628128311475630  0.65751954664757273  0.66882988446877878
  0.67940009604222129  0.68995947582604678  0.70043852330638490  0.71141015524767903
  0.72269297514363717  0.73415636387698036  0.74467155226876991  0.75465662188525617
  0.76420500486107379  0.77364933198700725  0.78319280072337794  0.79231386143632088
  0.80087312033033464  0.80940930363922203  0.81815444106161128  0.82692948694094004
  0.83610986992589009  0.84567061728378956  0.85502470272720055  0.86439488796309849
  0.87444433911514086  0.88540349325830303  0.89779487269390723  0.91096533860319173
  0.92303841183184354  0.93498318407149150  0.94707755127195170  0.95847339831526557
  0.96865623520088551  0.97925891143065202  0.98994803703843237  1.00000000000000000
  0.00767576027814070  0.01341295722612956  0.02341369119048307  0.03410110622378031
  0.04432394435125286  0.05497257639134361  0.06603153881440252  0.07736714263574533
  0.08870325801349511  0.09980818972445178  0.11042766121915132  0.12118924810422102
  0.13234275623502872  0.14379187077697145  0.15520305541575855  0.16581906305164582
  0.17685358527927575  0.18779675667691650  0.19879471213570876  0.20939972949931410
  0.21956728973896072  0.22945231877735200  0.23897947267311281  0.24866715912546242
  0.25895172841805725  0.26933949045121541  0.27956620649460617  0.28990385757713599
  0.30042594130839217  0.31096731622858087  0.32124169960505961  0.33173577099179485
  0.34353225453157260  0.35621073959184946  0.36886161730158140  0.38144825303530339
  0.39384063273822240  0.40567854148062371  0.41710197342819583  0.42711209495580821
  0.43764486980376938  0.44793619151391284  0.45786931286697374  0.46686497360364032
  0.47622828650414689  0.48589081894860597  0.49613031375562139  0.50599456474316806
  0.51622009716951767  0.52605770662134133  0.53581203832132906  0.54551123794427714
  0.55580937874742231  0.56626625498272820  0.57736303373044362  0.58896304617928164
  0.60112056966077609  0.61361790258521332  0.62585993439250120  0.63722633603713408
  0.64746489986946043  0.65715820455851182  0.66691844680731027  0.67688044417680793
  0.68704575962712167  0.69709679037796135  0.70653296573556623  0.71572405647218873
  0.72509926289731141  0.73517186518736988  0.74539797204173142  0.75610414695241090
  0.76720416795453750  0.77753034371903651  0.78700424590521001  0.79630558273010554
  0.80580508620431024  0.81512035419902584  0.82408255431896904  0.83310429432900346
  0.84199917016478265  0.85134325547139511  0.86147610195653213  0.87247368043504847
  0.88221768666313349  0.89220246066610731  0.90213817603072632  0.91332902172320773
  0.92467730445279883  0.93470114711647345  0.94484909317377319  0.95421598233469895
  0.96469215866559710  0.97534402589320002  0.98735539029992236  1.00000000000000000
  0.00326613236679374  0.01384217474168544  0.02567789797738430  0.03635804434092203
  0.04640257193134610  0.05632172562258154  0.06683821094215954  0.07691540659796470
  0.08685035394320191  0.09678481493743746  0.10717770723962800  0.11812261406519740
  0.12925203833223767  0.14054455097756449  0.15184319417579345  0.16327130356678399
  0.17473427709957229  0.18559785995664388  0.19659917298181268  0.20750945652401959
  0.21843507345379432  0.22930649724070884  0.24021462076484429  0.25085484389955420
  0.26106567687940646  0.27092329020587547  0.28117760036777617  0.29150374181687150
  0.30274537120779421  0.31456489026402579  0.32732351419341094  0.33754376941280767
  0.34715774170767555  0.35703063543943697  0.36709893386984932  0.37667214403674715
  0.38598066988102192  0.39506266014853830  0.40459649345198628  0.41465465560981929
  0.42522984679542541  0.43579991791706585  0.44603187187059146  0.45547358216030409
  0.46500461667852788  0.47512717581465153  0.48613029515461625  0.49783613871169990
  0.50944156056967638  0.52109568270923490  0.53176376214737675  0.54213799753219660
  0.55168410501281306  0.56148247415609598  0.57192470884499980  0.58309087040635277
  0.59407474807268335  0.60457912706305406  0.61429044403845123  0.62396858097373742
  0.63344378681205360  0.64274598071317823  0.65235612554474232  0.66250921806961960
  0.67350608629364273  0.68635428102209284  0.69915426157323002  0.71099134951145759
  0.72165433470536711  0.73168876087922963  0.74100504254553035  0.75014620979823710
  0.75973491050552855  0.76956130279014801  0.77930004636748307  0.78900027488670965
  0.79912994634863677  0.80923088372782503  0.81902719057866868  0.82878205606372390
  0.83889681823203666  0.84968447549228376  0.86066098828579318  0.87153917033966077
  0.88247922058564132  0.89385614660036594  0.90746368879630157  0.92016148234614559
  0.93265307923971752  0.94301263184816320  0.95288943629077250  0.96266491162734213
  0.97260301173260311  0.98256007979017479  0.99273561449148040  1.00000000000000000
  0.00648157184843413  0.01937282192486415  0.03240907269168261  0.04359080962013191
  0.05332594533332117  0.06221005588576642  0.07083074721161881  0.07956614100960419
  0.08916955279972166  0.09941014710315882  0.10982804857514847  0.12024588379648686
  0.13081051847484251  0.14159140748228147  0.15215447075274247  0.16233405871911927
  0.17218077479068583  0.18226815126116275  0.19277125339048667  0.20301692006934924
  0.21248768872555346  0.22235595970531585  0.23301687298664586  0.24456004940077250
  0.25553329233196587  0.26575414826810673  0.27602116161460283  0.28625394155319867
  0.29726569763323990  0.30990784287940010  0.32241626417273594  0.33512332045206555
  0.34646365444487687  0.35785476269510219  0.36989953515617596  0.38242088558154108
  0.39518012100733080  0.40816719251730044  0.42015843066073288  0.43112530207938149
  0.44163413958224401  0.45237005092862581  0.46351737410203059  0.47492588776905925
  0.48623641402541717  0.49764142980063591  0.50942505186580744  0.52100024173678472
  0.53146256284789173  0.54139351802652858  0.55119919898279790  0.56136289486207491
  0.57124648320954552  0.58101519220329967  0.59093888996843480  0.60063803944266503
  0.60984869679161358  0.61852321218268180  0.62702463370367967  0.63592155605809009
  0.64558635316809576  0.65594984411150781  0.66624032757673002  0.67603591275158881
  0.68585081136149195  0.69607408869206500  0.70691656737239505  0.71810440602063641
  0.72949572590486422  0.74061247227089055  0.75079395095870560  0.76000109607924982
  0.76916401407196433  0.77844249044605818  0.78769430877254509  0.79783434213284377
  0.80871640896161345  0.81938905648853300  0.82965012550179673  0.84015409656087514
  0.85125328390370625  0.86237263980998147  0.87376982475687026  0.88525268589706840
  0.89607838906817616  0.90547810044693744  0.91427492524657294  0.92369592671973444
  0.93354499442358763  0.94389163787453068  0.95356557645078821  0.96341666751230681
  0.97314825435153351  0.98249293675340921  0.99114351504692089  1.00000000000000000
 -0.00007760465516353  0.00076380436552202  0.00184635387227572  0.00340763032233836
  0.00550213577793339  0.00814188950747298  0.01118595650209540  0.01453882695059278
  0.01850384633385476  0.02271713661910460  0.02713601155613679  0.03184987116489320
  0.03679078974009050  0.04249907695484676  0.04829143247871864  0.05463993867144137
  0.06148014797578372  0.06862154929966208  0.07559566005829743  0.08234960920846078
  0.08937001976832566  0.09695835403858928  0.10463136636658921  0.11231682908241629
  0.12011828279456378  0.12820913350334853  0.13629808239084601  0.14417034307293286
  0.15247057007146780  0.16154948213538972  0.17145628387972353  0.18173726450488445
  0.19167114867026888  0.20128045871576347  0.21054458016900388  0.21958932384126661
  0.22894034411589309  0.23846008745438763  0.24848384144619923  0.25931377157808583
  0.27063261815532280  0.28232621732228624  0.29423508203533050  0.30577201191049402
  0.31819579606360548  0.33081020188056703  0.34341402772587576  0.35570863006929060
  0.36742538032973460  0.37881700795824941  0.39028437559216966  0.40174792112207780
  0.41288680128186900  0.42411941328585917  0.43564987275293027  0.44764732739508017
  0.46015856454233811  0.47286231386029298  0.48587966983628933  0.49928444161586466
  0.51288533879784393  0.52588329471919737  0.53830694655461242  0.55140411652228627
  0.56459010822458722  0.57781101568507776  0.59099284239926608  0.60363574141991116
  0.61620389614297033  0.62891501412169526  0.64134219099555168  0.65389410045630492
  0.66699161495213655  0.68065420730135207  0.69447771377433698  0.70891458782048211
  0.72328875322464614  0.73710004599650103  0.75091140100140552  0.76498503961286624
  0.77901660694726060  0.79317767471698464  0.80719350771178910  0.82096914423179179
  0.83467737448394186  0.84850553749326485  0.86225048921485681  0.87645647694271234
  0.89108911575606919  0.90610250218711130  0.92133597364355657  0.93702341599014449
  0.95282342965049627  0.96874156784730769  0.98459214519294957  1.00000000000000000
 -0.00215334783992083  0.00826069078111598  0.01966429381273608  0.03077553605160748
  0.04251627114745306  0.05322128955307139  0.06358390427381451  0.07346503978586613
  0.08377070833891967  0.09482315296043327  0.10631663978449431  0.11709214621977644
  0.12782484690187187  0.13911748487436057  0.15081697873430822  0.16161986325892663
  0.17098636121345162  0.18088000349292055  0.19058767459456399  0.20250456762804775
  0.21427068834533033  0.22646785439141220  0.23721608454946164  0.24820736000137542
  0.25933053313156135  0.26996807626363545  0.27978050057045095  0.28937301943211485
  0.29873745288561687  0.30795823934450395  0.31774119405936907  0.32743067527019948
  0.33740737929280212  0.34841956467993185  0.35994420658509396  0.37121939530952142
  0.38252065975080113  0.39336719643870244  0.40497345189942735  0.41649964323478361
  0.42760675964596495  0.43817533384742358  0.44818381896943632  0.45796695714034069
  0.46828868495300574  0.47837071663663350  0.48758209009385062  0.49651063962429098
  0.50596914303523843  0.51627610914277822  0.52636285655972781  0.53568229764814357
  0.54464452425592036  0.55403422803705282  0.56349804674384174  0.57334724429300810
  0.58356596856666432  0.59418678619389986  0.60600698145008158  0.61925581621242498
  0.63295004301804692  0.64603473366310915  0.65847482114975597  0.67031188836106648
  0.68206044091436713  0.69326315066284139  0.70377991862740052  0.71409548251310229
  0.72485749589222503  0.73516579303315843  0.74503842899149786  0.75525494337368804
  0.76615033663745913  0.77642715140024787  0.78566839290690516  0.79505738217650068
  0.80450697157111040  0.81385528606040869  0.82253796382736077  0.83104125601059986
  0.84110535262212283  0.85165289829356972  0.86289571566587153  0.87360071614239132
  0.88349363453897856  0.89275477678441084  0.90237686288835972  0.91209330943998934
  0.92207180069561989  0.93172775245834361  0.94190519632344172  0.95265900919734559
  0.96422574487539714  0.97612897088746398  0.98786795004524841  1.00000000000000000
 -0.00229014203862801  0.01002383625230669  0.01974556261323819  0.02953532428144574
  0.03968900621633133  0.05094734954920124  0.06281802611991832  0.07474385433471749
  0.08663657545872637  0.09958617202343037  0.11201517149388705  0.12422629500413548
  0.13567960513924368  0.14724030727926535  0.15917219120437009  0.17105773670084914
  0.18278782052175865  0.19387764964031201  0.20414295167333835  0.21614160023369514
  0.22796591795087962  0.23910854714308133  0.24953337034355300  0.26024818186702570
  0.27073874774068329  0.28070628508226131  0.29025119623583068  0.29931136314941748
  0.30816975283477088  0.31741040895799177  0.32672692437999873  0.33657872609274808
  0.34711033607294350  0.35854768626432781  0.37061482939741780  0.38262386211750699
  0.39434014786589655  0.40584452096403728  0.41722205100186066  0.42831897934057750
  0.43866913133568763  0.44891546716338115  0.45882753754691152  0.46868304764653257
  0.47930952388589410  0.49007033634455682  0.50154491992403050  0.51217891422684703
  0.52296247415901664  0.53326719813357748  0.54387214461047928  0.55364730846130739
  0.56374035978168313  0.57328425979272180  0.58319322418510422  0.59346331005564634
  0.60388668502003640  0.61477204074315783  0.62704094808204425  0.64027376444747275
  0.65357953972180316  0.66439551683638309  0.67454958961791234  0.68407544135762555
  0.69401655290349007  0.70394130756444451  0.71370934726835766  0.72376852569564598
  0.73444347900100160  0.74524634648589827  0.75527506154574842  0.76475612272102389
  0.77503337099158465  0.78605474409170650  0.79680370568609904  0.80685858816398015
  0.81674196630145957  0.82665381680508254  0.83631249567370425  0.84568889127142755
  0.85520997855075043  0.86499100868380197  0.87511099066067932  0.88459098522696333
  0.89411527578444683  0.90324298736956765  0.91222053870102615  0.92104281413641409
  0.92987499583704813  0.93942726539095267  0.94967344865350878  0.96064669577008988
  0.97105761629071907  0.98094232419302729  0.99032667503223482  1.00000000000000000
 -0.00205148716154657  0.00790162764476247  0.01738567070398087  0.02812636044537077
  0.03961593155406606  0.05130319085344829  0.06410217258831277  0.07577750754263635
  0.08638171504008889  0.09610277628622173  0.10583543932889906  0.11597855385511714
  0.12705525375728069  0.13873095907743835  0.15003563786710541  0.16095855014364072
  0.17241497297934591  0.18498152239094023  0.19820761711968771  0.21126903481659509
  0.22354449774668889  0.23479714490977402  0.24567440594026713  0.25671863121677729
  0.26788699685066325  0.27914910908272017  0.29044885949708599  0.30209739479067133
  0.31429624549847079  0.32662289853176391  0.33774137408156035  0.34813305272063910
  0.35882145967518064  0.37099994234998074  0.38308870760590996  0.39517759271403607
  0.40613211501924684  0.41655531056981038  0.42621470904476472  0.43625379558918820
  0.44642713291001812  0.45667921423241842  0.46607310638829563  0.47499964881813594
  0.48372029713851844  0.49195677392307602  0.50022859101634032  0.50851680008315836
  0.51722969135827190  0.52670092959844350  0.53688972837732807  0.54727747482334899
  0.55792444248624451  0.56785216851787468  0.57719489203423102  0.58695310671476730
  0.59688393135447093  0.60709953967821806  0.61723060290327703  0.62726985449133432
  0.63704851044424371  0.64712708782723372  0.65789550221772908  0.66849377087375672
  0.67870753414462592  0.68885478701166591  0.69924296778372941  0.71010235030534918
  0.72108078639129480  0.73170449043157060  0.74145411213022261  0.75095726703906929
  0.76107317772736449  0.77105785524015380  0.78128404668597085  0.79195157539677508
  0.80378637072321157  0.81567767735188124  0.82643253053927357  0.83706436437595688
  0.84827713623449696  0.85973338380517539  0.87096593149664769  0.88140730125470534
  0.89129129741762780  0.90077410575055794  0.91010386472054150  0.91992520677716982
  0.92983157048887966  0.94027521811548065  0.95028883600632041  0.96040914699965640
  0.96967182711241817  0.97958767053161133  0.98958581726906514  1.00000000000000000
 -0.00241260497467049  0.00914862176057566  0.01992576482245542  0.03095475999521649
  0.04247056804715760  0.05447091431054959  0.06700623096261049  0.07977952062635829
  0.09157647256306553  0.10198591646915395  0.11217029733596637  0.12182583828951038
  0.13179502213401020  0.14221134347947528  0.15351162526004136  0.16537353321753487
  0.17812034123958093  0.19146902810921898  0.20336867989348387  0.21396206487119587
  0.22423982346041396  0.23465566276884076  0.24538055777211523  0.25554228046087207
  0.26573270835134566  0.27604841037693056  0.28626311761543505  0.29643330072900681
  0.30586478662827860  0.31637385849373428  0.32627255255101234  0.33616533491556794
  0.34610190276283909  0.35632003491443154  0.36691117878228419  0.37740028962162742
  0.38788982154070717  0.39812874274411625  0.40783057892350472  0.41705851466167287
  0.42658870492473427  0.43654058618030561  0.44720552125983953  0.45817749803609442
  0.46939006155238483  0.48092317888853359  0.49244359641173041  0.50345819194031050
  0.51410053691976010  0.52443904039633804  0.53509289843244112  0.54608827893587142
  0.55746980052989881  0.56898092735234196  0.58017321598036631  0.59066815421235230
  0.60047101286308835  0.61015027086024665  0.62019083887424176  0.63032299638033817
  0.64044589396133245  0.65017465011902753  0.65995170384511359  0.66965440788398323
  0.68065825035103311  0.69282590518583964  0.70487257417465898  0.71566241182782708
  0.72522498134484681  0.73550103020126112  0.74612314111334510  0.75708141382933003
  0.76774253237250278  0.77778291810682987  0.78900895676423943  0.79941805246543418
  0.80928327762088703  0.81887172233971817  0.82864456039494438  0.83995561757514692
  0.85152989947196023  0.86198501563868635  0.87174774884982864  0.88166813627138474
  0.89178905019795884  0.90166740217568997  0.91140584845616590  0.92173829830099685
  0.93249595010758612  0.94239417829866368  0.95232069824589649  0.96188880933427268
  0.97220489654614395  0.98158740783780818  0.99101532112290880  1.00000000000000000
 -0.00250480584527213  0.00947374099134246  0.01959971913668404  0.03008767639165361
  0.04116898455087120  0.05301850005121621  0.06467414908339710  0.07470415463938888
  0.08413323073217786  0.09368282979310542  0.10374885491237024  0.11366823322290795
  0.12319777280236187  0.13376046343158834  0.14579307999158309  0.15764944840989115
  0.16860813032726654  0.17848408832811674  0.18832215465065380  0.19835446973359688
  0.20837481988030404  0.21920149180676085  0.23050317529838277  0.24255343945395325
  0.25429500324145249  0.26582827663846376  0.27660137345829189  0.28691402696392238
  0.29668426560845451  0.30602486454676231  0.31548061018090551  0.32570113286375318
  0.33644695399701202  0.34737695255883111  0.35830488087965445  0.36987644774830108
  0.38148183899437244  0.39211254379786092  0.40202744932239420  0.41187232443913435
  0.42214095134648921  0.43252453087327797  0.44227443925020687  0.45180646214184922
  0.46129915759518786  0.47089633254608765  0.48149395623354629  0.49299140351973086
  0.50441921031256853  0.51446560380983275  0.52438133317366198  0.53541624208661065
  0.54761817354028053  0.55870482261847998  0.56879940391943340  0.57847015932090140
  0.58915424037640152  0.60033203996451723  0.61148539497345622  0.62243205611694419
  0.63342709042358469  0.64386712316276262  0.65349979248030166  0.66288005710186981
  0.67293271625336470  0.68337539249694090  0.69302194923515215  0.70287449063507723
  0.71338392328899181  0.72471833067473701  0.73663372995891274  0.74799439962181169
  0.75891183059048672  0.76915638138041609  0.77909240692674153  0.78935622681439654
  0.79935266321933252  0.80891756550155736  0.81874349170568683  0.82923893158381179
  0.84086988504066984  0.85258527807955231  0.86515212182944312  0.87794463400248846
  0.89137867636434720  0.90328932098868597  0.91422398296997154  0.92324389037309640
  0.93203265101939836  0.94090617972962609  0.94997102168425029  0.95898117271304528
  0.96828169178932100  0.97738249568461955  0.98850829620606140  1.00000000000000000
 -0.00198980962974009  0.01164205097240006  0.02222928774607916  0.03306430781454976
  0.04298239516660597  0.05266051884685610  0.06173392218633382  0.07149552986955429
  0.08141833633815997  0.09165905002682606  0.10187600621101527  0.11164621056033570
  0.12146350439785075  0.13145237884384245  0.14145374654695550  0.15077842240638362
  0.15935208421619251  0.16825743652577796  0.17808008246868279  0.18806464807449910
  0.19778366612903805  0.20765799816805222  0.21803302942845293  0.22793431164199068
  0.23702178701146387  0.24649600054383117  0.25716797424537946  0.26906951286572289
  0.28101079065570295  0.29235576950521153  0.30310690173096821  0.31342993878090236
  0.32436061219820228  0.33476380198341243  0.34569373967514150  0.35540245667746978
  0.36689539726496501  0.37738204973232919  0.38797218479194762  0.39817712913389353
  0.40842971946289020  0.41873786248134742  0.42868780138098384  0.43866631943256712
  0.44821659277263620  0.45778533312742203  0.46670193022011980  0.47531907810300522
  0.48442236926138005  0.49408249462355391  0.50449256059441638  0.51490611312020873
  0.52631858841847812  0.53819550177311515  0.55051400896140223  0.56182338649143981
  0.57214607075331048  0.58201469820181428  0.59255860166224550  0.60370176807030407
  0.61425634273097229  0.62431713744536910  0.63389939151292407  0.64334968933853498
  0.65323185256041416  0.66412305015319129  0.67568949836437275  0.68787030794070925
  0.70073777077455257  0.71356403618329789  0.72521105270329722  0.73650493077818813
  0.74687466582676865  0.75676327988237835  0.76683436061177379  0.77735581591142966
  0.78851928934810556  0.79858070882256438  0.80828798687670689  0.81852547990217583
  0.82971270507495998  0.84134723225821084  0.85232115661881747  0.86334224884404487
  0.87496727510748562  0.88662232601128677  0.90020196386228946  0.91484708479624854
  0.92653821858683705  0.93706391974383985  0.94701530402816148  0.95704393986021175
  0.96698228583154644  0.97700229429076801  0.98838836777110151  1.00000000000000000
 -0.00242818522519971  0.01071295172822137  0.02049913422310232  0.03035107181075444
  0.04002277386363162  0.04989734691980166  0.06012812409153051  0.06991717250877182
  0.07949613958960326  0.08966824420070327  0.10081744868651500  0.11253590777919546
  0.12427362932145755  0.13537496796855511  0.14527562697371196  0.15456570851191409
  0.16387620544176726  0.17453506125142196  0.18629366266067965  0.19792646000999348
  0.20896127559401975  0.22005093454410157  0.23144914059495178  0.24332196397667349
  0.25476720639696182  0.26591826024048693  0.27759546013724817  0.28950164649618004
  0.29990746237798382  0.30981532925056560  0.32022755521008006  0.33120234931906500
  0.34218051891791978  0.35298471677385357  0.36346802953910134  0.37408664061658708
  0.38521632504763698  0.39659394242578716  0.40721136795202934  0.41727554491164620
  0.42744579587506643  0.43876493041623282  0.45182818414935377  0.46559069937333392
  0.47848351657936444  0.49063631017518278  0.50186858485991170  0.51224473378147084
  0.52199954004354365  0.53109405123202091  0.54046906647121662  0.55004963651205130
  0.55924756634322570  0.56920607925180722  0.57910500879250804  0.59010703290659661
  0.60214644480793955  0.61327934009859053  0.62363040951411608  0.63371743727164476
  0.64400588013518256  0.65445394253088007  0.66493875296554095  0.67513457215663297
  0.68508464092294519  0.69496547685809684  0.70484442493233490  0.71488063833042259
  0.72517959447609825  0.73625325216568138  0.74784383782013464  0.75908179203193571
  0.77017221231152511  0.78147382049925906  0.79236254971761533  0.80292563138528683
  0.81339665055151167  0.82374718055345320  0.83415987800849356  0.84361984015384950
  0.85270104003857661  0.86154722608629586  0.87088179852885561  0.88097827387253447
  0.89179886301189315  0.90228911334506745  0.91288382151487757  0.92240199543819479
  0.93140747353328290  0.94073756559497657  0.95053770259065429  0.96018993915136042
  0.97044406048035359  0.97991993939527278  0.99028097118551350  1.00000000000000000
 -0.00190206600590172  0.00738321051627955  0.01513849474008483  0.02334401204763594
  0.03178115301541481  0.04037347118857347  0.04872301205785259  0.05683932255711527
  0.06499566871532550  0.07353624149343654  0.08278573176633183  0.09234044829628091
  0.10166300796661847  0.11096623867039536  0.12003650628901505  0.12914263451370045
  0.13851429361919004  0.14781313623284598  0.15643187981339460  0.16552962495400703
  0.17484167096108835  0.18461985472421052  0.19460640400607315  0.20416537220276149
  0.21438309053128174  0.22564118330805319  0.23710281672391850  0.24872487093285964
  0.26076796714925649  0.27281214309524993  0.28429519372589690  0.29540541796763758
  0.30711000269710170  0.31911776087192439  0.33086468309232042  0.34243668098188595
  0.35363077172949420  0.36404729113172934  0.37414031123198832  0.38411163625725481
  0.39415512091812688  0.40444071088345512  0.41506563672927838  0.42680150797216981
  0.43955298499692774  0.45242328318594838  0.46457787188014010  0.47640998327528272
  0.48897864877561215  0.50229363416098627  0.51533149529234878  0.52845490497044401
  0.54200809229989855  0.55465403438235394  0.56813047603725131  0.58073371644614247
  0.59193641626062476  0.60203500462445714  0.61286285097165982  0.62453484510321378
  0.63599192156107454  0.64744997345977084  0.65929944561085663  0.67139660120326239
  0.68311481805804253  0.69413640961946410  0.70492032895759549  0.71511888437820381
  0.72546120981948414  0.73616685919965130  0.74770224953055353  0.75989840590980406
  0.77116711742723165  0.78160413107963578  0.79189414960387972  0.80222251605441908
  0.81233670591662910  0.82175986393082445  0.83087969383998428  0.84067610209552457
  0.85051980992482268  0.86046391017806489  0.87035211609300434  0.88055216893655552
  0.89195940398575535  0.90285367479879197  0.91241721400290365  0.92174439035859146
  0.93104484117445652  0.94066231940717415  0.95114570846784552  0.96058561601842873
  0.97015065994424909  0.97997195551291749  0.99013096772361919  1.00000000000000000
 -0.00182049157913608  0.00757647886625709  0.01704673573553455  0.02637482033930460
  0.03668921563362750  0.04754687815336901  0.05786951778341655  0.06767912935093616
  0.07733782553827323  0.08744270100128736  0.09887044396157313  0.11033931591466327
  0.12189583592632394  0.13326558088071530  0.14497513875412013  0.15599820162551692
  0.16587552370115349  0.17533987579046739  0.18483899918440191  0.19445159768095899
  0.20396064549245718  0.21382011756792640  0.22427632396370770  0.23468227129345434
  0.24509405169498732  0.25666838794973773  0.26868258357390240  0.28117080959713414
  0.29426607961209822  0.30773592949958156  0.32042485904225898  0.33135003961307907
  0.34206730315491984  0.35336353709997614  0.36498605184325017  0.37668528476967222
  0.38798449453297590  0.39947876128268556  0.41079769877553246  0.42281108022443931
  0.43472694762736086  0.44579401319016621  0.45620803659060760  0.46595669323258110
  0.47552348639099185  0.48375964899319190  0.49181510613368162  0.50004392056812208
  0.50914737605695526  0.51806412811470193  0.52739522566192121  0.53694260702917063
  0.54691586999548469  0.55737329444492212  0.56821667959600608  0.57962754739672251
  0.59043666935814054  0.59975986682703819  0.60855620784953801  0.61689325597022704
  0.62542441703462803  0.63332665931222210  0.64219237201933299  0.65104156970651428
  0.66029613857723068  0.66935715747213376  0.67815331008599655  0.68705708116183273
  0.69637446862816876  0.70668103112605929  0.71755582940912133  0.72882232995660334
  0.74025394874438466  0.75237486078117588  0.76405701736313381  0.77513831242615250
  0.78600189105677409  0.79708251234223015  0.80860463781500558  0.82063720377496130
  0.83262512506686381  0.84411873348887756  0.85572807691419739  0.86747349062520651
  0.87831344688969282  0.88869140393880164  0.89937493739860885  0.91057863522970073
  0.92248443995189566  0.93445667907264296  0.94600651775409950  0.95715218079887687
  0.96826363757214839  0.97906859492833465  0.98979601088883173  1.00000000000000000
  0.12449134798535197  0.22550560214600004  0.25237453020693518  0.26556605357037150
  0.27610225865154425  0.28578699481861158  0.29445690951196202  0.30249115007848543
  0.31019268699614261  0.31722608431062471  0.32417491261550030  0.33125573928387320
  0.33807586508192367  0.34455184760845253  0.35050595506687293  0.35625468524476955
  0.36159985038437192  0.36730994118804006  0.37335770451828953  0.37933102364113758
  0.38506770065904883  0.39074214561698140  0.39663015741874330  0.40308925308629084
  0.40954056151947410  0.41611183626437176  0.42248550866926432  0.42862246162860412
  0.43453686538480024  0.44050354278602805  0.44662754154338857  0.45286739767410789
  0.45915678100641472  0.46556780383035318  0.47203402577180831  0.47832784276636270
  0.48472876617368932  0.49112491664263536  0.49743024042679695  0.50348081373329423
  0.50959682280327301  0.51552243269056164  0.52173109257650319  0.52805973901267078
  0.53427008247373120  0.54046815993928610  0.54676932035427261  0.55292950697269860
  0.55879529716484400  0.56489793500117191  0.57141115560099887  0.57857897807915382
  0.58548155629391130  0.59249664248146194  0.59935025532424324  0.60693142141269207
  0.61477469648074801  0.62215135093056273  0.62877714926447170  0.63514992535676784
  0.64199258206629994  0.64909352888811289  0.65586821101468984  0.66245748383822800
  0.66916783342340824  0.67587584391217226  0.68243328362841149  0.68913043828414045
  0.69617387680945408  0.70317576427301032  0.71024660738753986  0.71725778141742236
  0.72456555582053528  0.73219219201744257  0.73988616696669451  0.74791290983429126
  0.75592184157510589  0.76386306124188708  0.77198457072844973  0.78031427591285496
  0.78888711800010958  0.79717541652981438  0.80510260450042515  0.81346954729017285
  0.82321813555841372  0.83401850653275256  0.84445160108249562  0.85451266990016850
  0.86483606209289698  0.87611224730244242  0.88808386805772743  0.90115489542009986
  0.91813763514557312  0.93832262612941952  0.96243278593013237  1.00000000000000000
 -0.01866946788254320  0.12735580394570287  0.17578018298383660  0.20673393909884935
  0.23142444291417219  0.25153854221735800  0.27045227843750952  0.28768911168463146
  0.30336469386352427  0.31727668203927517  0.32997849951213354  0.34333333022726675
  0.35639437893115061  0.36846291271909709  0.37943979246291576  0.39048775839586625
  0.40128016254883819  0.41180129761140483  0.42177660728401373  0.43181754188114546
  0.44166724815545266  0.45119888429878485  0.46008264932254761  0.46873095813069793
  0.47704323419578931  0.48485896106800297  0.49211167062639199  0.49926662890208257
  0.50592002625793664  0.51274098553250258  0.51946785142759377  0.52603944357837573
  0.53273824746233334  0.53961675739023296  0.54658015467561472  0.55364411813117653
  0.56035435612607454  0.56706185191396830  0.57329695514094270  0.57950783666306060
  0.58567824049585604  0.59179221218067124  0.59803380724709310  0.60430721371375939
  0.61034289134874209  0.61632282658147175  0.62231177331328569  0.62825878271394953
  0.63396968529268150  0.63967570563489617  0.64543098878566851  0.65110790298523857
  0.65677996892016621  0.66207814123016329  0.66735449994917395  0.67275500214661532
  0.67836690910556829  0.68430570742069863  0.69067253251711147  0.69678690403930377
  0.70272141252582665  0.70817103471377774  0.71326177238956023  0.71819917111089282
  0.72315474389157508  0.72860485977314482  0.73374921547114880  0.73896607233702216
  0.74426802521283164  0.74944507834508922  0.75455371430582419  0.75952937844638246
  0.76448796395796603  0.76964030229819069  0.77490960266528663  0.77994419534084047
  0.78470345048361356  0.78946141268125103  0.79461066992126261  0.80043560684112103
  0.80656751159555984  0.81305780840576070  0.81951949580061145  0.82563426356818015
  0.83139966226256934  0.83761234135088236  0.84425831329290701  0.85098676330965051
  0.85825429284333166  0.86758071040491902  0.87751311050576974  0.88892561679483584
  0.90204805659808485  0.91721858324967331  0.94005059054042561  1.00000000000000000
   6.4531199106292552E-005  -1.0000000000000000     
 T F F F T F F F F F F F F F F F F F F F F F F F F F F F F F F F T F F F T F F F F F F F F F F F F F F F F F F F F F F F F F F F F F F F F F F F F F F F F F F F F F F F F F F F F F F F F F F F F F F F F F F F F F F F F F F F F F F F F F F F F F F F F F F F F F F F F F F F F F F F F F F F F F F F F F F F F F F F F F F F F F F F F F F F F F F F F F F F F F F F F F F F F F F F F F F F T F F F T F F F F F F F F F F F F F F F F F F F F F F F F F F F T F F F T F F F F F F F F F F F F F F F F F F F F F F F F F F F T F F F T F F F F F F F F F F F F F F F F F F F F F F F F F F F T F F F T F F F F F F F F F F F F F F F F F F F F F F F F F F F F F F F F F F F F F F F F F F F F F F F F F F F F F F F F F F F F F F F F F F F F F F F F F F F F F F F F F F F F F F F F F F F F F F F F F F F F F F F F F F F F F F F F F F F F F F F F F F F F F F F F F F F F F F F F F F F F F F F F F F F F F F F F F F F T F F F T F F F F F F F F F F F F F F F F F F F F F F F F F F F T F F F T F F F F F F F F F F F F F F F F F F F F F F F F F F F
  <DiscreteSampler_grid>
  grouped_processes
  1 # 1 for a reference and 2 for a running grid.
  10 # Attribute 'min_bin_probing_points' of the grid.
  1 # Attribute 'grid_mode' of the grid. 1=='default',2=='initialization'
  0.0000000000000000 # Attribute 'small_contrib_threshold' of the grid.
  0.5000000000000000 # Attribute 'damping_power' of the grid.
 # binID   n_entries weight   weight_sqr   abs_weight
    16   10   1.163850652483369E+003   5.149717637045892E+006   1.163850652483369E+003
    17   10   1.163850652483373E+003   5.149717637045899E+006   1.163850652483373E+003
    19   10   1.163850652483369E+003   5.149717637045892E+006   1.163850652483369E+003
    20   10   1.163850652483373E+003   5.149717637045899E+006   1.163850652483373E+003
    22   10   1.160652367133276E+003   5.118270522492291E+006   1.160652367133276E+003
    23   10   1.160652367133280E+003   5.118270522492295E+006   1.160652367133280E+003
  </DiscreteSampler_grid>
