  0.00315690521230245  0.01289872081397708  0.02261325028675728  0.03309794985000747
  0.04344096338493737  0.05453283542447889  0.06527727883080867  0.07599299183699836
  0.08670250889977899  0.09769011464706120  0.10869613999640239  0.11936120406225745
  0.12983074506650935  0.14052159177192305  0.15162494304676205  0.16296756812573174
  0.17400484630590618  0.18461284186894222  0.19533818265182976  0.20603416107569131
  0.21654025026499754  0.22698380101543855  0.23740008070861091  0.24750707185806536
  0.25762954338404070  0.26768241359203931  0.27762119952086867  0.28722192894049364
  0.29673956327930928  0.30681810687429151  0.31705500745376120  0.32739557937716690
  0.33791011586239583  0.34871448481241246  0.35917227983573607  0.36925376755983291
  0.37968947307977585  0.39036725487080509  0.40114038532869034  0.41185369671306249
  0.42279308662598547  0.43327731108829509  0.44347839491622243  0.45382912803701847
  0.46418720641350741  0.47462002259557862  0.48487079426699881  0.49487430047510711
  0.50487695970702484  0.51490248195221766  0.52488083563319243  0.53474702533379315
  0.54479300597105307  0.55531620727379594  0.56587397528984873  0.57591869694610154
  0.58622633140773062  0.59658293715831434  0.60699918165814226  0.61737573763670173
  0.62778845503637482  0.63800564956747330  0.64760343981057344  0.65696526618505802
  0.66672478569025950  0.67696085101420189  0.68745922250976021  0.69778386086132071
  0.70817422735986335  0.71867610975254892  0.72921456786598693  0.73963453588607109
  0.75000578625971726  0.76041779998940584  0.77088366156254506  0.78111605583543386
  0.79155625627206305  0.80205530950691040  0.81265483708546593  0.82345147147880315
  0.83405673847314210  0.84597118894720069  0.85755329325769247  0.86942395808030726
  0.88011261730256363  0.89044425712421627  0.90093294701665527  0.91204654703026555
  0.92304942007068946  0.93416140955958871  0.94519010799027503  0.95614782653233377
  0.96645333600965455  0.97718514695429803  0.98839123670575602  1.00000000000000000
  0.00736682977686133  0.01608051607653435  0.02753537430228916  0.03901348295122326
  0.04958407805535339  0.05996531334965016  0.07005823652735893  0.08060139018730124
  0.09127657737938291  0.10228456356705679  0.11306337013401060  0.12366632564658531
  0.13423404413225470  0.14479961928319177  0.15557181436314127  0.16628303375102649
  0.17685712557692806  0.18730042614416789  0.19783468209179580  0.20834988108191133
  0.21871516126033402  0.22898687687060981  0.23981551827478312  0.25076399167028463
  0.26131382693349914  0.27193535659921203  0.28248214047786713  0.29309296032763094
  0.30339947141098700  0.31354655231461082  0.32375637937463853  0.33422823729564216
  0.34515097705320963  0.35599532509478510  0.36670856145277581  0.37732619579187443
  0.38790315110490292  0.39845257962808034  0.40887041518524780  0.41946974525205943
  0.42975661214652039  0.43983145742553487  0.44947400488278383  0.45920470693353038
  0.46924892501144122  0.47959096518499195  0.48983536508821934  0.49990062532649410
  0.51000751106741260  0.52046732149042807  0.53122782410670411  0.54220297557748631
  0.55302530896368063  0.56344493918661165  0.57390071646372565  0.58485011539443410
  0.59630390937744226  0.60791019319701811  0.61908570564430865  0.63006492504966183
  0.64068615951540253  0.65109719558877921  0.66127970545282411  0.67129531331603209
  0.68137164480903556  0.69155066792035613  0.70203844338490218  0.71302581469546000
  0.72454143213657929  0.73618252342725188  0.74741584637006153  0.75825664956610928
  0.76900468008182299  0.77967562163208937  0.79005801860352110  0.80011138972155749
  0.80984488355919160  0.81929775450046183  0.82889575044524377  0.83899196182600733
  0.84931761370649450  0.85947407573391743  0.86936977122647252  0.87966895536420997
  0.89020889786540880  0.90098350274678551  0.91176793261308697  0.92233851015220070
  0.93305228148427888  0.94314544574600023  0.95320092745003571  0.96312577748324568
  0.97293903485558098  0.98244919023623045  0.99187794809297036  1.00000000000000000
  0.00346345774867134  0.01120410737803563  0.02144418270317628  0.03091591062534414
  0.04049671501305020  0.05021056626380645  0.06079576458083090  0.07099315587977656
  0.08137639687514925  0.09138787276689135  0.10230525929854448  0.11278746610422782
  0.12386417211894080  0.13495376505730511  0.14653994377212626  0.15696985157039897
  0.16718739168140942  0.17737128711197869  0.18775435511023980  0.19819488106349301
  0.20862587470509053  0.21872632831982791  0.22853838355196118  0.23826276726180459
  0.24852339885514368  0.25957077279536112  0.27025434098684598  0.28040143919253879
  0.29037814280801216  0.30039145218957547  0.31046818526289499  0.32066522968185412
  0.33086815291870575  0.34127616094347735  0.35177010331759495  0.36310629440268866
  0.37474276039422666  0.38633280812186255  0.39778569231498617  0.40911126027950007
  0.42022254371076267  0.43080199104047268  0.44144647197859832  0.45156075082896252
  0.46154659273017168  0.47177661505110574  0.48262273010611190  0.49365748599584136
  0.50455193881095628  0.51474665413882770  0.52494447598417060  0.53500219296317619
  0.54537749703840543  0.55602392880457130  0.56664534451478943  0.57747089012753539
  0.58798694631773496  0.59820622807676405  0.60837246522578603  0.61878515964492342
  0.62933555995415369  0.63970765811267505  0.64970135401439233  0.66007603538748816
  0.67027852961020873  0.68088412731192316  0.69135796678075701  0.70228998158004230
  0.71356858424503700  0.72469974004175775  0.73595092088823755  0.74711032667658517
  0.75811374460344150  0.76946813575658435  0.78066131238686631  0.79164150479938666
  0.80211497350151517  0.81274340806128809  0.82335457532851875  0.83370147405642747
  0.84339336878417182  0.85304644874905022  0.86306359502799435  0.87315006653476501
  0.88305663380616262  0.89280741303257372  0.90293427982530372  0.91370938356376119
  0.92411826051285351  0.93442047704675213  0.94451325175149459  0.95470187555481378
  0.96510376147014199  0.97572344437351488  0.98738486368045297  1.00000000000000000
  0.00569684282690739  0.02053654690672124  0.03615432761082570  0.04984869910866321
  0.06216557031480846  0.07330348155273658  0.08393006690343967  0.09476491168405435
  0.10617346557600429  0.11774827261047334  0.12956975937863177  0.14117532343836584
  0.15238860275607585  0.16340974842166817  0.17383740183299431  0.18417527849746801
  0.19440696825611903  0.20500188426453950  0.21514850127079788  0.22493609436518633
  0.23488433123478755  0.24545063603361986  0.25597542015696317  0.26570233013171934
  0.27514358609430917  0.28438890279256768  0.29381730046948051  0.30325189023624599
  0.31360068745490144  0.32429778982588287  0.33485360171338824  0.34523054743697024
  0.35573591837490048  0.36622956425095804  0.37665598826755603  0.38667896230668691
  0.39670756084064052  0.40682399691175986  0.41708233152457408  0.42782866446992768
  0.43867212176801529  0.44911848567318369  0.45925025333477393  0.46903645591305848
  0.47895817239026922  0.48900952249441965  0.49895060468787666  0.50915321540482439
  0.51930046518069095  0.52988228924938952  0.54077991279816273  0.55143670477683771
  0.56215588329529376  0.57226489963748772  0.58253238881885572  0.59288255877116580
  0.60391641967713516  0.61538044309377071  0.62689949432940018  0.63774943810369655
  0.64800682756122452  0.65767013715405098  0.66768080506214045  0.67815580568274625
  0.68848936510622327  0.69891031421510230  0.70941858487592557  0.71977298931053657
  0.72998575636747598  0.74014449969634077  0.75048682500058017  0.76079435465660661
  0.77073024105897181  0.78053125228438558  0.79026561449604404  0.80004580317635354
  0.80991603708485349  0.81961552277337146  0.82940914336879656  0.83932079386106018
  0.84969371788796977  0.86038815231569277  0.87131736607216903  0.88201697293356152
  0.89204704019802428  0.90169826213103410  0.91143670170755831  0.92176336281763316
  0.93235735023745114  0.94270631811453465  0.95273988861483128  0.96229485511004420
  0.97212811384230091  0.98162944344850345  0.99198477902610793  1.00000000000000000
  0.00000806273523051  0.00001202329466026  0.00001539499902486  0.00001941736379220
  0.00002381408523026  0.00002829217096365  0.00003274930815119  0.00003717640974883
  0.00004163981715028  0.00004588892938001  0.00005020273735473  0.00005452167201706
  0.00005888381365031  0.00006326867455455  0.00006764682392734  0.00007206208330195
  0.00007660642963426  0.00008124561188913  0.00008584741376259  0.00009062164648787
  0.00009546675519597  0.00010057531334571  0.00010596217055817  0.00011163657800884
  0.00011753376820557  0.00012358715053037  0.00012988600801830  0.00013633156945447
  0.00014317489528120  0.00015032498642777  0.00015792016047222  0.00016572571824687
  0.00017366517401441  0.00018179969696920  0.00019018228611366  0.00019863549163216
  0.00020732431329089  0.00021624336404762  0.00022562522191626  0.00023533352255359
  0.00024531918018087  0.00025572093804007  0.00026654738062411  0.00027776086134350
  0.00028927336109670  0.00030093316992791  0.00031329047686114  0.00032612859282232
  0.00033964814137094  0.00035398498797840  0.00036896275800570  0.00038536211100622
  0.00040275511995426  0.00042089044272087  0.00043917477241854  0.00045844411733013
  0.00047822891575573  0.00049915942675338  0.00051993843604888  0.00054239862585920
  0.00056445650698686  0.00058934605999075  0.00061533752883270  0.00064350164954920
  0.00067369584397770  0.00070528106787302  0.00073906149750357  0.00077417667111309
  0.00081215218841651  0.00085373800076542  0.00090017313287996  0.00095075266249784
  0.00100394733511811  0.00105975847034708  0.00111822039659127  0.00117840250283705
  0.00124230375378081  0.00130938644930370  0.00138747527056424  0.00148034623978437
  0.00158782758700718  0.00170481925184973  0.00183310552858160  0.00197792221126796
  0.00213457226261120  0.00236526813408929  0.00267074534907095  0.00299756980493874
  0.00337088655062428  0.00386999342735056  0.00452172101592344  0.00529045927455877
  0.00626198145745737  0.00790870433044854  0.04002709917924979  1.00000000000000000
 -0.00272042621773218  0.01022974176512687  0.02135620175749303  0.03276369602118996
  0.04410015641652411  0.05521469664494930  0.06603145582603741  0.07677616345596934
  0.08709907103137202  0.09704566995822123  0.10715605499288215  0.11738944674827295
  0.12748924871033426  0.13709782265117201  0.14637923629339389  0.15641181593946507
  0.16728216686752906  0.17922427048512418  0.19087367924862600  0.20255164186681318
  0.21374371246109425  0.22508770428411545  0.23599727657662242  0.24666757358856797
  0.25703812132693349  0.26732577106203476  0.27768193696475496  0.28808529970460900
  0.29876026058742045  0.30946750244999549  0.32040745021854333  0.33141112903359932
  0.34244654104283806  0.35357790758884000  0.36466511468526819  0.37578198439654587
  0.38672671434022632  0.39718824279453258  0.40763364706091043  0.41809535543452814
  0.42882930614766357  0.43919543537076416  0.44862882048672770  0.45816051511150241
  0.46848102701370431  0.47940762872852538  0.49039821158306607  0.50107271834720324
  0.51190212097167054  0.52267746368083967  0.53305204175542809  0.54350245539321673
  0.55379434628422586  0.56395562660441090  0.57395743026373203  0.58432437368478418
  0.59499461291767941  0.60556809231108055  0.61592204462388334  0.62623076422596036
  0.63644206918346746  0.64679311030881848  0.65731416339273330  0.66826180276822933
  0.67942505767467865  0.69030161514782851  0.70068282093822098  0.71099416257209769
  0.72161003626179754  0.73236892906379647  0.74286409423324584  0.75341429910770163
  0.76385697217490134  0.77447686233419133  0.78489559771400275  0.79540676141487454
  0.80539644755411521  0.81545650692913607  0.82573222736889484  0.83606067385269933
  0.84634947686630224  0.85651509645949619  0.86705775782868844  0.87763595723775201
  0.88779593354622521  0.89812039427116941  0.90822781771566941  0.91905556719632719
  0.92983329174840856  0.94066885996778815  0.95082245334106452  0.96096906114787795
  0.97088363185204340  0.98072729336452624  0.99026732282224084  1.00000000000000000
 -0.00140224770612733  0.01171247710465162  0.02215486178688138  0.03263876538881918
  0.04298546039804366  0.05353910946384570  0.06407984935601964  0.07434084941422016
  0.08464084661434755  0.09574524055062997  0.10682860958339539  0.11785042498578956
  0.12867187070716946  0.13986511908608026  0.15086362164187256  0.16175469747652391
  0.17299343561701111  0.18456123168418218  0.19546205936433089  0.20567952285437083
  0.21553413315185482  0.22546564510431807  0.23514514242528375  0.24500932683690577
  0.25525073221443972  0.26547589596728566  0.27530046703758287  0.28526175563234613
  0.29551217709648114  0.30558874935960056  0.31552190564953975  0.32563923700093883
  0.33616611098184002  0.34702029251456595  0.35824319049236786  0.36966820128384587
  0.38077077821213007  0.39174690723718736  0.40249656860191318  0.41299632013520077
  0.42362385763675081  0.43436388610759230  0.44483467604122906  0.45517781845728250
  0.46547015201226477  0.47549535466679227  0.48523232352183870  0.49468742070835775
  0.50454077503763206  0.51486428097780246  0.52516716034867428  0.53559357549520603
  0.54618211662270988  0.55661482299086695  0.56644834264861954  0.57578951912732990
  0.58531561444195335  0.59537834865290551  0.60564364805940551  0.61578629098819582
  0.62584010965143433  0.63557589568580974  0.64519778947461937  0.65493050249742091
  0.66520234798670663  0.67641077635098912  0.68807816789079856  0.69942967391861421
  0.71024233406245851  0.72040564210342073  0.73031696743338648  0.74034448129172148
  0.75075361405016727  0.76170936955607127  0.77307281453524301  0.78418316080486983
  0.79474633570706266  0.80475122025393941  0.81473263174165689  0.82493918266541977
  0.83555561526275213  0.84643742131329203  0.85755182819409614  0.86880078475760281
  0.87985229841335211  0.89082421086036767  0.90220157233234333  0.91371275651280504
  0.92460940987957652  0.93504791645632090  0.94548665615913452  0.95600047888489692
  0.96658401852600062  0.97726610679412196  0.98847755767228029  1.00000000000000000
 -0.00232178890730206  0.00957979241620181  0.01966851480245656  0.02958544403591678
  0.03967234343011899  0.04977811210774521  0.06085002341792718  0.07255086123761732
  0.08459279616086492  0.09610906220129169  0.10710165862560256  0.11756911813126743
  0.12806002551141279  0.13919634323304853  0.15065194669218024  0.16160226632944316
  0.17214090755227926  0.18268964072133514  0.19361053673208023  0.20504068293737818
  0.21618081370875625  0.22660211232801655  0.23660252791171762  0.24651392384242524
  0.25656418928248936  0.26658465385671659  0.27697485565340257  0.28761455224445648
  0.29790404649581270  0.30782513355466934  0.31782406687631870  0.32814864551886197
  0.33823665330043495  0.34791807730240154  0.35758935077152104  0.36759255155296766
  0.37778953029603846  0.38806706801870727  0.39860797449026486  0.40928523994372301
  0.41961308127847474  0.42939324170515936  0.43889392366404673  0.44821577685473857
  0.45798770210679474  0.46806602333037450  0.47826014323670807  0.48825511697063168
  0.49849342265428759  0.50959224994190122  0.52094682687737925  0.53172285198210256
  0.54225739919033056  0.55269878815385010  0.56354654905286405  0.57437006275009350
  0.58480040457251681  0.59493464920169226  0.60531492182836877  0.61641404912069098
  0.62738524721592048  0.63790330992553057  0.64815619613309272  0.65808482230541676
  0.66784140766792044  0.67762856797655624  0.68831606104805032  0.69960090768544370
  0.71085069035352622  0.72130019711496107  0.73150521245044664  0.74214057797950539
  0.75367131150582056  0.76534656410656166  0.77716092667058567  0.78871094215713045
  0.79994428694703257  0.81070540512018674  0.82147805251731154  0.83222346592609575
  0.84290023822069737  0.85333422896651334  0.86373083608279833  0.87408362282087204
  0.88437639484071429  0.89525513824196712  0.90579900117203638  0.91655648868899209
  0.92666769368124335  0.93690080639702622  0.94735125342987414  0.95759231630493935
  0.96800705270726672  0.97814933498788881  0.98925162929525123  1.00000000000000000
 -0.00231414855603801  0.00993817226668704  0.02009419001794567  0.03063753492791977
  0.04119152665480293  0.05221519648456416  0.06330251520168674  0.07409331949348817
  0.08455348879827997  0.09494823770178852  0.10570507945688382  0.11712332589824198
  0.12897907847140933  0.14067437729466120  0.15185789995771384  0.16236737486084790
  0.17222876202589446  0.18193794134563065  0.19202122495126170  0.20244481351967614
  0.21280371761484423  0.22321849204748900  0.23368594245022389  0.24413741102984637
  0.25452722367642250  0.26511714487153948  0.27617184613497503  0.28739288183526346
  0.29821351781025163  0.30859419046397307  0.31887022080798516  0.32916573655203674
  0.33928530612788926  0.34905086212881464  0.35880243878402684  0.36875991649751755
  0.37891776043173220  0.38929445688913927  0.39993833813785495  0.41088840185244879
  0.42198613680784719  0.43308389655782548  0.44371804147308586  0.45422312636235868
  0.46466780109550726  0.47534303383721110  0.48636339873077256  0.49732500954800929
  0.50809497276589421  0.51855686628336661  0.52911992763999749  0.53955141569818332
  0.54995863013817181  0.56053397842269936  0.57174658040555593  0.58327862083871362
  0.59440060482244128  0.60496535562609655  0.61511192652397062  0.62543397692565728
  0.63598336163116231  0.64642477598549730  0.65654703710162221  0.66639852171366787
  0.67633339666825687  0.68635587512151097  0.69662582148332541  0.70727726618617781
  0.71815223330795075  0.72874825556282630  0.73891781892792263  0.74863355218518601
  0.75852485611611564  0.76854687543117317  0.77908778874741447  0.78963034384608177
  0.79984372382861380  0.81009284904832646  0.82029330998546435  0.83111397518159880
  0.84180247436525557  0.85287240638905770  0.86387934164017688  0.87519590227106048
  0.88607367074842958  0.89648491679102660  0.90608880932990143  0.91586394340716037
  0.92583923427051684  0.93670401754565802  0.94721659693345284  0.95711155459483699
  0.96703376560101006  0.97715248226946816  0.98846634223108742  1.00000000000000000
 -0.00207663947698270  0.00890740531459911  0.01855592122724853  0.02909129789727043
  0.04005004577367734  0.05028226239950195  0.06000811645325892  0.06957293339738536
  0.07901878465781652  0.08863535017673560  0.09860104428567242  0.10923505070133652
  0.12053442094383858  0.13216376451644571  0.14389075173657487  0.15527377126312192
  0.16597362382665068  0.17626769754725258  0.18663342699555993  0.19765251707161297
  0.20869110572359101  0.21919245025661416  0.22955177256220330  0.24026378161455075
  0.25090526644745287  0.26118886080248188  0.27166004763201534  0.28231561124213939
  0.29246589159800557  0.30181916988800972  0.31121095125148818  0.32092748583757391
  0.33089863005224757  0.34112317814817689  0.35149747485142574  0.36243017990610216
  0.37354791284710814  0.38462204920536713  0.39555744826184375  0.40639025853263122
  0.41703742930879351  0.42755667721078117  0.43798967809932238  0.44828317952436947
  0.45861414984383947  0.46905871214547917  0.47931969467786173  0.48938358943918814
  0.49974106942299701  0.51051927054652912  0.52115069524780921  0.53132345704641681
  0.54133119775958294  0.55161758862642496  0.56236894829799111  0.57345190760012710
  0.58462544106432401  0.59560766555800726  0.60642145837384032  0.61687973910404414
  0.62691733568621644  0.63667959402769814  0.64659548761467123  0.65683549290810883
  0.66720990023428428  0.67775318403376306  0.68866381084984551  0.70034070755177125
  0.71129066906025251  0.72196874269219380  0.73237535547507016  0.74310642720328335
  0.75357578452026275  0.76379127778605704  0.77424822186704556  0.78471870688952061
  0.79512252140883088  0.80542024789896660  0.81597545876152555  0.82667170768186848
  0.83712176236977565  0.84712140258767776  0.85721776923418280  0.86750362878356180
  0.87796017176892016  0.88823883819194294  0.89835347330998583  0.90888057020484558
  0.91970478190181382  0.93090159808494100  0.94216935221273235  0.95429284343998444
  0.96660701677694461  0.97825875298390619  0.98923202246511310  1.00000000000000000
 -0.00239209840918543  0.00957914759608229  0.01992646874891984  0.03218661375641507
  0.04343856867111259  0.05551665098556087  0.06708458541739799  0.07851039388154489
  0.08945110840943582  0.09958059414563908  0.10968030269247084  0.11936326924971413
  0.12971011723386738  0.14030191484583140  0.15133469767683241  0.16251180607147089
  0.17413673639096666  0.18524175083722966  0.19531951106683523  0.20487181652877981
  0.21494360737045543  0.22562798784301638  0.23634261893143527  0.24723645607679562
  0.25790694858917756  0.26868510307438298  0.27912330972518268  0.28926340849202081
  0.29954613354801829  0.30994700535837671  0.32116731535658588  0.33221840845368050
  0.34281615320756031  0.35333545014448464  0.36361758211725831  0.37378881883386850
  0.38379660203115823  0.39403570767418616  0.40448529567564029  0.41474386790196444
  0.42462736072667162  0.43452977308061896  0.44502404798450795  0.45609118681769512
  0.46730092816444235  0.47843911756268326  0.48937750388257117  0.50012413366245911
  0.51056556900545347  0.52095890048569116  0.53123148246940499  0.54117460099924841
  0.55110511943859131  0.56097396706793867  0.57098400056120413  0.58126030374650273
  0.59171735718917851  0.60183387253437703  0.61156524546423519  0.62122238779694505
  0.63130518220029885  0.64183385244839941  0.65253683652429539  0.66309444757635716
  0.67321759028731543  0.68346063423698122  0.69378233293588309  0.70434677432416570
  0.71475762376653251  0.72515088005420647  0.73554332123014188  0.74631933823575403
  0.75695095664636103  0.76784956301232521  0.77861656063332296  0.78965682656282155
  0.80076278099506382  0.81168202515826537  0.82228600897456205  0.83287496927279314
  0.84324453559585855  0.85365159545527047  0.86396363850428071  0.87443225361124255
  0.88502885971532241  0.89546405763980697  0.90576312140350501  0.91606879079391401
  0.92638937678040179  0.93681932990116124  0.94744088064296195  0.95790586513515086
  0.96823325905028279  0.97841111180533857  0.98893617094950370  1.00000000000000000
 -0.00224086171530384  0.00987907145561662  0.02006464239504211  0.03101473025133952
  0.04157600464924002  0.05199927728815101  0.06263259996815843  0.07374324227725483
  0.08505932641315384  0.09629953114066923  0.10737215208643509  0.11841985295148791
  0.12915185357416484  0.13990586537237323  0.15070978207163355  0.16165152613422848
  0.17276802763150848  0.18381722181419485  0.19439001617772125  0.20458048095471446
  0.21511368195821026  0.22573231070491206  0.23654831786502448  0.24701657625149834
  0.25777195195021679  0.26872870735832066  0.27949166431154776  0.28983057529685785
  0.29979151425259876  0.30978542296883221  0.31995136812881464  0.33031780639380370
  0.34050305146444726  0.35015409115918511  0.35981143673530441  0.36963695419473008
  0.37971013841362211  0.38973655141287483  0.39990395038286630  0.41054756029339767
  0.42109358963583393  0.43112418587775286  0.44067764215676264  0.45006723908369267
  0.45957910109951133  0.46931289792963116  0.47925314417529508  0.48982864604945070
  0.50069761248558853  0.51203523910855075  0.52317113467432252  0.53386103140696517
  0.54450090936019857  0.55535166491504584  0.56599441350621016  0.57674093043692820
  0.58753229485779812  0.59842115926964379  0.60880111390206748  0.61925199246906548
  0.62975812930264830  0.64052159537535225  0.65112380745619514  0.66201320734811275
  0.67272335490689761  0.68333913559151904  0.69362736952426485  0.70396317662588326
  0.71398280681386517  0.72411359019754362  0.73447031296469467  0.74500245804993992
  0.75531664792041731  0.76560139823692674  0.77609535097260729  0.78664440143326164
  0.79719295269447621  0.80780390765800214  0.81837631009710488  0.82850609640902118
  0.83869200884378592  0.84916703165850405  0.85998540660614986  0.87018884118988638
  0.88088787110418831  0.89149269479602355  0.90200065190300394  0.91228724245885107
  0.92265975009255474  0.93316223859380221  0.94408051382907143  0.95560487564036967
  0.96679520489654058  0.97792819785052609  0.98901448685024351  1.00000000000000000
 -0.00209524681952334  0.00809277613552005  0.01707854952746006  0.02692245247671584
  0.03717917704436712  0.04733199241680597  0.05876166518047438  0.07007613072957641
  0.08150900010042272  0.09183867077155923  0.10249559803540083  0.11254669194269987
  0.12269955684585744  0.13266332735212027  0.14244052289938722  0.15254127791336328
  0.16254392611541507  0.17326904617126929  0.18403853714309634  0.19528165711946119
  0.20669750135925047  0.21780996026972541  0.22877715889052863  0.23946104476032262
  0.25006280343602055  0.26079713233611118  0.27124809362397023  0.28172398955038802
  0.29212140217734767  0.30292250692988104  0.31352121058950400  0.32390896622768744
  0.33438122205119575  0.34470631316486672  0.35533342461441197  0.36600068253505169
  0.37701609921353280  0.38805601404288909  0.39866488915829762  0.40928196809893247
  0.42054725942249910  0.43195014422835443  0.44348721498263233  0.45371929254761395
  0.46416859495663310  0.47447193278220190  0.48507559452497306  0.49560185800383660
  0.50642612537557585  0.51773926863094644  0.52933493212641725  0.54064460572295359
  0.55105586546679519  0.56135392274814289  0.57155737643986926  0.58184314877115861
  0.59205921729316202  0.60231191733627865  0.61307089656272196  0.62347612985602152
  0.63379626125443744  0.64393632680995572  0.65480905116416388  0.66585262102581921
  0.67710683800673588  0.68779535021531735  0.69820864387051473  0.70830544198290801
  0.71880474731441535  0.72919752940356175  0.73969695106077005  0.75015279449473382
  0.76088760967394442  0.77094771370852977  0.78059403005693584  0.79002995685784760
  0.79988209231417728  0.81043256826970200  0.82140770174192357  0.83247512895525244
  0.84340828210110907  0.85384397281785995  0.86402105929800910  0.87428592947701878
  0.88507908668530721  0.89624849139642959  0.90749758625305033  0.91820677668509920
  0.92857903576602618  0.93902844179157230  0.95039355824586291  0.96136213439432794
  0.97154898437674986  0.98093237808205713  0.99053740221144559  1.00000000000000000
 -0.00254424956381679  0.01099914857690288  0.02215122641862906  0.03251046833700614
  0.04262770637618978  0.05250878658203164  0.06275315385925738  0.07265713905362696
  0.08265835554906252  0.09350758620624870  0.10481253697879601  0.11531665364891065
  0.12558758539108275  0.13594242660207753  0.14624836057169852  0.15692630747447442
  0.16754447200980066  0.17867239341524907  0.19009129745982345  0.20154755901456795
  0.21241189657680701  0.22233024182912925  0.23197271022191748  0.24191991714299016
  0.25222001509413094  0.26263383982401761  0.27317352253327709  0.28388217097678276
  0.29464569307717514  0.30557248749243987  0.31659833453910385  0.32760770910021997
  0.33890725425040369  0.35021341592211436  0.36156709543759369  0.37295089747570470
  0.38426489453950391  0.39556841406126331  0.40685115855466092  0.41794535149027784
  0.42874335056403817  0.43934737139033875  0.44989668704270408  0.46028628826239215
  0.47055379128019992  0.48100739540269266  0.49125971668992191  0.50147443072820386
  0.51139237303598406  0.52151675148340393  0.53156092082321005  0.54165339145123648
  0.55177536678024608  0.56235324888473448  0.57273053340172997  0.58322484015552745
  0.59365955752708266  0.60434723348034125  0.61551722942415865  0.62642576799634841
  0.63737622177202680  0.64763814233452932  0.65835071423157143  0.66869654426446024
  0.67913472592904323  0.68941586207957428  0.70007500933764910  0.71045882500210122
  0.72052468981348250  0.73058311193305747  0.74105118321069663  0.75136126707119599
  0.76174346884663047  0.77238505481386965  0.78324329474504562  0.79463102698613397
  0.80613494930912089  0.81751427286050105  0.82877184734692844  0.83988435435597064
  0.85034520688099269  0.86065030403268650  0.87078230226740483  0.88115513019344505
  0.89126455192059650  0.90146553139380248  0.91187710006009981  0.92214745806456966
  0.93158645508568927  0.94094805404874982  0.95008807111764304  0.95944873057998792
  0.96913114588721128  0.97883911556520198  0.98920027573504821  1.00000000000000000
  0.07337302034833326  0.23110375508578354  0.26270400155022344  0.27952083142968714
  0.29317474151421230  0.30492010446639178  0.31597994414172331  0.32655706712972010
  0.33686352170727374  0.34681673755463016  0.35671749268104092  0.36640943073562687
  0.37563796105536335  0.38434488533651323  0.39287009363870729  0.40120160454226111
  0.40896049468534718  0.41650996019180053  0.42385365335250291  0.43101590139739826
  0.43829010393000906  0.44568820350054883  0.45301361890435110  0.46010927003061891
  0.46700099989063493  0.47390577290474650  0.48090820999551259  0.48761721047265705
  0.49423749761172420  0.50069052661987967  0.50703278270169949  0.51331694631048408
  0.51917673057504354  0.52509811401862838  0.53080608352314695  0.53656997276970286
  0.54250154740761070  0.54863270066456504  0.55481798638825219  0.56120049324729360
  0.56787674698991131  0.57462144127660197  0.58110954035876095  0.58726565122636820
  0.59327690915864273  0.59936229537359131  0.60538656242193645  0.61111388521568344
  0.61675338123560364  0.62246678639618236  0.62840933182812997  0.63424506071886044
  0.63988863648843042  0.64527453757538089  0.65085763313598521  0.65665288870053540
  0.66270502843885748  0.66893084069530084  0.67516281691481883  0.68115254906704559
  0.68695494115534905  0.69268746537502868  0.69846310648951271  0.70447495379998792
  0.71051717881231979  0.71644323388166564  0.72212452592997223  0.72768946793192590
  0.73348787638352908  0.73960670611627710  0.74586396420431822  0.75235332226877083
  0.75894185252717727  0.76549872164988852  0.77200978462340530  0.77862933935098022
  0.78536529005456268  0.79227264274746323  0.79944058183245315  0.80671823508009755
  0.81429520262114419  0.82217375594772990  0.83019409904067465  0.83817796305436565
  0.84599880738613442  0.85439352497483734  0.86331867431508336  0.87282684564363133
  0.88200760163272796  0.89112195833407393  0.90110079006027022  0.91287309796889893
  0.92670002989274891  0.94301867232564529  0.96511677844730281  1.00000000000000000
 -0.01811307327375300  0.11183154278956242  0.14623943968782493  0.16769265459739988
  0.18464801351072913  0.19906029838221090  0.21182738844108898  0.22361749531805286
  0.23413426276941843  0.24397490495786706  0.25326203190361379  0.26260074271990658
  0.27151799589386449  0.28002137726567078  0.28830190967784647  0.29613867833818147
  0.30364838973976188  0.31099234465362113  0.31806053201941148  0.32522431136758950
  0.33219448391825823  0.33905450789245611  0.34575703951214981  0.35233305049242231
  0.35899092299697943  0.36569133876532584  0.37231430147816341  0.37876648301783677
  0.38503480859979505  0.39116696613404034  0.39710984539586908  0.40296078839688221
  0.40864828243486340  0.41431951979835302  0.42009925146152038  0.42593716845830487
  0.43186890643809844  0.43778274588333849  0.44357883042625129  0.44937775383540840
  0.45509789615139384  0.46060459337546616  0.46614502942026514  0.47153579036598198
  0.47724541095211692  0.48290218606435981  0.48850232078098549  0.49412069157527805
  0.49975041994667879  0.50547219556654988  0.51126024131283265  0.51698386547883834
  0.52273262861125314  0.52844030138370868  0.53416237356668328  0.53966130738979090
  0.54519926478802527  0.55067382528236319  0.55638989918774162  0.56216098010845028
  0.56795115229358273  0.57373256167575426  0.57940390911898587  0.58514672861192796
  0.59102132484710213  0.59702383382293822  0.60324771465742388  0.60964709349916979
  0.61610880443779048  0.62257215628728646  0.62918449674909793  0.63596676373944472
  0.64298964869407460  0.64991559438139934  0.65675420454124633  0.66330674528115352
  0.67018685140263978  0.67730260889007488  0.68492807438398184  0.69289330196846055
  0.70075922543004454  0.70865078922612268  0.71682117060123252  0.72560234084682207
  0.73491224071330707  0.74447768257632274  0.75388252632983832  0.76369563461870882
  0.77430061101872594  0.78608183668405307  0.79940126371927522  0.81488406990252304
  0.83323376395865212  0.85565402410178548  0.89090950786030820  1.00000000000000000
   4.0518489762121634E-004  -1.0000000000000000     
 T F F F T F F F F F F F F F F F F F F F F F F F F F F F F F F F T F F F T F F F F F F F F F F F F F F F F F F F F F F F F F F F T F F F T F F F F F F F F F F F F F F F F F F F F F F F F F F F T F F F T F F F F F F F F F F F F F F F F F F F F F F F F F F F T F F F T F F F F F F F F F F F F F F F F F F F F F F F F F F F T F F F T F F F F F F F F F F F F F F F F F F F F F F F F F F F T F F F T F F F F F F F F F F F F F F F F F F F F F F F F F F F T F F F T F F F F F F F F F F F F F F F F F F F F F F F F F F F F F F F F F F F F F F F F F F F F F F F F F F F F F F F F F F F F F F F F F F F F F F F F F F F F F F F F F F F F F F F F F F F F F F F F F F F F F F F F F F F F F F F F F F F F F F F F F F F F F F F F F F F F F F F F F F F F F F F F F F F F F F F F F F F F F F F F F F F F F F F F F F F F F F F F F F F F F F F F F F F F F F F F F F F F F F F F F F F F F F F F F F F F F F F F F F F F F F F F F F F F F F F F F F F F F F F F F F F F F F F F F F F F F F F F F F F F F F F F F F F F F F F F F F F F F F F F F F F
  <DiscreteSampler_grid>
  grouped_processes
  1 # 1 for a reference and 2 for a running grid.
  10 # Attribute 'min_bin_probing_points' of the grid.
  1 # Attribute 'grid_mode' of the grid. 1=='default',2=='initialization'
  0.0000000000000000 # Attribute 'small_contrib_threshold' of the grid.
  0.5000000000000000 # Attribute 'damping_power' of the grid.
 # binID   n_entries weight   weight_sqr   abs_weight
    10   10   5.144742637691173E+002   1.764631697149987E+006   5.144742637691173E+002
    16   10   5.144742637691173E+002   1.764631697149987E+006   5.144742637691173E+002
  </DiscreteSampler_grid>
