  0.00337889748855412  0.01177086722930068  0.02201539048115365  0.03242721219965737
  0.04284474764570635  0.05310465296220934  0.06342696678171771  0.07379316578416256
  0.08433908877439085  0.09477145839095742  0.10535237041395136  0.11575866726736887
  0.12622461183743003  0.13673377013280089  0.14729510530543544  0.15772602218543094
  0.16797701625731176  0.17846818906235865  0.18903601080344917  0.19957188050455865
  0.21008804053216512  0.22051682845219631  0.23094890152651426  0.24125783644082605
  0.25182559341017513  0.26247329483939713  0.27294134343011583  0.28318156544079937
  0.29361347556785544  0.30429927598094020  0.31498601585223268  0.32546839293330487
  0.33597790950069151  0.34638448535390831  0.35656793080876131  0.36667615316811947
  0.37696011355571912  0.38756073333800434  0.39819519656786434  0.40866944228468377
  0.41906242060282706  0.42933838412307973  0.43995126836634851  0.45071150920944003
  0.46157179163157103  0.47225763428645623  0.48270638811902639  0.49303928700057476
  0.50332398910583798  0.51368803628301862  0.52404476610136841  0.53436350789877429
  0.54466767213555167  0.55498440845848285  0.56536689163436349  0.57569045975310962
  0.58620671131762514  0.59692878724403575  0.60780579615526642  0.61860733381205746
  0.62947274351792271  0.64016907746712826  0.65081301129809510  0.66138482663573561
  0.67190843497046226  0.68245684692785391  0.69298506311006669  0.70343061747155833
  0.71372501537751476  0.72406701855309741  0.73453268395965121  0.74508959126324736
  0.75571773995487213  0.76656799554805599  0.77756530507101052  0.78840528943493249
  0.79889876561804130  0.80915233885895932  0.81930727621975385  0.82952453867847964
  0.83975243210357320  0.85001293302657899  0.86026348658661400  0.87054377813574757
  0.88085954212933926  0.89130452051118880  0.90179086892006333  0.91215035874292749
  0.92230053477413965  0.93243723793518496  0.94290751060111877  0.95350897801523715
  0.96430463798377108  0.97517783524085744  0.98709645830027870  1.00000000000000000
  0.00687320603904198  0.01678600343295232  0.02834105315805812  0.03973717860365740
  0.05046563568968618  0.06116800556156982  0.07179197382731162  0.08233699020655716
  0.09293107914019233  0.10363861114087626  0.11464154787340911  0.12567542884324598
  0.13673909378158475  0.14777081221042251  0.15864562842496033  0.16933135116513148
  0.18011069729024770  0.19104818956231173  0.20190814914124663  0.21248374466975839
  0.22301857873007394  0.23350146752132250  0.24387536197988466  0.25429076722730626
  0.26478400924883494  0.27528024550027652  0.28571489417981194  0.29613427861155966
  0.30653791590507234  0.31670359830117517  0.32672802909214077  0.33693268895703510
  0.34727608048612324  0.35768896564505065  0.36805039021908442  0.37845478481969846
  0.38892715073271328  0.39928863646836771  0.40972869121944144  0.42019936052476825
  0.43071260712494913  0.44093753896093779  0.45122075522198984  0.46174010815730271
  0.47243830849260454  0.48320043991599693  0.49405391065982912  0.50491736489045713
  0.51562202523304734  0.52613490059837298  0.53659635975421094  0.54701862756851305
  0.55747902520739367  0.56810494801976974  0.57900746027772965  0.59020730327111715
  0.60138825516276639  0.61222269031145549  0.62275034183562117  0.63313599476288052
  0.64352676314373569  0.65378391920040946  0.66407054574932312  0.67421865007733839
  0.68443333435940923  0.69472461799931740  0.70503072637164432  0.71524908134976684
  0.72565800555395110  0.73633746387102184  0.74741739142257313  0.75818433188618317
  0.76859324362515413  0.77871651821412324  0.78871353949116230  0.79898249296613333
  0.80932902075616531  0.82005205307997819  0.83085563983145061  0.84174519921950308
  0.85227075831424426  0.86267564762828597  0.87285950428741732  0.88301463727166585
  0.89324447366496840  0.90350227853925980  0.91350732170950899  0.92370275882806840
  0.93375954978402209  0.94401268870420485  0.95430980923525199  0.96461672041698110
  0.97442582397897737  0.98344194342924696  0.99177126626890177  1.00000000000000000
  0.00337098096861696  0.01164621841815496  0.02105655568117309  0.03125504027379170
  0.04140952689874779  0.05189005642061011  0.06224258716688638  0.07248827239167184
  0.08258902211343733  0.09268681038278780  0.10296709247512886  0.11362113895908900
  0.12426144603289593  0.13487527725072479  0.14545048902306487  0.15602342416051448
  0.16680314778925487  0.17739052040826778  0.18788200860730836  0.19803650849752133
  0.20815304007693894  0.21840150775279915  0.22880642207230964  0.23936522425743767
  0.24981264663599934  0.26015043559839057  0.27016169258499495  0.28035068937699786
  0.29045236599924545  0.30071186524156274  0.31085000239873573  0.32137699000708847
  0.33224000316320318  0.34306024120847739  0.35399513128427768  0.36441637084623002
  0.37477549261586462  0.38497995766837484  0.39538937620461656  0.40584893691894658
  0.41635920834162721  0.42675975515969716  0.43731623099517647  0.44760913997483842
  0.45762320113899746  0.46745226290959846  0.47708850720319740  0.48722544800138745
  0.49755985189163232  0.50813353967219455  0.51859928309326830  0.52909719111354470
  0.53985825056719405  0.55019160155328872  0.56049766718621175  0.57081143492457498
  0.58138684443195987  0.59181804651975689  0.60204871849532271  0.61245939242516778
  0.62275885241755535  0.63348809116475480  0.64392723369564142  0.65446185280697322
  0.66496672851384364  0.67566282157262469  0.68642828347829821  0.69713334427713824
  0.70769377572009129  0.71814088079460714  0.72859479308576813  0.73912933626150124
  0.74973047110631130  0.76028704358706178  0.77096054685564186  0.78156652267096260
  0.79227441892346051  0.80292860524654219  0.81368626083089368  0.82440959840197525
  0.83497750934824699  0.84553398971250471  0.85610615785636546  0.86658699254806104
  0.87706736386415696  0.88756798377709800  0.89835517292604805  0.90932833544024250
  0.92065272823181910  0.93195463447680771  0.94300782282476836  0.95374647715439942
  0.96455863806010944  0.97553584739528987  0.98744386437240561  1.00000000000000000
  0.00586518765062759  0.02039338794049699  0.03471121077232709  0.04715075973189981
  0.05898394105889478  0.07049173656773700  0.08175583803842426  0.09282426105124307
  0.10387652153517218  0.11475097583645388  0.12533071622365630  0.13563041082303162
  0.14596368146364017  0.15660719695046232  0.16718863011520751  0.17747217148855263
  0.18766573739265321  0.19811609095806917  0.20854903417455195  0.21903252136837831
  0.22966615157338491  0.24046652517314776  0.25139662069569430  0.26215910769495021
  0.27271792434089942  0.28294597086103734  0.29311160096817107  0.30339396175151861
  0.31392165609759592  0.32446367173850577  0.33477899399170502  0.34494309346914115
  0.35502707411721690  0.36519578399587005  0.37549650583576766  0.38587599974011744
  0.39638686660480865  0.40701402786260027  0.41780653458654904  0.42879801484789137
  0.43974927506175870  0.45054443295439478  0.46115639345078480  0.47161548545850723
  0.48183507786585072  0.49225700719711923  0.50279506832810250  0.51349024027021051
  0.52417070353566120  0.53462844463043968  0.54506444867723569  0.55529575083261329
  0.56547850706041747  0.57551801892780452  0.58554765832020905  0.59562287598068886
  0.60570808637611917  0.61590944696768946  0.62608305190997804  0.63614596216733854
  0.64618444332892166  0.65634922309864552  0.66662266823837979  0.67687895039650692
  0.68709837343501956  0.69753239194679217  0.70821296314341975  0.71895899506237171
  0.72948286914906724  0.73951452808143192  0.74953523505709629  0.75952526087403061
  0.76960769583711552  0.77970036965457457  0.79012503070945928  0.80045814065667276
  0.81079709507758557  0.82103713248252130  0.83156875956912968  0.84201909673627107
  0.85252502724387924  0.86293698918061534  0.87340725660086682  0.88374315754866251
  0.89399533934258268  0.90424157972728147  0.91424232785105697  0.92439899786387747
  0.93440889693707074  0.94456400545291941  0.95448921843248125  0.96434960338174025
  0.97393187710264473  0.98307325343713103  0.99179530825239148  1.00000000000000000
  0.00000027543920430  0.00000744617426330  0.00001243332787081  0.00001577021115444
  0.00001960703724521  0.00002364265459238  0.00002762121318718  0.00003159896124807
  0.00003566678926444  0.00003981448030809  0.00004399089847548  0.00004812541804317
  0.00005236350453554  0.00005650439671116  0.00006062240106602  0.00006480989521128
  0.00006913459792938  0.00007359600615417  0.00007817878587835  0.00008291556869230
  0.00008783990391848  0.00009289985186162  0.00009803358080942  0.00010327910521791
  0.00010865054942870  0.00011415563718757  0.00011981291467893  0.00012566971857944
  0.00013173134184123  0.00013810705511176  0.00014488118016716  0.00015226098338528
  0.00015992093063527  0.00016808543914085  0.00017658416595681  0.00018536832715429
  0.00019439015003002  0.00020356364372181  0.00021294590741626  0.00022261811043417
  0.00023256603426560  0.00024279308638588  0.00025333588591729  0.00026414636131288
  0.00027534555132361  0.00028716204402887  0.00029952653339559  0.00031277432910487
  0.00032679001042812  0.00034134427373410  0.00035638919368929  0.00037185108270645
  0.00038801431046418  0.00040511098382453  0.00042288282646026  0.00044153786270810
  0.00046078576442875  0.00048125089470005  0.00050316829939476  0.00052660526866288
  0.00055153076672737  0.00057779485830708  0.00060566616075338  0.00063528001634658
  0.00066705806235398  0.00070100954684880  0.00073738904122996  0.00077626705104274
  0.00081842901465086  0.00086304274657017  0.00091028120885228  0.00096043325451797
  0.00101569677428034  0.00107639003103224  0.00114358563050256  0.00121685924656709
  0.00129701372347618  0.00138669430841766  0.00148731726278506  0.00160060079001730
  0.00172559636997917  0.00186468263264921  0.00202395868402394  0.00220264733491997
  0.00240552660732883  0.00263373621676474  0.00291259123553873  0.00325486505900305
  0.00367936727660309  0.00419498427551113  0.00494141227821478  0.00581585693602801
  0.00748160858613015  0.01173219877782130  0.19730043174638620  1.00000000000000000
 -0.00243096416051928  0.00993407086041333  0.01995261970046950  0.03082013423338670
  0.04157842862520013  0.05235574798663706  0.06317656458229878  0.07433831118359646
  0.08542273077625179  0.09631230504146227  0.10710479922017734  0.11797445057475350
  0.12870250283693765  0.13923439820075789  0.14992496849309309  0.16087238217369934
  0.17193543189548249  0.18320798067140229  0.19430743015850979  0.20518797863243621
  0.21599170548170299  0.22689871046669990  0.23778891132016458  0.24858440105832597
  0.25952489988107791  0.27055584704777524  0.28105360987660294  0.29148702490150952
  0.30214714789496955  0.31299511351869119  0.32369555297649788  0.33410268126013465
  0.34443265504939741  0.35459409429630229  0.36470160220963965  0.37491069503562097
  0.38532560747777878  0.39597414303131928  0.40670506480887869  0.41731459168414209
  0.42764233482353770  0.43791994497796111  0.44833459395050757  0.45878000606653846
  0.46923616020850561  0.47971832815802584  0.49040180666321825  0.50121420006964013
  0.51195730633252878  0.52262852915000990  0.53326159577932331  0.54402641808847763
  0.55493094918555008  0.56568303817952803  0.57637580238847763  0.58697074145948580
  0.59749007756105488  0.60795035538996434  0.61838347623992773  0.62896721125225363
  0.63951427286015716  0.65019293125667421  0.66111855236256400  0.67212581793310855
  0.68301205661188136  0.69367937936305424  0.70413410203643811  0.71439301010908640
  0.72494053289807014  0.73549951770073962  0.74598607885228874  0.75647411291593236
  0.76640184203897843  0.77662031440365487  0.78644492697010504  0.79686672466243824
  0.80734771114398207  0.81800809341161174  0.82857123194919691  0.83879235412912367
  0.84910616468456923  0.85891794886365491  0.86900553283951276  0.87914980400806220
  0.88986259217516450  0.90003305136069367  0.91017520221095816  0.91996278334842274
  0.93012491518591223  0.94012797058004638  0.95028576874984538  0.96041829924561173
  0.97019490354569882  0.98009579695912996  0.98968306917311932  1.00000000000000000
 -0.00228463674779274  0.00908902284481885  0.01884760131251904  0.02910671753050046
  0.03935333606457535  0.04972757870102809  0.05993160405831320  0.07034718320850628
  0.08106200939345304  0.09194738049744954  0.10271393175870978  0.11322408205546619
  0.12379966912689709  0.13459664816276065  0.14541476978347390  0.15621443790528211
  0.16670087541347436  0.17696972933529048  0.18717538987157112  0.19757408656700912
  0.20831910324040431  0.21908191197907931  0.22965831260382688  0.24009246858574157
  0.25056235954909567  0.26125144249423266  0.27208526850409037  0.28306925259603954
  0.29389706425293016  0.30469252009033915  0.31541160744080249  0.32607763179094923
  0.33686170868605275  0.34723900163381027  0.35765244696851911  0.36792863492419953
  0.37869631052618136  0.38940022404591551  0.40003960263620708  0.41055819984275682
  0.42108570135412576  0.43163826891377338  0.44211713124872448  0.45262494429951805
  0.46317233929097051  0.47366510378548293  0.48421317008252024  0.49468772539167538
  0.50520157656503351  0.51555697968779390  0.52610133715768714  0.53704470723305109
  0.54779661907520871  0.55833038727098061  0.56862004192917726  0.57892622709185715
  0.58908883786372102  0.59936679501757506  0.61007884913471155  0.62110504078155970
  0.63202939504486844  0.64241057780363575  0.65250269212939349  0.66243120774373143
  0.67268496750933926  0.68317559036067677  0.69378129967666657  0.70456232590655854
  0.71528040351080724  0.72613931828001343  0.73681372057218686  0.74777634374262747
  0.75862443866636875  0.76924366779109699  0.77984630741884964  0.79034693550353985
  0.80117465232365082  0.81207361371571141  0.82249788592692430  0.83293692716656609
  0.84337892825896166  0.85363854864843358  0.86393040919223385  0.87392443547461207
  0.88425211504751444  0.89482081806590241  0.90529795146708503  0.91604918242887834
  0.92651591605059969  0.93726345079845008  0.94776539340711718  0.95824348637853074
  0.96877742098645248  0.97908549706734382  0.98955654759177769  1.00000000000000000
 -0.00234655481265244  0.00944902753916307  0.01934080742505584  0.02972495774637792
  0.03995776750314062  0.05093566408876275  0.06165625890643143  0.07247262031910930
  0.08283472256105631  0.09344419902911005  0.10421414819138032  0.11473183029772462
  0.12522251551677596  0.13530476605714947  0.14550412301643742  0.15563101842134297
  0.16607092155119715  0.17611512880130328  0.18646203471671324  0.19688691612694875
  0.20755824783152169  0.21799115774561897  0.22851235869463468  0.23919622588852302
  0.24973283938447696  0.26013313654539660  0.27050586395065690  0.28102705173827014
  0.29137977173797630  0.30159418633755708  0.31167899735285454  0.32194727573302440
  0.33247118713537777  0.34301915452624138  0.35341095746195578  0.36356513548425606
  0.37384233880301360  0.38431663286080664  0.39506296675198105  0.40577024974113585
  0.41661973745168090  0.42731759077367742  0.43801902415551258  0.44855984671553761
  0.45912685867564368  0.46962810731408994  0.48019390312604493  0.49048460917217157
  0.50079843368353127  0.51109612981809371  0.52144829362063227  0.53171089263779703
  0.54205606496481895  0.55253549794991419  0.56324061077489729  0.57385076339492369
  0.58448491791444190  0.59526893585399410  0.60593594189388211  0.61677229302923575
  0.62754619924694655  0.63846967167829272  0.64921667335844502  0.65959883557682930
  0.66990524237155491  0.68027991629383278  0.69059240159757795  0.70101804652719002
  0.71148313383832340  0.72206089357826098  0.73263895786151123  0.74315230697446233
  0.75355432198996897  0.76379980923459156  0.77392521935624514  0.78401326164606266
  0.79412356921651184  0.80435857888126716  0.81498190043536112  0.82585375702682484
  0.83711835492836772  0.84852647620389265  0.86009476687348840  0.87151815331588223
  0.88306895416832576  0.89462704567826135  0.90583544739149113  0.91656273470186855
  0.92695781942561950  0.93728939870364147  0.94779398655914737  0.95832931739945137
  0.96870438481885834  0.97917477570715494  0.98952257564194601  1.00000000000000000
 -0.00244968695361057  0.00948240891749387  0.02002268869364075  0.03048532129639400
  0.04109680552989994  0.05177673439594924  0.06258796808638441  0.07339373719459216
  0.08402186568882636  0.09454664269726937  0.10515313319752589  0.11554038605129721
  0.12598410580968133  0.13661290179959640  0.14752192630472608  0.15835072853699814
  0.16874842683612523  0.17897539694892933  0.18919691162092836  0.19945775675345706
  0.20992983764532350  0.22042670415570906  0.23095135763459124  0.24161611356255702
  0.25221768616331569  0.26285882707468333  0.27337048123565105  0.28381994832355567
  0.29419466643098197  0.30473976745446973  0.31512313713402507  0.32558625784512285
  0.33601052440255164  0.34652690276810533  0.35713237728257174  0.36740107731660843
  0.37795817685913130  0.38850404512494680  0.39899815187098353  0.40955177225437145
  0.41993509437476056  0.43050638817551484  0.44099968140662493  0.45174851217812789
  0.46265847737820331  0.47354337541972608  0.48415955726181964  0.49496755635923512
  0.50591627591398258  0.51685624331036439  0.52741990079166223  0.53790729294134032
  0.54863356810803898  0.55964398024330608  0.57049303796895712  0.58101688951412211
  0.59148085115750870  0.60192472086105464  0.61221500799446782  0.62235491423105549
  0.63255776466523073  0.64282494998219419  0.65306786381952608  0.66330320595569436
  0.67381889474662937  0.68448004118592809  0.69512206329376369  0.70574062625577483
  0.71589091508849378  0.72591389818715912  0.73626202754249215  0.74685567661552466
  0.75764933918747779  0.76803854103692804  0.77855403251587429  0.78911365037240977
  0.79988159167981532  0.81055757879748525  0.82123792668474893  0.83207299346787211
  0.84297522529746860  0.85383380497911943  0.86455403012063725  0.87522256334705928
  0.88554026947080811  0.89604623680518558  0.90640901068104773  0.91694401774853518
  0.92720785111600379  0.93767632625912600  0.94834618702562323  0.95915045260238174
  0.96955983361020626  0.97993979698705158  0.98993576907440695  1.00000000000000000
 -0.00216410260515078  0.00890982852154605  0.01850713362518436  0.02918737433192512
  0.03935096921674485  0.04972061964938129  0.05972053022849149  0.07005788754322841
  0.08026305934142076  0.09049677942075206  0.10040682979615191  0.11044514542192391
  0.12040773360978124  0.13086879536814539  0.14145234054064465  0.15225413113473918
  0.16291166873998775  0.17328066763142758  0.18348773392850984  0.19348225203688102
  0.20315344061641794  0.21307250454379786  0.22315685876236074  0.23339626896209853
  0.24358458216485274  0.25402236060025801  0.26472165924455066  0.27501933001595102
  0.28514575546304388  0.29557866991841986  0.30586536861318719  0.31601022232830966
  0.32589549976689325  0.33582662007730546  0.34580997013066528  0.35588219699991441
  0.36617399121535660  0.37670169009723536  0.38746994440796045  0.39807206561373387
  0.40854855907081367  0.41901500511621836  0.42982456844029548  0.44059866802279535
  0.45140116398397967  0.46222597488134853  0.47301132888297920  0.48383537398385301
  0.49465248545461482  0.50564382513772976  0.51646246652010519  0.52689420170500334
  0.53728910064646995  0.54758089686278277  0.55810845753961391  0.56891239771521707
  0.57989270249351565  0.59059047521620056  0.60114927561676945  0.61185195641143464
  0.62305633808907646  0.63419154907906861  0.64525693304638776  0.65609905465981921
  0.66691085279111051  0.67806229381189953  0.68888754607086511  0.69940450432734780
  0.70954071288914455  0.71964952224244827  0.72986185626711775  0.74021556368441144
  0.75085500980528219  0.76159363404184588  0.77261707381284661  0.78378770839859535
  0.79512165228312426  0.80633423635705848  0.81753716509324736  0.82898805195672765
  0.83985719100936140  0.85053012733921129  0.86081562721674298  0.87114699286943942
  0.88144272609477448  0.89207480020364882  0.90265662336262431  0.91340157312649939
  0.92390775271486625  0.93466738430252061  0.94536585259030614  0.95616064164519532
  0.96733645556236270  0.97829348615448575  0.98931706023261856  1.00000000000000000
 -0.00242967958505458  0.00931003643888301  0.01985311066489337  0.03040210486969741
  0.04086084927689206  0.05087962879923443  0.06128613529079771  0.07164717096930835
  0.08201895640418361  0.09228881110839540  0.10255936296676227  0.11322646737458358
  0.12372660382986600  0.13406721572884811  0.14433794756019552  0.15488986393538590
  0.16547443699928133  0.17610398827576593  0.18645352632545201  0.19673177388811369
  0.20696864107125551  0.21731766857018531  0.22782568064975181  0.23821965808051038
  0.24872939690318366  0.25930827848489779  0.27014979794867378  0.28098533226314376
  0.29183469461224515  0.30263721351877715  0.31337331488459585  0.32401303484359800
  0.33453174248713241  0.34482045708135528  0.35530339715457898  0.36618764688146749
  0.37748855781362645  0.38822827409026733  0.39893994111992742  0.40955756614093275
  0.42034615663738800  0.43063995435979918  0.44112809334641673  0.45179987683283818
  0.46251184729026629  0.47305879973719800  0.48353068456053455  0.49388865604941373
  0.50413681651688835  0.51443207334700891  0.52511886058979984  0.53555322189052890
  0.54589028580454402  0.55594397186545697  0.56640108608585971  0.57698348138639455
  0.58778544349044259  0.59877224827202413  0.60950832477860717  0.62006070847754757
  0.63036171606207692  0.64053696274092076  0.65081119391887243  0.66107232448477726
  0.67156034276877075  0.68204386884709289  0.69239106363643721  0.70260204761254086
  0.71281156914395405  0.72328318354655785  0.73375894073693948  0.74421044082677013
  0.75467540795008115  0.76541775285218516  0.77629884937558846  0.78740358836006930
  0.79840597686329717  0.80925915734985365  0.81999090927351981  0.83054212204406175
  0.84100464948537212  0.85141591815561801  0.86185945670554009  0.87218827732389248
  0.88264159065266934  0.89309473314456422  0.90356608513617775  0.91426656027854025
  0.92473110602248165  0.93551442265280305  0.94615888428070949  0.95692895340909601
  0.96780404525162500  0.97863199213985752  0.98938521721019634  1.00000000000000000
 -0.00230693420797243  0.00913808305452058  0.01943730142139607  0.03027799741338352
  0.04115857239308565  0.05196142637217407  0.06275286769910662  0.07355107736495047
  0.08391936346951098  0.09426890519469731  0.10479902550550312  0.11530910303170053
  0.12583109456543842  0.13614154881895466  0.14657459640720683  0.15704454355241138
  0.16733202295210081  0.17782466048615814  0.18831467606789751  0.19914577086474045
  0.20987270606280084  0.22049475161987853  0.23103002184931234  0.24176503018774298
  0.25278246831042983  0.26341927488323774  0.27414312369034105  0.28456080761858660
  0.29505731678143776  0.30516132279201813  0.31552774102808279  0.32628784672680927
  0.33708299335280678  0.34794158262226188  0.35856136934322358  0.36912537431765374
  0.37990373881985168  0.39066264205325396  0.40176486479716961  0.41263768354627706
  0.42332047244456833  0.43380672365765865  0.44391557916835100  0.45421769249449861
  0.46463268981798611  0.47522427962619229  0.48582223492603488  0.49651275884361112
  0.50714684889709183  0.51780520291633092  0.52798795478782068  0.53814877448277154
  0.54827364575381299  0.55852836532948258  0.56897573097571408  0.57930673417825262
  0.58965722779362639  0.60011241636833579  0.61019934112722740  0.62068930537219125
  0.63120166389331489  0.64196225767993165  0.65235533591560479  0.66268536965437685
  0.67319702546004401  0.68393597280672813  0.69462713737017701  0.70535265883104203
  0.71631141749343152  0.72695690828545700  0.73769163888085043  0.74836948990624907
  0.75920983390885022  0.76996092930730764  0.78065395021079886  0.79122867339000025
  0.80170489339285933  0.81211875134552380  0.82248178891581014  0.83281172665147019
  0.84321223856640259  0.85382563053078930  0.86464804454320221  0.87510322403904051
  0.88516343451313151  0.89527527209947089  0.90592417390161384  0.91686186944005565
  0.92735732173757235  0.93757633260696027  0.94806180573424836  0.95864972587339803
  0.96911822398631675  0.97949397515009118  0.98979252305740695  1.00000000000000000
 -0.00219544405460439  0.00899201995962737  0.01876373126812162  0.02887081349403413
  0.03916474823763920  0.04949789177590137  0.06028191685727463  0.07121481267183741
  0.08215762558823923  0.09254764081805746  0.10276986259572846  0.11274479623427264
  0.12284548884133616  0.13333466616045880  0.14423384062426425  0.15479683299630304
  0.16522642876894228  0.17563408557392737  0.18637061726984749  0.19668027621245796
  0.20730188174834752  0.21812080648430354  0.22904325415399812  0.23959881422536308
  0.25016606250027612  0.26077029833507592  0.27123358322544699  0.28154283406063935
  0.29176404065100053  0.30200192052568436  0.31225767642462637  0.32241119100236770
  0.33284034014110181  0.34342616147154653  0.35408461310320916  0.36443647566548631
  0.37490652347671360  0.38534238345236405  0.39600909812843466  0.40669716837507514
  0.41752557043793176  0.42837416192045802  0.43925808658176063  0.45006995146003803
  0.46075018182391331  0.47153461035861788  0.48242389203438185  0.49348315513397306
  0.50453497253356139  0.51546218787197029  0.52666771452037842  0.53807433419706374
  0.54922546243813253  0.55979239519746438  0.57002928816732623  0.58037635613989869
  0.59080527804547334  0.60162750376033258  0.61249810697011442  0.62316123456657802
  0.63350137438213705  0.64381208522651578  0.65422875733324559  0.66462409254667576
  0.67493566162610186  0.68512464733642608  0.69537354438739851  0.70576097992129028
  0.71635360670450166  0.72684054163875644  0.73711275322348224  0.74702334534530457
  0.75715522185920947  0.76759346724766420  0.77818420755336537  0.78882772655013134
  0.79956605628921096  0.81024737631171273  0.82066823708181258  0.83120104085975066
  0.84182872164866740  0.85226880812161965  0.86241852321949741  0.87246617933930037
  0.88278993064731559  0.89330585615634772  0.90394197385411412  0.91470922459121440
  0.92536092307731721  0.93592836942985647  0.94648423324666009  0.95694969664463236
  0.96762280425576219  0.97810654739829150  0.98902297878265544  1.00000000000000000
 -0.00231071562267782  0.00916869543454152  0.01914866604608978  0.02930658705981598
  0.03972482656112859  0.05035658312450193  0.06129019173478731  0.07184380799287698
  0.08223063179658852  0.09287732372545032  0.10342880894796820  0.11376766815190988
  0.12396661967168077  0.13419333853034404  0.14452292017062712  0.15506423557713236
  0.16583508187226323  0.17645596000776451  0.18689636538653295  0.19772214127600435
  0.20891342002182600  0.21997597058844157  0.23091262377601768  0.24156577260668743
  0.25221839008300567  0.26273845952905306  0.27317724001762850  0.28355657434570491
  0.29401105626409796  0.30477411953095773  0.31549640666405404  0.32606049568395851
  0.33654920936911581  0.34689785002421475  0.35704114708413964  0.36719701485873035
  0.37775699737265472  0.38863534271829753  0.39932713908036821  0.40971855152535869
  0.41989385478793662  0.43012727403756440  0.44052055198263496  0.45096066780427102
  0.46144980220725029  0.47196978293844105  0.48273997501114924  0.49349575837919396
  0.50412768847793521  0.51465401954313728  0.52504869408371824  0.53547571615833156
  0.54580099503720714  0.55624288552512502  0.56670205933090023  0.57728876266006357
  0.58800930889297010  0.59873320946596609  0.60939281601731765  0.61989910790548386
  0.63054742606187608  0.64111804145979490  0.65148116754150065  0.66162867330605502
  0.67190508067021470  0.68232640639337072  0.69299976709380073  0.70351461827761619
  0.71413055305645179  0.72471714240082896  0.73515220200735065  0.74541990223837495
  0.75557089447712611  0.76584637977234660  0.77606992777972938  0.78609209632295041
  0.79617253315213654  0.80640725436349603  0.81702162947233481  0.82805684817619263
  0.83916118883955404  0.85042162534537080  0.86131929418533526  0.87210963008290210
  0.88266456048000608  0.89328756335893700  0.90409862885325865  0.91481042348399333
  0.92553455348511160  0.93625743559131658  0.94666667484644618  0.95719745627349606
  0.96789744967715030  0.97871720398171502  0.98937395503803094  1.00000000000000000
  0.04398107555493631  0.20832947300218813  0.26384412571509519  0.28322902989512105
  0.29791541252567694  0.31101344993425861  0.32320737620666046  0.33464750545915822
  0.34539493824452172  0.35540858568528205  0.36476812516407014  0.37354165782719817
  0.38187718140847537  0.38997420892256934  0.39800335289819067  0.40598253998288131
  0.41385357301812364  0.42142377975002887  0.42868595837682832  0.43577926190359079
  0.44277819478704411  0.44977918813348333  0.45669882519156352  0.46348114347600833
  0.47006623973915496  0.47646422472616357  0.48280938691241837  0.48908775249023223
  0.49540466890279494  0.50168629426716971  0.50788925014527020  0.51407958220119021
  0.52024218612154927  0.52650721284106894  0.53280693610261187  0.53895695903462970
  0.54504558515527957  0.55115731420223679  0.55727916793410393  0.56333995401071724
  0.56928313516154405  0.57520797946629798  0.58110635318085935  0.58700367498838002
  0.59289131093898029  0.59876858467782745  0.60464817885860467  0.61046359994002586
  0.61616656435640671  0.62179474825699288  0.62740929987516203  0.63297815416318493
  0.63870195783455508  0.64447459507719562  0.65012998451227166  0.65572480698807634
  0.66130185052518164  0.66683305158575223  0.67238958324154030  0.67795829569230925
  0.68348171542194769  0.68901200937186557  0.69454493928631522  0.70015907740722516
  0.70586628149112174  0.71181387335480195  0.71795157396744302  0.72406961720822371
  0.73025936065107966  0.73653443773621952  0.74286503902332790  0.74922817565904831
  0.75558740812981307  0.76199617595961255  0.76859253671651528  0.77527910369696651
  0.78204505550510206  0.78898736234813915  0.79605842133952220  0.80320239530245563
  0.81039916680674429  0.81773354406952559  0.82518868587945693  0.83276946408883001
  0.84054111016659183  0.84850026078683805  0.85677262802077658  0.86546601658158084
  0.87473820573557848  0.88461776890348609  0.89517040250544033  0.90688735148030808
  0.92051645061075826  0.93695127557032176  0.95977925848461920  1.00000000000000000
 -0.02558387173487021  0.12275005602409728  0.15891303776689647  0.18058014401091568
  0.19777676379412132  0.21227944800194434  0.22512078624141765  0.23650915542030598
  0.24695170155049687  0.25661836496548335  0.26592263840550129  0.27485110296919107
  0.28358034108507463  0.29212192385557806  0.30027045527878721  0.30804601985486579
  0.31554323766195164  0.32287138236775187  0.33004013950176503  0.33711112718571234
  0.34405550778218846  0.35091382844754948  0.35767617018356246  0.36428001063754989
  0.37069826878482526  0.37691242504665229  0.38296451795811964  0.38898967470823254
  0.39499216620122829  0.40089880267898353  0.40668131593225892  0.41247748528786837
  0.41825017667660452  0.42391683344073955  0.42953005870806121  0.43509185835954328
  0.44055823526815407  0.44593543735682689  0.45124289357884512  0.45654339765613527
  0.46183641800036429  0.46706948230741085  0.47231408216324910  0.47754790548574233
  0.48280281937838615  0.48795950298570390  0.49321198684030587  0.49833943760426130
  0.50354832806768846  0.50875532637710996  0.51399676500029678  0.51927661704492767
  0.52453406638515210  0.52973833449134711  0.53493340571155024  0.54022362871094021
  0.54565092162546613  0.55113118783627990  0.55658971151941528  0.56207892479257349
  0.56762664124085238  0.57317013104707804  0.57871925792980095  0.58427976193700515
  0.58985512432699538  0.59549036541377109  0.60112347262897703  0.60674684414342717
  0.61245826186933328  0.61823615154333855  0.62411889040294344  0.63004945622942499
  0.63607573954281793  0.64234098361468805  0.64883988750467803  0.65562799475975553
  0.66250404624565906  0.66949051154823258  0.67654956321120763  0.68376877563576177
  0.69124278539241568  0.69904794716612173  0.70709635506862756  0.71550398724622655
  0.72432984058552752  0.73349184212568652  0.74302039994690150  0.75301965857668651
  0.76377891359619876  0.77542425673065607  0.78857257359860000  0.80315333803664790
  0.82016553428218775  0.84170339601894284  0.87819864126506875  1.00000000000000000
   4.8913645078738308E-005  -1.0000000000000000     
 T F F F T F F F F F F F F F F F F F F F F F F F F F F F F F F F T F F F T F F F F F F F F F F F F F F F F F F F F F F F F F F F T F F F T F F F F F F F F F F F F F F F F F F F F F F F F F F F T F F F T F F F F F F F F F F F F F F F F F F F F F F F F F F F T F F F T F F F F F F F F F F F F F F F F F F F F F F F F F F F T F F F T F F F F F F F F F F F F F F F F F F F F F F F F F F F T F F F T F F F F F F F F F F F F F F F F F F F F F F F F F F F T F F F T F F F F F F F F F F F F F F F F F F F F F F F F F F F F F F F F F F F F F F F F F F F F F F F F F F F F F F F F F F F F F F F F F F F F F F F F F F F F F F F F F F F F F F F F F F F F F F F F F F F F F F F F F F F F F F F F F F F F F F F F F F F F F F F F F F F F F F F F F F F F F F F F F F F F F F F F F F F F F F F F F F F F F F F F F F F F F F F F F F F F F F F F F F F F F F F F F F F F F F F F F F F F F F F F F F F F F F F F F F F F F F F F F F F F F F F F F F F F F F F F F F F F F F F F F F F F F F F F F F F F F F F F F F F F F F F F F F F F F F F F F F F
  <DiscreteSampler_grid>
  grouped_processes
  1 # 1 for a reference and 2 for a running grid.
  10 # Attribute 'min_bin_probing_points' of the grid.
  1 # Attribute 'grid_mode' of the grid. 1=='default',2=='initialization'
  0.0000000000000000 # Attribute 'small_contrib_threshold' of the grid.
  0.5000000000000000 # Attribute 'damping_power' of the grid.
 # binID   n_entries weight   weight_sqr   abs_weight
    10   10   9.483314800149137E+002   3.507284210813939E+006   9.483314800149137E+002
    16   10   9.483314800149141E+002   3.507284210813942E+006   9.483314800149141E+002
  </DiscreteSampler_grid>
