  0.00318087588630352  0.01172036917914772  0.02252624730444112  0.03326450941760562
  0.04393300504148632  0.05419818494467215  0.06453585506963125  0.07495764811958956
  0.08528585023422623  0.09542190274633856  0.10579504311857515  0.11626917169892872
  0.12663129214407390  0.13676202528796502  0.14706557097827588  0.15790535757033877
  0.16858179918715313  0.17916874257389825  0.18959864053766071  0.20032807209209566
  0.21082475137476769  0.22126360665156405  0.23142679921900530  0.24145121335732436
  0.25127308528252962  0.26127672124419216  0.27157222927709523  0.28209209741561841
  0.29276046066858552  0.30382148852081187  0.31509175398263961  0.32613640165308988
  0.33704665031308562  0.34796106464159010  0.35880566230422573  0.36934319958767220
  0.37986761998766860  0.39043891929980001  0.40093033693493085  0.41121253600575941
  0.42126115787775026  0.43120037029646202  0.44116752733912018  0.45131954918601952
  0.46176809739192537  0.47239213909098299  0.48308601665252543  0.49377351943465447
  0.50436015682362478  0.51478634567646808  0.52509040770811888  0.53537342085834627
  0.54563524478182901  0.55577531218454168  0.56581006645873977  0.57593994620404709
  0.58629058342377383  0.59678282419826245  0.60712364081900982  0.61726221299258544
  0.62762347779046368  0.63813235754928110  0.64865905556191306  0.65906583849011746
  0.66925068915131369  0.68002838035072311  0.69067904676427527  0.70176506079044787
  0.71299117556477187  0.72426981271253799  0.73479143419048154  0.74515889441084693
  0.75541836712732102  0.76593057052111613  0.77620784129924614  0.78657652271649525
  0.79686530619397211  0.80695499194953868  0.81710863881094864  0.82722577252276730
  0.83765884652933931  0.84828421701246126  0.85883566218485052  0.86916826568425820
  0.87960759330538885  0.89025612501267826  0.90094361134509882  0.91165097312495091
  0.92239891951383257  0.93302647092521407  0.94341997010753387  0.95393702440704076
  0.96487989732454871  0.97610795195064159  0.98789503467285933  1.00000000000000000
  0.00700282817351155  0.01572981726635985  0.02680426490076886  0.03805103217117460
  0.04851399386008112  0.05882815590585683  0.06902414813395955  0.07931320463259062
  0.09002469289237285  0.10090615563523986  0.11168718562698028  0.12216099777975312
  0.13286951416917051  0.14359307379285885  0.15426019425701873  0.16487807999966625
  0.17519518380234117  0.18544977067966487  0.19576678869603517  0.20620960595307042
  0.21656174864284000  0.22660726638573711  0.23672700773773131  0.24692740637337096
  0.25737792122701192  0.26802205407539947  0.27858572141745763  0.28911545731810123
  0.29951579816875895  0.31006418683357956  0.32064603979977546  0.33148481101949978
  0.34266618732189452  0.35374186028073951  0.36455209420972723  0.37534383980176933
  0.38621893872853963  0.39700955680521199  0.40758694338475920  0.41819400845686683
  0.42901969183390692  0.43962624087771102  0.44976760703170393  0.45969997162048543
  0.46970483106545852  0.47986620584877521  0.49022007808398543  0.50062843702641557
  0.51110805581053431  0.52146100016029062  0.53178252283074967  0.54205254499339317
  0.55216693986991117  0.56217162712695035  0.57226349309027846  0.58234109924185562
  0.59223933923790983  0.60211826703892501  0.61223641185898892  0.62219238284595058
  0.63232053588170334  0.64264519886776628  0.65338162771396568  0.66415455687607761
  0.67450923147782071  0.68493510412314640  0.69547410534308440  0.70612416833364111
  0.71656556903755442  0.72686673076522990  0.73727304398136417  0.74758678671522960
  0.75777176319398021  0.76803249741192947  0.77857571020219118  0.78928675923398628
  0.79992717057077178  0.81058896677216485  0.82126362420235499  0.83183619216583571
  0.84187084066202489  0.85168714549611579  0.86147326501804988  0.87152516644830891
  0.88177662420494496  0.89203119912350071  0.90260403778946163  0.91314827562468603
  0.92370709243486493  0.93386653145093568  0.94397336936323273  0.95385219060027204
  0.96385625379293927  0.97333769195838682  0.98258103369856897  1.00000000000000000
  0.00335230269630747  0.01103767142128636  0.02079458939322566  0.03073434619363815
  0.04078256429007569  0.05059904173294742  0.06031916385601850  0.07045922510919726
  0.08073385724239783  0.09122898896449466  0.10186590142013147  0.11208836126465904
  0.12253857758675327  0.13226659021319151  0.14245925923744504  0.15250406929195548
  0.16231776234091425  0.17208097723895588  0.18218769789490263  0.19265468056772217
  0.20365230980039289  0.21463482857632088  0.22540643745159955  0.23594270482425145
  0.24630385265783605  0.25658081694404639  0.26714711129315172  0.27772354552499973
  0.28848419988954105  0.29904534024726515  0.30985436054522808  0.32055160409401418
  0.33108231958994488  0.34111811262392983  0.35112903588076977  0.36150683191705840
  0.37221612640963359  0.38290577942848320  0.39338483429265614  0.40411009494333672
  0.41502960502446046  0.42523842347194379  0.43544201691273271  0.44542607200939083
  0.45592347243866060  0.46626118756406448  0.47644648587438659  0.48688649614405510
  0.49739515255455896  0.50819853370610724  0.51888135558458082  0.52941038721850953
  0.53988869916415871  0.55015422619775800  0.56054972005548687  0.57077465516424342
  0.58115039764031362  0.59143524389520230  0.60203548916853644  0.61258872452995738
  0.62334770175684762  0.63377239044961808  0.64422102739303189  0.65469240464781964
  0.66528244692639305  0.67570516788686708  0.68606331113772145  0.69637978822385926
  0.70697811612397410  0.71764567883754049  0.72827400833375711  0.73892163191632443
  0.74934523927937624  0.76018730978864835  0.77092247788559765  0.78213345406133439
  0.79324428041085626  0.80473367401973861  0.81583239295701204  0.82651057852086285
  0.83691007406314588  0.84725310335423754  0.85779226096509176  0.86845240851631345
  0.87916911752557414  0.89010273483921065  0.90119195459088841  0.91214482979794009
  0.92239730366243355  0.93234632940821849  0.94254889480286197  0.95312867628702358
  0.96395836228163434  0.97488039908573654  0.98698699315194494  1.00000000000000000
  0.00596892345400821  0.02035488950358865  0.03528102937594325  0.04824956458369244
  0.05963427457406179  0.07061169259580288  0.08097243310486775  0.09128948371245081
  0.10158397039485428  0.11213351072946358  0.12255749875667321  0.13288997912286801
  0.14320715428376449  0.15340769757467182  0.16350051325880977  0.17345844787781750
  0.18329413136183295  0.19317420041688962  0.20303273312144932  0.21293376223502550
  0.22297309143259020  0.23331880316184778  0.24398622578076926  0.25457585997523230
  0.26493042926609323  0.27535791967350381  0.28592015894089801  0.29625917638486843
  0.30639898725046921  0.31675482904254082  0.32742441074261097  0.33808964536088770
  0.34875689004898425  0.35947035437738534  0.37011176414831631  0.38050765664557351
  0.39082824813159123  0.40120579231559106  0.41153794366461260  0.42175496491698272
  0.43188003764539307  0.44208570141265568  0.45245847060384098  0.46290628478150192
  0.47312722844983979  0.48308848612667227  0.49305033592355374  0.50331687315218465
  0.51359300199599545  0.52373025625335889  0.53394014733268469  0.54442156216604887
  0.55521845772696699  0.56614362415079578  0.57695621053643853  0.58745517807085446
  0.59764518766046004  0.60764867415556489  0.61753936501778117  0.62749379774142444
  0.63755770216021690  0.64775755013309844  0.65803900171968588  0.66835790567852205
  0.67862453457690208  0.68879601354756137  0.69900317350655161  0.70915446031569229
  0.71914519921224918  0.72910039490495215  0.73926537049695540  0.74955263019307039
  0.75982825770476259  0.77022924440858243  0.78096058374756150  0.79186459958224931
  0.80262847762730194  0.81325768222392192  0.82374300817878687  0.83431253681416750
  0.84480951341703059  0.85509613120713701  0.86520041818087889  0.87536984523039318
  0.88549951298677410  0.89569971685812511  0.90568165096751763  0.91569071510959621
  0.92558310087316198  0.93535696938205215  0.94514469902797793  0.95490596887154977
  0.96459272429667919  0.97401043267580345  0.98285179951101875  1.00000000000000000
  0.00000460354371618  0.00000941835266396  0.00001283086066085  0.00001607039200089
  0.00001978499318015  0.00002385474241080  0.00002814344835415  0.00003232085106771
  0.00003646676295015  0.00004063241565789  0.00004483509858614  0.00004913806097194
  0.00005349805221182  0.00005792344155712  0.00006239192438072  0.00006702780220793
  0.00007181303835933  0.00007670410387601  0.00008168913744152  0.00008669230744530
  0.00009176251956243  0.00009699128151002  0.00010238817318607  0.00010795941992234
  0.00011365481240370  0.00011956790624450  0.00012556429322592  0.00013181883154967
  0.00013834708867570  0.00014535228339034  0.00015301973005154  0.00016122671602456
  0.00016995195127493  0.00017915026396810  0.00018853660186259  0.00019824368744148
  0.00020819745073386  0.00021813826376462  0.00022848101108670  0.00023881349285101
  0.00024938688320331  0.00026043842990889  0.00027156381983958  0.00028392468237871
  0.00029627337567062  0.00030902261651809  0.00032208439188774  0.00033575707900519
  0.00035059010526286  0.00036616881772453  0.00038266611137555  0.00039946953159173
  0.00041702097934325  0.00043552087019243  0.00045475123009581  0.00047517619645933
  0.00049678640923235  0.00051981934465228  0.00054418353091448  0.00056978634719558
  0.00059726601474342  0.00062657326210407  0.00065883550183277  0.00069284968630052
  0.00072923156298618  0.00076694929152351  0.00080894032973687  0.00085344654185682
  0.00090160471989958  0.00095388219613838  0.00101043249869673  0.00107198868278454
  0.00113647426660020  0.00120678135401139  0.00128529296318651  0.00136867826815011
  0.00146016080671849  0.00156455211978970  0.00167842393556984  0.00180437322281087
  0.00193480248231380  0.00207320459675047  0.00222838166237529  0.00240608501003806
  0.00262105289164527  0.00289254054424490  0.00324922000062457  0.00371009058059150
  0.00423442110847298  0.00486154275081088  0.00572513352994704  0.00695098281911176
  0.00875554270130123  0.01324478671323234  0.19142693945297551  1.00000000000000000
 -0.00278261722847369  0.01027252517531833  0.02141235623565421  0.03266642514176734
  0.04381963131419821  0.05494021873874800  0.06570411013262130  0.07632568956191266
  0.08699189761643761  0.09785589246120321  0.10897440001528472  0.12026690415735514
  0.13164826609226676  0.14295061878021315  0.15414569927402835  0.16517951620672736
  0.17571935452399828  0.18605660601838253  0.19640401019744913  0.20663435887030729
  0.21703826376764515  0.22740528141234695  0.23790503806401256  0.24847195987536444
  0.25919835307103978  0.27002656292520394  0.28074525145918344  0.29174147174380299
  0.30271090167806536  0.31315373981240008  0.32320699907537220  0.33355615823189000
  0.34408340146651945  0.35471672178408620  0.36513146788737133  0.37553235782939282
  0.38578361545833373  0.39586853961817597  0.40598550533075789  0.41603096411726953
  0.42616356019575130  0.43648784929713669  0.44713395639982811  0.45779664457858305
  0.46867763328223155  0.47939675962612088  0.48978414206090520  0.49976392732330821
  0.50970145636140585  0.51988604082665746  0.53003404458524650  0.54002444346874190
  0.55042137533992408  0.56070445652691769  0.57096872689047473  0.58096835754232068
  0.59103457322681507  0.60135235531087594  0.61197721634281343  0.62302006830923007
  0.63417294335089269  0.64523581912779726  0.65567738528030461  0.66593035139123258
  0.67599501717799704  0.68637575087655245  0.69678497898515912  0.70738925384881046
  0.71797757912135063  0.72840322171258320  0.73853811924235779  0.74868023490871249
  0.75896492348165157  0.76920856336597587  0.77945273292999928  0.79004321458968707
  0.80111541520087970  0.81216518367056934  0.82270919790048969  0.83287700733632086
  0.84276201804301643  0.85278787645666720  0.86286999273704845  0.87316662315320603
  0.88326580954099432  0.89339155075305499  0.90380868960230631  0.91443444972034316
  0.92531011211961678  0.93609520469654139  0.94691190323109919  0.95759187805658152
  0.96811646211976465  0.97861161795679619  0.98927056317202344  1.00000000000000000
 -0.00245790771055490  0.00922649157721713  0.01942808519128583  0.02997605415879621
  0.04084669886802979  0.05208997190943711  0.06337724735840906  0.07412233902737532
  0.08485294572920637  0.09518730950626128  0.10559558888243872  0.11581740989011181
  0.12626949134351148  0.13696676003666974  0.14752280369806536  0.15792612091624603
  0.16844029392157395  0.17967257992040508  0.19055939418733872  0.20093079478805165
  0.21107825430322527  0.22136686964818830  0.23153277640646680  0.24148443114424395
  0.25130709048577682  0.26137486751125438  0.27147566910017823  0.28207603657589503
  0.29282907228226296  0.30382105240158430  0.31482309642314477  0.32575081508348036
  0.33661180313043343  0.34731970705858067  0.35790335454128896  0.36850722734602515
  0.37910917883025852  0.38966112621097143  0.40033493628353906  0.41094715885896238
  0.42127586928957983  0.43117091599960206  0.44139481726284030  0.45166968484147557
  0.46196771273733989  0.47212245389069241  0.48243260102739255  0.49318714500611760
  0.50395123105578166  0.51457352379357391  0.52505004466465077  0.53550530515453765
  0.54623297024609274  0.55680885075112396  0.56705805981468904  0.57702193342457320
  0.58746447686921388  0.59809243271144485  0.60872133482230950  0.61893091186950877
  0.62914691775255638  0.63935569208896137  0.64973678464828832  0.65994946415829436
  0.67014724967611961  0.68030465522041172  0.69055824224969620  0.70098786632491916
  0.71152611172631131  0.72241720716628022  0.73307660018992848  0.74341703838143602
  0.75365309075512643  0.76387178622892571  0.77426243739340939  0.78461636689582892
  0.79508168054720585  0.80571811309930719  0.81635930763993403  0.82712894274705229
  0.83781706784787868  0.84880234912683228  0.85951836789282843  0.87050857769083956
  0.88110832984309273  0.89192996799610569  0.90275728493474094  0.91357524356808240
  0.92461572444003171  0.93555001320454001  0.94616379713301191  0.95671859789635416
  0.96768618768129600  0.97859566076806326  0.98936603244099464  1.00000000000000000
 -0.00242007752658616  0.00907418069175199  0.01910086077767804  0.02919455290335773
  0.03935921966958350  0.04940600874457559  0.05943439070017225  0.06938528792595411
  0.07942796007656644  0.08963136677786333  0.10016457833005296  0.11048612417187141
  0.12065220866101189  0.13080837329784978  0.14100362262950381  0.15130804037601067
  0.16164926900723903  0.17189264318308628  0.18244741881970838  0.19300769465155601
  0.20365157704346704  0.21400214897823086  0.22411844549480672  0.23415792385975448
  0.24422431285822502  0.25450296789390303  0.26502740514766054  0.27571435356319590
  0.28619132490191451  0.29643290837250952  0.30644178389554977  0.31673777672291947
  0.32708613939458842  0.33756941617124930  0.34819644589836557  0.35900477585051260
  0.36987229416042555  0.38063756931331322  0.39114936516186444  0.40151320186537864
  0.41168069822476683  0.42191100943659038  0.43196669917759345  0.44206149927262306
  0.45226368284530832  0.46230722563358267  0.47254029070933878  0.48268056954157579
  0.49308635117460986  0.50358519305432137  0.51411575948781307  0.52466064425782777
  0.53495465955041832  0.54504694072936244  0.55555102539902956  0.56618803728082989
  0.57756059631459156  0.58857520483636561  0.59939017034955189  0.60999377318841785
  0.62054522369601273  0.63105024363230589  0.64155334451393575  0.65201605229849724
  0.66258757573472205  0.67301780822415802  0.68327151365197702  0.69347207717325976
  0.70356987292072037  0.71383170555292152  0.72419494437130638  0.73495292677877233
  0.74605765300379556  0.75712502136372728  0.76819435038359640  0.77937675042167998
  0.79075803536281442  0.80201691203903747  0.81312281992611335  0.82398528560811712
  0.83499340826897672  0.84582480756019573  0.85671852679605276  0.86751022349070128
  0.87866339842700469  0.88932938675625584  0.90019331633336552  0.91100469383797089
  0.92198354651758141  0.93247173436712594  0.94309968232472530  0.95414399747829948
  0.96532081765422162  0.97684220841598257  0.98835529649354459  1.00000000000000000
 -0.00233409230128043  0.00891892556457460  0.01836599909809051  0.02880271663594932
  0.03927570142719310  0.05007545283250971  0.06051158155294208  0.07114782507310929
  0.08196998256120032  0.09284988995006654  0.10367468256425125  0.11390891610663789
  0.12421209142169745  0.13461478860350698  0.14521102348303172  0.15576248033208576
  0.16630278004791774  0.17639787172539204  0.18655974335670020  0.19668692562761939
  0.20702414689138809  0.21736788587135206  0.22724731560532474  0.23765869711558266
  0.24823573026835974  0.25970329415360105  0.27091275713595631  0.28188080454868347
  0.29244943919296679  0.30299765814481538  0.31335334965395006  0.32353723407316093
  0.33391764298467347  0.34421060446809837  0.35459900267080935  0.36492152433290348
  0.37527199026108987  0.38575347487165002  0.39642955531471508  0.40720442698514381
  0.41792749967579629  0.42827128391388086  0.43848397664041444  0.44840275324882461
  0.45854322028418371  0.46862995219758607  0.47854596355131929  0.48816574764234832
  0.49781064704346195  0.50778858266607751  0.51783155528878411  0.52800623703689498
  0.53845613124946357  0.54925952730104888  0.56026209013538031  0.57109943387886708
  0.58184594284980728  0.59234877718666934  0.60304039002244303  0.61397337932240337
  0.62498315160600026  0.63557280686535489  0.64605699183127852  0.65679588787417675
  0.66747533840234097  0.67838632242370467  0.68914717012301985  0.70024788297277762
  0.71105144037135015  0.72200609393058934  0.73268396314138806  0.74333946980728982
  0.75366157215476126  0.76390667155004655  0.77391179643861330  0.78388920886749835
  0.79401542745030962  0.80448789799151554  0.81520305666311565  0.82592398155552826
  0.83666047961320889  0.84727767686841948  0.85778803292662009  0.86822278592662172
  0.87887293558894974  0.88979642878786702  0.90066286298195997  0.91117417314025984
  0.92187429524455800  0.93280207536304516  0.94412677286264768  0.95538876681158980
  0.96645693374130792  0.97762634981160712  0.98867281485264669  1.00000000000000000
 -0.00256933909617929  0.00965253769073864  0.01950713194611789  0.03002695838564112
  0.04045056030904182  0.05064478390433629  0.06072634028467366  0.07083975438752582
  0.08136071139937362  0.09154320590729412  0.10197264438034574  0.11222035853802995
  0.12233547723773036  0.13197143277740894  0.14185211031411404  0.15188402875333634
  0.16202957494485820  0.17190562599952527  0.18184757912115637  0.19202956906267488
  0.20253947460602106  0.21308555404186483  0.22355406936147870  0.23392308185714517
  0.24436490054914436  0.25481102408535600  0.26555136174886007  0.27590055282109877
  0.28638096443518513  0.29656102358350206  0.30682929813267668  0.31703246728532408
  0.32749263794579347  0.33820850914537326  0.34902884536693030  0.35977667135073071
  0.37043290416149005  0.38086062077692362  0.39103917956221074  0.40134390865080644
  0.41185013664202752  0.42241007910832373  0.43312980530276179  0.44322159644295056
  0.45325884652676102  0.46345237421079766  0.47404725064570880  0.48465914196550369
  0.49490272544387648  0.50530167462441589  0.51615792442551156  0.52722338864055385
  0.53812130696920024  0.54890911101579931  0.55942695628911410  0.57001527123385076
  0.58047174809120294  0.59100791125946728  0.60172985964861136  0.61250930245989132
  0.62295328702193076  0.63355509777354480  0.64384135007230048  0.65428532562806463
  0.66448893090948535  0.67542568562319483  0.68650228718055628  0.69756858456476145
  0.70857632169875984  0.71991222780240116  0.73115688746926788  0.74198957301573498
  0.75269036462197303  0.76334995128465866  0.77397795959128846  0.78446809268936668
  0.79474075583959902  0.80515284083998562  0.81515407951709151  0.82538020103792753
  0.83603267787921109  0.84727603688565389  0.85844782687776866  0.86929993708505648
  0.88015007275026869  0.89110866387921084  0.90232735032960876  0.91346252953210505
  0.92443117207564396  0.93529697254012967  0.94600603130692829  0.95675321106343869
  0.96747951767150286  0.97822563730869994  0.98902357384589490  1.00000000000000000
 -0.00256034364578841  0.00962739892604043  0.02001912855383543  0.03053601465114146
  0.04112219171037712  0.05167744836226533  0.06228874149431010  0.07283442751705532
  0.08334693672246946  0.09367955556814016  0.10391597669693942  0.11404898183512792
  0.12434786171226682  0.13481787302679710  0.14516903054655170  0.15544109502087838
  0.16540897377594213  0.17585964447656194  0.18633294791304994  0.19687338659718798
  0.20715481617233994  0.21719730090409953  0.22708801256921646  0.23680009663041676
  0.24694606349372120  0.25737173076388609  0.26786987675541951  0.27790638549713947
  0.28790933286112519  0.29820739456284057  0.30897668599173722  0.31957400496648997
  0.33054113015603587  0.34067190537147624  0.35105707664813579  0.36066499272149527
  0.37061740111775271  0.38058264040869622  0.39067501468860927  0.40104674460371098
  0.41173002870623154  0.42233469937563511  0.43308915631295719  0.44359057562185839
  0.45403356230042552  0.46452477971971062  0.47482022043567318  0.48504753895184471
  0.49520701200995582  0.50523028915251178  0.51531217149002928  0.52550690100722741
  0.53585670747769232  0.54600695371138019  0.55638944384842437  0.56679512558456790
  0.57767849744096722  0.58810696846671806  0.59840596914860011  0.60877564837151965
  0.61928195532167374  0.63008149614725195  0.64149488207105687  0.65276213166116637
  0.66389438312715687  0.67515039231409413  0.68674685770939625  0.69795249328798370
  0.70876107788181208  0.71945114794208520  0.73013530878858990  0.74062876600063643
  0.75110191117541847  0.76158085819540333  0.77190972921651591  0.78227345282190996
  0.79293081917212815  0.80398519820975101  0.81507796499926766  0.82617758211591497
  0.83717387730236070  0.84797505184002486  0.85864402651358940  0.86919354121089165
  0.87978620834301235  0.89048239617322789  0.90110214711722891  0.91203932562766332
  0.92302937121100082  0.93430104791909607  0.94555954710070744  0.95721635965225216
  0.96793705854135048  0.97873442841476621  0.98919023810117923  1.00000000000000000
 -0.00256605877953334  0.00915583733408095  0.01902813967043397  0.02942770060164246
  0.04000460475617516  0.05076420302946984  0.06172329243352172  0.07266280007764954
  0.08349213050061462  0.09439295215346501  0.10483934782434509  0.11530625937897393
  0.12599023253608119  0.13714664689460349  0.14813393102389918  0.15884757375653541
  0.16949955475575235  0.18016713048660601  0.19080205041736806  0.20112549038243971
  0.21142044533695481  0.22159242804427315  0.23183076817102569  0.24197707052535061
  0.25203275743686243  0.26228709870393996  0.27243760589698174  0.28266351545456619
  0.29303712701044288  0.30411071149845365  0.31525898819870402  0.32611794607349115
  0.33705865274660479  0.34780681254517753  0.35864185670481030  0.36881587472034494
  0.37907743310084169  0.38912530101661530  0.39923590003341008  0.40940559561494144
  0.41980604598188764  0.43032338572691525  0.44102082117306035  0.45126369945742734
  0.46147168155211399  0.47147884745719143  0.48187473697346356  0.49210630796174154
  0.50278728831844854  0.51355231298933501  0.52431855750885137  0.53462294422590861
  0.54496934390888685  0.55526427538016143  0.56555921330000014  0.57599955802049163
  0.58686392521456821  0.59766356503460727  0.60799041377329399  0.61824535709784978
  0.62867775603684717  0.63929669646141851  0.64983363554808593  0.66043353380036129
  0.67102175657279628  0.68158512198264831  0.69242850528315258  0.70322100334394910
  0.71415591487660357  0.72456743153097214  0.73477218092077701  0.74523386890752152
  0.75585592944625768  0.76675079278439706  0.77726398088668180  0.78755754965125002
  0.79802750037012093  0.80843264813694082  0.81839954330502451  0.82849729886806045
  0.83865127926881911  0.84931845777799087  0.85969033603897982  0.87019738373532485
  0.88136890762054265  0.89279267479818814  0.90403469247817958  0.91519223751506451
  0.92599141596700818  0.93686971339435099  0.94734639718728519  0.95828606613052969
  0.96896497519342428  0.97960946751538880  0.98975850542781318  1.00000000000000000
 -0.00235510567235361  0.00933598341594945  0.01965588760535482  0.03010772676473791
  0.04091308368424228  0.05112668712458313  0.06109442535078694  0.07067714735266101
  0.08051108609096662  0.09051096568526192  0.10063362212110503  0.11069804704809609
  0.12088651742806961  0.13114982091716085  0.14140004809277790  0.15167855102466532
  0.16192999427888513  0.17194385903922665  0.18206340457568032  0.19247636094791604
  0.20336621716903494  0.21446008827326499  0.22566802705556732  0.23679563424878147
  0.24772853831912722  0.25831790949340422  0.26879385205260020  0.27934350546045589
  0.28993081876254712  0.30063800412580843  0.31125340899767245  0.32164521580022348
  0.33191376949354479  0.34239029989252218  0.35289248713625943  0.36310567099482177
  0.37312937680206082  0.38335903959143103  0.39377491720712759  0.40425728603824795
  0.41468847827605559  0.42495018829659764  0.43519728900957638  0.44549372493021078
  0.45593462642615018  0.46643963568863994  0.47714033685755070  0.48810001897812688
  0.49910912354293990  0.51000602752970825  0.52082419560104143  0.53181505879978141
  0.54300652567535646  0.55431587854912256  0.56556890193704112  0.57666750317989268
  0.58759323591701940  0.59832363746644479  0.60888463562808615  0.61928150640329926
  0.62977214207017029  0.64049863637461590  0.65153031047329901  0.66293589895291161
  0.67419733029110751  0.68545454375057380  0.69666481622924392  0.70796191081297632
  0.71901553269804830  0.72964595768476814  0.73980695712274502  0.74994850669526192
  0.75998210051641890  0.77052609825800455  0.78074055689796873  0.79109119368847125
  0.80141533932166165  0.81201159189721694  0.82232791415940432  0.83243384139566190
  0.84257565274572865  0.85308896398415923  0.86384663186536681  0.87467232447225840
  0.88512997062655396  0.89559575933925162  0.90593103472852787  0.91642273949647690
  0.92671120743096391  0.93725926738671139  0.94811347835508397  0.95911986976673114
  0.96905744164067342  0.97927804923219886  0.98932094886600774  1.00000000000000000
 -0.00241623836078155  0.01006535877565638  0.02038643294318044  0.03121485437524027
  0.04193073355125575  0.05318165428814029  0.06408093326276901  0.07496870763495299
  0.08562914663419863  0.09599486537506081  0.10623943521710565  0.11637939811597738
  0.12680809714548419  0.13731645840964779  0.14759609253172651  0.15780238113089551
  0.16793527216790846  0.17799713695446695  0.18779274014761663  0.19734104814038086
  0.20726450847493066  0.21741324437772766  0.22775918327071173  0.23813363484276603
  0.24841998718764347  0.25899001713507119  0.26955443611214863  0.28009427424355604
  0.29041982492155122  0.30051840202109287  0.31046807318697583  0.32036096228749961
  0.33046471269887701  0.34083531313212245  0.35130125485223457  0.36172529498957345
  0.37236262766173672  0.38324956616744221  0.39447082416512907  0.40544880031045000
  0.41631206365746670  0.42708934182859370  0.43787879010446773  0.44841480637039305
  0.45899039534275732  0.46932373954634027  0.47962793368357720  0.48991491443667473
  0.50018633105269694  0.51030372959711112  0.52044379624520876  0.53075445326825321
  0.54146232426103968  0.55262047902596323  0.56395908747375834  0.57506472698043198
  0.58585451814024536  0.59627945970551732  0.60669211166326964  0.61695305684583246
  0.62748115065285137  0.63825015867705370  0.64895235029578680  0.65964762545519784
  0.67024294944366347  0.68092347604682235  0.69140848983265413  0.70199476661693128
  0.71252102158296415  0.72349329841681065  0.73407764393971042  0.74429340676724665
  0.75463307044309502  0.76489968385824270  0.77499880598085591  0.78498156335174518
  0.79530609981702094  0.80630872903623396  0.81723323857004815  0.82793856742882577
  0.83835208179908027  0.84875237471132559  0.85911454926646846  0.86970125289165356
  0.88035103898178746  0.89102525041957592  0.90160740426183217  0.91212783232579719
  0.92259567961354849  0.93330707428304893  0.94443792218041511  0.95576111424658849
  0.96664340285096084  0.97738369312973017  0.98871333786489157  1.00000000000000000
  0.09448123884381188  0.23141568570376625  0.26311014390462473  0.28058784264305686
  0.29464548935615875  0.30751893031643673  0.31920397800846328  0.32994358791632272
  0.33995604554694220  0.34953294399032986  0.35863753638245705  0.36737452134623388
  0.37596970404610913  0.38447029895437329  0.39292341011289827  0.40104223246069137
  0.40885781851785535  0.41663280728051111  0.42441523440662404  0.43217844010840040
  0.43966549051066334  0.44687914729827216  0.45402525560585727  0.46095978132285342
  0.46786704154576142  0.47477549052102769  0.48170601429162307  0.48853825453446909
  0.49523964043768831  0.50178398832859861  0.50817141185745252  0.51448451198426759
  0.52074182745314657  0.52696071096266084  0.53314843398116341  0.53924986355899274
  0.54523073598664662  0.55102545599945196  0.55684759617036872  0.56266023964270218
  0.56843265146052180  0.57431023160807804  0.58018645722357098  0.58610284580633054
  0.59198219823643672  0.59780908938083732  0.60365148325752982  0.60949554883186630
  0.61535708413883461  0.62122066924671038  0.62719300656415700  0.63328394539676436
  0.63939536001847508  0.64543292973167954  0.65135671933544870  0.65723200483106070
  0.66312399762923113  0.66899019303108698  0.67470004044677467  0.68051977080242620
  0.68640019238389960  0.69225936703754898  0.69812456113001864  0.70406387529949732
  0.71009761951219019  0.71619533821670689  0.72223009148664230  0.72818462392643835
  0.73415917184195156  0.74022708368475365  0.74641580524120077  0.75283752256405256
  0.75937419669325390  0.76584148729017898  0.77247309593916702  0.77940739939513992
  0.78655849522807186  0.79370830975358897  0.80074990642657884  0.80778317588973092
  0.81489658744304083  0.82215451070006029  0.82953635640939993  0.83717675109018874
  0.84521745512862556  0.85349733532893435  0.86212751295174961  0.87104892960136948
  0.88068320774978648  0.89095308958759023  0.90197987545231595  0.91403820353305465
  0.92759764998061911  0.94338340489826589  0.96492345081930442  1.00000000000000000
 -0.01890288481370469  0.10803195338592771  0.14353769768752711  0.16569558438926865
  0.18346907043205796  0.19832325506548679  0.21150636438004555  0.22377559635457850
  0.23515825878176552  0.24571519025936372  0.25554527088831186  0.26475185157631254
  0.27342336487341989  0.28161771582860912  0.28970043861793526  0.29761673046054116
  0.30541652911966211  0.31316036247089923  0.32052083749261601  0.32781617049143935
  0.33495521768187275  0.34186621617757512  0.34869103492052050  0.35525769091716480
  0.36168543797959807  0.36802214361710783  0.37426932837614812  0.38049441684245677
  0.38667566391992308  0.39283194862687337  0.39904663476583674  0.40498301897039185
  0.41095805458303342  0.41681214965127933  0.42264440065799325  0.42842994740794482
  0.43415195434151083  0.43982550900944117  0.44542261781974252  0.45097397705280368
  0.45633071116790741  0.46159256668523196  0.46695559918659507  0.47242775781262486
  0.47798232849990435  0.48350557790270893  0.48918537022208020  0.49478721643427964
  0.50050164924471841  0.50608282681403483  0.51149974045603097  0.51682870936982417
  0.52213173118347711  0.52751479481622354  0.53307953711027400  0.53878314508722347
  0.54450356671133471  0.55016353041532251  0.55573908868185928  0.56126353818620356
  0.56695413497773151  0.57287779433425656  0.57889927516085382  0.58488071285023147
  0.59086865684752787  0.59685768028834740  0.60283853642276719  0.60889598290137670
  0.61487828621457397  0.62087112823125656  0.62696757377992240  0.63321870847397299
  0.63974989061314624  0.64637658667736553  0.65322936830350664  0.66016650148795797
  0.66717000434181373  0.67441615378431319  0.68164701572173703  0.68916057251086960
  0.69700477792007720  0.70520629151024516  0.71389730067217261  0.72283045228172571
  0.73203437824525774  0.74134349594719084  0.75120500350690567  0.76165002120368219
  0.77304764873186071  0.78534525915754605  0.79906852335449019  0.81465903445820642
  0.83281066291166173  0.85512294573148018  0.89108798358739882  1.00000000000000000
   9.8094579898481949E-005  -1.0000000000000000     
 T F F F T F F F F F F F F F F F F F F F F F F F F F F F F F F F T F F F T F F F F F F F F F F F F F F F F F F F F F F F F F F F T F F F T F F F F F F F F F F F F F F F F F F F F F F F F F F F T F F F T F F F F F F F F F F F F F F F F F F F F F F F F F F F T F F F T F F F F F F F F F F F F F F F F F F F F F F F F F F F T F F F T F F F F F F F F F F F F F F F F F F F F F F F F F F F T F F F T F F F F F F F F F F F F F F F F F F F F F F F F F F F T F F F T F F F F F F F F F F F F F F F F F F F F F F F F F F F F F F F F F F F F F F F F F F F F F F F F F F F F F F F F F F F F F F F F F F F F F F F F F F F F F F F F F F F F F F F F F F F F F F F F F F F F F F F F F F F F F F F F F F F F F F F F F F F F F F F F F F F F F F F F F F F F F F F F F F F F F F F F F F F F F F F F F F F F F F F F F F F F F F F F F F F F F F F F F F F F F F F F F F F F F F F F F F F F F F F F F F F F F F F F F F F F F F F F F F F F F F F F F F F F F F F F F F F F F F F F F F F F F F F F F F F F F F F F F F F F F F F F F F F F F F F F F F F
  <DiscreteSampler_grid>
  grouped_processes
  1 # 1 for a reference and 2 for a running grid.
  10 # Attribute 'min_bin_probing_points' of the grid.
  1 # Attribute 'grid_mode' of the grid. 1=='default',2=='initialization'
  0.0000000000000000 # Attribute 'small_contrib_threshold' of the grid.
  0.5000000000000000 # Attribute 'damping_power' of the grid.
 # binID   n_entries weight   weight_sqr   abs_weight
    10   10   1.806573090876916E+003   1.320814225550348E+007   1.806573090876916E+003
    16   10   1.806573090876916E+003   1.320814225550348E+007   1.806573090876916E+003
  </DiscreteSampler_grid>
