  0.00330027641155140  0.01156001096941277  0.02152112677580314  0.03173180588251796
  0.04173043567736320  0.05150971776208817  0.06142105887893705  0.07136567209993114
  0.08149436431400645  0.09174065702787768  0.10207733522841878  0.11252935065975773
  0.12302609009746091  0.13335204015052074  0.14378731125163619  0.15448789087099365
  0.16501591692530865  0.17520016036257491  0.18519979633654041  0.19549024501768603
  0.20595354542474251  0.21633334926056588  0.22652675111755294  0.23674364930710973
  0.24714821775953175  0.25778831395435498  0.26833308370703585  0.27864423955121348
  0.28894726230503642  0.29948528478551567  0.31017100101998107  0.32078025898525392
  0.33131679695722138  0.34184949920584728  0.35249374452535004  0.36296194197142839
  0.37314715416670563  0.38322885253404126  0.39336406516345213  0.40366109839128395
  0.41415787794170422  0.42489394273256731  0.43574586792468761  0.44636717873714954
  0.45700036533687161  0.46779834600043063  0.47845650394980932  0.48894373722911205
  0.49933752296666523  0.50970201426612449  0.51992793218774203  0.53014383994787551
  0.54051467762017424  0.55101625598815562  0.56154844339976673  0.57218259410435102
  0.58293840648369910  0.59378949825926819  0.60466244720843687  0.61537323173507319
  0.62585340934976263  0.63634616730878124  0.64685169549434840  0.65732271402662867
  0.66769393651590692  0.67828583022884725  0.68911901435776646  0.69988307851772213
  0.71057393744803876  0.72117492907031766  0.73156385608870012  0.74165646092479220
  0.75200579494842579  0.76267453090136206  0.77343789566187482  0.78413716477186879
  0.79486164860723751  0.80551674020453634  0.81605091334670088  0.82642601655610948
  0.83679074264733933  0.84724133665458179  0.85782783367483695  0.86865532139281376
  0.87943316286133044  0.89019416702489929  0.90091583425766364  0.91168347854304399
  0.92244023112427243  0.93317335129310608  0.94383498539850075  0.95455739080888169
  0.96553194262594733  0.97675411749481089  0.98816318714837403  1.00000000000000000
  0.00680386246652624  0.01681149545448322  0.02854945208109335  0.03995718760693515
  0.05070472016238792  0.06136254581445915  0.07172886618759776  0.08241200722076542
  0.09297208244982164  0.10356371200501950  0.11394676746083254  0.12419150707737270
  0.13453315829258919  0.14492519610600382  0.15548412590472191  0.16601444677093813
  0.17645749949332043  0.18664167681053667  0.19700550272585518  0.20758767017717128
  0.21834510905497165  0.22880960203512610  0.23915200347186791  0.24943790339611882
  0.25990438559484530  0.27061481419308314  0.28160106971815185  0.29252533508263834
  0.30329618976544770  0.31388116046959408  0.32437914160270753  0.33463437094394644
  0.34456211833812128  0.35436760443439280  0.36432695000388171  0.37450999091593734
  0.38491836603962876  0.39541007532006944  0.40603207621685611  0.41662305206903871
  0.42705831756553020  0.43735781109411748  0.44755868476912530  0.45765285081861723
  0.46788518073047275  0.47822389051464248  0.48853023513556809  0.49870840925301352
  0.50890310309326836  0.51912522655155557  0.52943824921078197  0.53968085010945510
  0.54985058570797241  0.55993599338850186  0.57000280302555195  0.58013617855386135
  0.59025508017037209  0.60043437276344458  0.61048519150736336  0.62026168394190817
  0.62990408837849543  0.63957718878788938  0.64928116389299440  0.65904970810089036
  0.66906863733362154  0.67946060323490143  0.68983246467545267  0.70013289218677877
  0.71039928400467811  0.72074013610788878  0.73113744107059742  0.74171538056208919
  0.75249399208078782  0.76326533992691514  0.77384678380223026  0.78425178381588834
  0.79463079846479856  0.80511355547962149  0.81575726046175967  0.82653920100955558
  0.83733943377258280  0.84806698193697039  0.85877882375639858  0.86950134821011349
  0.88006584395048160  0.89039008834713562  0.90071878284518836  0.91112516719795866
  0.92156792707424673  0.93195278008844284  0.94236574806243889  0.95284704611847815
  0.96314184124128144  0.97298321191544224  0.98319750175424836  1.00000000000000000
  0.00332782702767518  0.01217228139599472  0.02254059561972072  0.03303906638423607
  0.04337597719120614  0.05327296226310679  0.06330735228888998  0.07384646717891594
  0.08445843922803065  0.09506026472261279  0.10546847881551753  0.11575565086005454
  0.12616668184464946  0.13640204241201340  0.14677248388055492  0.15696167620339846
  0.16723914654245153  0.17748137462060354  0.18781808138927247  0.19837296666643386
  0.20872446043721121  0.21911197173063160  0.22931761261570963  0.23955384314880762
  0.24991080998179199  0.26057834944449593  0.27128001402357538  0.28161941466137602
  0.29207909894159101  0.30251670934885555  0.31336325564963735  0.32385322093598734
  0.33443324024822907  0.34528803398947805  0.35597280261708319  0.36648520065342011
  0.37682571766876877  0.38724316778196316  0.39777298265850430  0.40828883546630618
  0.41879866810567684  0.42918874094110410  0.43955565223455106  0.44981133088326053
  0.46035123200372385  0.47111119444570004  0.48180132497405254  0.49228839888558595
  0.50272024526168391  0.51334581286122016  0.52409099311121721  0.53471589591090429
  0.54545226486381837  0.55607160241074705  0.56652112268121579  0.57679695127099229
  0.58727046887654821  0.59781392505771869  0.60828566831922681  0.61846323570236894
  0.62862784714020192  0.63872871200541537  0.64883777666052378  0.65899678294423158
  0.66939418296446629  0.67985116271454571  0.69015718324931274  0.70043463854634069
  0.71056328096811605  0.72071322051278763  0.73095790270400174  0.74131229344664129
  0.75165737848267256  0.76168268509585102  0.77179416331893913  0.78190209646795494
  0.79229175250545036  0.80307417039757101  0.81370406009079022  0.82435948851178165
  0.83486062535364125  0.84572095723067986  0.85633465675096221  0.86681887142092828
  0.87749609149047358  0.88850819767787281  0.89951269732243089  0.91028624940467540
  0.92057383939378512  0.93091655838296605  0.94158538559371341  0.95223102638922086
  0.96311215025587538  0.97422115491310690  0.98669936516526169  1.00000000000000000
  0.00612335081005143  0.01934915666954130  0.03357156622802523  0.04599010847998195
  0.05728110721142003  0.06825067034378424  0.07947942458304580  0.09050695146138317
  0.10147599575597542  0.11228548671514044  0.12314641264569587  0.13377104900312642
  0.14433976318992733  0.15485981625444434  0.16561732425003692  0.17616437089074133
  0.18660994040375839  0.19706483057193880  0.20765401505356551  0.21854244700484141
  0.22929422628036109  0.23993200192276817  0.25034981375233334  0.26078145557013305
  0.27136004537826580  0.28195223351208915  0.29228069635842430  0.30238998889167523
  0.31262204169755997  0.32303572741865566  0.33352931532495234  0.34356225959114511
  0.35348760828214881  0.36349251444923425  0.37393982609349058  0.38462259113812192
  0.39544535325321772  0.40617296901173716  0.41665894568081663  0.42690215868457898
  0.43711302111794459  0.44745451433645300  0.45783707319636585  0.46826689684234929
  0.47863251493294984  0.48916791642422736  0.49982595711666428  0.51052396949315582
  0.52098863321466315  0.53142749012105650  0.54173197296844067  0.55222829839607634
  0.56276409194794241  0.57362250932201908  0.58448167381114058  0.59512581372548701
  0.60550367211059397  0.61568395615456162  0.62576332767960829  0.63588161648133956
  0.64606374882208850  0.65605200161006172  0.66608373175223534  0.67630470769884099
  0.68665528513335883  0.69682931558661343  0.70699503048249202  0.71734895407615362
  0.72785157518761701  0.73836787334892895  0.74919881396078902  0.76005007635204780
  0.77062950823336984  0.78086199257064615  0.79097608515201390  0.80137886410690329
  0.81173125197332807  0.82195218530024761  0.83190608162892354  0.84194900048487054
  0.85225317789300736  0.86260783312334266  0.87312729272240963  0.88347937615260008
  0.89376818647304446  0.90365339778582787  0.91349234047826677  0.92342989527923047
  0.93351800165935761  0.94344342249481661  0.95328689673350475  0.96308579557708196
  0.97279178295352664  0.98201109855689117  0.99187841629449491  1.00000000000000000
  0.00000241806082262  0.00000642782007500  0.00001154721605838  0.00001589911971697
  0.00001998111280824  0.00002410372436172  0.00002836496383944  0.00003260184464828
  0.00003688828419068  0.00004124266995847  0.00004562132528091  0.00004997841759949
  0.00005433510758506  0.00005870934205821  0.00006311630037484  0.00006744106928516
  0.00007190306073237  0.00007652123093798  0.00008123800026981  0.00008608020919518
  0.00009101532911034  0.00009602549260040  0.00010108187922502  0.00010623127878073
  0.00011151091779257  0.00011693239126429  0.00012247897303153  0.00012818336689296
  0.00013416136494387  0.00014046441668039  0.00014716532918458  0.00015434870590215
  0.00016206648589476  0.00017014861418304  0.00017849434630125  0.00018712741740563
  0.00019598211284452  0.00020512255144211  0.00021457424022815  0.00022426391876403
  0.00023408471038192  0.00024409990807230  0.00025453944197460  0.00026548614004025
  0.00027702862981821  0.00028910768814182  0.00030154456194617  0.00031437640187567
  0.00032769395215755  0.00034161164005668  0.00035632793258470  0.00037170777120751
  0.00038769783332735  0.00040460709919606  0.00042253255747289  0.00044141623966907
  0.00046128374360035  0.00048243241609372  0.00050480038650675  0.00052818919862102
  0.00055275552444467  0.00057880225349304  0.00060665307044057  0.00063603744485455
  0.00066699440314081  0.00069968027654643  0.00073508432446280  0.00077251020911494
  0.00081200738778621  0.00085396683550006  0.00089978760553683  0.00095121094199044
  0.00100679699089817  0.00106619345485489  0.00113024223047226  0.00119953990550296
  0.00127561911067509  0.00136046730645791  0.00145830272615595  0.00156877242807694
  0.00169198952178759  0.00182969838366256  0.00198159352760602  0.00216001564116186
  0.00236205754136679  0.00259375200792517  0.00288168139303553  0.00325358928272777
  0.00370832108963942  0.00430729212184036  0.00514875094254625  0.00625161272689416
  0.00822788421645329  0.02396304060580048  0.11511058657347215  1.00000000000000000
 -0.00232404373265205  0.00975396253412298  0.01996587166823732  0.03069603969021766
  0.04162805995830978  0.05230555401345759  0.06312834677753097  0.07389950566630347
  0.08459684793899953  0.09521676035868983  0.10593571679228271  0.11688667673501603
  0.12797850862600230  0.13899261797610063  0.15004159227591601  0.16103522678485235
  0.17207165263875415  0.18323962573630875  0.19460648958579913  0.20603362909839587
  0.21744029113203261  0.22885563742963455  0.24015784318368003  0.25122349171532499
  0.26220495336810118  0.27310891930709419  0.28386184050565583  0.29461519142763370
  0.30537745297786378  0.31617887331216676  0.32675561744933540  0.33726531089134659
  0.34782732109573211  0.35834283514047688  0.36875536283181592  0.37903244058234675
  0.38938068628825645  0.39983296401007457  0.41029999216991236  0.42071169340175663
  0.43108802566011201  0.44143643078353534  0.45177888194886484  0.46220244008885869
  0.47259696293212822  0.48290398320730737  0.49313374213410544  0.50358334653210057
  0.51432593251107517  0.52508049014967995  0.53574224110516200  0.54629458020150978
  0.55684572062183935  0.56735884136704673  0.57783510736554411  0.58823511354543156
  0.59839961477823711  0.60838624290486354  0.61830960826856129  0.62842099999663548
  0.63880932492041875  0.64938481758741395  0.66025590927407352  0.67114566515754259
  0.68187549007974746  0.69229155468590720  0.70234003066183714  0.71266472190945240
  0.72309418350327337  0.73347341239107577  0.74395590779537712  0.75433382111911740
  0.76485221223330246  0.77523259675819811  0.78571289414918200  0.79643857091207804
  0.80704991592279784  0.81738564622097731  0.82748857816605270  0.83749484838521948
  0.84766774506353348  0.85785347650632848  0.86822159249154496  0.87815188987397730
  0.88832727848986270  0.89804307356057578  0.90814991483074980  0.91821733498090341
  0.92887574375345472  0.93928049693281601  0.94941349762911287  0.95929178729267928
  0.96938980644471995  0.97965965828610468  0.98988610444983394  1.00000000000000000
 -0.00222669241034142  0.00889294492137542  0.01833931056129032  0.02898851475822502
  0.03933336583065399  0.04960821959376768  0.05976437543169287  0.07021257509285127
  0.08072391181141800  0.09096446684584987  0.10133586141759764  0.11242267726200018
  0.12374172378743030  0.13477830405224947  0.14521823168197417  0.15536869446399620
  0.16587464271851890  0.17643642174983445  0.18735065778857060  0.19785135010715199
  0.20854620198397042  0.21874219173110801  0.22909738800219351  0.23933627741149935
  0.24978471183701489  0.26026187336906509  0.27062825209656860  0.28115644094432529
  0.29146142192699676  0.30181367898348116  0.31241507194970036  0.32286811029133400
  0.33351380529338598  0.34401856893205068  0.35478470688371477  0.36539191808944405
  0.37579860007456001  0.38610908033044361  0.39647238778747307  0.40677806209536704
  0.41702291082607068  0.42740743999270187  0.43792462329927789  0.44845330934003513
  0.45900124129708586  0.46977540341537499  0.48064646582912190  0.49144775024297649
  0.50229354547992222  0.51301047044036063  0.52355182858254024  0.53394772058758000
  0.54427188648931024  0.55461678481668431  0.56507489699106650  0.57549779377182353
  0.58582682629934113  0.59620961206201095  0.60698353733499422  0.61803481701391894
  0.62915125441246167  0.63985727175010487  0.65042989308838628  0.66084129114303181
  0.67125244761364766  0.68178002164592544  0.69223267881212069  0.70264838689851572
  0.71291365981553934  0.72348039683693999  0.73417701991275186  0.74518815073001676
  0.75601736534385533  0.76686554996178924  0.77749973801082328  0.78770376515558438
  0.79804337874471598  0.80814805322775984  0.81867603954927748  0.82923002244866173
  0.83994781350760428  0.85091138297583302  0.86188455729915003  0.87310210251761089
  0.88386938540904691  0.89461151677184736  0.90504575451696567  0.91564631868905233
  0.92623155160720383  0.93667025776619994  0.94716553745315568  0.95757529225169724
  0.96817171329302687  0.97896823811521372  0.98955700793929080  1.00000000000000000
 -0.00235260955876617  0.00906949327058501  0.01871731767949468  0.02887323025480797
  0.03891384557972491  0.04943507855597262  0.05988219144841588  0.07007028502872194
  0.08016021341181841  0.09049888349876468  0.10070603441203838  0.11103860044092061
  0.12107835659252555  0.13158554834353720  0.14243717183660418  0.15341962474405227
  0.16421284884624632  0.17458416663664666  0.18497910328046613  0.19549014367691450
  0.20620091335218541  0.21708157342893755  0.22813320594787709  0.23914658726968999
  0.25022576459017920  0.26079779654987745  0.27113678461592794  0.28149825504916959
  0.29208399302606247  0.30298550134192276  0.31377924917487188  0.32474249689588219
  0.33563237918937949  0.34633358471069914  0.35723111968430221  0.36823063509309489
  0.37919354108717679  0.38976538610586697  0.40056962287208325  0.41114810635848648
  0.42159614524246153  0.43182465197195113  0.44229312903241091  0.45294210230316501
  0.46346977582504345  0.47407616801734731  0.48453886333837576  0.49498329465901042
  0.50534694952611736  0.51552886453662927  0.52596930266564912  0.53651216066972141
  0.54725062312501693  0.55788899811551973  0.56848388573877462  0.57900995745554751
  0.58952596716889383  0.60024520703575290  0.61112015249860574  0.62187391127588698
  0.63262844827218412  0.64334972573728744  0.65372026787468618  0.66400794348719838
  0.67424785031455203  0.68512638320911523  0.69566285877741740  0.70627066516103743
  0.71667711128854938  0.72745353160311410  0.73760490593461536  0.74797388155147726
  0.75806628332507020  0.76831187516380839  0.77879496145619465  0.78925522064305564
  0.79988866445154827  0.81037707628840860  0.82112572290727714  0.83163892992100041
  0.84205062539570896  0.85235401811301681  0.86305165117495020  0.87383427627878763
  0.88449180167154062  0.89483757536916453  0.90544830019586153  0.91556932329552509
  0.92608776983725460  0.93645231078530689  0.94739859000397375  0.95829673310617913
  0.96840990859831744  0.97884937159478214  0.98923706509038156  1.00000000000000000
 -0.00221388520071064  0.00884705096810492  0.01859908601169813  0.02917680962369644
  0.04004243941695456  0.05090941117733596  0.06162383276580052  0.07261553812028759
  0.08343900978599419  0.09372321238333962  0.10394627762804647  0.11409863114167564
  0.12418319664093351  0.13440289805777483  0.14489053961140252  0.15597497737106331
  0.16687360264553583  0.17825875463435248  0.18931748466746753  0.20029695810382267
  0.21116677730850097  0.22212822904850649  0.23326886771223676  0.24427587103582890
  0.25521636948543680  0.26597623981202972  0.27643208229243382  0.28690265356800126
  0.29723209478085511  0.30775857413024582  0.31819827606993994  0.32866840534996455
  0.33912968277040267  0.34943828849772635  0.36019712545737403  0.37087121269041579
  0.38196922485116597  0.39294027015706284  0.40356056744143959  0.41407518077176808
  0.42450172210348674  0.43494894095425557  0.44516448559869620  0.45563296198536241
  0.46622465878404273  0.47701029935466810  0.48764278888516499  0.49804937069213701
  0.50789327934822603  0.51757604430717830  0.52765942808611421  0.53812123434010561
  0.54855316668784126  0.55895717193795702  0.56943277891174404  0.58006031397842306
  0.59002174377097705  0.59995876358463984  0.61018121740593112  0.62090172466323013
  0.63206132889223365  0.64238431213105007  0.65285614886746368  0.66338533916015852
  0.67444008483050388  0.68542516653968411  0.69634552375900438  0.70709941605067550
  0.71765053067608597  0.72809545786825003  0.73853424432031278  0.74905783294662576
  0.75979890141347461  0.77037404994280601  0.78063953132878316  0.79081454541184137
  0.80106622799803184  0.81151478320489767  0.82198532096762145  0.83267662182391677
  0.84329816113369649  0.85397973083600565  0.86433253235349727  0.87464481237906710
  0.88488550613087125  0.89489920741557327  0.90511840414332900  0.91524533840661859
  0.92580380505328330  0.93642955605872347  0.94711216866849446  0.95766327090057524
  0.96812610250513420  0.97891348448785198  0.98956053604177407  1.00000000000000000
 -0.00222463005675446  0.00909665262289458  0.01903259734971242  0.02939567331466135
  0.03962927169077693  0.05008112881216174  0.06043915185476533  0.07114687412238886
  0.08182405356305450  0.09236797802442281  0.10291667973766777  0.11356248512102986
  0.12433566603254970  0.13493341675298443  0.14542597602256396  0.15594867595441531
  0.16648006979879590  0.17702025272466665  0.18734567749441455  0.19758091231435140
  0.20787295492768015  0.21840336013180467  0.22890430810908222  0.23906970603881994
  0.24944131754612633  0.25954764504716477  0.26969623160482470  0.27952180571170099
  0.28971617376762393  0.29988026429304010  0.31005082908651799  0.32022599489499110
  0.33076400331527350  0.34129254233728484  0.35156284248368846  0.36175513483043453
  0.37215639301123665  0.38257326619977344  0.39287814698239670  0.40302614301160339
  0.41325827151190070  0.42342282486305055  0.43332092509787312  0.44330934682400758
  0.45317843267588187  0.46323928631385342  0.47329545617037772  0.48357185955108556
  0.49429228771402928  0.50501914528393244  0.51562162002665346  0.52648838266933451
  0.53756940032149203  0.54870269937934602  0.55942091094261692  0.56975381693491278
  0.57970429781228550  0.58978840127499865  0.60008526791280581  0.61079067904674378
  0.62162676791938987  0.63260931486729755  0.64351934379657150  0.65432202938899853
  0.66506105856686304  0.67577742255693918  0.68631466564427912  0.69692619162482372
  0.70783846774859149  0.71908421874129613  0.73021520277883611  0.74121201521787283
  0.75189050086851961  0.76263443639029715  0.77339122461119358  0.78416498920112676
  0.79490955543897712  0.80559597917476211  0.81635106897837384  0.82705461444721129
  0.83766132663850046  0.84805442410942455  0.85841372015865813  0.86880889909269554
  0.87946341621643997  0.89015776868048080  0.90118722091422288  0.91221947929083136
  0.92327611462169989  0.93410926445288800  0.94485589000603398  0.95555893212464016
  0.96657936731206739  0.97777753228197550  0.98908666093352449  1.00000000000000000
 -0.00245649671641938  0.00932882747735796  0.01939372711722493  0.03027945195492280
  0.04084480251818192  0.05131269697444932  0.06124611114024846  0.07167652492681434
  0.08208895333616952  0.09289290530684226  0.10376239088063340  0.11439397890623902
  0.12509529468394226  0.13566208197153651  0.14651528490522397  0.15709040475675798
  0.16736169021574634  0.17810901445149910  0.18881465863895736  0.19939740953572402
  0.21043928481902160  0.22164765672967363  0.23278379231216295  0.24349105986781153
  0.25395140808678146  0.26445096666297074  0.27473096007643766  0.28517205736346246
  0.29559067976037778  0.30604548969889867  0.31649516383667770  0.32694721664850773
  0.33745989987525132  0.34806494625160028  0.35875749911812699  0.36935546642269618
  0.37962408824454763  0.38983465128319095  0.40068687616766813  0.41181810917044243
  0.42279024352516387  0.43364835718972683  0.44461109934841847  0.45561508654939276
  0.46606777851220937  0.47615956003126786  0.48615170546173386  0.49627065995643493
  0.50654092352820201  0.51703257112061862  0.52767530118122541  0.53848736556740529
  0.54901147520058502  0.55936985414271856  0.56938617163274130  0.57937670077457204
  0.58960005555480088  0.60002167339266110  0.61015141903280801  0.62021252103227298
  0.63041166357276435  0.64068460264926197  0.65141101199769857  0.66198930172398551
  0.67289308757254407  0.68387307549142373  0.69520620580795933  0.70634309181936772
  0.71696956721161531  0.72755562897928583  0.73825342336204003  0.74909896113454177
  0.75964212414502119  0.76980051189305332  0.78020624413639694  0.79049055894725295
  0.80132151823880149  0.81183847250388630  0.82288049860525647  0.83355446946833400
  0.84421537285583692  0.85463350299270069  0.86520826946339879  0.87593928977290425
  0.88629972668912760  0.89651257715143273  0.90652882987708239  0.91683184551117825
  0.92725463929353813  0.93779620237562400  0.94843778711565840  0.95900931068388573
  0.96928520323911704  0.97955402345049858  0.98971648677627266  1.00000000000000000
 -0.00227748619803896  0.00930183862020414  0.01946091404330818  0.02999506904534322
  0.04059567991573330  0.05145832110869167  0.06199423208367690  0.07252758493684078
  0.08325814347119476  0.09414980839716883  0.10478391642474190  0.11518768740852733
  0.12549266679500831  0.13598089894121454  0.14654861884550030  0.15724729574851584
  0.16781893093796396  0.17819606367170454  0.18840997643519225  0.19878188101052041
  0.20919378034287889  0.21976025627004150  0.23017779114309625  0.24071305253377148
  0.25132090020258430  0.26182310086411242  0.27239315164791950  0.28281115974919496
  0.29324703589946627  0.30354819545507844  0.31385934123448855  0.32398287328506964
  0.33430918991646441  0.34464874437850779  0.35508040719745693  0.36550982742501881
  0.37599410416653928  0.38634618417862343  0.39671204660270654  0.40697893569821797
  0.41714341846878844  0.42695249061211932  0.43686401641042827  0.44741298426615528
  0.45812681881148498  0.46870363058377162  0.47917485375591290  0.48987372549492919
  0.50047983266981100  0.51104597278816510  0.52171315234850335  0.53258210818715745
  0.54354462461069941  0.55461113938687978  0.56559424462239027  0.57613165465643623
  0.58684159944151937  0.59773570532658526  0.60858436305113250  0.61917306246053572
  0.62973990839466421  0.64044421359411774  0.65126223788986626  0.66217178720329672
  0.67326126782244544  0.68439007146983166  0.69523438480049493  0.70603226570867639
  0.71614584826223548  0.72630326652245758  0.73680459831919132  0.74751050989554069
  0.75803699967106430  0.76829927726811742  0.77885853929270576  0.78958750369286146
  0.80023807955128934  0.81071710265751806  0.82137447511054418  0.83204055124226040
  0.84283041466878217  0.85334709259314212  0.86382809621055423  0.87426161860616658
  0.88488270409964942  0.89570798406521956  0.90628215039896065  0.91680926622586878
  0.92690711444669938  0.93729749713512733  0.94815958726396288  0.95888639181617175
  0.96932221343725444  0.97928169009333232  0.98968862613261666  1.00000000000000000
 -0.00218772952037220  0.00886326532791126  0.01849935029595687  0.02913479291255421
  0.03931345267685994  0.04978113846545720  0.06020003465667969  0.07063884473966986
  0.08107985681627690  0.09223544388391711  0.10376338628198710  0.11481338717756560
  0.12574685778543887  0.13674692379493014  0.14781308076461999  0.15902275487566866
  0.17011416641999449  0.18112602338349634  0.19200638076909404  0.20266999579022521
  0.21318687121972602  0.22350648778192203  0.23384858137462133  0.24427753359103574
  0.25456279636815943  0.26475979993920162  0.27495567724180492  0.28485005776921307
  0.29482274437997535  0.30470096000806896  0.31466683480602720  0.32520683286661051
  0.33593402814230183  0.34707862821896202  0.35770224556769581  0.36833188736101763
  0.37894149390389781  0.38982563381629420  0.40028568624004973  0.41047678258059961
  0.42055792655619711  0.43081223073451325  0.44107001025134335  0.45127828279665100
  0.46152421722651304  0.47204333617362543  0.48260399545634164  0.49316239179034888
  0.50343668692151688  0.51364233959933536  0.52357637908978805  0.53402621659537008
  0.54463731969110207  0.55560398449593618  0.56643269960729759  0.57722189846861260
  0.58766747641689221  0.59797236135922627  0.60817295056119958  0.61876751816924769
  0.62958486215924725  0.64053382105697476  0.65114447229663242  0.66171849038099229
  0.67223447191139196  0.68295376407318142  0.69366218087164844  0.70417217988438041
  0.71417181736790847  0.72415386213702548  0.73444861803435124  0.74570069359003366
  0.75675695773187412  0.76759201468751848  0.77805722047053771  0.78827781393388241
  0.79842335337357884  0.80833907727052123  0.81863665905858418  0.82917221563556076
  0.83970902807246239  0.85010458559729063  0.86048262690445065  0.87091549622474584
  0.88143712713737199  0.89190915889470912  0.90266715294901556  0.91350390988959462
  0.92425488467163097  0.93493129058390101  0.94596605460482441  0.95671683303148802
  0.96763785280254677  0.97833469178119359  0.98928476760169359  1.00000000000000000
 -0.00248271088501633  0.00952210199140541  0.01973902678766491  0.03029054879485618
  0.04062749556652331  0.05103312227658226  0.06157627452530454  0.07199585568173905
  0.08266320349370763  0.09365819548803279  0.10454664349067393  0.11530508363715325
  0.12602318414913868  0.13698908453651523  0.14750320028638153  0.15795382027016336
  0.16822664656950667  0.17860792786384910  0.18891726193396460  0.19919046736198520
  0.20938354294813633  0.21955963655613214  0.22978715097520561  0.24018163041859558
  0.25065426714440620  0.26145528340368307  0.27243262160665915  0.28301182193429175
  0.29360527068881465  0.30432802893953276  0.31513714893988326  0.32572086011815798
  0.33609529730933468  0.34674351251096180  0.35721172837929505  0.36787878398300783
  0.37853130661753631  0.38914629160729408  0.39943441362982368  0.40965778541638209
  0.42010524576814229  0.43084488513350622  0.44179337049748441  0.45240377417039307
  0.46298286766674634  0.47369019182606353  0.48435426139518839  0.49508527403180658
  0.50565129175094936  0.51624268935289341  0.52686700075917203  0.53726215722910553
  0.54755690322429185  0.55787527496582523  0.56858137299926514  0.57930894506332054
  0.58990325510157460  0.60035096151943823  0.61094724263471567  0.62164260941169214
  0.63214399627219642  0.64255790432276849  0.65299710452001802  0.66338959480972326
  0.67373547396694666  0.68369191242380667  0.69389593277609662  0.70413342646559873
  0.71423954837411696  0.72453747448624506  0.73493182167057436  0.74554118594628482
  0.75592714973631892  0.76628861561744177  0.77689111181933879  0.78738527757105947
  0.79797956463253972  0.80825310396984429  0.81877838272822268  0.82950636296043512
  0.84036408398007312  0.85131158786454764  0.86161366513006044  0.87191986763649731
  0.88250442542510066  0.89312942174710197  0.90364291690732457  0.91384583685515741
  0.92415699339586632  0.93465718490975747  0.94523920019145902  0.95595237891426499
  0.96697023396618964  0.97791687848885345  0.98900991398460381  1.00000000000000000
  0.04879793448101959  0.24373517729222258  0.27246273731083676  0.28993960183899609
  0.30397871769194040  0.31628729003476924  0.32726495293257973  0.33754882311219248
  0.34721668707671149  0.35655054059597618  0.36552684879116026  0.37410791516752206
  0.38246055275065377  0.39064432360634560  0.39863048620307140  0.40648059023007016
  0.41409793837622766  0.42158319235616148  0.42874471626631028  0.43589135285815267
  0.44269163788886468  0.44952322064538763  0.45635680265755912  0.46307389822408074
  0.46968053580009833  0.47624071738100210  0.48270681965749607  0.48920357619236859
  0.49550211244280351  0.50178030732679813  0.50799402912405500  0.51421871106806372
  0.52040179984817037  0.52655400419370069  0.53268931962922417  0.53882759256964685
  0.54485276747202360  0.55080287689997609  0.55670341058023287  0.56272283368856779
  0.56874215039412457  0.57469427874209933  0.58046928831642863  0.58617542212329643
  0.59184818635655945  0.59752311747545483  0.60322021096175471  0.60891097285644391
  0.61464644383294398  0.62040536465454243  0.62612197271897641  0.63179206892723738
  0.63745067657452781  0.64318988384095654  0.64899223471758005  0.65480574484672338
  0.66051931088698035  0.66628534298264275  0.67206890471524017  0.67792997112233211
  0.68381024208840069  0.68960019195601885  0.69544372629797646  0.70129642451486107
  0.70721741749355371  0.71317292722361891  0.71916566314133601  0.72509232939961032
  0.73107101081213433  0.73712788073431179  0.74334989628516313  0.74965468308219696
  0.75590209188546753  0.76212105394982266  0.76843904506208083  0.77508925790311956
  0.78205110220331264  0.78908973002759586  0.79617241295450092  0.80326067327129225
  0.81050012274734995  0.81807600126391966  0.82582001530234450  0.83359078165645006
  0.84137202239749642  0.84939799046064246  0.85785784684396860  0.86673711091494143
  0.87603586158977520  0.88587865423806733  0.89655383493883178  0.90826421271268443
  0.92150449957992187  0.93744484344523804  0.95992460492970155  1.00000000000000000
 -0.02525761856604131  0.12216060788022134  0.15818706647444869  0.18001836052784700
  0.19704368513744955  0.21160394004354771  0.22459896970512719  0.23624928615697047
  0.24699104829890839  0.25705709985316810  0.26664504559378077  0.27573932809046031
  0.28431929106195436  0.29250109654838596  0.30036564708396624  0.30815262856707898
  0.31569007794928305  0.32304684299381187  0.33013964215411612  0.33708979200405331
  0.34378326704598977  0.35033251348092753  0.35678527144466593  0.36314285923253847
  0.36960396926029049  0.37605219949626051  0.38240766727949588  0.38859583732839648
  0.39467903987969755  0.40061031255297597  0.40642894785485384  0.41214318987111975
  0.41766537302818740  0.42312426245073365  0.42859075004523867  0.43402593552664526
  0.43940408671972081  0.44466845389207205  0.44990908349777653  0.45519444151528926
  0.46042621174630594  0.46564708746311417  0.47078703711743575  0.47582677758669395
  0.48088802461369057  0.48603515177466067  0.49129178100523319  0.49659516462232672
  0.50195309556660839  0.50736411049422203  0.51262781222919396  0.51790013906469301
  0.52317149116474793  0.52853803386375298  0.53394916273307480  0.53935031932042232
  0.54468979418362673  0.54999072635948221  0.55536882028852519  0.56089605232741180
  0.56650232766919417  0.57205571639809927  0.57753767078157681  0.58307377001918215
  0.58881431979392795  0.59463184011666881  0.60050634155632221  0.60633033678524717
  0.61224242376534388  0.61821038496070468  0.62425939082994797  0.63053754154278185
  0.63699371816101480  0.64359074512865155  0.65020573478340449  0.65690219296748575
  0.66373210809892424  0.67082427456413329  0.67811564183137885  0.68547345674230564
  0.69290947438004324  0.70045402395879985  0.70831886160989344  0.71658375721229095
  0.72517139251848028  0.73416381094574545  0.74356797118599172  0.75342405657677858
  0.76405473559220916  0.77577821395390345  0.78887031066297020  0.80323724628870929
  0.81979563316570148  0.84092738600341432  0.87649292390090672  1.00000000000000000
   5.0370231329024858E-005  -1.0000000000000000     
 T F F F T F F F F F F F F F F F F F F F F F F F F F F F F F F F T F F F T F F F F F F F F F F F F F F F F F F F F F F F F F F F T F F F T F F F F F F F F F F F F F F F F F F F F F F F F F F F T F F F T F F F F F F F F F F F F F F F F F F F F F F F F F F F T F F F T F F F F F F F F F F F F F F F F F F F F F F F F F F F T F F F T F F F F F F F F F F F F F F F F F F F F F F F F F F F T F F F T F F F F F F F F F F F F F F F F F F F F F F F F F F F T F F F T F F F F F F F F F F F F F F F F F F F F F F F F F F F F F F F F F F F F F F F F F F F F F F F F F F F F F F F F F F F F F F F F F F F F F F F F F F F F F F F F F F F F F F F F F F F F F F F F F F F F F F F F F F F F F F F F F F F F F F F F F F F F F F F F F F F F F F F F F F F F F F F F F F F F F F F F F F F F F F F F F F F F F F F F F F F F F F F F F F F F F F F F F F F F F F F F F F F F F F F F F F F F F F F F F F F F F F F F F F F F F F F F F F F F F F F F F F F F F F F F F F F F F F F F F F F F F F F F F F F F F F F F F F F F F F F F F F F F F F F F F F F
  <DiscreteSampler_grid>
  grouped_processes
  1 # 1 for a reference and 2 for a running grid.
  10 # Attribute 'min_bin_probing_points' of the grid.
  1 # Attribute 'grid_mode' of the grid. 1=='default',2=='initialization'
  0.0000000000000000 # Attribute 'small_contrib_threshold' of the grid.
  0.5000000000000000 # Attribute 'damping_power' of the grid.
 # binID   n_entries weight   weight_sqr   abs_weight
    10   10   1.107679613582902E+003   7.277037340540838E+006   1.107679613582902E+003
    16   10   1.107679613582902E+003   7.277037340540837E+006   1.107679613582902E+003
  </DiscreteSampler_grid>
