 -0.00007712359492160  0.00064740351269148  0.00130467213678063  0.00220156818093517
  0.00335300975082889  0.00476006787757613  0.00640197971457842  0.00821935428066224
  0.01016710218385493  0.01229018968922535  0.01460451769762348  0.01702577226822084
  0.01956908532708383  0.02242262429233972  0.02541038171415899  0.02860761586466759
  0.03196274470464962  0.03546295091577883  0.03915019500290769  0.04297941304390359
  0.04674578065335041  0.05040132381645108  0.05408928891231571  0.05800970813020492
  0.06219608471543790  0.06655474043377711  0.07107194236816206  0.07557827289880091
  0.08005033102864363  0.08471733609472969  0.08942797259897574  0.09423724783174152
  0.09937967187812617  0.10473970075328672  0.11023269378659113  0.11607047788674021
  0.12204278937735979  0.12794999601348792  0.13402793812716923  0.14026492554775241
  0.14669344184464869  0.15295018817150449  0.15979718941603732  0.16696076498764156
  0.17414566339647825  0.18133114320778559  0.18857617524219294  0.19603742357928405
  0.20360013065332436  0.21130194047399378  0.21909599414556757  0.22733140602169280
  0.23562396165954749  0.24406412369289038  0.25271456824078126  0.26153431870675814
  0.27040965282840085  0.27918702495592196  0.28848356498525352  0.29806453388651100
  0.30808282828971872  0.31872443984124305  0.32980213806705866  0.34125625838362406
  0.35307530095957917  0.36490101307546774  0.37656852549586500  0.38814813322193142
  0.40034581017281617  0.41263069969701949  0.42533029766534608  0.43884934864029806
  0.45322965429831824  0.46815594440028158  0.48432050908671831  0.50126138441579793
  0.51873613000476382  0.53682277739468787  0.55540649228531891  0.57420678625619315
  0.59331563124745190  0.61374873128488294  0.63653524759639291  0.66021443950476022
  0.68457731693612578  0.70979672588628828  0.73604228516188952  0.76329645028094040
  0.79118018490562880  0.81966424003078175  0.84879121100188970  0.87773121484457139
  0.90712278738464047  0.93740758853279671  0.96830104616533652  1.00000000000000000
 -0.00234904252580576  0.00988597203177717  0.02029422648959466  0.03048448505382011
  0.04080726857114196  0.05130271856470717  0.06200929358770573  0.07300787450728308
  0.08443954346865783  0.09612087426288796  0.10768736457234433  0.11921183748264252
  0.13069263056050567  0.14181807687816955  0.15250573019667948  0.16311004792319297
  0.17397378190520899  0.18536963561661762  0.19649745108625949  0.20733677331612060
  0.21762696933818243  0.22774490854229010  0.23787185296241084  0.24816032543102193
  0.25872163758382682  0.26959670127809082  0.28088512363135637  0.29215656263584394
  0.30284950393876364  0.31305826231175010  0.32311631453181189  0.33337741781143510
  0.34401777105627462  0.35486718891568014  0.36562528665195898  0.37631070419030288
  0.38734482835423595  0.39830446359065153  0.40856750126773922  0.41855362363686927
  0.42850289333247532  0.43862153930163422  0.44876736809046769  0.45940380445992046
  0.47028417365149333  0.48091705846966698  0.49134374072401998  0.50193230641973274
  0.51274518217500120  0.52340386673728811  0.53391432217766654  0.54411812310484653
  0.55440481258931518  0.56465362156702203  0.57497334001079381  0.58580553464030882
  0.59722055154692277  0.60829212470195848  0.61853717622959403  0.62832001956964445
  0.63828028975842366  0.64862080321696691  0.65941669980072692  0.66986904152895355
  0.68020229452747116  0.69057254526941758  0.70163100339548423  0.71195178503092293
  0.72169415198556108  0.73182318021836934  0.74257548732272005  0.75343952122433577
  0.76379861791792703  0.77409156804922485  0.78411369857046442  0.79402135124633366
  0.80379660575207157  0.81369094476811821  0.82373810100463518  0.83386833307892294
  0.84418540594734626  0.85490176496251047  0.86610267925924833  0.87725315885832800
  0.88789060124608599  0.89796319009650838  0.90814511077367865  0.91820735887173710
  0.92838517969488299  0.93833463673214124  0.94816313027755661  0.95783658196740351
  0.96841208142551760  0.97909262504660755  0.98983873715491566  1.00000000000000000
 -0.00386567365404776  0.03209692963788156  0.05684224249678645  0.07849739522730156
  0.09775933440605895  0.11494505821278360  0.13012888098357658  0.14335273786688263
  0.15599778614353793  0.16864142909997284  0.18186464603739921  0.19512894962391189
  0.20771894656862475  0.21947428976354016  0.23134641866574979  0.24314547913327428
  0.25454189235230479  0.26495186166207274  0.27471812389948586  0.28400907574630946
  0.29319483520870981  0.30243134996160154  0.31186065117401379  0.32153867042168843
  0.33120381265633397  0.34076084233607984  0.35031451356144855  0.35975790528447127
  0.36911165491953540  0.37840812188249995  0.38749915899883025  0.39640495212087967
  0.40508700556947003  0.41378777467007671  0.42251898305108593  0.43124808658600822
  0.43967400545781055  0.44742133520449734  0.45524389690994749  0.46315519450021680
  0.47137553169588914  0.47941633048005244  0.48705765534100109  0.49447886846167982
  0.50181371503640226  0.50920099082772796  0.51669703825318380  0.52404797203375153
  0.53157033829933242  0.53926595261251753  0.54668008923685363  0.55362623724318738
  0.56039479584731600  0.56729985230835944  0.57435100898904290  0.58145779182473012
  0.58862315948399901  0.59590916194492494  0.60343188013472759  0.61130695739205287
  0.61948504239757551  0.62766323784030054  0.63586881684208274  0.64428532006976091
  0.65269786754820536  0.66125238435368028  0.66969569535932516  0.67786783416829599
  0.68598347554306049  0.69402945432600693  0.70207806145476548  0.71018417298518521
  0.71807627336928848  0.72570135427276705  0.73346248036907236  0.74168101789405394
  0.75061610045463034  0.76019672189595444  0.76974932328075174  0.77890619016765894
  0.78783457718340910  0.79714194031394070  0.80664703856374120  0.81607767564686351
  0.82574867166636057  0.83549611622566522  0.84603261074543679  0.85668092444813715
  0.86766523231222781  0.87904952727158370  0.89198775707204703  0.90617053821495097
  0.92214434435481119  0.94049708840523472  0.96468234291332189  1.00000000000000000
 -0.01965967147002805  0.13320290741945745  0.18086136907947034  0.21216022529391065
  0.23808194085368545  0.25932779987196031  0.27791579776521985  0.29413430579215538
  0.30822850824222492  0.32164906777660751  0.33464523378772043  0.34677893859615644
  0.35816942958875375  0.36915333666470906  0.37966818571488353  0.38979176239754021
  0.39943432770523002  0.40859666280165885  0.41754126615499254  0.42656940388047171
  0.43552497391488149  0.44430656200653013  0.45279617287756413  0.46123275627674143
  0.46992811698004588  0.47879096648956981  0.48682395558088248  0.49498468101311255
  0.50273321850226282  0.51004202821501776  0.51725064963142309  0.52415766082690163
  0.53077300185618659  0.53728255919972001  0.54367477350000371  0.54987229795528325
  0.55599625444753609  0.56216137869727201  0.56842579915602565  0.57469273481695560
  0.58076832756014174  0.58667626524641048  0.59252718908990265  0.59827257131111489
  0.60392611112941363  0.60960074118244423  0.61539620407301043  0.62125654944378028
  0.62723085617139485  0.63307054141846997  0.63874282380269209  0.64430000485716110
  0.64960306194911355  0.65470437579484975  0.66010430508707574  0.66552699765922796
  0.67085333215714171  0.67594598453258936  0.68089382692775691  0.68576340403530722
  0.69066690444402234  0.69566069689314469  0.70076550012504368  0.70600119266995931
  0.71135392434998357  0.71678589204052456  0.72214195063398912  0.72734680006499131
  0.73235550829919560  0.73750768470987060  0.74272604125190789  0.74814970230388766
  0.75373948376226896  0.75945683787755580  0.76509703245647787  0.77061914825840550
  0.77623528167594347  0.78199283849609469  0.78796544814183433  0.79401121449457013
  0.80012431626131475  0.80632400431210383  0.81254434006306719  0.81913169782060447
  0.82597728625579581  0.83319815304342493  0.84062311311445914  0.84815840226491590
  0.85613262975949378  0.86477079478788277  0.87423408218341636  0.88496947322035258
  0.89731977004131813  0.91374615006784565  0.93846917738642222  1.00000000000000000
   6.5555590360055805E-007  -1.0000000000000000     
 F F F F F F F F F F F F F F F F F F F F F F F F F F F F F F F F
  <DiscreteSampler_grid>
  grouped_processes
  1 # 1 for a reference and 2 for a running grid.
  10 # Attribute 'min_bin_probing_points' of the grid.
  1 # Attribute 'grid_mode' of the grid. 1=='default',2=='initialization'
  0.0000000000000000 # Attribute 'small_contrib_threshold' of the grid.
  0.5000000000000000 # Attribute 'damping_power' of the grid.
 # binID   n_entries weight   weight_sqr   abs_weight
    13   10   2.387372161741732E+005   8.361577016617427E+010   2.387372161741732E+005
    14   10   2.387372161741732E+005   8.361577016617426E+010   2.387372161741732E+005
    16   10   2.951237486414267E+005   1.102246929915962E+011   2.951237486414267E+005
    17   10   2.951237486414267E+005   1.102246929915961E+011   2.951237486414267E+005
  </DiscreteSampler_grid>
