  0.00276269894626775  0.01295472984404560  0.02549716032187548  0.03806263783283050
  0.05002092760145720  0.06136709666005304  0.07243584052608595  0.08319906377712277
  0.09355981744688803  0.10392185268111975  0.11467595781085282  0.12536531455881447
  0.13612860028899118  0.14731276304719865  0.15850076366350282  0.16977188078584884
  0.18120880716990043  0.19319334231337759  0.20534578008334148  0.21640364238564486
  0.22708962809722202  0.23816785674395852  0.24945118381257222  0.26048155875173140
  0.27113329552831716  0.28239789655316372  0.29354909321258638  0.30512206294130823
  0.31659031888625877  0.32782400407785156  0.33855676555255465  0.34913703900864740
  0.35917770607282451  0.36858171004819867  0.37773678557433499  0.38808056118920481
  0.39878814506537041  0.40901741261978308  0.41910863149465666  0.43008827991817783
  0.44127668574372886  0.45172256736994709  0.46141079075133690  0.47159808505732659
  0.48208308697113128  0.49317321884301579  0.50489886139473505  0.51666730296339480
  0.52629628137217266  0.53552513621153075  0.54504836375522925  0.55435622437451038
  0.56300845796379828  0.57133245481625550  0.58051444818997044  0.59115442040036770
  0.60237169693050185  0.61313812992746686  0.62447733815498641  0.63765315013517698
  0.65132889577375108  0.66371197741638954  0.67513082869807506  0.68561438010209563
  0.69538167537829720  0.70457839258631016  0.71486768699148606  0.72441198887140645
  0.73365200182895562  0.74302739677454166  0.75214234506274980  0.76140635148390101
  0.77034151694216801  0.78044029065726317  0.79086704220195070  0.80120829140782712
  0.81117918434901559  0.82085176273440941  0.83097307250529973  0.84222542805385947
  0.85290113443735405  0.86207365631588107  0.87000702690645104  0.87885302609913585
  0.88839558406272201  0.89768244578530343  0.90553792763864560  0.91305468649331989
  0.92136516096184773  0.93154668782499717  0.94182584973652628  0.95110430851994177
  0.96100946945982180  0.97121277516609350  0.98429090829964250  1.00000000000000000
  0.00623337527897870  0.01711574728088954  0.03306292122021885  0.04787743558090307
  0.06237764126651325  0.07548402529734580  0.08732914482465566  0.09858738732247395
  0.10967214974017966  0.12075699862870361  0.13227657654007027  0.14368657662442080
  0.15401676128171088  0.16385666424431294  0.17378178937034555  0.18421208238184383
  0.19492741873960492  0.20602573053603596  0.21670843939077472  0.22638275136180391
  0.23618192998701470  0.24646610380148518  0.25790483861092117  0.26868399349804628
  0.27952654998788390  0.29121954174664000  0.30470573704204368  0.31677804720830249
  0.32673419372738721  0.33661332494644591  0.34669546739575940  0.35690558211853718
  0.36668087771077978  0.37606145440300698  0.38640681246754782  0.39779472873264160
  0.40878194935559392  0.41864811739863467  0.42800535282781754  0.43712456631450358
  0.44583496121349359  0.45419366199117606  0.46276197340179881  0.47179709070985137
  0.48076112929680609  0.48807233845437936  0.49513481776718660  0.50319322038234315
  0.51155175045268531  0.52025740878899107  0.52886391586747339  0.53819669783067881
  0.54946502143292897  0.56146137753920711  0.57367046383094866  0.58604434460675525
  0.59871716634845273  0.61076049139713817  0.62201619980269274  0.63262296438730237
  0.64284246693901748  0.65274328187474284  0.66189710122247969  0.67212786347957854
  0.68320251179855729  0.69443016533572366  0.70469049810662499  0.71425351621816824
  0.72423545912812415  0.73448304117974905  0.74415989429259199  0.75325079672912632
  0.76247177167001101  0.77238720900248370  0.78370848326988840  0.79572609183972631
  0.80801383231942714  0.81856011478249513  0.82920250613295721  0.84025459878703945
  0.85138554706538405  0.86248225128039169  0.87411174026039373  0.88768608799255677
  0.90148426368746304  0.91367378542284639  0.92421979832154677  0.93421424945770171
  0.94377557638710674  0.95315422853745602  0.96136670688121617  0.96896001267112108
  0.97708265650627768  0.98571428057353006  0.99099430631605001  1.00000000000000000
  0.00365447073130422  0.01050157384235301  0.01959634303823968  0.02951128110435544
  0.04005032197732979  0.04930587817686745  0.05812368804622322  0.06788244289625711
  0.07784015352349773  0.08750196813806828  0.09577957118483146  0.10400752394529238
  0.11307143836696117  0.12228530280466542  0.13119500255655683  0.14017381728875969
  0.15095527142028720  0.16281014586276882  0.17306650583559210  0.18225212850222830
  0.19189668000329169  0.20282572711665464  0.21396351259583116  0.22419703206375560
  0.23434317320493500  0.24477992849826330  0.25653137923341413  0.26910329065018868
  0.28057351957136545  0.29080348089061270  0.30194654013290545  0.31233339244335784
  0.32166008402714363  0.33038896856131811  0.33893462290535209  0.34789747136475230
  0.35737266791400357  0.36657428010371651  0.37588849658552009  0.38724344471416910
  0.39779507155796950  0.40648712785276492  0.41593489294274633  0.42565616732139888
  0.43538345957116226  0.44487258714748629  0.45472463334358776  0.46397486223922857
  0.47275708976675590  0.48212509275187648  0.49201380069147577  0.50137096076062071
  0.51030755371384906  0.52021044491091073  0.53249803748636304  0.54633852115346682
  0.55989657136725035  0.57060221871301220  0.58068945844369191  0.59181770882497853
  0.60411808054775284  0.61568412413282292  0.62638879186252294  0.63789626143449374
  0.64897269972690308  0.65998114106447003  0.67175262327769203  0.68432388063170813
  0.69758127436399531  0.71124938910858959  0.72481916644382471  0.73732345561759705
  0.74801316712973787  0.75873931119270543  0.76942781465321031  0.78001575841492687
  0.78978171348924475  0.79973287405106752  0.81045481490777760  0.82130591039906609
  0.83173683137846732  0.84119377733655754  0.85025773352117295  0.85942173758928864
  0.86950077245323798  0.88052568429563594  0.89129806996508609  0.90360008595560670
  0.91762357191812383  0.93084963614186156  0.94330061187384406  0.95372256164153391
  0.96329242020585837  0.97297594105323526  0.98489951777821649  1.00000000000000000
  0.00650715816357461  0.02043329494258067  0.03587254589831598  0.05047888060593375
  0.06433456317392369  0.07762675242545784  0.09017977487336191  0.10189649143112403
  0.11432242842394690  0.12622015444832485  0.13747414099050809  0.14839124439967463
  0.15996553784033421  0.17096258333656522  0.18190588073548070  0.19308321739222531
  0.20523617139128184  0.21650271410642599  0.22921715690222780  0.24448730635149030
  0.25638516573806586  0.26642649338155094  0.27519358617105444  0.28436149350754525
  0.29370166083349336  0.30469519079318591  0.31663710388808114  0.32808964019420600
  0.33896277816393799  0.34919501976762557  0.35891985418238365  0.36814744327543947
  0.37758093811517157  0.38777935252931622  0.39867283566928441  0.40996645884793892
  0.42113802794923777  0.43204954816863284  0.44259267412030762  0.45330440187629545
  0.46423060319979009  0.47466415750837115  0.48624322636576467  0.49881648999883621
  0.50748435413877535  0.51486334753341678  0.52220280481171633  0.52971290490433676
  0.53744812428399535  0.54522571917903473  0.55322088816785386  0.56223919209790885
  0.57200768167380689  0.58227845986208127  0.59355728983518208  0.60491798993432422
  0.61583321885348175  0.62584332301819412  0.63535086354550685  0.64439890138573475
  0.65276826800609167  0.66172040785632813  0.67182125456623809  0.68270438458652827
  0.69346565230423107  0.70301338763875865  0.71251744646733817  0.72201098656820095
  0.73182374806377293  0.74099736468068411  0.75127816879876586  0.76067602662232214
  0.77003887027824658  0.77978363953088625  0.78993178047887547  0.80010217535400519
  0.81031693908995672  0.82107470461753895  0.83169474177838254  0.84310707727318779
  0.85407273439579379  0.86475076057064226  0.87499626366498906  0.88554976865563706
  0.89515474861744437  0.90463450338426965  0.91345842495737872  0.92347144088986621
  0.93393652515231285  0.94421225731665881  0.95589524682650018  0.96691143317780692
  0.97766216889585478  0.98585572193667870  0.99136682841202206  1.00000000000000000
 -0.00007712419584460  0.00075915709090060  0.00184371098401072  0.00354703318493113
  0.00585274575442110  0.00858976992813050  0.01172254310267742  0.01517730995882036
  0.01935665043899000  0.02405345943879075  0.02924563166142400  0.03472326096175801
  0.04031350238673848  0.04680972147722860  0.05375785196572991  0.05974074663252237
  0.06484331880744362  0.07061658806024780  0.07746533007452111  0.08583639277998013
  0.09447061817565383  0.10252143279086907  0.11057776867329354  0.11941701557481299
  0.12895007190251087  0.13896911752009988  0.15005657488078242  0.16084026452374636
  0.17157127506939157  0.18232862850603052  0.19421567122841094  0.20514051042611597
  0.21514631669575029  0.22453769991274436  0.23435000342819470  0.24460401601206289
  0.25508772072787134  0.26614177829301461  0.27787561991072152  0.29003637049260766
  0.30256128166489921  0.31583877798787252  0.32957472281963196  0.34280854220964913
  0.35550062481100786  0.36804912214093594  0.38034649177890217  0.39262066988567229
  0.40646816465690389  0.42021303107670088  0.43319931639946146  0.44719848461046285
  0.46096547942149252  0.47472201371017952  0.48836325676042236  0.50191534897060430
  0.51571695743223966  0.52931620837615834  0.54249781611774595  0.55503591604334546
  0.56681133300191266  0.57867326208043879  0.59085718105309426  0.60297114330055868
  0.61492561308762428  0.62706053379914561  0.63949948060220574  0.65218895594407700
  0.66546299879117132  0.67798523928584209  0.69029905788717649  0.70215810494908726
  0.71391872365706222  0.72586914823939053  0.73701396581651279  0.74839242244591941
  0.75953587345415308  0.77123739403536351  0.78310842572803174  0.79524218135789171
  0.80808529298062304  0.82011629192423730  0.83202834688006100  0.84418777085062169
  0.85675215883459632  0.86992542792704930  0.88319976143350953  0.89662189992357877
  0.90995589218497497  0.92304768016465100  0.93589879830869682  0.94851167322632335
  0.96100650409089716  0.97383217106555076  0.98690556596013357  1.00000000000000000
 -0.00179543901725180  0.00804322924038966  0.01786206814414399  0.02749112836205762
  0.03956468939054501  0.05200554231347837  0.06353237005052140  0.07364817258725945
  0.08381146613575208  0.09381387244106205  0.10327122518503953  0.11261437459820500
  0.12203556924024558  0.13146156089812772  0.14062297325396994  0.15054914215348947
  0.16196125775732084  0.17505408979749307  0.18808324949095603  0.20009074265323046
  0.21213987549388788  0.22437515690715890  0.23520903740137836  0.24503347172739712
  0.25452535700648765  0.26345513825302203  0.27178944139982719  0.27965704232637950
  0.28738785155333629  0.29603136854862871  0.30557455031294595  0.31517267217956829
  0.32530530271059693  0.33421580629976183  0.34478413085157278  0.35526488651233062
  0.36487389392416864  0.37488079288398857  0.38414275861718455  0.39323325488460581
  0.40272042275214026  0.41271762257031863  0.42454003501273702  0.43723340910956454
  0.45028659137282762  0.46288515198824215  0.47512108500816003  0.48736877461744676
  0.49914781462609165  0.51059242510212233  0.52227190421439640  0.53437171332501854
  0.54654956666764964  0.55817037484506749  0.56903130643999078  0.57964471422648878
  0.59032184826571976  0.60055703046569731  0.61244752822383430  0.62437950312344370
  0.63623626508968389  0.64646653251052544  0.65630899228948403  0.66592074377948685
  0.67542514434337031  0.68528656095851570  0.69444597647982531  0.70312040603412684
  0.71228760741663699  0.72117294565126022  0.72946169248306136  0.73787161871259077
  0.74676539882521298  0.75638281867725821  0.76653060012260554  0.77734577980641462
  0.78929660163445259  0.80157730219642354  0.81311945482388137  0.82363927245816904
  0.83367044402374046  0.84361578734685649  0.85309652831868477  0.86262818349469872
  0.87315853934349663  0.88463704991633563  0.89574839314592714  0.90644017621785788
  0.91664107337323442  0.92722019220664875  0.93882890059976087  0.95108884105337044
  0.96373158609135667  0.97525426221683287  0.98704415032771475  1.00000000000000000
 -0.00201907356614388  0.00760282121330843  0.01602389874742708  0.02455942788240402
  0.03300734019587170  0.04105814613589219  0.04930153974055500  0.05843058226625514
  0.06801535696907120  0.07763028666736931  0.08731301652584632  0.09728165472041403
  0.10655785633661295  0.11545445643316156  0.12494286125696946  0.13538224965823975
  0.14592295797941587  0.15608806833428829  0.16670592628653752  0.17791452072585676
  0.19040863421272108  0.20336989400981118  0.21790442467565657  0.23130616991731484
  0.24335880722590247  0.25363284600194241  0.26357031850182461  0.27362984079633529
  0.28369383793721875  0.29295383914947370  0.30240639636560046  0.31229335824354570
  0.32332305379942444  0.33522339085267022  0.34741851380740690  0.35957541153795725
  0.37094906018829943  0.38169805300274445  0.39258251858356519  0.40366559038301503
  0.41541126363855346  0.42611721379361278  0.43613093353363208  0.44668170541344937
  0.45734386267945826  0.46799065345938490  0.47922451709055292  0.49131061960311234
  0.50274141091948987  0.51293266332246079  0.52340209187564224  0.53487079649204028
  0.54542092329501257  0.55443883404041194  0.56330115039978612  0.57259096293627332
  0.58203403180779389  0.59151142711014815  0.60095449855913463  0.61226201059154417
  0.62516551505596107  0.63707683893141276  0.64899718110914029  0.66093815910702525
  0.67251702672080194  0.68316528343344041  0.69290530112413540  0.70294195029171913
  0.71341217570154081  0.72435611551414014  0.73459777169523477  0.74407885533351348
  0.75430534501870738  0.76503318620731187  0.77561856892698067  0.78412001221709271
  0.79321688466906770  0.80261903071818008  0.81356562553356337  0.82438492251045481
  0.83452861417034130  0.84417287659274565  0.85430618829624538  0.86452142792823616
  0.87427759018550733  0.88387975749541126  0.89282966213991655  0.90331397582225204
  0.91461817187581562  0.92978270894162618  0.94378390752811281  0.95615839872634911
  0.96817393119431805  0.97950744814442714  0.98993617029148684  1.00000000000000000
 -0.00154254542238243  0.00747331106794408  0.01465377027696375  0.02201642191204801
  0.03019387842075084  0.03948044464014100  0.05034880280478662  0.06169737700068428
  0.07267824214416901  0.08304905756354265  0.09166586447874425  0.10001384668707923
  0.10909153408385046  0.11840474457013662  0.12757099326443069  0.13597729924863039
  0.14548333755174081  0.15590663624410137  0.16650278697685078  0.17651789590370007
  0.18662079836356979  0.19812753117770984  0.20892840099415133  0.21844661584835770
  0.22693909352775771  0.23562488655320113  0.24516613997973993  0.25551485891750936
  0.26512000366816224  0.27492079699676852  0.28533044323578938  0.29617531389894436
  0.30764820001809079  0.31889803524724941  0.33011621675080377  0.34114037620680532
  0.35166934969480546  0.36195117807797761  0.37228894192518741  0.38259090733806383
  0.39306236804261530  0.40395122515518972  0.41506903519775246  0.42587451774843860
  0.43633626336855352  0.44748152686149789  0.45853985485518201  0.46960654351041181
  0.48132070432458046  0.49412037458002012  0.50703015033109855  0.51943600009599444
  0.53192272035277510  0.54472067756377085  0.55652273616611392  0.56755759844734754
  0.57825480834306930  0.58790462363276597  0.59747428699017302  0.60656860769603138
  0.61572642400038446  0.62532296248551456  0.63559073276904976  0.64542983723102620
  0.65451637801359430  0.66350766730309318  0.67314221248409900  0.68348986231442355
  0.69356057190079679  0.70378871056886061  0.71412618281900786  0.72442741644415587
  0.73631991883731873  0.74781228802204736  0.75933435510801339  0.76988597133316139
  0.77966367936736625  0.78928395176077837  0.79998816968641218  0.81030805824916774
  0.82061146035451160  0.83011998132086318  0.84094966623061895  0.85326720332840500
  0.86617662879732793  0.87940686228902676  0.89266983287104351  0.90532214969340019
  0.91719422754281055  0.92911977001854196  0.94064690040745624  0.95243508459973669
  0.96468112101270365  0.97708039897191412  0.98809463424194544  1.00000000000000000
 -0.00160833028357830  0.00942874027514798  0.01838915035046063  0.02618251649105612
  0.03334989332940520  0.04078756459469419  0.04861334197527492  0.05652852891796302
  0.06430986183626075  0.07346231671466907  0.08211383398541307  0.09305994727038448
  0.10429329268300248  0.11461816426910504  0.12447559477919436  0.13359565293509054
  0.14196495938775969  0.15006872439457791  0.15820925328611379  0.16625077385004478
  0.17427065285837393  0.18261761039674551  0.19207448499443669  0.20284811277400328
  0.21325099063589306  0.22323717249440492  0.23388643676108495  0.24430623176720356
  0.25432882717294464  0.26399109988853625  0.27354893809484576  0.28272169869574870
  0.29147956377387535  0.29963801069577711  0.30804612349082777  0.31711221773840881
  0.32753775110563926  0.33919165326429923  0.35147378447808775  0.36385880407958238
  0.37528583894153938  0.38539794247741699  0.39488365314594470  0.40418529016887356
  0.41348958596159963  0.42287636202812773  0.43319648129706206  0.44442842835166840
  0.45518092669388821  0.46490545173195796  0.47438613260374390  0.48488383951614228
  0.49618012946413809  0.50731584554225362  0.51799011416032126  0.52888416198563537
  0.54090494729153649  0.55334261540987362  0.56641337058278873  0.57928184106522096
  0.59351789275923195  0.60680327560678360  0.61779335964523263  0.62793602800764570
  0.63818984470691931  0.64851526970008022  0.65870035934578330  0.66945285856610259
  0.68087893819528766  0.69103424343421349  0.70054173933062458  0.71083389899666294
  0.72298256190472665  0.73417047440688876  0.74418702561313954  0.75522990563227732
  0.76861353000265542  0.78194491987904580  0.79558586266566700  0.80826641948531541
  0.81940832807093911  0.83004578197585410  0.84092109511738644  0.85232268222137997
  0.86338982917195106  0.87503863855335029  0.88760579046067567  0.89982107447009918
  0.91178533964902186  0.92345706318454301  0.93519867299223192  0.94942406879130004
  0.96219520021308325  0.97449401060142360  0.98733948330720311  1.00000000000000000
 -0.00135943975225716  0.00751653534322161  0.01569926696460458  0.02518231937287455
  0.03579464459186518  0.04619009005984837  0.05548961309584764  0.06397664418099551
  0.07306045164441137  0.08262666095652425  0.09237184711805869  0.10239679723852946
  0.11094849919709060  0.11902957412725637  0.12785752494562708  0.13765884479430826
  0.14813381648735252  0.15849365106389077  0.16940220579463905  0.18109966077940615
  0.19293859970129698  0.20398578479516799  0.21511070461654561  0.22565331228608251
  0.23597835118078497  0.24636457233125308  0.25667899708832259  0.26728122886123934
  0.27841546138135082  0.28946147504790332  0.29963563634491147  0.30976492457564986
  0.32033647664266651  0.33103435500512468  0.34109645701739078  0.35035003317878805
  0.36007287130692273  0.37042761901536048  0.38209811117821502  0.39405364788811253
  0.40625366519758388  0.41750282503367614  0.42811239621079927  0.43892548936511833
  0.45008836964790105  0.46129329016656989  0.47246862341284390  0.48326339275803448
  0.49335351273971861  0.50353873627880730  0.51377454692221958  0.52441272637623970
  0.53564860527878488  0.54784210484481821  0.56193967853392290  0.57400276489883340
  0.58691376741220314  0.59949313564615270  0.61304925198172711  0.62448118203817171
  0.63727760874466166  0.64884630431155310  0.66120653234925231  0.67226883469919119
  0.68272273505181713  0.69161615438896362  0.70008028125733779  0.70925359485932704
  0.71831863010984842  0.72746839382964257  0.73597052129167806  0.74397829606323784
  0.75234648707115392  0.76225494621828094  0.77203807750737963  0.78145552230935300
  0.79118856624406741  0.80074794297319640  0.80988631821762003  0.81889212550417911
  0.82895526053468593  0.84020157837874188  0.85201498506901652  0.86452694059435220
  0.87680159963082016  0.88833779071518115  0.89913114764725488  0.90948174203651699
  0.92011008573170949  0.93051707328036337  0.94123652140359237  0.95309611227115820
  0.96631742557775635  0.97857038918625061  0.98952270089901051  1.00000000000000000
 -0.00257320240380705  0.01074222827944670  0.02257822322432618  0.03556667800382620
  0.04654218290582144  0.05670615234889576  0.06739519690605880  0.07849093350787184
  0.08917494983423632  0.09985428995779407  0.11142114005352931  0.12314542301112542
  0.13467005307270133  0.14536890641577982  0.15487724519016541  0.16475913877198964
  0.17510739898964098  0.18590376155342128  0.19590711754636955  0.20473726019852945
  0.21348329355426993  0.22328370786738416  0.23485111212003429  0.24844234020379719
  0.26197630221694301  0.27481075677432026  0.28618105888069040  0.29643174486354978
  0.30575882283915734  0.31534434789354227  0.32580721160986731  0.33653723641981775
  0.34672485638750239  0.35688071105851038  0.36764637841567882  0.37815898221979810
  0.38805854241250648  0.39787095180592413  0.40767440472278454  0.41878037571828264
  0.43178239409865415  0.44555916103535914  0.45826936930843321  0.46942615176116265
  0.48007137430848623  0.49079723223880517  0.50136560463217583  0.51130846077312175
  0.52067652855047275  0.53018233546787230  0.54015248469655353  0.55026228487358486
  0.56021737951873907  0.57060198094829517  0.58189145740841519  0.59479573096206795
  0.60847559563299469  0.62109888854035600  0.63366302924920859  0.64441313800256594
  0.65312336652475445  0.66106799210349976  0.66986029942643432  0.67909115487212490
  0.68869037082509210  0.69751629330539144  0.70713236250186962  0.71815707593618261
  0.73021418506553826  0.74169099622180690  0.75305078731272246  0.76476246890862520
  0.77631583443217766  0.78687640257830549  0.79777494771880553  0.80885314295924871
  0.81997431242530072  0.83185216393575279  0.84260007275178550  0.85266608318812098
  0.86230549444983262  0.87277388850445226  0.88436836072388780  0.89573867649904992
  0.90603178762432046  0.91547234899139707  0.92344111256776951  0.93062900851868369
  0.93780870607896638  0.94585879708306797  0.95492911764729871  0.96445360510556166
  0.97334256993472801  0.98241707470788164  0.99128267697891037  1.00000000000000000
 -0.00266211618587421  0.01302013644115155  0.02444376045155601  0.03436727001902065
  0.04362271976622980  0.05307567395542555  0.06280832610450776  0.07220182607432468
  0.08136273828237928  0.09115419632878949  0.10144775265250949  0.11235785831102678
  0.12317557964881626  0.13330208183472586  0.14359480616287099  0.15355441342662740
  0.16401305732364282  0.17289673116051527  0.18206682622031792  0.19075722637396986
  0.19979941577163762  0.20863873219803764  0.21799759490231418  0.22722271017996559
  0.23720983835914455  0.24708537248264337  0.25643592303283697  0.26508116156507761
  0.27390811702496137  0.28270956147109333  0.29132301344129885  0.30140502405979364
  0.31123164664693531  0.32387436121594892  0.33684888954724523  0.35082657378077547
  0.36455921413228010  0.37848445099234013  0.38999532674952098  0.40157167026912910
  0.41312629142365626  0.42513414073754852  0.43674309204125306  0.44702314973854185
  0.45721259649044743  0.46771230998500984  0.47718837513564877  0.48711089632104643
  0.49721265125586717  0.50858266766601246  0.51982427923160734  0.53045752447386085
  0.54115528938419544  0.55143556595511456  0.56218260960052935  0.57344474662927758
  0.58492237548712478  0.59682022608815388  0.60894640068597017  0.62118924290019595
  0.63271838303569317  0.64416069099268647  0.65499405270595668  0.66495704210512485
  0.67509124330883119  0.68609103170531660  0.69853542454694328  0.71050864944095249
  0.72159461192463770  0.73238045569108801  0.74321396488543268  0.75417594093410323
  0.76588360195354577  0.77712427116802585  0.78824672407691632  0.79927749231451062
  0.81071892680573909  0.82190491025120482  0.83393180667700972  0.84519188311249749
  0.85550010348695993  0.86544487834576389  0.87626435893267862  0.88666331543323995
  0.89689392889013875  0.90536305462943645  0.91406862171096515  0.92256917288158924
  0.93122283471000455  0.93992535291013757  0.94913149871209113  0.95791093319848641
  0.96673456443387029  0.97626896090426796  0.98702079483642280  1.00000000000000000
 -0.00131184915101664  0.00384484472701524  0.00886809692644082  0.01381782919845247
  0.01880989918739722  0.02401511055884498  0.03006634201542250  0.03653517290005581
  0.04338323425934977  0.05060865138731162  0.05830555620129946  0.06487640904704108
  0.07155958370397079  0.07849207976394082  0.08554284010420965  0.09286759478873396
  0.10081260097351641  0.10881209750537668  0.11668571512183017  0.12487337089651729
  0.13306531168600350  0.14072790544828737  0.14806136593263439  0.15532896161246426
  0.16229403714759666  0.17005128125484387  0.17784035391463524  0.18590252166574162
  0.19570029221342752  0.20666269026007972  0.21916054012695121  0.23221844481634818
  0.24499873626577517  0.25707186519068254  0.26875412085216371  0.28070594159323747
  0.29335088223699779  0.30569614681550950  0.31667303242595873  0.32703976565833476
  0.33743084244011395  0.34861065227828625  0.35974603516727816  0.36957230973694843
  0.37865084978230240  0.38811963791670057  0.39776813853447562  0.41125075401961037
  0.42435707313350557  0.43702298666791822  0.45245921062974442  0.46712189415014271
  0.48129429863872569  0.49293015583627514  0.50480568823448790  0.51598207930409390
  0.52689875451393786  0.53828935850085502  0.55181407163817187  0.56710027255319639
  0.58200629610111165  0.59564875371923964  0.60784667005555870  0.61947645153661046
  0.63154187811342255  0.64269761743298981  0.65349162679276773  0.66457086588865422
  0.67719486926185013  0.68937678543311598  0.70522446269620631  0.71674249981690052
  0.72932329400636786  0.74368329069805184  0.75591052315559182  0.76763944090301828
  0.78030951910632063  0.79313516086024249  0.80551847557218259  0.81783580588363736
  0.82971820970132537  0.84084882065200151  0.85224056553475258  0.86362873861917999
  0.87524322651884889  0.88824820969044804  0.90041766886937691  0.91083122236755421
  0.92076552506863418  0.93117760697417395  0.94379189711854117  0.95656063931933233
  0.96868081971458853  0.98085063449741139  0.99072740711225038  1.00000000000000000
 -0.00321691374863746  0.01301026669313054  0.02477192590904866  0.03690417895643532
  0.04761114712753937  0.05771314321797497  0.06911394939130648  0.08070988071376818
  0.09176657928789649  0.10163824761228291  0.11031825348906098  0.11922831536992715
  0.12895960563803299  0.13828868465708019  0.14686106873024704  0.15518110255459436
  0.16426627144808847  0.17469441220980547  0.18514248642319237  0.19584072085748436
  0.20672280623421130  0.21801943335908947  0.22978036642067226  0.24164229218697508
  0.25384764953320810  0.26648023391073711  0.27931332996947783  0.29202921975909424
  0.30473927316348304  0.31727448423351462  0.32949244590989801  0.34062750759331895
  0.35099504272415394  0.36212795542781206  0.37285641712182344  0.38341279052785693
  0.39413252610920918  0.40587097311720477  0.41645772412265869  0.42618961550119544
  0.43511130692653072  0.44484170352590519  0.45517183048019833  0.46676209994629791
  0.47814297277901580  0.48887173699843045  0.49952429626991990  0.51066779998389611
  0.52142762256187558  0.53166874129420050  0.54219321495491823  0.55334531384722341
  0.56449737025115632  0.57281498973708456  0.58129212671805131  0.58962597513497572
  0.59833398519816061  0.60713073816762808  0.61576487575660999  0.62491311311956310
  0.63440708230723042  0.64412252734879616  0.65518278890323900  0.66584020212847916
  0.67567379554485885  0.68452780561894055  0.69433018219619269  0.70414942550596282
  0.71312614327494039  0.72244577848191716  0.73232200607519904  0.74482685039393937
  0.75549226909689515  0.76629764023306612  0.77649463878407132  0.78632524571846363
  0.79604241046955393  0.80624909784406618  0.81705186821143816  0.82808397039131654
  0.83955549340092805  0.85193638413111994  0.86452338216168656  0.87707850392776843
  0.88806330412492074  0.89825526065037198  0.90923974228805737  0.91993738530027436
  0.93060483027397545  0.94119845946023761  0.95125865847739843  0.96086596811315295
  0.96967348817247834  0.97887840858303854  0.98907557778461752  1.00000000000000000
  0.14038287675067931  0.22194647992991656  0.24889749056842100  0.26378830099253658
  0.27534894164138435  0.28497818292676685  0.29378037242753646  0.30223022108547604
  0.31046854715557298  0.31836965829939057  0.32579451505136742  0.33290210908814960
  0.34001483989744791  0.34729182415890425  0.35448064192248396  0.36112114589646488
  0.36745222445750275  0.37370851192566357  0.37991061838288620  0.38594908273257172
  0.39181120053006546  0.39771993474907469  0.40384283649260805  0.41036778880507707
  0.41712184135201674  0.42295008151213270  0.42863927660529827  0.43429280464446335
  0.43987261295666713  0.44587163523403772  0.45210035121555570  0.45800728255534184
  0.46336381571522561  0.46884539053933844  0.47463542959280064  0.48053955150876349
  0.48619216993811742  0.49170581684867420  0.49740882839993250  0.50342120860289064
  0.50948845516877928  0.51541987659304001  0.52151828585528315  0.52793237332590215
  0.53419521743273901  0.54069556100151595  0.54680612177924948  0.55324539659131600
  0.55899739524049363  0.56425564744557366  0.56914692585906046  0.57393822845398412
  0.57877238087367477  0.58334752578904336  0.58798239595762025  0.59240436672319940
  0.59713292611734370  0.60186293059790952  0.60734510670562880  0.61332810297184548
  0.61962252423525033  0.62619638544498502  0.63329175291247208  0.64068953749956536
  0.64739369679596714  0.65378322714041870  0.66040903515525540  0.66706222287624695
  0.67427137651283642  0.68138502072331075  0.68835355340719406  0.69492638054552103
  0.70208470488107855  0.70933565056947923  0.71671872026207095  0.72367644860235225
  0.73068232287140411  0.73832160257244728  0.74582007413170237  0.75371665951984601
  0.76123006938291338  0.76946573434003751  0.77794357930908142  0.78629108070842479
  0.79446051692786102  0.80259472753246197  0.81165691325659806  0.82227859137064263
  0.83417476758526399  0.84691373516401269  0.86004302103645369  0.87427794249576629
  0.89325911987195039  0.91560507461532659  0.94568547072746001  1.00000000000000000
 -0.01987788281159454  0.11857231505443892  0.15036981798580912  0.17353481098402870
  0.19220287973310879  0.20816204260851673  0.22227201608557842  0.23423550043211355
  0.24409376818759343  0.25345301287773797  0.26271502273155350  0.27165626685686689
  0.27991888886812838  0.28801544726852957  0.29614012938709611  0.30417086158732287
  0.31249529416719246  0.32067002098367864  0.32828072637171452  0.33491533153315967
  0.34123615107357275  0.34791556944754171  0.35542083521701950  0.36300404423637977
  0.36996963220590035  0.37631619529215904  0.38229962996467320  0.38816222382077981
  0.39400766266094239  0.40026225903052670  0.40624490484639003  0.41217422380692775
  0.41802183063386839  0.42381706500392757  0.42993202639531730  0.43603385942178730
  0.44193431131023281  0.44743304226204156  0.45257410174617946  0.45762939048750001
  0.46252481371844351  0.46756069977221687  0.47275226125075959  0.47844989197674281
  0.48449923691154495  0.49019899763383590  0.49477309334597064  0.49923342845910978
  0.50367821796312140  0.50863950636120259  0.51409443499026386  0.52037668777350077
  0.52618998295686970  0.53128813436808608  0.53607291325130668  0.54059493060642450
  0.54523749814560618  0.54989254831745615  0.55460118507281564  0.55941687617496871
  0.56429354177849811  0.56950395098292961  0.57502716787997854  0.58082750579001463
  0.58692860266404823  0.59245588638573243  0.59794372391820849  0.60326571709035104
  0.60872311466658480  0.61454452048361163  0.62007508208599149  0.62563639733652765
  0.63128061247059408  0.63755540443393466  0.64427783757716439  0.65123058784883958
  0.65812902867293199  0.66481182532002570  0.67186479102957208  0.67986210945212677
  0.68800126062789546  0.69650511424967099  0.70512590115706675  0.71388130276403949
  0.72275975359355382  0.73236984904852687  0.74317877823916789  0.75432273864843924
  0.76566830194754487  0.77778783494976467  0.79082927493289190  0.80438492349991153
  0.82234890241862535  0.84554943117268233  0.88126252765939117  1.00000000000000000
   6.5345405572587236E-007  -1.0000000000000000     
 F F F F F F F F F F F F F F F F F F F F F F F F F F F F F F F F F F F F F F F F F F F F F F F F F F F F F F F F F F F F F F F F F F F F F F F F F F F F F F F F F F F F F F F F F F F F F F F F F F F F F F F F F F F F F F F F F F F F F F F F F F F F F F F F F F F F F F F F F F F F F F F F F F F F F F F F F F F F F F F F F F F F F F F F F F F F F F F F F F F F F F F F F F F F F F F F F F F F F F F F F F F F F F F F F F F F F F F F F F F F F F F F F F F F F F F F F F F F F F F F F F F F F F F F F F F F F F F F F F F F F F F F F F F F F F F F F F F F F F F F F F F F F F F F F F F F F F F F F F F F F F F F F F F F F F F F F F F F F F F F F F F F F F F F F F F F F F F F F F F F F F F F F F F F F F F F F F F F F F F F F F F F F F F F F F F F F F F F F F F F F F F F F F F F F F F F F F F F F F F F F F F F F F F F F F F F F F F F F F F F F F F F F F F F F F F F F F F F F F F F F F F F F F F F F F F F F F F F F F F F F F F F F F F F F F F F F F F F F F F F F F F F F F F F F F F F F F F F F F F F F F F F F F F F F F F F
  <DiscreteSampler_grid>
  grouped_processes
  1 # 1 for a reference and 2 for a running grid.
  10 # Attribute 'min_bin_probing_points' of the grid.
  1 # Attribute 'grid_mode' of the grid. 1=='default',2=='initialization'
  0.0000000000000000 # Attribute 'small_contrib_threshold' of the grid.
  0.5000000000000000 # Attribute 'damping_power' of the grid.
 # binID   n_entries weight   weight_sqr   abs_weight
    10   10   1.786301692784906E+003   2.134087422045736E+007   1.786301692784906E+003
    11   10   1.786301692784906E+003   2.134087422045735E+007   1.786301692784906E+003
  </DiscreteSampler_grid>
