  0.00353156380640232  0.01127966169831373  0.02072874001636026  0.03042549704332285
  0.04022801107284332  0.05053717885122888  0.06108986083186398  0.07166098952917821
  0.08225356199394625  0.09265337695360938  0.10280637040678174  0.11324752924868685
  0.12350270385823939  0.13389024370202512  0.14428955850491959  0.15533690998594052
  0.16618881206507249  0.17671835744434311  0.18707235759913077  0.19774351809734075
  0.20843030182005004  0.21915773707040540  0.22961259532622133  0.23994283813402728
  0.25043700070508251  0.26118112355204703  0.27175087268793063  0.28202828686736275
  0.29238258814429002  0.30303589959480037  0.31369402748282904  0.32398707652826841
  0.33415779082107289  0.34403454274522638  0.35394960279813198  0.36412988762530585
  0.37434511572942619  0.38476924736164053  0.39526299952786104  0.40603247997665487
  0.41686723715237906  0.42737200051678065  0.43794848441153966  0.44833977063759323
  0.45896602017275162  0.46958535491054870  0.48017555838163728  0.49065945745833017
  0.50131457871181084  0.51217313934668873  0.52293045911080438  0.53341677849084312
  0.54379566643220056  0.55443919556437204  0.56517779192451434  0.57579508148423364
  0.58612090561740604  0.59626211679344243  0.60648467965386288  0.61670291733945726
  0.62692390298612455  0.63734975964359386  0.64785519502442435  0.65860932169145170
  0.66939273450191517  0.68034290732915015  0.69122932154108707  0.70181124226353775
  0.71213862611233114  0.72243477379133558  0.73280707304328130  0.74308112591311815
  0.75353689994350515  0.76409381216028671  0.77449980748950897  0.78464466498368557
  0.79478146105275149  0.80517350903216556  0.81534500516567465  0.82557634357834786
  0.83602170368734252  0.84674623281866612  0.85731978378158225  0.86780936915981410
  0.87812556073421510  0.88855511031160150  0.89884411781849760  0.90938588210798765
  0.92009789988374946  0.93104364716855470  0.94192847134496316  0.95267865667004481
  0.96373585161353770  0.97521362757460905  0.98719729621200369  1.00000000000000000
  0.00692250012132818  0.01634087895365300  0.02772714638613645  0.03909177539104004
  0.04999439715824278  0.06064672224022596  0.07150149419950033  0.08236241892516870
  0.09321446162946009  0.10395107078583986  0.11462335418941855  0.12530441420730271
  0.13608764829152992  0.14687538339116402  0.15766074429886620  0.16841213538937663
  0.17910161795221505  0.18994269910271430  0.20064977780173146  0.21152152485531442
  0.22251973562293464  0.23356261529022113  0.24467612425944707  0.25546308544364021
  0.26613034604893610  0.27659586357802979  0.28708740670804228  0.29749850640599507
  0.30777716522469956  0.31815943129366364  0.32855143746173693  0.33890663080867445
  0.34904664428039966  0.35915555583882697  0.36957399580844003  0.38028883070831049
  0.39118944657064142  0.40195789956865935  0.41273683182119580  0.42353187180768520
  0.43418752421675916  0.44471488644521040  0.45516694872048702  0.46580673989479537
  0.47647729850434628  0.48699569144171229  0.49747912280247625  0.50798021233982704
  0.51876877858500958  0.52936045939834508  0.53979632583771653  0.55017170142495253
  0.56048431182345515  0.57089289660234821  0.58102830297992059  0.59113380542376470
  0.60119731953689581  0.61139980032328600  0.62195434782582792  0.63237145757150792
  0.64284406910620051  0.65333452127673197  0.66395995882946834  0.67443346812072569
  0.68478639106939032  0.69506261833309357  0.70528508235367804  0.71545594260344492
  0.72558528391233701  0.73557264016810331  0.74530847942497547  0.75518795232971836
  0.76518965206634093  0.77534576978041703  0.78559632885317998  0.79601238545046882
  0.80658814944867396  0.81704635390766789  0.82740650166051677  0.83762032547717646
  0.84774864113299397  0.85777152575366811  0.86767298365714318  0.87753153994867827
  0.88748565865349505  0.89768365947909701  0.90805267272672585  0.91842221226414755
  0.92878465094282980  0.93925565607636941  0.94968160791403733  0.95978596415123341
  0.96939665318782986  0.97885923364891314  0.98904306772169492  1.00000000000000000
  0.00338868052003811  0.01145794720545233  0.02119751152903031  0.03077177347272047
  0.04075062683706095  0.05081492701842272  0.06094973455504583  0.07112913101429401
  0.08152967195061459  0.09205117577792540  0.10275274459874911  0.11329668457303919
  0.12385234241062952  0.13421066828802236  0.14439285814906583  0.15435794336074005
  0.16420580606061599  0.17402274885991023  0.18391612490409562  0.19410832039980550
  0.20452604359989340  0.21473218658887727  0.22496231514909620  0.23516559410184956
  0.24559698898678367  0.25581356751913831  0.26617425878934192  0.27660832459085627
  0.28743052764852350  0.29821160445841061  0.30909940772589667  0.31974395844481379
  0.33047292677842732  0.34145918861301938  0.35206062384650211  0.36226763130174822
  0.37237640200563515  0.38248410840143110  0.39277897249816057  0.40273527191276920
  0.41292326939202056  0.42276123511125890  0.43287017881509149  0.44310204761760225
  0.45352951276788006  0.46400802017839327  0.47441755221720378  0.48447117432267051
  0.49455905481606832  0.50487789864573163  0.51562214580224763  0.52616578062426977
  0.53678739042089973  0.54747730516068627  0.55848560156774429  0.56917590662661321
  0.57981995352533666  0.59021817368610707  0.60057454759449702  0.61137111272390976
  0.62244694696744596  0.63343711247320911  0.64428276024841968  0.65485833704131036
  0.66565317393890455  0.67629063240862852  0.68644286134371313  0.69665062084783491
  0.70695526525960772  0.71745748198317261  0.72781498863022309  0.73831646707848386
  0.74876632655193054  0.75918045798476896  0.76950855429863863  0.78051650376936965
  0.79149441043458824  0.80269071759874167  0.81352634952380398  0.82448286816086491
  0.83519029778725007  0.84589951673583852  0.85675105620594716  0.86754790159017048
  0.87832604390810687  0.88885533637881409  0.89934363572933584  0.91017403595755797
  0.92087595167454861  0.93169658588383797  0.94263935619174644  0.95370789630328034
  0.96474774888819481  0.97569960378113640  0.98748361466394485  1.00000000000000000
  0.00593489316161076  0.02046574709974527  0.03461681840811778  0.04665245553012892
  0.05821586592918525  0.06963818300590498  0.08094945160998668  0.09220449646681904
  0.10332472441687680  0.11420634704926449  0.12508060022564998  0.13591993830589658
  0.14655669305607330  0.15695063861420847  0.16730208126827761  0.17788330368569158
  0.18870731104451469  0.19948686318265535  0.21007231253169617  0.22042149691591362
  0.23077882262757077  0.24116046265544155  0.25161139020559564  0.26192230100346880
  0.27223630746184407  0.28276634130359851  0.29354022006471364  0.30445352727735109
  0.31526936957098456  0.32604888618908429  0.33669525987322202  0.34712573053007784
  0.35745715714649029  0.36776881103201803  0.37816467132020198  0.38864670904939463
  0.39923551697839882  0.41003011408062018  0.42083095687978667  0.43158672371677692
  0.44220647277531877  0.45294310050359521  0.46373124855722681  0.47448971918335087
  0.48483031226360562  0.49499940037498513  0.50520292111632925  0.51559727863552096
  0.52603544950965020  0.53620075551603541  0.54630885752978176  0.55647200342246550
  0.56665675854630049  0.57704423624632772  0.58750250602687470  0.59812940863834840
  0.60883141600018675  0.61939723464345076  0.62977602299166602  0.63995124410853033
  0.65013354360680109  0.66051478415422793  0.67094281200096595  0.68129132141163584
  0.69153578402257243  0.70168467880718288  0.71192932543695808  0.72215164761186912
  0.73238661100340186  0.74256448427268884  0.75281032717660190  0.76312955306388408
  0.77336580235946950  0.78351038940922901  0.79388003799903450  0.80432726942605326
  0.81470563550148323  0.82469710856939982  0.83480845244184054  0.84497775604373881
  0.85497888393180344  0.86478173546284309  0.87473875235683485  0.88479452455473162
  0.89481987928818296  0.90473247520297773  0.91485281597905976  0.92514735290846650
  0.93549195669517871  0.94551838656747378  0.95538158222256453  0.96529109158276849
  0.97483637666694156  0.98339772047058849  0.99186878606528883  1.00000000000000000
  0.00000408299344421  0.00001005305396855  0.00001379182471817  0.00001771513070206
  0.00002178601032883  0.00002608425306368  0.00003046372917024  0.00003475123884206
  0.00003886767930625  0.00004284671450296  0.00004676411298383  0.00005070573453075
  0.00005478689843192  0.00005899615810515  0.00006327070929030  0.00006751144141533
  0.00007183494945469  0.00007623686967582  0.00008071879569051  0.00008527396541360
  0.00008988019246672  0.00009457941690890  0.00009937229607503  0.00010430521044142
  0.00010944173133400  0.00011478041210445  0.00012030453016258  0.00012606126928272
  0.00013178987631741  0.00013791249474137  0.00014434423628161  0.00015116707683315
  0.00015854157800167  0.00016643610375044  0.00017475611720253  0.00018350352328399
  0.00019222780618381  0.00020110643554715  0.00021009894436090  0.00021919664758971
  0.00022846523682149  0.00023793483838924  0.00024792677869352  0.00025855430450176
  0.00026959481566740  0.00028103244837575  0.00029281040100499  0.00030522572850040
  0.00031831821991719  0.00033206742528501  0.00034650583391325  0.00036140049368367
  0.00037675740704427  0.00039289727075078  0.00041005142039677  0.00042811984279639
  0.00044695270091678  0.00046652495591338  0.00048696748243641  0.00050823540381712
  0.00053063332647619  0.00055444603037671  0.00058032056194394  0.00060808725703455
  0.00063694275961059  0.00066706230032900  0.00069912905642671  0.00073380365257366
  0.00077062085080414  0.00081061362688434  0.00085331271689741  0.00089825661690599
  0.00094573505172066  0.00099906243781716  0.00105504886577343  0.00111723096831226
  0.00118111322245492  0.00126086575600315  0.00134543290176408  0.00144369356957335
  0.00155404987864198  0.00168176722339363  0.00182781094433886  0.00199305160903073
  0.00217618888473377  0.00240067274146220  0.00265412762345203  0.00291588228785644
  0.00321243144870707  0.00361604170043602  0.00414338020494623  0.00489424137120388
  0.00595266494839948  0.00724416073773001  0.17709297494737247  1.00000000000000000
 -0.00242410915882693  0.01006185399041184  0.02048250754230237  0.03188045935986299
  0.04290855865067201  0.05385691700097484  0.06490818107306488  0.07576846766558620
  0.08647998867741913  0.09713088600511602  0.10813096007796899  0.11957243309460966
  0.13061283505921717  0.14158842852181547  0.15253208093790976  0.16338797105531130
  0.17389268053537296  0.18445729270665093  0.19533372305344815  0.20653556832554085
  0.21745702314095405  0.22821262289712563  0.23890009509820415  0.24939101889519136
  0.25984362481701795  0.27039339689684339  0.28120187220737580  0.29204995667012401
  0.30265922939860801  0.31312440919929019  0.32352003377011879  0.33398882589344525
  0.34450342683220192  0.35503525941188191  0.36558630217643640  0.37603210594718378
  0.38642459061929674  0.39687710195905279  0.40729497744027121  0.41757973403430471
  0.42765557762670631  0.43769543430080865  0.44785887750996595  0.45823401164704769
  0.46876384487070100  0.47929026214728992  0.48966544431683495  0.50008839753606382
  0.51053858709183086  0.52097142001479990  0.53133962000646329  0.54166808787207776
  0.55203641360116484  0.56240476890052571  0.57268412587630746  0.58285780407759813
  0.59304456136742179  0.60333552396620405  0.61366812049259101  0.62400578595036382
  0.63445004443285191  0.64502088688595205  0.65577123244269753  0.66660334667551913
  0.67750636274321552  0.68818768654375884  0.69853156468783928  0.70860519570346336
  0.71862342402888379  0.72873385410882896  0.73902631967258037  0.74930452247451707
  0.75955765721863477  0.76969230771865249  0.77994548779633444  0.79044800913905955
  0.80105905479866546  0.81149660550232616  0.82178838010202893  0.83221755208178261
  0.84299581733583839  0.85399767519847736  0.86495730013833039  0.87568297890826274
  0.88614107848009094  0.89641494051559789  0.90673185645857712  0.91717801280653166
  0.92767294965902636  0.93824010018983384  0.94864659673138640  0.95886298137170878
  0.96898399342713937  0.97914555316841945  0.98971812533970593  1.00000000000000000
 -0.00231906402081177  0.00900636964006168  0.01910673342766879  0.02924705819163441
  0.03961560362594576  0.05014153413951252  0.06073384565965194  0.07121101388369008
  0.08176454065301525  0.09260214055953972  0.10352622137073489  0.11416025426581482
  0.12460450795031655  0.13512912359400642  0.14582915029920934  0.15651677285593169
  0.16749442493115688  0.17852033822198818  0.18965169776119864  0.20015901526685148
  0.21057984030922650  0.22081291266416486  0.23105153345529719  0.24080572765935124
  0.25067027890145571  0.26065939775081132  0.27096202928488017  0.28124919216129018
  0.29162069891930359  0.30207029605494035  0.31251301166049256  0.32281404597018204
  0.33327900427076818  0.34432947164875954  0.35527352651561767  0.36570082988358921
  0.37640370537465062  0.38742626607728825  0.39811122925188946  0.40835390283111656
  0.41850568808464872  0.42929255146814260  0.44015782271319420  0.45101721334507433
  0.46186175119693768  0.47299894461483538  0.48398132287215007  0.49479170618545532
  0.50512219781372347  0.51592769000776839  0.52679165144834317  0.53745724297406960
  0.54785347288950692  0.55832814316765367  0.56901710719938736  0.57963585842435372
  0.58993510316400621  0.59999556097633755  0.60995009581369530  0.61975207511809771
  0.62949880009027726  0.63951889016827379  0.64965396064727310  0.66001939690768097
  0.67032228739612432  0.68092598468707133  0.69160177798583689  0.70244174994147379
  0.71343308001511230  0.72432100696976764  0.73478531913373057  0.74518271121063318
  0.75601552140357542  0.76675475502267187  0.77726071911428896  0.78761549857873792
  0.79839991163231416  0.80940952391992183  0.82012748568710270  0.83048069300941352
  0.84060668354659984  0.85099443260974716  0.86180632935796087  0.87233019693452885
  0.88317483299159005  0.89332456848382036  0.90395468962774028  0.91412566700942444
  0.92499841191784660  0.93549009275390371  0.94591355832678803  0.95642345599650536
  0.96730676680738681  0.97843344482003314  0.98925806782103909  1.00000000000000000
 -0.00237304176008882  0.00945099680313676  0.01934006007906104  0.02982619100181547
  0.04058216409394139  0.05074984953899968  0.06124112025283145  0.07170073664332721
  0.08251969551676251  0.09287184026777857  0.10309000498710306  0.11358608158516156
  0.12434644687300966  0.13512465493526973  0.14557387524715196  0.15604198219570381
  0.16649164128628480  0.17712571675931030  0.18767232578335707  0.19839677190141777
  0.20904430958262413  0.21978035442396135  0.23024952183971650  0.24080491168453175
  0.25123315991286937  0.26195562028273850  0.27251194870349787  0.28276784123001331
  0.29266453521843239  0.30289929796265086  0.31317348575592308  0.32369617185167660
  0.33405898256987931  0.34441381514530128  0.35437638443128794  0.36476691566265046
  0.37524598828246281  0.38611700453049191  0.39709938813586626  0.40802571063701043
  0.41894647672878371  0.42943004802524426  0.43987762441080624  0.45029891938392647
  0.46072079546809286  0.47142077098348878  0.48234536468896339  0.49382709329269003
  0.50472373888944200  0.51551109767721481  0.52604584836973800  0.53671863231018113
  0.54745105777451109  0.55795558947557133  0.56835730721286282  0.57873314025140354
  0.58921898200488143  0.59963037196425362  0.60975685739401064  0.61956991634834091
  0.62973655923086913  0.63990935063455834  0.65003290310088113  0.66017192681168269
  0.67065981323123347  0.68117978544437108  0.69164998546174739  0.70170106505767516
  0.71183054711418559  0.72225650466422264  0.73304449075025524  0.74391739936204682
  0.75412706667778695  0.76432934417281961  0.77460616814705674  0.78519088407085924
  0.79595039940848389  0.80665834171199580  0.81730881048481907  0.82786571189306968
  0.83859830913406730  0.84959055174541454  0.86080824148772950  0.87185775427438439
  0.88264826050107681  0.89324220249194564  0.90375284220510099  0.91428716793736564
  0.92477161390494456  0.93533821767779668  0.94593224708280099  0.95649251661389068
  0.96735715013100176  0.97832853031420053  0.98924341966681373  1.00000000000000000
 -0.00232979456147465  0.00934443096321297  0.01931371843780878  0.02961835686766796
  0.03990236029653028  0.05005511172284111  0.06032400554402979  0.07036808802233381
  0.08045781765769366  0.09084151425158557  0.10116791866678727  0.11131656841431767
  0.12134403343649884  0.13150168316891861  0.14210221882573709  0.15291933719256387
  0.16390493815539769  0.17500228561323122  0.18573129248185080  0.19628267209939726
  0.20663212912421786  0.21724861431987941  0.22779500414975598  0.23833060478706014
  0.24876414042981959  0.25941696799385194  0.27015796927200697  0.28089498082551506
  0.29175698640489539  0.30253898509094024  0.31306535006961456  0.32307378968359302
  0.33323185739688399  0.34391851501060011  0.35449401414188736  0.36487792681566061
  0.37496988699536477  0.38504616704377420  0.39501440341253358  0.40500665852526863
  0.41508611487354807  0.42534891173598943  0.43581100988866706  0.44648077613967729
  0.45747193696921873  0.46838809936406794  0.47909884577571643  0.48949627953446018
  0.49961902486644366  0.50977975591812152  0.52011755264607773  0.53083273342128334
  0.54163907917423837  0.55256536241123311  0.56348518821574323  0.57381155442713261
  0.58395228801309307  0.59409392135051520  0.60452540785194431  0.61487777794933485
  0.62508350597301299  0.63569459096122549  0.64655996272873906  0.65739201188329943
  0.66812740562127193  0.67881198328060055  0.68939846885411060  0.69987251836587283
  0.71053691793727891  0.72144354627492691  0.73253265383274968  0.74351147884091351
  0.75447209298425444  0.76521457010354921  0.77589429593934833  0.78655177915027563
  0.79726630191760017  0.80817651023097692  0.81902731209964330  0.82971985732806153
  0.84006455615504949  0.85035390738198879  0.86077417328853534  0.87150290557115473
  0.88213013287595887  0.89273061524793118  0.90328557627580719  0.91398734235246604
  0.92477617398553436  0.93550481166058874  0.94612976062141774  0.95643968611329755
  0.96717940036350358  0.97778480772661602  0.98909129993137812  1.00000000000000000
 -0.00227320295631457  0.00920131917642091  0.01928656296850102  0.02975192992934076
  0.04018463064217502  0.05006342438233748  0.06022420520269308  0.07038991410305125
  0.08057252609788826  0.09034970400661642  0.09997519768840654  0.10995968094592178
  0.12008495484270088  0.13063168564782743  0.14127149393934846  0.15183582336076085
  0.16219842971033741  0.17274570170478107  0.18332883085085749  0.19407264344563813
  0.20475046449752310  0.21572317210919995  0.22675859630249084  0.23759930525899575
  0.24834616835449549  0.25892171335420183  0.26953888589241398  0.28011601692770105
  0.29079099264709812  0.30150849445283412  0.31216831433570025  0.32264516801910609
  0.33302398204772515  0.34354393518683568  0.35405617008230000  0.36455156354822804
  0.37507711991960935  0.38560534989689832  0.39606861254456593  0.40642799337691016
  0.41661370999991287  0.42674489605657984  0.43700702584283230  0.44742971935754233
  0.45771701891678923  0.46795317687732091  0.47837755703177054  0.48906495762046892
  0.49954800377492370  0.50973703546596871  0.51972352816348710  0.52967541035977639
  0.53978099637763910  0.55008694221649856  0.56043395016369857  0.57084266810391393
  0.58142377716386839  0.59207071148525892  0.60260092035262258  0.61281355504966073
  0.62298531466750995  0.63315748549244810  0.64344647035553171  0.65388827337776567
  0.66455064861882152  0.67548676621491532  0.68630312255141823  0.69694194957523536
  0.70768861181675247  0.71869496537398136  0.72999306202976166  0.74121746665337185
  0.75231738646466872  0.76338239235440286  0.77433022931219153  0.78527261582832175
  0.79617175989954914  0.80703378556361927  0.81794028662031515  0.82872011521876721
  0.83962206340705292  0.85045877739263986  0.86091217382098262  0.87139846154249112
  0.88219641992904851  0.89340057812088569  0.90437215616931899  0.91500903607074868
  0.92580063510809762  0.93651472037913774  0.94705791661624761  0.95751091003555033
  0.96802334849075511  0.97871312892927487  0.98929755685807141  1.00000000000000000
 -0.00228159077467471  0.00917312250875999  0.01920355774059266  0.02980134668291479
  0.04059689933723147  0.05114912329450467  0.06196237626382464  0.07262726453560868
  0.08315744093979151  0.09333508027682194  0.10371207841172798  0.11471310155113436
  0.12575387539480337  0.13693628105718592  0.14766600025844503  0.15838425023056479
  0.16871368142435023  0.17899604611168810  0.18950348070751910  0.20012686254379430
  0.21061406616954009  0.22108532666261485  0.23150058293796538  0.24196477440764594
  0.25235184077039324  0.26286164314814009  0.27339272117943203  0.28395462233400370
  0.29448604621767072  0.30503670920245057  0.31556468881255045  0.32608705867576854
  0.33657113042157522  0.34695989546789474  0.35740107316275244  0.36808689693658270
  0.37883654950323853  0.38955071389699447  0.40005252765935767  0.41040723875207469
  0.42072459728280021  0.43120541539534496  0.44196450624534367  0.45282812061800576
  0.46393351599442240  0.47510428267778282  0.48622711130911744  0.49711519004974908
  0.50788348963393504  0.51881089412712922  0.52936446897231815  0.54001823746195743
  0.55040366515767991  0.56078781013823087  0.57093466616100863  0.58100173260995092
  0.59151045573490513  0.60221690369034953  0.61289824862388986  0.62336020498911893
  0.63390984420686147  0.64428845585485861  0.65456383104950777  0.66470978239305878
  0.67514225210320666  0.68586377181531555  0.69683865495704544  0.70806396741241029
  0.71954167623934939  0.73107292736617135  0.74244914710475829  0.75340961313365751
  0.76424331579877425  0.77466250617435839  0.78478896463148917  0.79478543605405183
  0.80486847734732148  0.81492895664406639  0.82485092688271988  0.83481860607905201
  0.84505144842191871  0.85547360937818662  0.86598839653429416  0.87641291305262836
  0.88702783382299655  0.89748287727406084  0.90799174560422469  0.91813922586124719
  0.92821550242135309  0.93837165828069047  0.94843385578296513  0.95855757057928970
  0.96864214594105302  0.97873315573085962  0.98937042362033178  1.00000000000000000
 -0.00249481201342267  0.00974602447928925  0.01989472493131901  0.03080136513313801
  0.04148273427012118  0.05200352711197982  0.06243082949086939  0.07248395759762381
  0.08292091897070432  0.09340030299384035  0.10402771190614359  0.11452177516601125
  0.12438621210728777  0.13453359248200558  0.14471002437349925  0.15545548856436700
  0.16617499663154622  0.17708005464413792  0.18773675082795521  0.19865068619894369
  0.20960675282891311  0.22072029895835679  0.23175090925184727  0.24261709199105533
  0.25318805964794316  0.26377075905845365  0.27445392053620998  0.28513267332789272
  0.29552899689240075  0.30583567788150823  0.31625349741671938  0.32657065040243577
  0.33707920392507690  0.34776325020873056  0.35832969587543390  0.36878284943080103
  0.37947975317687943  0.39026424868553217  0.40083344015854866  0.41133399521775343
  0.42190967048416683  0.43264106433693900  0.44354487686213889  0.45454421862618449
  0.46523446306778804  0.47557298762957945  0.48567852552781632  0.49607929476098001
  0.50683025681778027  0.51756767739878606  0.52829078673153307  0.53867677309526141
  0.54923134370429449  0.55985241493129756  0.57040015519806297  0.58080359995656994
  0.59078277703581739  0.60088438931188015  0.61106181262926851  0.62130216424126039
  0.63144602456005083  0.64193615933399650  0.65259915062738860  0.66335415417650845
  0.67382082676972299  0.68426068305389132  0.69474333452863601  0.70523606020220686
  0.71576429600676572  0.72601283013674811  0.73631457334506500  0.74648562411788644
  0.75681740872136960  0.76716005869753012  0.77779937093687279  0.78836801069822426
  0.79897479190295684  0.80973419745084207  0.82037951804765563  0.83099715124571483
  0.84160620478084069  0.85225567999905372  0.86301253103084186  0.87386464347019954
  0.88461371187301252  0.89542820808414403  0.90584301712860604  0.91629881481863118
  0.92666716838152230  0.93707908668872908  0.94729769255377683  0.95783534543898563
  0.96841708779561497  0.97928995342973857  0.98954547596232867  1.00000000000000000
 -0.00246690478754730  0.00934142120602408  0.01990482778751903  0.03021285147335722
  0.04057872351764796  0.05083403600314118  0.06127663219036510  0.07162156117981802
  0.08202860511182482  0.09263743089017508  0.10340888318946288  0.11393885221070162
  0.12429768597556146  0.13479131099552122  0.14528359045670053  0.15609181952686285
  0.16683037977251114  0.17734937513099991  0.18780476309863575  0.19814188845015321
  0.20851381439484079  0.21887525377490130  0.22942420269214317  0.23988836315448431
  0.25016821423400687  0.26075955022205904  0.27168160437451305  0.28253080778113754
  0.29324761577597969  0.30379059131344083  0.31428449049777757  0.32441250586805265
  0.33423883533144466  0.34449281613640559  0.35488495788251095  0.36569392264955691
  0.37643852271954387  0.38698661352853175  0.39745930954147241  0.40770550463792554
  0.41804476908166138  0.42881985534154166  0.43932973982694817  0.44988346083228636
  0.46041143043591426  0.47157028918354599  0.48246865899744656  0.49303103259843228
  0.50363012743562319  0.51417613554559893  0.52451097881009245  0.53430122694011861
  0.54442385795330206  0.55499161346272163  0.56592907610184873  0.57684333454134662
  0.58750374386893600  0.59818135183096044  0.60867086935035775  0.61913127228509401
  0.62957164229469720  0.64004768500315490  0.65047709429167888  0.66104813243983040
  0.67155523261752426  0.68223113516728273  0.69287660899865866  0.70389744005956045
  0.71467425107578242  0.72549000413207843  0.73618918528961619  0.74694956986265726
  0.75747085316069662  0.76762146260981223  0.77772071339581084  0.78787606022209944
  0.79822024772233646  0.80874586601111431  0.81908084827328531  0.82942554152743642
  0.83953234533092780  0.84978475141067322  0.86047827468219085  0.87126926696771390
  0.88206344877798337  0.89277903149975257  0.90364785755820731  0.91437879817225942
  0.92490889520899633  0.93531367383442110  0.94586340706885208  0.95639033252049666
  0.96707622556041828  0.97790458454214158  0.98890997778044687  1.00000000000000000
 -0.00230317271810906  0.00936469921905619  0.01952358983276668  0.02997543262082395
  0.04060289984740224  0.05136762181909299  0.06239260769266804  0.07334977206442186
  0.08411723165787387  0.09484838506860983  0.10560414794911104  0.11634168063429458
  0.12687556519630860  0.13750426034664437  0.14798253197804448  0.15865107172778273
  0.16912422918755216  0.17939319766232903  0.18961205946502380  0.19965139715338220
  0.20996236311788943  0.22014233319715371  0.23018708132180971  0.24034868529326192
  0.25054772278759441  0.26093772186277320  0.27126108540022348  0.28147976770550892
  0.29155110834037073  0.30159275728470814  0.31152184989673559  0.32217198677157610
  0.33284236562727859  0.34362996439734339  0.35407985995312707  0.36503962126724243
  0.37585663308812101  0.38676324348869534  0.39772983255905076  0.40865158416774910
  0.41972732902092569  0.43068750118167998  0.44162484607460306  0.45234061580190998
  0.46260402384269428  0.47269568607093465  0.48277722828179570  0.49315146323541853
  0.50366071394918666  0.51406940295001768  0.52476034209188815  0.53562253906376267
  0.54640609329385925  0.55688944241954341  0.56709574111504990  0.57743578103644932
  0.58777824531247624  0.59836165926551854  0.60885326220309000  0.61942231221514188
  0.63015751436167589  0.64106258035443564  0.65205169168338395  0.66282505875036246
  0.67352040060740992  0.68416181006402976  0.69490194296700403  0.70554659952601351
  0.71600199525818220  0.72647138582763848  0.73693561900135529  0.74726947374750874
  0.75757083348905396  0.76803411656375320  0.77899828368105273  0.78979195918431533
  0.80042822455523177  0.81071138487835848  0.82098051336252009  0.83112013220331749
  0.84143597136517578  0.85159442969663113  0.86225074210167452  0.87265072893089768
  0.88334756962261884  0.89408465125066727  0.90506803810570136  0.91618663027784486
  0.92723119163145051  0.93786908586964157  0.94825934074283291  0.95865682497927895
  0.96937145483114762  0.97993421009807191  0.98993066663043427  1.00000000000000000
  0.08329104009572789  0.24094422909541577  0.27116486347795338  0.28822322061371120
  0.30193881836053105  0.31399838713707789  0.32523512090186940  0.33594713954276550
  0.34622598584832642  0.35575310501354573  0.36455707708638541  0.37308412156320964
  0.38144968833417353  0.38971646836438417  0.39791080189429212  0.40608023936347354
  0.41409154204018656  0.42167923478598829  0.42911932080279602  0.43641676616420361
  0.44364524226288987  0.45072409179082479  0.45758877448793628  0.46421512187612485
  0.47082638215228267  0.47742796810482141  0.48404935968626628  0.49055330853646456
  0.49699331417563714  0.50333500991604452  0.50957667830018116  0.51574546691197420
  0.52189113820691679  0.52805639491464096  0.53426288936351618  0.54046375783072342
  0.54653307488380098  0.55245572898469764  0.55830795582074044  0.56414410957497696
  0.56995724691822092  0.57574952187299888  0.58157441793461906  0.58736861509827798
  0.59313903423585512  0.59890182303227624  0.60468407888305575  0.61035026538391668
  0.61603890862730559  0.62170869610002633  0.62730082621744065  0.63279856598588380
  0.63823249071625998  0.64370823342709782  0.64921733102742563  0.65475028219692399
  0.66030125252609295  0.66592422687648689  0.67171884966581852  0.67759327093544852
  0.68347413666442436  0.68942046571104587  0.69531005954917513  0.70111871459610797
  0.70692906969981206  0.71273504041786206  0.71856604217222730  0.72439963025556731
  0.73024909024371676  0.73620156378770218  0.74229011753270302  0.74848050487890172
  0.75489633303062065  0.76143929426764356  0.76795871336399713  0.77454807763320743
  0.78117761406147346  0.78794669765003766  0.79485272337049639  0.80188584181959044
  0.80901001537633055  0.81625830476834094  0.82373654957796982  0.83136851210216445
  0.83936371827072032  0.84762724871124961  0.85620584513436881  0.86514807129674021
  0.87453487865101776  0.88449002624307171  0.89520496054590060  0.90687565827931582
  0.92011245288459298  0.93585849009835342  0.95822926362925376  1.00000000000000000
 -0.02492008807449993  0.12234682685576029  0.15798593032245817  0.17964056044748972
  0.19661649819370106  0.21125514167695875  0.22392609060095156  0.23538492508750614
  0.24584814252986936  0.25581317842932261  0.26535718820840498  0.27462747462037440
  0.28350942314448785  0.29199818296322022  0.30004440068245924  0.30783945192356443
  0.31544513299060561  0.32286233497485067  0.33014166957949009  0.33719006461721052
  0.34419558651475440  0.35107870542825498  0.35785074792625132  0.36451406416969795
  0.37103334795256593  0.37746579221007964  0.38368247008788076  0.38977393114994818
  0.39572260912891982  0.40157206032996151  0.40733203188988032  0.41315912140478128
  0.41895193886706339  0.42466304422823847  0.43031646654452882  0.43586646047243016
  0.44134334954058280  0.44679847933353117  0.45221049169457239  0.45754674604733103
  0.46278525292030726  0.46796823486758138  0.47318388344241391  0.47844451665300558
  0.48373282585490257  0.48896040391916623  0.49415570579135532  0.49932008110628889
  0.50445774148016254  0.50955948623995106  0.51463178108289154  0.51967353215960443
  0.52472533405729582  0.52985837480693077  0.53507042132097615  0.54041234845720776
  0.54580681373344286  0.55126546247352615  0.55669359214572145  0.56204850629211811
  0.56730667464201623  0.57257871470335708  0.57797411903562901  0.58344427655200404
  0.58889850759051732  0.59435131080191239  0.59989035067462260  0.60555249094857222
  0.61129519636085916  0.61708011141335739  0.62296042028328147  0.62895764905724383
  0.63513557920052155  0.64138811505538229  0.64778469937865035  0.65442005316187202
  0.66106649349533841  0.66806648282209913  0.67539321290366627  0.68299690265461821
  0.69066364562853233  0.69844423107131159  0.70656367029313283  0.71507101071942547
  0.72389862049203191  0.73285996085100447  0.74222160136263915  0.75206506534920647
  0.76273961468555418  0.77416004910118574  0.78683485259816055  0.80109688644755661
  0.81812804459928390  0.83987037950695009  0.87578106823635948  1.00000000000000000
   4.9116542037370848E-005  -1.0000000000000000     
 T F F F T F F F F F F F F F F F F F F F F F F F F F F F F F F F T F F F T F F F F F F F F F F F F F F F F F F F F F F F F F F F T F F F T F F F F F F F F F F F F F F F F F F F F F F F F F F F T F F F T F F F F F F F F F F F F F F F F F F F F F F F F F F F T F F F T F F F F F F F F F F F F F F F F F F F F F F F F F F F T F F F T F F F F F F F F F F F F F F F F F F F F F F F F F F F T F F F T F F F F F F F F F F F F F F F F F F F F F F F F F F F T F F F T F F F F F F F F F F F F F F F F F F F F F F F F F F F F F F F F F F F F F F F F F F F F F F F F F F F F F F F F F F F F F F F F F F F F F F F F F F F F F F F F F F F F F F F F F F F F F F F F F F F F F F F F F F F F F F F F F F F F F F F F F F F F F F F F F F F F F F F F F F F F F F F F F F F F F F F F F F F F F F F F F F F F F F F F F F F F F F F F F F F F F F F F F F F F F F F F F F F F F F F F F F F F F F F F F F F F F F F F F F F F F F F F F F F F F F F F F F F F F F F F F F F F F F F F F F F F F F F F F F F F F F F F F F F F F F F F F F F F F F F F F F F
  <DiscreteSampler_grid>
  grouped_processes
  1 # 1 for a reference and 2 for a running grid.
  10 # Attribute 'min_bin_probing_points' of the grid.
  1 # Attribute 'grid_mode' of the grid. 1=='default',2=='initialization'
  0.0000000000000000 # Attribute 'small_contrib_threshold' of the grid.
  0.5000000000000000 # Attribute 'damping_power' of the grid.
 # binID   n_entries weight   weight_sqr   abs_weight
    10   10   5.627914910398370E+002   2.075682084338183E+006   5.627914910398370E+002
    16   10   5.627914910398371E+002   2.075682084338183E+006   5.627914910398371E+002
  </DiscreteSampler_grid>
