  0.00296701801824120  0.01209501746760190  0.02317637689737428  0.03342111287846135
  0.04379997967620439  0.05375449781574582  0.06404681404268132  0.07403283806181668
  0.08390285120701517  0.09352740953355830  0.10333208772296863  0.11372497774615802
  0.12364283645555305  0.13337018632041475  0.14292726919812176  0.15397520870872144
  0.16501105622921602  0.17584004965466277  0.18619715815177068  0.19640343712909270
  0.20684221111087200  0.21760082945961287  0.22844895336756918  0.23932782796448943
  0.24991134756558925  0.26033017193374508  0.27070139564894757  0.28105089274259104
  0.29121283912462298  0.30120730300722076  0.31145939675335216  0.32230570596018487
  0.33326724222037457  0.34432317407822416  0.35512292040071691  0.36537640541593197
  0.37506184989883468  0.38459601661009879  0.39418160853520368  0.40391190449872649
  0.41375171390319759  0.42432134054698528  0.43499680633880611  0.44531381276774273
  0.45552819741828177  0.46586375984767286  0.47625724924674234  0.48625509715846599
  0.49594978265061873  0.50556053255453226  0.51512634299547033  0.52480636074005882
  0.53452205874836667  0.54451554160647309  0.55525408824937417  0.56611199590383610
  0.57719881755184077  0.58856875693490329  0.59993720041171716  0.61123982000854793
  0.62271597065807394  0.63433659468584169  0.64575533226763970  0.65615808928607489
  0.66609450119211822  0.67552523881281978  0.68479856875858625  0.69427634580999431
  0.70369566207477652  0.71338970498438858  0.72317964543348578  0.73332447485554741
  0.74404575161473352  0.75500900692432404  0.76621024260563131  0.77716132912013691
  0.78782594478284351  0.79879287713242508  0.80974681248129998  0.82093961232455048
  0.83196335911775798  0.84294648938603123  0.85379636740349940  0.86472283535349259
  0.87561597087894760  0.88671931685842897  0.89790688461661583  0.90930920236279844
  0.92032470185906368  0.93080085643703347  0.94119930061430679  0.95168509901821241
  0.96263616155274856  0.97403869292088685  0.98646668594912446  1.00000000000000000
  0.00710417808385706  0.01574032204296987  0.02703214879969375  0.03887894318820490
  0.04980599943960808  0.06055555431543083  0.07150201839389315  0.08246230135809679
  0.09289657643696400  0.10322311574323179  0.11380888666390925  0.12418468456935221
  0.13452909327405144  0.14480140747252540  0.15552262588380894  0.16643635831466508
  0.17732357594461504  0.18800418206103331  0.19853402344417059  0.20901884962865244
  0.21926200627835551  0.22953471009296075  0.23984968892570349  0.25041032882815845
  0.26088941789842979  0.27104675386427068  0.28087872161865940  0.29071475880356357
  0.30097196062479770  0.31152373747793211  0.32216584961835576  0.33302754723559874
  0.34396505507134906  0.35485069081016046  0.36554199674437637  0.37617030724590866
  0.38682527602906752  0.39748370561764335  0.40809966680044490  0.41874337704421816
  0.42972163853498035  0.44100046303337881  0.45216266174457082  0.46287197089864951
  0.47325058336202036  0.48361637629326770  0.49387793193728041  0.50428053929403660
  0.51493897221022678  0.52551936483093042  0.53612536011767320  0.54643682496460888
  0.55624463569792526  0.56617172585532061  0.57583131759977868  0.58543112988821933
  0.59497946987099792  0.60498385720775860  0.61560514563535973  0.62631725154027895
  0.63661625382078502  0.64672354666017384  0.65680707835649876  0.66661117658967672
  0.67583425989213497  0.68475429761921935  0.69407233800512169  0.70389765965682227
  0.71411234919742339  0.72472089759665359  0.73565034724027545  0.74657161863696619
  0.75703520034196470  0.76717497200572871  0.77744904595929953  0.78789498385567980
  0.79831556161840111  0.80876317011695453  0.81958523800256355  0.83072583647403042
  0.84188529607400253  0.85282902588540177  0.86360798397245786  0.87442951941471725
  0.88500854556548747  0.89522807492354795  0.90502179253428239  0.91449417377786135
  0.92430913562311101  0.93414596135717198  0.94379964695277274  0.95324553323338090
  0.96284172767781906  0.97280960699756269  0.98245490609386954  1.00000000000000000
  0.00321335620235139  0.01137538631992501  0.02144474402266005  0.03184498592670192
  0.04259517048247369  0.05405883239655829  0.06500238647138479  0.07546703920083749
  0.08520967113343353  0.09447976738493249  0.10361482939814518  0.11323681902474811
  0.12334630500810756  0.13355972492169413  0.14342111877387501  0.15341349124190953
  0.16371337146524820  0.17380193581105907  0.18368075059087893  0.19410591073089548
  0.20484521756758839  0.21571904241999681  0.22699592367436355  0.23845338601253979
  0.24993850027200151  0.26035245959658815  0.27047209647222359  0.28074409653165017
  0.29096303666980489  0.30097164462599557  0.31083885410308854  0.32098419289642077
  0.33156148826570608  0.34226913084653993  0.35314170299638020  0.36420035089318070
  0.37510365604745405  0.38635633233631761  0.39763333154776231  0.40883144755668044
  0.41985993989593678  0.43063783396232841  0.44122996975186030  0.45187618328134049
  0.46241762712422818  0.47291112961592519  0.48356737772539587  0.49435829370103540
  0.50512317628754078  0.51597121523035006  0.52680037770906563  0.53754524504740830
  0.54828402924102027  0.55906111587374541  0.57002378227878270  0.58108553011050801
  0.59270847710900287  0.60426194110597498  0.61530600008959568  0.62599811235694347
  0.63651729763693143  0.64711709959047226  0.65752207285953190  0.66789268281376135
  0.67802149317545179  0.68797712829584035  0.69775629595932442  0.70742441470840323
  0.71716924616920541  0.72718491619619330  0.73773918706265429  0.74834708010292628
  0.75870575824243247  0.76885450458567106  0.77857643890206429  0.78784712372982024
  0.79707516966722147  0.80628375762522275  0.81576623201165221  0.82530528116382895
  0.83523620067619231  0.84546186308935189  0.85579247062008468  0.86644644146685712
  0.87753881597130257  0.88906459439310070  0.90059543505479001  0.91184291685196162
  0.92258949712869298  0.93362307713063908  0.94418447391662075  0.95515244566339341
  0.96646632872988025  0.97775601338332141  0.98882506054107555  1.00000000000000000
  0.00597065880679906  0.02069750696565214  0.03586921141705530  0.04902740096856155
  0.06086957825191072  0.07159774187890694  0.08182385133590475  0.09219160568157377
  0.10290445595004147  0.11360940803535617  0.12433518577782920  0.13504357308927822
  0.14561682243293653  0.15596275115387165  0.16607226192807714  0.17607269347892643
  0.18614770382729656  0.19647507139799467  0.20684304055440939  0.21709665538025752
  0.22753668034028782  0.23834880638939160  0.24943968822459248  0.26053419163377001
  0.27178592912820199  0.28331110568268786  0.29432329227491605  0.30469625257389926
  0.31489134743596525  0.32472894511950107  0.33442597696982207  0.34415019411492725
  0.35413231309404580  0.36436839385392489  0.37457308861198996  0.38462818595827797
  0.39491552844113076  0.40568782167961187  0.41656995639666483  0.42715931004761826
  0.43771651443013770  0.44840471778869445  0.45883795748800049  0.46876076302995040
  0.47849687513542399  0.48844944133854384  0.49842258113156790  0.50809405934455887
  0.51798626949230409  0.52787733167203732  0.53746393221035615  0.54697613448917959
  0.55668637062136406  0.56687704925601279  0.57737720338408649  0.58822163870324595
  0.59946981714859360  0.61086058147013189  0.62201382715200693  0.63261913547972881
  0.64298260763539417  0.65361381570975596  0.66430331971487788  0.67507433164276553
  0.68594914774608540  0.69695822039082189  0.70790156704410823  0.71860616995242088
  0.72939449404645174  0.74041679197392407  0.75155333744535491  0.76262834920623979
  0.77361069903192536  0.78441458819830168  0.79495737174902847  0.80505065032793488
  0.81499488802838671  0.82508341845536093  0.83532926123277329  0.84525260205773345
  0.85508670060185976  0.86481924145878508  0.87448856374379491  0.88434891195282728
  0.89433289446648023  0.90488600751085679  0.91562843585357978  0.92616544915786481
  0.93643174051551270  0.94681503683982216  0.95704772992014719  0.96648116017148900
  0.97510480139306233  0.98377198687265022  0.99174333823971239  1.00000000000000000
 -0.00002176100674733  0.00020947489742242  0.00034664451737585  0.00047132300540391
  0.00059111795877394  0.00070888436278739  0.00082340469517413  0.00093715425537870
  0.00105271034328489  0.00117393708779428  0.00129865500384645  0.00142670627431946
  0.00155403692630534  0.00168651464584589  0.00182056302273936  0.00195489192191572
  0.00209145017219924  0.00222922210868244  0.00236934723059642  0.00251443282844192
  0.00266681997938838  0.00282355288802211  0.00298228155767579  0.00314009859944911
  0.00329851393034647  0.00346168675700209  0.00362763773198654  0.00380581697949787
  0.00398317712584642  0.00417001055659220  0.00436080443699640  0.00456278328490863
  0.00477340051629262  0.00498445955349977  0.00520634650716631  0.00542369097827743
  0.00566180792992711  0.00591681882283130  0.00618055598566779  0.00646348509597449
  0.00676022942775678  0.00706278649275309  0.00736510171540840  0.00766094163880113
  0.00794576455363978  0.00824030070830816  0.00854217759381972  0.00886117619608461
  0.00917639507237027  0.00949943621846484  0.00983407595812988  0.01019120636243589
  0.01058554557300226  0.01100558012018153  0.01136977848369227  0.01178093223859532
  0.01217132272412259  0.01256799797070144  0.01302645482821184  0.01356009721818155
  0.01412739375643400  0.01473408233470480  0.01537228369859391  0.01608234389323852
  0.01684722880455177  0.01764442136128068  0.01848622729646288  0.01937249951793685
  0.02035805065675020  0.02146831311925957  0.02251635145599075  0.02357780476248466
  0.02452416156071982  0.02535861105883971  0.02620555918240834  0.02711582718136720
  0.02806717907477611  0.02903962895586747  0.03007708371840941  0.03113535612290600
  0.03221486520053141  0.03351248085687547  0.03508005021623217  0.03669127500646208
  0.03865846083609212  0.04097234300755859  0.04349629328870781  0.04658305260677040
  0.04938911246543309  0.05173739897826917  0.05412735249302712  0.05718318207686161
  0.06502139254922995  0.10278241421810368  0.13390233822895131  1.00000000000000000
 -0.00230630508821647  0.00933249847805858  0.01904429406652095  0.02947017700460523
  0.03986014887629870  0.05032690210065804  0.06073040899606442  0.07139965755131517
  0.08265529570737137  0.09366413442014843  0.10456367033952847  0.11500009655307787
  0.12503876760805308  0.13462793540424267  0.14430102620841931  0.15480836832150296
  0.16582371770699120  0.17695657701211381  0.18818614361846825  0.19969239204910941
  0.21113236589867979  0.22238990915080467  0.23340038382368603  0.24416400452991807
  0.25466582867151255  0.26509985382266693  0.27595990088088856  0.28723968569691005
  0.29848134518880798  0.30949141677949388  0.32075894447777958  0.33230733111987054
  0.34334348477210686  0.35388902580367770  0.36462745249354761  0.37506981567720005
  0.38586541631395038  0.39667470971523655  0.40788207744122001  0.41893682374855828
  0.43000065388740610  0.44112368318803913  0.45215152220289395  0.46321968945885988
  0.47416078733685268  0.48487850133605825  0.49505330248590729  0.50511983330271282
  0.51515359005920391  0.52520438590493790  0.53535058254953194  0.54592936146540016
  0.55714951962682158  0.56779534880018423  0.57730563425940851  0.58658038842050386
  0.59598706459103312  0.60564230785371431  0.61525785022962076  0.62501380376320215
  0.63581097822058830  0.64697447718664991  0.65817326743714111  0.66926690874617212
  0.68003437967260671  0.69067552526146814  0.70121513390318579  0.71199887780223137
  0.72291151193748826  0.73337267002797590  0.74349398632579899  0.75384473535247731
  0.76449924436575967  0.77499685715911937  0.78512394833933652  0.79535357237922921
  0.80606348103653691  0.81700790737870221  0.82794356730133833  0.83881644236825414
  0.84974627981396589  0.86017504129012778  0.87053814043316291  0.88102231432073763
  0.89170567094444997  0.90183656782168431  0.91150120234385756  0.92072697924239455
  0.92999016578477545  0.93951183380477410  0.94945395165373281  0.95921220182548217
  0.96902898984924268  0.97881833402634644  0.98946886953566338  1.00000000000000000
 -0.00257738204593151  0.00967972757931766  0.02014320848182818  0.03036903665834390
  0.04026457494821163  0.05013773090260106  0.06031841529585440  0.07076323594010318
  0.08113963212930037  0.09103461515484085  0.10078501666114732  0.11045834642600252
  0.12008855713061130  0.12951315222761806  0.13889935916278770  0.14831168980180559
  0.15835038490873221  0.16841511436129036  0.17897520867506234  0.18959755776605969
  0.20051435707093199  0.21123049575123595  0.22235486915702976  0.23342195761111467
  0.24468679051892869  0.25623784139523836  0.26805368035257304  0.27971364141930544
  0.29116637352481661  0.30222686874109173  0.31296143330956261  0.32363044405106767
  0.33457334043349479  0.34562880959514952  0.35657893210486591  0.36763468548880812
  0.37913129786603106  0.39057214077339059  0.40209990732061879  0.41302966034870575
  0.42423639883754305  0.43575909359900905  0.44723718944301866  0.45822600382081841
  0.46882333175974761  0.47942573096613933  0.49007335128615626  0.50099459550923264
  0.51203113109080756  0.52282377104672362  0.53345015597230305  0.54370499091711644
  0.55387742643575455  0.56407820497413697  0.57423207206190896  0.58437570870125943
  0.59462264129572462  0.60510502179746295  0.61642000526923035  0.62781164384111188
  0.63924565120475874  0.64997201165772589  0.66022244791069595  0.67035077669973608
  0.68044023529849429  0.69086378898468692  0.70151665744319769  0.71203401226457952
  0.72249985834867880  0.73306441105560194  0.74364439498819412  0.75381286584563845
  0.76331958264922750  0.77290583692236225  0.78318054308153928  0.79402730941330324
  0.80483141028180083  0.81562448952002686  0.82649353500373002  0.83711110156083390
  0.84729428015509811  0.85717547053709420  0.86752717174350302  0.87776476545163629
  0.88770709624204847  0.89756930036748250  0.90732715677210096  0.91683215307850541
  0.92627681547696950  0.93611666455862430  0.94681571983805135  0.95755785623072887
  0.96811980601844960  0.97860268796399852  0.98930643197359824  1.00000000000000000
 -0.00232217153129971  0.00950031504772797  0.01920138332657229  0.02838926241056745
  0.03797323631261079  0.04800852366827810  0.05863181165747169  0.06922495318986022
  0.07937341222983903  0.08955182786796116  0.09946463196882659  0.10971317997021801
  0.12029818192197719  0.13121249838957780  0.14231073838670000  0.15373222676349277
  0.16519050184941123  0.17655789477470829  0.18768394484043560  0.19804101591141521
  0.20870535349717609  0.21933676303889196  0.22969890627926501  0.24002599314430192
  0.25028067164872447  0.26095288290606883  0.27129056786728789  0.28128389074750876
  0.29134831798818872  0.30154121350796786  0.31168050521512086  0.32171801080776491
  0.33192319828901612  0.34267459513946746  0.35386495958500513  0.36466787873117384
  0.37558250700128021  0.38692523985130933  0.39759985431717837  0.40738261322644914
  0.41756540648106943  0.42835685119989486  0.43921328043089691  0.44987162793819374
  0.46047943880018499  0.47127874179568041  0.48209153695756052  0.49319053330724000
  0.50372633221479368  0.51417186270598303  0.52462590479401472  0.53550341296941839
  0.54604935234016971  0.55596640485573767  0.56606420288914638  0.57598116011286415
  0.58645423243274419  0.59704383379912762  0.60776161895872383  0.61847705846486656
  0.62955958259341305  0.64063273580844227  0.65145747555504818  0.66133489306127291
  0.67137248442387809  0.68071650841053566  0.69033917541936973  0.69988023199020277
  0.70969251485616180  0.71981698684960616  0.73005837083067304  0.74091521965556106
  0.75179098720744320  0.76254804016975486  0.77319639388568873  0.78292718373146253
  0.79339355894773766  0.80388194381055234  0.81433558111980042  0.82482467582082830
  0.83557256684802617  0.84726281684279947  0.85858829206410048  0.87028946763201465
  0.88183551754430012  0.89397806666767377  0.90523998997278943  0.91668417630299159
  0.92758124293630229  0.93874633215546210  0.94964709782338041  0.96000114161516648
  0.96996052184354065  0.97994537436690388  0.98993799426056772  1.00000000000000000
 -0.00286674239146919  0.01010855327300156  0.02082559884194524  0.03143069540789057
  0.04199083336565904  0.05235000321330766  0.06264292215916234  0.07225452868354718
  0.08167637072828018  0.09108313959877193  0.10086041005568892  0.11100990759629135
  0.12129921927680123  0.13112273079318124  0.14085328088205701  0.15088967537722806
  0.16128623036030151  0.17211629670387238  0.18296091343989609  0.19392349458254751
  0.20454602711295797  0.21497453138285405  0.22546886015417986  0.23625570777459784
  0.24690395002719243  0.25745423918288723  0.26761243534540968  0.27797751474954785
  0.28849376893873574  0.29932872276296540  0.31010340104892009  0.32082484561846630
  0.33174499536298813  0.34286412112039388  0.35406836771155714  0.36555870726708928
  0.37717238055202440  0.38897508795128760  0.40079453715025187  0.41249346502782958
  0.42385283036474825  0.43480983131895856  0.44558162598599221  0.45598350529295134
  0.46649994539520456  0.47738921539352930  0.48814990988560614  0.49901208637419830
  0.50985712639527536  0.52099184041239122  0.53200307347266607  0.54293337547184706
  0.55382795861560541  0.56457197945375559  0.57454976736538166  0.58481944849139600
  0.59471327805008456  0.60440584661803842  0.61407246825150408  0.62375795452390936
  0.63389531888219020  0.64444218235142126  0.65512473660223325  0.66592536057092744
  0.67643269175465970  0.68686173308464149  0.69747319733813951  0.70808915629856939
  0.71864339829866664  0.72943341525408489  0.74064592545676644  0.75164076603819097
  0.76187931088720984  0.77206501969382868  0.78271622757089654  0.79259728391535922
  0.80257143485478732  0.81267138753414558  0.82323242778304029  0.83380919702982870
  0.84397130491506545  0.85425347100043758  0.86428289999262420  0.87395196026612321
  0.88395848007558875  0.89400014007244266  0.90448615061741489  0.91468960553363021
  0.92580742189355270  0.93685611741144792  0.94850862320894458  0.95917820321865710
  0.96888190020895049  0.97893948054341495  0.98925298484133439  1.00000000000000000
 -0.00265599966170819  0.01014484220129539  0.02055739285163711  0.03040404882609411
  0.04033034407057563  0.05025302263668562  0.06020967459892484  0.07052229563222469
  0.08073677830103183  0.09160426637980966  0.10274526021375091  0.11384704260422693
  0.12494306145622043  0.13543042380047962  0.14596656239996433  0.15630018600045839
  0.16653279277340541  0.17675744701865978  0.18720657284930275  0.19860639752124110
  0.21015545326189516  0.22146429279768876  0.23248836554982744  0.24346618770197656
  0.25446949275130804  0.26589001384142136  0.27792103536679463  0.28994925393642906
  0.30092014607785456  0.31119105123547430  0.32109506041555042  0.33104802488805019
  0.34117374086515784  0.35123734236248694  0.36136670137418586  0.37154511780484395
  0.38217937428661480  0.39315925932976370  0.40426263807369722  0.41538722551517787
  0.42682903831277547  0.43827111151836418  0.44934113113455038  0.46022313424828060
  0.47097815986855268  0.48157153886472714  0.49150053715135811  0.50137161025118337
  0.51188025120428404  0.52240991918125612  0.53288929114278927  0.54297551546476341
  0.55344431115888493  0.56378595843131540  0.57391164582581344  0.58376457730188724
  0.59426843707569854  0.60465236395646293  0.61577857507330869  0.62691307908056437
  0.63893730962899453  0.65002018048634558  0.66110548350104048  0.67155138065187137
  0.68232535171381670  0.69308744450368864  0.70384888389717237  0.71468770685280969
  0.72538860695616847  0.73630043669211076  0.74742434121030954  0.75837465691463990
  0.76890486859039908  0.77918760761678540  0.78919737297474457  0.79896778871035290
  0.80863405907758878  0.81852285294020644  0.82871287229912227  0.83902622715087627
  0.84932364911814473  0.85995872376166460  0.87060096834446121  0.88081253927181102
  0.89089330784437837  0.90099858201754812  0.91136386133001401  0.92146011057466137
  0.93133201729680182  0.94071941499602385  0.94984228570569462  0.95926597264180802
  0.96903778354614845  0.97902663224824460  0.98927395219761793  1.00000000000000000
 -0.00190111669881654  0.00768612263982844  0.01643403249772367  0.02555889092128735
  0.03524579612965743  0.04527870258847972  0.05580013120592697  0.06657559962489688
  0.07695540573814820  0.08722806487379299  0.09736309286957039  0.10757168811979483
  0.11774448596117457  0.12789951344006242  0.13811525712542547  0.14838899526162910
  0.15893785947549602  0.16954274827895249  0.18041729948773505  0.19104685848566375
  0.20152136669998574  0.21196532684587946  0.22221819429914849  0.23229134935761975
  0.24208850154293182  0.25188662587258476  0.26246959529443481  0.27314118537927262
  0.28381014847209185  0.29415834672695179  0.30427517112886382  0.31459588577645675
  0.32518656508749594  0.33581926412287255  0.34610622018287174  0.35615849962399332
  0.36631117952033199  0.37660929476133276  0.38705684785052419  0.39731567293201858
  0.40774017903172571  0.41841636072706534  0.42950792696996409  0.44047738534929609
  0.45094622316205440  0.46122699028598524  0.47144681639473818  0.48140282253262984
  0.49125555999328785  0.50133597588482204  0.51177172677296168  0.52266344206016058
  0.53448429807069686  0.54704276173381561  0.55949504121814264  0.57185278615374679
  0.58412677330405705  0.59595351226668480  0.60681178227845345  0.61678967949242003
  0.62668340078041918  0.63662715863938357  0.64638444796233185  0.65613961870746962
  0.66594254437368661  0.67668174615889343  0.68745862761990073  0.69843845832831197
  0.70958888948712595  0.72103088643954671  0.73250738421998540  0.74350789248988847
  0.75375834589729962  0.76338109864160242  0.77339469973742825  0.78373178192479143
  0.79393181039678251  0.80360929557561422  0.81327050983203764  0.82373424020783403
  0.83435650491197788  0.84492049678790104  0.85544672401132749  0.86640247156783401
  0.87744231901981529  0.88823531778839881  0.89905039076038828  0.91039446226294118
  0.92154054382413875  0.93236829053677273  0.94307530696087882  0.95487499278330701
  0.96643881250908181  0.97808692918359741  0.98918892127443458  1.00000000000000000
 -0.00244995145739459  0.00940527114175439  0.01938946975645547  0.02998030244633944
  0.04037490361496544  0.05031697988158873  0.06029797666098446  0.07057192403766160
  0.08102075492142155  0.09150647052328152  0.10147398974090965  0.11193946675691115
  0.12237681089726346  0.13311506439969478  0.14387952763031453  0.15453727888903987
  0.16498287404210218  0.17568343728639402  0.18651562681656694  0.19790662195615871
  0.20936172228784067  0.22080300302642850  0.23214885081584818  0.24337193852758782
  0.25393757555026059  0.26411784513827918  0.27430967050464961  0.28468971519619823
  0.29482286557395293  0.30505473718121562  0.31498305676740324  0.32548203580210050
  0.33566356019538318  0.34659557827573284  0.35760012754455789  0.36931627455151234
  0.38041438617066997  0.39160602184273063  0.40238979053506035  0.41320443101408849
  0.42308338426209419  0.43250401622928170  0.44186884241144375  0.45159369373882241
  0.46234035376581151  0.47315528225815290  0.48424584421810579  0.49558809648660468
  0.50686864959000910  0.51806971823910841  0.52877095901937210  0.53918478910038392
  0.54949766703951697  0.55984638095870476  0.57069086365341892  0.58167691914800657
  0.59292885322158217  0.60374120094528694  0.61422633722574849  0.62474707254534945
  0.63554691384944029  0.64637361792120884  0.65659052430142906  0.66672898989399165
  0.67721721466004603  0.68825347345495080  0.69951438085605877  0.71075633963630602
  0.72182974469086991  0.73288260115441939  0.74404806239632326  0.75507872486846861
  0.76585227823683222  0.77653511793103291  0.78723393506541228  0.79782352848958205
  0.80843140670315206  0.81891595204035639  0.82960744794568608  0.84025650688155018
  0.85063874605084433  0.86054264227773358  0.87026107556295784  0.87992643006511329
  0.89001802786384765  0.89973707928559299  0.90902520949566623  0.91811442354179973
  0.92736247702673613  0.93671858216710935  0.94674988924853121  0.95673904351907146
  0.96728330175186661  0.97812216861369961  0.98886341483208795  1.00000000000000000
 -0.00215950745158221  0.00872898367304283  0.01770338320397531  0.02774870980097534
  0.03759961783323682  0.04811492605855236  0.05873056769878490  0.06909798101648944
  0.07912420791302205  0.08926696221089084  0.09933039263579270  0.10973040662414632
  0.12084321991729197  0.13214467927102699  0.14353250626591355  0.15509812544024537
  0.16660702602390479  0.17737925832206974  0.18831350994947874  0.19924471340566946
  0.20988420358542814  0.22010564689703876  0.23035226421436719  0.24058221104445821
  0.25107465926706374  0.26188815578452312  0.27235484015265427  0.28284735722620347
  0.29330184339640852  0.30406669640003187  0.31461586361094285  0.32499486642333081
  0.33543053616717838  0.34590659493264742  0.35616577827317469  0.36659913482770312
  0.37695909963892021  0.38790277955223568  0.39897104802919542  0.40957251939757849
  0.42031621365223448  0.43084852155956133  0.44181923417062108  0.45250496961067604
  0.46330840591406169  0.47440767808587470  0.48513495424795700  0.49562028025179844
  0.50603705403225951  0.51643152940936821  0.52669769701695213  0.53702804335102272
  0.54718090061212143  0.55759412783953399  0.56771788046748606  0.57832527890314411
  0.58912763206782237  0.59980959583206539  0.61083586212810492  0.62192249193743565
  0.63287054992738145  0.64384973840755544  0.65467084971841549  0.66574015698514666
  0.67688812350020078  0.68770451172363878  0.69786368379260511  0.70794479542614930
  0.71858227546753684  0.72933130378617539  0.73960188244592673  0.75003382452479295
  0.76110118122986037  0.77224497674275838  0.78295454465144154  0.79329241489143298
  0.80335829077705934  0.81358922685449142  0.82408010748373162  0.83478263900556116
  0.84516751814970670  0.85581399449166351  0.86630184796963006  0.87685958011295950
  0.88697639927054006  0.89636640845066617  0.90604458676142585  0.91521879871934542
  0.92516127123108749  0.93533214253309627  0.94567367359119592  0.95611438499840051
  0.96680746538844275  0.97788086974452104  0.98888587885273815  1.00000000000000000
 -0.00271227101743058  0.00992957387450044  0.02060024314071748  0.03116471343190791
  0.04163384943641348  0.05145967646939051  0.06165945844913601  0.07219254827242723
  0.08283319523812582  0.09382949616590913  0.10502022881220255  0.11660490570383650
  0.12763834816977035  0.13860542186809560  0.14918110515357738  0.15931273746115254
  0.16933390086885461  0.17944257607677044  0.19009295031771453  0.20101314914180191
  0.21236416594338303  0.22378322325518424  0.23491097453964888  0.24599500492847656
  0.25753872307111159  0.26887736766824000  0.27933052495422483  0.28911385400815914
  0.29893032549194304  0.30900032934842026  0.31909739055644631  0.32898995833143274
  0.33932328656601335  0.34966576722372550  0.35972329529196945  0.36982427646847998
  0.38032823538148536  0.39114122601440515  0.40165096568631475  0.41183708241664202
  0.42216633963050032  0.43269152743554712  0.44302034520690292  0.45341436109410849
  0.46347580555139928  0.47316440946910748  0.48269703282183252  0.49209559913379552
  0.50187223378729295  0.51171946211859121  0.52202090782123156  0.53251299910208572
  0.54302626348461858  0.55331155316802350  0.56372596581317092  0.57465376770225396
  0.58538626216549505  0.59578989996173248  0.60634697633708301  0.61746803756680868
  0.62825659192310479  0.63815926204473916  0.64822796803157723  0.65865970556643261
  0.66910624287777576  0.67972182240291346  0.69045999130259650  0.70174783146998754
  0.71282793878965822  0.72352507215624196  0.73379931821614630  0.74363425980796383
  0.75382778435872921  0.76408168614173411  0.77420418941285696  0.78418611014062434
  0.79469199929245316  0.80561646721415281  0.81623274991907879  0.82682701203938169
  0.83749955092418937  0.84799716944824111  0.85800607433551135  0.86794263503614633
  0.87818281771441864  0.88891143123783489  0.89983695075933168  0.91091282866820567
  0.92159886463498508  0.93206025172410800  0.94291347768666278  0.95378017753312350
  0.96458334203228246  0.97551856579263396  0.98747845629832309  1.00000000000000000
  0.06694473123288824  0.26682046770543000  0.31580481337184985  0.35384028281169932
  0.38612662330115910  0.41556829870915390  0.44179405261798266  0.46607284596673548
  0.48897112978406471  0.51006879227362878  0.52953379104014831  0.54795012925608055
  0.56522899108125457  0.58165124086633735  0.59680644012709994  0.61105223900452466
  0.62426871233705128  0.63675429387315186  0.64881791474142436  0.66033412753020182
  0.67128027614228847  0.68153701459750693  0.69152926033045081  0.70103761025163014
  0.71039080168352919  0.71903136842787818  0.72742822691607556  0.73549661065063021
  0.74334018419457437  0.75086955957222801  0.75806783216323370  0.76525779446500686
  0.77228809979650337  0.77904788010022186  0.78551908570714946  0.79171703686005113
  0.79756448973353933  0.80320313847534908  0.80866645218450195  0.81398224517139917
  0.81909630705113468  0.82413678882819819  0.82917998934287418  0.83418009581192298
  0.83911325447697660  0.84389881964370161  0.84858142922684965  0.85310148390481333
  0.85743248859773147  0.86171087658527323  0.86592755262384080  0.87006191789800358
  0.87415168805775700  0.87802521085411156  0.88173835906424591  0.88537548935519716
  0.88889411698212895  0.89233001194069417  0.89575108731485220  0.89875803643561825
  0.90177312426523593  0.90481786567366373  0.90787590240421312  0.91097113425696874
  0.91406245356365889  0.91704986382990461  0.91992056993386950  0.92276092137587551
  0.92555341997790541  0.92834711997576025  0.93108863750784132  0.93378305272028694
  0.93639004234307566  0.93891968044832819  0.94140868751606577  0.94389647646322761
  0.94645136436270594  0.94906584041474074  0.95160721742255439  0.95410736726805956
  0.95660502080215570  0.95912673668842774  0.96168461215075984  0.96419597111524602
  0.96664463520777522  0.96905905754841648  0.97148151681115369  0.97399141510485154
  0.97659401342948060  0.97926251002228670  0.98199498118514572  0.98478696841464208
  0.98754601868413694  0.99069968350784565  0.99452092900915023  1.00000000000000000
 -0.02002852741292906  0.11708044398925270  0.15499957991113364  0.17830734711065047
  0.19648550969575335  0.21176972961494725  0.22516866665131383  0.23700619249198143
  0.24801628918187713  0.25802257586493849  0.26712359702931304  0.27553152195213926
  0.28352702971866234  0.29147061553520803  0.29929166953560943  0.30685985422804857
  0.31406218170476458  0.32099006944232994  0.32779002995361384  0.33459267822497374
  0.34148063181611255  0.34823551518901635  0.35483799618193956  0.36118216272882619
  0.36744197540500673  0.37373584797675041  0.37995587901917327  0.38598958174501641
  0.39184035150381202  0.39751147517571161  0.40302944739196089  0.40855918822703002
  0.41392311351122918  0.41935223842414854  0.42472680562152593  0.43009650580037134
  0.43553028294447316  0.44096448908035440  0.44647659543047719  0.45208253650453639
  0.45774836337826874  0.46348551260435250  0.46928665235450634  0.47508083308009308
  0.48087451183844770  0.48663792392027827  0.49240166661271534  0.49804378813188022
  0.50346832357796567  0.50870042063751397  0.51388134806259600  0.51911670740131122
  0.52428566494829398  0.52954247876915272  0.53473556280901080  0.54008633810922646
  0.54556517102374413  0.55114485821257841  0.55671870431366455  0.56229894716051221
  0.56782991379353220  0.57336073064086790  0.57889820377282175  0.58447515105614356
  0.59014538740528677  0.59582270620191369  0.60143237716153342  0.60712998577620703
  0.61305155324441230  0.61907972123725807  0.62518893993369140  0.63145084350791558
  0.63771403331069754  0.64412213617267322  0.65058074970922863  0.65724970699974561
  0.66403955025101824  0.67099551353589415  0.67801430803427598  0.68500212937751270
  0.69210369572470021  0.69924992865249336  0.70670543348104742  0.71462642337040183
  0.72283666883847220  0.73153323986158469  0.74130712284724809  0.75154367873790018
  0.76275522635947046  0.77490536379467623  0.78870316690983755  0.80379990723219275
  0.82185456369584153  0.84469520754098582  0.88235060240815089  1.00000000000000000
   5.2027358205809142E-004  -1.0000000000000000     
 F F F F F F F F F F F F F F F F F F F F F F F F F F F F F F F F F F F F F F F F F F F F F F F F F F F F F F F F F F F F F F F F F F F F F F F F F F F F F F F F F F F F F F F F F F F F F F F F F F F F F F F F F F F F F F F F F F F F F F F F F F F F F F F F F F F F F F F F F F F F F F F F F F F F F F F F F F F F F F F F F F F F F F F F F F F F F F F F F F F F F F F F F F F F F F F F F F F F F F F F F F F F F F F F F F F F F F F F F F F F F F F F F F F F F F F F F F F F F F F F F F F F F F F F F F F F F F F F F F F F F F F F F F F F F F F F F F F F F F F F F F F F F F F F F F F F F F F F F F F F F F F F F F F F F F F F F F F F F F F F F F F F F F F F F F F F F F F F F F F F F F F F F F F F F F F F F F F F F F F F F F F F F F F F F F F F F F F F F F F F F F F F F F F F F F F F F F F F F F F F F F F F F F F F F F F F F F F F F F F F F F F F F F F F F F F F F F F F F F F F F F F F F F F F F F F F F F F F F F F F F F F F F F F F F F F F F F F F F F F F F F F F F F F F F F F F F F F F F F F F F F F F F F F F F F F F
  <DiscreteSampler_grid>
  grouped_processes
  1 # 1 for a reference and 2 for a running grid.
  10 # Attribute 'min_bin_probing_points' of the grid.
  1 # Attribute 'grid_mode' of the grid. 1=='default',2=='initialization'
  0.0000000000000000 # Attribute 'small_contrib_threshold' of the grid.
  0.5000000000000000 # Attribute 'damping_power' of the grid.
 # binID   n_entries weight   weight_sqr   abs_weight
    10   10   5.840006709954575E+004   3.405401341425917E+010   5.840006709954575E+004
    16   10   5.840006709954863E+004   3.405401341426252E+010   5.840006709954863E+004
  </DiscreteSampler_grid>
