  0.00354291620427897  0.01139064742930035  0.02093588465062827  0.03067970349985828
  0.04095814734358456  0.05145520153474281  0.06201231654210956  0.07252216800651574
  0.08286763707246693  0.09313913412485855  0.10343579723173192  0.11418581672004074
  0.12468981158649567  0.13494362990193007  0.14541665001522938  0.15628808568751817
  0.16690100399291080  0.17733874872080291  0.18762786038535270  0.19795243348461167
  0.20851734827650842  0.21887973544565817  0.22927341159558012  0.23926962082338471
  0.24919904721417124  0.25929545576042567  0.26960650162585903  0.28003197379520628
  0.29030583499385121  0.30088954642759558  0.31182986920381345  0.32242215146947434
  0.33293787342875009  0.34339879372816623  0.35380002467288485  0.36431933118046822
  0.37459624423010635  0.38532309549877963  0.39573522871600730  0.40623959243283475
  0.41673963420944560  0.42743849457439509  0.43840383646423264  0.44938522162009320
  0.46011608993722836  0.47061237325209127  0.48088074421005150  0.49110116989086905
  0.50138965682506753  0.51186000779510410  0.52212967703095092  0.53234626778290595
  0.54261106542595994  0.55305602918245500  0.56331124981016689  0.57375220322045173
  0.58429318163250388  0.59524026698796140  0.60614483746089709  0.61697985778583053
  0.62730951028248638  0.63747008313839637  0.64762722016397489  0.65777150397973050
  0.66778733042951277  0.67779232571242298  0.68772336231752262  0.69800621005951158
  0.70836706281185058  0.71890959670908738  0.72929694960315816  0.73960429443237807
  0.74987535881473300  0.76030451249896358  0.77064557468577155  0.78119410337898765
  0.79193469529040306  0.80281754871349842  0.81344146760481195  0.82378605163900376
  0.83432873448454337  0.84514357943745511  0.85626212742967533  0.86708367264229602
  0.87759973622980980  0.88800809204384623  0.89863547998700766  0.90974179722270854
  0.92090366460360507  0.93184110724884772  0.94294421310591858  0.95409942916078372
  0.96521775530322718  0.97597849135823733  0.98771968485984329  1.00000000000000000
  0.00669622991496869  0.01678920581089499  0.02924093745946955  0.04110385847806045
  0.05250169706135199  0.06362015360465438  0.07450706396774798  0.08529277573692723
  0.09619113199493606  0.10692284782962194  0.11735728249077612  0.12768600820302298
  0.13809807866498061  0.14852963974001845  0.15884458440631030  0.16942717971203461
  0.18001460441507094  0.19048351534699640  0.20079397025196632  0.21135217920197277
  0.22200787188073876  0.23268184629180633  0.24323006340475778  0.25367153317271901
  0.26396768724220482  0.27419111616476671  0.28449310855650356  0.29492498816729812
  0.30544631601134203  0.31599430152051750  0.32651950497992194  0.33713215675130193
  0.34778398347765088  0.35827992888048610  0.36852880252395293  0.37886224964315141
  0.38926232437764541  0.39953759783316445  0.40955524322259540  0.41940337731986921
  0.42925505752772503  0.43936066892629788  0.44961260973284806  0.45977366572797890
  0.46984687443250989  0.47956547087585477  0.48988201016029670  0.50038824166201890
  0.51086970178268876  0.52135335613486866  0.53191311802045971  0.54240709381771279
  0.55299373878971403  0.56346723304440283  0.57430442775472668  0.58540286457425217
  0.59639652173404878  0.60747643378679406  0.61845859502393197  0.62959616096082693
  0.64092717594534498  0.65182835966166286  0.66283652822639727  0.67355937226187768
  0.68439428667620461  0.69503981060178943  0.70556001642249444  0.71611885118509200
  0.72660422983369410  0.73688191626328925  0.74711200432663849  0.75749897529242594
  0.76804901979543150  0.77854940942581186  0.78893795495101204  0.79953515017067034
  0.81030861128727283  0.82094992505182041  0.83139692303483070  0.84169193596376490
  0.85201799649609211  0.86234307863993276  0.87257169497163933  0.88285995769593317
  0.89319318202513986  0.90346892935723433  0.91357051862383254  0.92352915862468565
  0.93355484026408986  0.94373881101450519  0.95398710672192077  0.96424072724624554
  0.97411894529486220  0.98302108348800088  0.99188486338572746  1.00000000000000000
  0.00338320872944258  0.01173007178058787  0.02182970505764887  0.03178080077158865
  0.04198555408383436  0.05220448959090924  0.06246283294735369  0.07260724111681174
  0.08299341248116178  0.09327732707755768  0.10369089668902620  0.11425015328218564
  0.12483106338664041  0.13565692351687103  0.14646208487946355  0.15695863312830055
  0.16717455888445873  0.17742384189239435  0.18771554406364022  0.19789179663194784
  0.20785038402877873  0.21806205502342330  0.22855352032650605  0.23937762713398553
  0.25002874356837207  0.26026247538094871  0.27047864440948677  0.28096082734721306
  0.29155897807774395  0.30213876014761420  0.31254112746169926  0.32298494417031631
  0.33337836169181279  0.34383398313154934  0.35428586674877394  0.36478366700968101
  0.37535720615571178  0.38591612797896269  0.39628222290382320  0.40636490571696504
  0.41650400406996257  0.42689987351103637  0.43743353015197745  0.44771145494531278
  0.45784537431525202  0.46802027145667741  0.47819841296359872  0.48819456869974137
  0.49805742225327426  0.50792420837696106  0.51802278150878756  0.52828827274226919
  0.53854102942152438  0.54870970809750574  0.55908171733819056  0.56980948248759289
  0.58068450696074247  0.59140374060595269  0.60188670646642395  0.61220691786761616
  0.62250479461868502  0.63318018470096360  0.64403652813730361  0.65500951446712374
  0.66576049138145588  0.67634358975462161  0.68672872505125671  0.69692554881079527
  0.70720399466676209  0.71749688552767077  0.72775122448621599  0.73781951229174980
  0.74793115580557279  0.75820571233032463  0.76874380908797257  0.77927534578457325
  0.78976954624694917  0.80031164060223492  0.81092089280344148  0.82136566345711548
  0.83177095990891237  0.84201189167708701  0.85214991292236364  0.86254878925759260
  0.87322957048121608  0.88453964173550581  0.89577804787600501  0.90694742510526716
  0.91774902393499580  0.92863130386741943  0.93974717289108001  0.95091759236653284
  0.96202741503478872  0.97333732818643304  0.98610393169437716  1.00000000000000000
  0.00548490017973325  0.02123806486757045  0.03719877488917592  0.04985591673292375
  0.06151355878025228  0.07245890215824566  0.08327348220776669  0.09355639809302982
  0.10366773954931011  0.11385934957802889  0.12438551461417849  0.13513637320147887
  0.14568005611482518  0.15598380141072324  0.16648621970213207  0.17689560432459661
  0.18756190037380166  0.19805105056990707  0.20855309032021793  0.21896488959173685
  0.22941832739125242  0.23977835110931267  0.24997807291331947  0.26045863342635905
  0.27079371882207398  0.28117522229523051  0.29170019593781071  0.30282547308860303
  0.31382025868175595  0.32426501340135100  0.33450591356659948  0.34461491200010236
  0.35485806712582357  0.36524437632540946  0.37558194917228921  0.38590634141393776
  0.39627614334106381  0.40679171270437464  0.41727566076085748  0.42766106902247875
  0.43790224307565945  0.44778830842910050  0.45792704361751035  0.46848538591784661
  0.47918067249082702  0.48963408084632037  0.50023163173532581  0.51100970069390628
  0.52138287404221029  0.53095999774387148  0.54081198338236447  0.55074919852766824
  0.56062419821599274  0.57049675282778889  0.58037763313607116  0.59046629416409779
  0.60052990657568484  0.61057537125139982  0.62059175667537880  0.63055787384948203
  0.64072541925120774  0.65095118678348518  0.66106622798571735  0.67107217236780003
  0.68103531036019604  0.69138001197890997  0.70186718991113639  0.71245914851234671
  0.72279228231956627  0.73296361388430609  0.74298652624007411  0.75321823994848058
  0.76353311500428367  0.77354905559278353  0.78354967313480439  0.79365438966471225
  0.80415277878061964  0.81438627900281835  0.82445412234267401  0.83458384922188389
  0.84487252500222620  0.85508714493334137  0.86518505698640547  0.87517783626074952
  0.88512956122376218  0.89509114280959878  0.90514020933343120  0.91529024774719514
  0.92532565290947655  0.93530237478562261  0.94521548188165150  0.95527253355612685
  0.96537027847070400  0.97504883042140755  0.98540856714335390  1.00000000000000000
  0.00000175264761147  0.00000703172250515  0.00001268060867778  0.00001712802513022
  0.00002126834482061  0.00002541298904829  0.00002958790881145  0.00003375372135073
  0.00003804016294979  0.00004231540440127  0.00004648555664332  0.00005063205693110
  0.00005487394907217  0.00005921649689829  0.00006367468115572  0.00006826009026919
  0.00007296063464343  0.00007774494030099  0.00008256905715134  0.00008743871864868
  0.00009244171260921  0.00009755995155141  0.00010276726636185  0.00010827031243368
  0.00011392007556628  0.00011963503332522  0.00012551008615168  0.00013165369168742
  0.00013813944828466  0.00014472082776159  0.00015175882035626  0.00015919382107532
  0.00016699809159191  0.00017521641252663  0.00018389674925378  0.00019295057183180
  0.00020227386522937  0.00021177774920174  0.00022147458463165  0.00023161635583824
  0.00024202191321910  0.00025288304623740  0.00026398994749531  0.00027576425420815
  0.00028805358330624  0.00030072579839509  0.00031365308509884  0.00032681081670261
  0.00034069578022455  0.00035514718885694  0.00037018539567699  0.00038608488648398
  0.00040294527017738  0.00042081230484430  0.00043984105945966  0.00045984148232575
  0.00048167773100941  0.00050475051289730  0.00052882163195714  0.00055310996878916
  0.00057852870916161  0.00060583044259860  0.00063591195137747  0.00066838258993484
  0.00070279187292134  0.00074013867542623  0.00078040736256705  0.00082363063643277
  0.00086846794562609  0.00091534414900185  0.00096529267795905  0.00101979220567737
  0.00107900826157399  0.00114372674004452  0.00121429165922138  0.00129291674153532
  0.00138192874897275  0.00148429786990210  0.00159974336796470  0.00173314349237974
  0.00188531693024950  0.00204616446024515  0.00221591729955906  0.00240739524157356
  0.00264468537852225  0.00293996495889895  0.00330086392014605  0.00372894461717310
  0.00422328423101925  0.00493074659369570  0.00581571944607515  0.00710968508515198
  0.01020002129113332  0.01564399460385742  0.10064850586589373  1.00000000000000000
 -0.00243810282504866  0.00984024306572485  0.01988546734822120  0.03081642612768954
  0.04176650079326250  0.05266154847391446  0.06360005236474242  0.07472447927599464
  0.08579023639110847  0.09700669016147853  0.10824416520172975  0.11922021398683094
  0.12987012009494597  0.14036311013470348  0.15105988796716785  0.16193287309283955
  0.17250410783051270  0.18306128951771197  0.19347771066837249  0.20422870041488494
  0.21516614134572712  0.22622972153694190  0.23716261678676137  0.24805764310676404
  0.25882304750488561  0.26979435035442301  0.28061461136393079  0.29139462241155428
  0.30199601893492223  0.31246511774519448  0.32298486978985219  0.33354567994405465
  0.34409916378635591  0.35454688471056511  0.36506775185523249  0.37575670336564976
  0.38638209379829752  0.39694791535072371  0.40735804087414668  0.41786411359276654
  0.42850144283186908  0.43911038212861137  0.44974399257944303  0.46029957276169525
  0.47088620303347506  0.48142364145834038  0.49171340791176010  0.50177486667574400
  0.51181104376785391  0.52184669121879246  0.53197016706617850  0.54219183745767086
  0.55268660896987321  0.56326431475580285  0.57384073515673528  0.58440664884781957
  0.59506389935435922  0.60575785087647160  0.61638562088075821  0.62678032673392980
  0.63696503002935401  0.64716962517217247  0.65744618995269166  0.66765887039906457
  0.67783100567612331  0.68799355551190655  0.69817927028125182  0.70841258922358497
  0.71879237730196555  0.72941137769002551  0.73989760482258049  0.75007397446772683
  0.76041203496555487  0.77101819689194351  0.78166460861740905  0.79208896509658666
  0.80213291992669367  0.81224128081613867  0.82254970853517295  0.83304731961124845
  0.84337764127423953  0.85350449639994541  0.86362156269397261  0.87376059053193889
  0.88410225994647862  0.89439121164885271  0.90487726629827259  0.91528230979157454
  0.92582070594796617  0.93631302151373708  0.94688379305013926  0.95719255328330632
  0.96763528835956591  0.97805422670375397  0.98895132868873792  1.00000000000000000
 -0.00262388878505106  0.01030552720842549  0.02112521399757540  0.03200867049346898
  0.04268208600436556  0.05361481876961047  0.06458639209461585  0.07486536043031132
  0.08537772438625760  0.09600563946158805  0.10703820157253756  0.11738199865607914
  0.12800192211578640  0.13853164903991291  0.14889974126451050  0.15869025961664993
  0.16872153706078083  0.17932013052971604  0.18980912794078306  0.19991708316562598
  0.21025595667330660  0.22096840740992288  0.23180447763668702  0.24257042010095875
  0.25324194854686899  0.26428490151638939  0.27491949086839901  0.28579035103074957
  0.29628283625714280  0.30664517120027052  0.31677940891702133  0.32720080123172390
  0.33754089591678238  0.34781044156514040  0.35801322493913118  0.36815686885746229
  0.37851685854974620  0.38879959207638565  0.39901576541365835  0.40933046551950114
  0.41964436295746183  0.43035894472941766  0.44110140914493506  0.45188321678081278
  0.46254265536788058  0.47284077016724851  0.48322999971286756  0.49382399051915238
  0.50462738448190203  0.51560834408176559  0.52637349886666496  0.53711351014142772
  0.54770284819191251  0.55866756264819983  0.56941461711828556  0.58003126297075458
  0.59011144829202089  0.60014593372553726  0.61021201458019592  0.62038595698353050
  0.63046424607080742  0.64065081474995189  0.65084231833197359  0.66125800578408234
  0.67175448733369147  0.68238905911378989  0.69310786441365213  0.70354365967156185
  0.71376958611177066  0.72398638738097543  0.73456092177266341  0.74522963862216363
  0.75570098468212998  0.76615423288634765  0.77651521636790433  0.78720270187990038
  0.79770120716721138  0.80780437128913751  0.81766676791063542  0.82751390414446890
  0.83773047821616686  0.84787422088078834  0.85802842564215998  0.86840305053281008
  0.87898571072731224  0.88967806165460783  0.90033380066684965  0.91099479783893245
  0.92203677151138907  0.93307867362635000  0.94412045662258781  0.95507986662260536
  0.96634440929030796  0.97748931742833012  0.98888067007529190  1.00000000000000000
 -0.00238042943148643  0.00951409567921703  0.01946894071524520  0.02973668124876997
  0.04033252647725209  0.05125885920698241  0.06220528740365562  0.07296032363601425
  0.08365759302860187  0.09430757805282608  0.10491105374537937  0.11515543708045090
  0.12565748375119526  0.13609158049928360  0.14659950300423180  0.15743357164067076
  0.16803255817004603  0.17865756599084703  0.18899480896765153  0.19967702433124085
  0.21039786497132457  0.22090298704024697  0.23114715735398469  0.24169056738855621
  0.25244544186812645  0.26345883141534243  0.27426989535870722  0.28509343827640354
  0.29563333434098948  0.30586825585694472  0.31620930239124062  0.32650201247248556
  0.33672438949363664  0.34688791758685339  0.35703903061236819  0.36736379310840284
  0.37779762369606062  0.38850495203579138  0.39909839622093474  0.40935474618671686
  0.41949808454592202  0.43025030541479087  0.44114774510262950  0.45177038994003205
  0.46232231339593821  0.47311114344610122  0.48383320601806246  0.49447938134694519
  0.50486623080663506  0.51523566815943334  0.52547525793305461  0.53610882895435630
  0.54670487830692949  0.55699244952133720  0.56723120611201949  0.57766141561539464
  0.58828717421704524  0.59902025311997942  0.60986998853095487  0.62083670185345574
  0.63137565310682497  0.64195324809328047  0.65223409091683238  0.66300655595139768
  0.67355243759806371  0.68476700925212763  0.69541565400597594  0.70622377719986063
  0.71676332070999749  0.72726956706936219  0.73775821112719553  0.74803946289144740
  0.75839339386544546  0.76847331395390395  0.77857418304304116  0.78881429815197557
  0.79932861343184525  0.80966827159553023  0.81987383147862780  0.82996130605152629
  0.84054410879868646  0.85108310800956544  0.86173982582205289  0.87233991194297666
  0.88326033910454838  0.89449088698037693  0.90553181808172312  0.91614531820933587
  0.92641451600883340  0.93659618577947756  0.94674112456500437  0.95729208469486948
  0.96805677165549564  0.97897092110009032  0.98943135992101983  1.00000000000000000
 -0.00233160389303465  0.00930448762183874  0.01909065876254212  0.02967118220488804
  0.04038055905606919  0.05078129291757617  0.06096935685635413  0.07118920411112480
  0.08169305643470541  0.09190159135636794  0.10249116380445090  0.11299532262581093
  0.12365431793912508  0.13394745299925059  0.14425942548488527  0.15461415839830683
  0.16516473447848065  0.17537800658068595  0.18592308951332759  0.19668140228253200
  0.20753411800923013  0.21837690039030849  0.22918031081804283  0.24010168773774127
  0.25072136237040976  0.26128078074372429  0.27200760161303372  0.28252947631516417
  0.29296399710262749  0.30301231025663461  0.31338470305464877  0.32365960049360343
  0.33392541859720859  0.34459144863472391  0.35509403366325171  0.36611632623097612
  0.37686340706147203  0.38776898437900498  0.39862242225699313  0.40920329566482455
  0.41982242212826104  0.43029058605775816  0.44100227922218860  0.45161193406030797
  0.46205871356919537  0.47247436010183536  0.48294737823676931  0.49348793256708862
  0.50396209498027789  0.51455133628316618  0.52515501797317221  0.53568901207470199
  0.54608704121933638  0.55663139762942693  0.56719469889782426  0.57796417746148199
  0.58874328829419653  0.59947861442174522  0.61014097900083708  0.62074155357173610
  0.63148718548318616  0.64199530201371835  0.65251531603096968  0.66292549461339056
  0.67349708253240070  0.68382922778572475  0.69404473515928744  0.70422811621387316
  0.71459571935110655  0.72492441164701971  0.73523631998836292  0.74559057467598611
  0.75608757171783569  0.76657407195959903  0.77693668002927962  0.78753783739091043
  0.79846414136333166  0.80928041894247293  0.81962447552151962  0.82986899863614882
  0.84025037825252902  0.85086922550973909  0.86135349702293595  0.87173276659007637
  0.88241037610446282  0.89324100742270929  0.90388555980359020  0.91442663493510490
  0.92525518580329813  0.93645725868191787  0.94702399827366157  0.95741444277302967
  0.96775510702692813  0.97842690365085039  0.98914603870838025  1.00000000000000000
 -0.00240292800711096  0.00962480230828873  0.02023952151515291  0.03100679033497205
  0.04162618851337030  0.05185560095436863  0.06211133790966880  0.07245041541504812
  0.08273580431414718  0.09269066269715286  0.10286355557787734  0.11335301575200567
  0.12381351826831902  0.13393216972704297  0.14406343399828003  0.15438730780028276
  0.16473141821888976  0.17509232563125920  0.18549244225390915  0.19596631617310503
  0.20606444660465606  0.21594469665762325  0.22558416002030218  0.23551833040533959
  0.24534948492166936  0.25535827282104745  0.26537824525002607  0.27553878493896677
  0.28574303487254654  0.29595600209988460  0.30631283592619490  0.31671113015974595
  0.32723189358029980  0.33806323730252114  0.34913533709075029  0.36001688505245866
  0.37092881697629737  0.38163591678017605  0.39238804978104930  0.40304437408355342
  0.41360233203761110  0.42420823191626172  0.43494659932853391  0.44582059351243053
  0.45691104469009963  0.46720109438563850  0.47793919095136517  0.48820539102471122
  0.49881122843310582  0.50908548065934200  0.51931414814432275  0.52982413180186205
  0.54009656391040695  0.55056961159907636  0.56101665328256900  0.57154797362970200
  0.58188788107632716  0.59208193370103501  0.60210989985304675  0.61202900760440404
  0.62181070290782559  0.63188261110295563  0.64194959527536199  0.65226086543343242
  0.66283899099843302  0.67345381213917066  0.68423671136332809  0.69497368376456958
  0.70615300897027311  0.71728987462446980  0.72817947061012844  0.73893680267822648
  0.74958489826452979  0.76033985272843874  0.77137232999308969  0.78247907659016203
  0.79370167964401583  0.80501525193083046  0.81613666486632230  0.82697809431833424
  0.83766153975004132  0.84834646738944219  0.85886085321623040  0.86938622815657196
  0.88016650020765141  0.89112866090424636  0.90197190963930562  0.91275955787119689
  0.92365508181642497  0.93469378449234042  0.94554803505664786  0.95623140003926077
  0.96699750585320032  0.97792844340439522  0.98895809404037072  1.00000000000000000
 -0.00238027939538932  0.00968804167749826  0.02017576118316554  0.03123361597943460
  0.04218305039437510  0.05241860355062256  0.06268601732750123  0.07347952443025306
  0.08414697793791616  0.09455669272119219  0.10477702396432466  0.11510703968143950
  0.12542465350121676  0.13562843635847338  0.14616271822753704  0.15674848156014881
  0.16740965260823584  0.17788487866137054  0.18794731569309833  0.19827060993258711
  0.20871173421958028  0.21972406192190153  0.23076680319257792  0.24169998690551830
  0.25282034657689295  0.26359684831835167  0.27413404238784911  0.28449933753076495
  0.29490908561038787  0.30529511579567364  0.31559952480572440  0.32590415867991823
  0.33647172893513422  0.34717839261575661  0.35795003098089623  0.36870816970164055
  0.37957097435204262  0.39042924330458029  0.40114259037747962  0.41169498055125353
  0.42221383214807395  0.43270091941423650  0.44312140133025896  0.45372646311598158
  0.46442930746771982  0.47478289551037600  0.48486957916364343  0.49486838326953109
  0.50509176083181184  0.51535317697717975  0.52553473810050599  0.53589842971599966
  0.54648879652293947  0.55710233455847424  0.56744711655141833  0.57770691318690148
  0.58826233735695166  0.59886988962440479  0.60933599811063988  0.61961232399447841
  0.63002993866929646  0.64045342993428778  0.65081574320536462  0.66096124502272846
  0.67132611132160358  0.68181125477254201  0.69221394833483041  0.70252077112629063
  0.71311081260299269  0.72384826894847443  0.73455266507334860  0.74504121668091083
  0.75566030412339580  0.76645445905465992  0.77705507777529037  0.78770570358778325
  0.79831117894628756  0.80918987568953804  0.81986397351838136  0.83039354607016258
  0.84057264705587731  0.85105292926676079  0.86176250399945720  0.87240499429726948
  0.88265538724153247  0.89291127412781635  0.90326813737489164  0.91365575312873493
  0.92411802888247496  0.93491372845162479  0.94579035322806504  0.95665870665062525
  0.96767758560434691  0.97870421390028361  0.98954312227767816  1.00000000000000000
 -0.00253353258393654  0.00968831705619722  0.01997170374072491  0.03025215071664357
  0.04054869208747020  0.05077755573599334  0.06094455914343638  0.07126516957207146
  0.08129446004272586  0.09190210762889842  0.10272518837040555  0.11379874101683858
  0.12496753235493882  0.13540925921677918  0.14569568190615131  0.15608658219241370
  0.16647850705647460  0.17665114345432134  0.18686575015361040  0.19730518703907809
  0.20814281905625179  0.21883138455022211  0.22954191541237812  0.24038522490246486
  0.25112461287827886  0.26200699757553020  0.27268684251229552  0.28370780827817099
  0.29444672973059749  0.30545946573237048  0.31637250106653608  0.32741676715208806
  0.33817831598050507  0.34864949011907753  0.35915291371063207  0.36989315524252209
  0.38061788107967320  0.39119668877356201  0.40159194740965931  0.41219609939580570
  0.42307495691909824  0.43372138825567991  0.44479672376432089  0.45586579926303383
  0.46664987213360215  0.47700457384974077  0.48701648057227703  0.49698591229980044
  0.50686983480444969  0.51679572181038513  0.52710639469663978  0.53754514856945346
  0.54801331360624717  0.55870228193967575  0.56970553494835596  0.58083445992918703
  0.59210620953301096  0.60276765016793799  0.61336419412685272  0.62370764986679927
  0.63444834138246931  0.64514660691743930  0.65573913241136383  0.66621330917052501
  0.67635933176711538  0.68662101022028066  0.69690014811806156  0.70727872682509729
  0.71757350377855011  0.72801112843527860  0.73856897826021839  0.74939204199507725
  0.76002032543320719  0.77066978587824486  0.78124908097702594  0.79195735753971241
  0.80238520575693284  0.81278649368211442  0.82330812909722351  0.83404132439786005
  0.84444261445499580  0.85472362757765219  0.86490151896657086  0.87497397713152103
  0.88521501353394094  0.89571504973084559  0.90643455650049964  0.91696897708174785
  0.92714282463217745  0.93718925679867282  0.94759474301707602  0.95773622503096711
  0.96855880316316467  0.97894321214151092  0.98967766997236173  1.00000000000000000
 -0.00252564033009877  0.01015826237670206  0.02087814372814997  0.03156024956815960
  0.04203867283335153  0.05219896775840983  0.06256046012816968  0.07323718294240648
  0.08384749524435567  0.09488738133344346  0.10554169171270723  0.11635501364680095
  0.12720349375310588  0.13802618366323918  0.14848648608606294  0.15868094635497818
  0.16896581094370131  0.17903439691182363  0.18913612688842707  0.19931780962428075
  0.20963158153168943  0.21993282289146174  0.23009925165389461  0.24040490432621442
  0.25090763187727116  0.26195455636346782  0.27264609332483830  0.28311714754350770
  0.29328389190476906  0.30394059677368013  0.31445085450174387  0.32449472310624838
  0.33494157604850083  0.34546782877865845  0.35617220846675951  0.36640299998307141
  0.37674227119678183  0.38730292539715788  0.39793121562328615  0.40831918565381942
  0.41843527363959965  0.42865468738129048  0.43920661262840593  0.44992364995747069
  0.46060303124942503  0.47141860885494219  0.48224985140803045  0.49297697902091536
  0.50367220051460226  0.51451436262074379  0.52527807311479635  0.53570962562216040
  0.54588312203756839  0.55617590725147115  0.56654175476532898  0.57736638140239738
  0.58777177789594848  0.59814833107408072  0.60849354306234804  0.61911242853551185
  0.62977703324989220  0.64047944817690006  0.65114702052335782  0.66204065385061706
  0.67275312153405464  0.68330222365988513  0.69350173635281742  0.70343614080301742
  0.71351971762003208  0.72389315638801299  0.73440213389623954  0.74489079438566308
  0.75521415283363624  0.76582461120063738  0.77676870848967117  0.78787808127633563
  0.79882649777928283  0.80944990559179208  0.81968664554762327  0.82970154960999520
  0.83992789462805317  0.85026643546733816  0.86051601033017522  0.87078806958688915
  0.88115143872407453  0.89199667055020182  0.90270345974835797  0.91354613991368649
  0.92399987077969681  0.93444332035483990  0.94488882723555945  0.95582257131865056
  0.96708663947087725  0.97822351748190806  0.98922963108422413  1.00000000000000000
 -0.00235904339840385  0.00916950104823969  0.01963273740894787  0.03056286477857496
  0.04174849432409648  0.05220210306776846  0.06267655382203186  0.07366488460876221
  0.08484455047512508  0.09582695315510349  0.10674042535099998  0.11777029110724438
  0.12879106155312120  0.13960110632034908  0.15008668426047000  0.16056795701016530
  0.17103130197928507  0.18163522789136288  0.19229839061364032  0.20296192420298553
  0.21365155241348255  0.22448545314202509  0.23520800513504783  0.24602136950247799
  0.25659518094401212  0.26713154515125975  0.27746416214486014  0.28778233985881801
  0.29816541849112055  0.30875296888845116  0.31954299809536307  0.33012568039259149
  0.34032207143665377  0.35049262910604123  0.36096549925066068  0.37150666862292853
  0.38191449874632616  0.39202968468083238  0.40225258594342078  0.41254436273590167
  0.42306738352087053  0.43353461493816192  0.44452508590256373  0.45506836829022479
  0.46571638065579446  0.47576190523894341  0.48641118828938074  0.49722300389704349
  0.50798578832673202  0.51882375145343862  0.52940396720871097  0.53986924700047523
  0.54996705785216282  0.56008191198834534  0.56993127977142044  0.57989403018144292
  0.58997131634965283  0.59997720678097499  0.60988967088898483  0.61988729127922348
  0.63026333284858549  0.64098106267804522  0.65146061287177925  0.66201101598084366
  0.67273348524765209  0.68361185280179915  0.69435989387540420  0.70521988637108457
  0.71619222203741684  0.72735866455229592  0.73836826386300547  0.74930063489838206
  0.75995416584126940  0.77050851835341383  0.78089092417175621  0.79144005286261132
  0.80179321608542542  0.81255303862126538  0.82330521829350067  0.83414717627104285
  0.84470066395107368  0.85535532173597462  0.86604701489294567  0.87639990115038457
  0.88661910829681367  0.89681664174706477  0.90725779734155354  0.91775713560618222
  0.92785887250067478  0.93819575500450436  0.94858371018875576  0.95883787228469985
  0.96868204396114010  0.97870083683938647  0.98924092783733164  1.00000000000000000
  0.11009187041844380  0.24151981016605131  0.27244825921437749  0.28949680710939552
  0.30329016978469270  0.31541642195044878  0.32644052629519099  0.33665428102737988
  0.34626266519216509  0.35531395881857147  0.36412569807130468  0.37256612598757832
  0.38095406085337913  0.38921590304811587  0.39733287878942075  0.40510768329251517
  0.41267996489930103  0.42033480986773047  0.42794168913058983  0.43548318814074771
  0.44258487050065010  0.44951791763804971  0.45622033138052948  0.46280386792312422
  0.46934971075977222  0.47600258625368230  0.48270493122316421  0.48928980232173458
  0.49574390629357068  0.50196696353795056  0.50813164455941262  0.51423148190869861
  0.52038230068748259  0.52637185391795627  0.53226193275217026  0.53808550086532747
  0.54390348615259299  0.54986142976451780  0.55570912295760289  0.56163039258457403
  0.56750328525642491  0.57330238601314965  0.57913257376573046  0.58499568793873091
  0.59090696107576390  0.59683633802269564  0.60276472733116426  0.60873205301363420
  0.61471200947457660  0.62063761859830013  0.62653723760920055  0.63252175000594191
  0.63852433981195356  0.64450576547957639  0.65053349049582077  0.65651623747626020
  0.66238880204603712  0.66822982469454972  0.67407203828257189  0.67999178008021444
  0.68600499105067314  0.69204143934464657  0.69815755153621939  0.70434537609719228
  0.71055256201875805  0.71675325270021817  0.72289604864098334  0.72894397140278189
  0.73482470018263668  0.74065633135763687  0.74657772600812533  0.75279022528123651
  0.75923092197789743  0.76572769088615911  0.77223830642271551  0.77867738696467537
  0.78518207420406072  0.79179962965483541  0.79853989771353595  0.80545525216241187
  0.81244885774443631  0.81956735423004134  0.82682151214726229  0.83439662993951635
  0.84238728317927869  0.85068260169898346  0.85913953064591964  0.86789701944342257
  0.87715530350078308  0.88716760019005314  0.89805685386891454  0.90988340918292498
  0.92291539186136973  0.93824904045321245  0.96010363934944798  1.00000000000000000
 -0.02533420152226552  0.12074997909314900  0.15684999916719483  0.17877623135900067
  0.19632029812072679  0.21136551785541716  0.22468576231887913  0.23633598739283451
  0.24719931804386960  0.25692924064912126  0.26626133271051911  0.27504964648922930
  0.28334174604069517  0.29142387333200459  0.29931289922990872  0.30694172394909880
  0.31423440688306575  0.32155876616785078  0.32884722431579427  0.33598870673814268
  0.34292114005945512  0.34970306887711683  0.35635576631926691  0.36277417439084225
  0.36900880278533738  0.37514790327483977  0.38112349996168593  0.38703139420942273
  0.39296713706118896  0.39889154996166448  0.40468178184315118  0.41039930543718950
  0.41605478108530775  0.42162395097496497  0.42720448924915905  0.43278852174811572
  0.43830112005419797  0.44379210892856519  0.44919837611763141  0.45458854688091349
  0.45995501689145663  0.46535117786437380  0.47069117618198358  0.47593264165971749
  0.48134458642673211  0.48679608876583114  0.49228826519041369  0.49779202273951240
  0.50324307150725767  0.50869998055643451  0.51424291771418940  0.51961974919263720
  0.52490060211381206  0.53008501745788228  0.53526576223552480  0.54050322409586726
  0.54579402861458204  0.55116245425614763  0.55658786697446627  0.56209228620719809
  0.56770744272989571  0.57328652572365479  0.57875589173653719  0.58417273876695863
  0.58969353164866634  0.59538607943774491  0.60134768629710855  0.60738105131066877
  0.61349206826029168  0.61941225418189982  0.62544601759889851  0.63161788091606097
  0.63794085512191556  0.64438530786468962  0.65091141818171983  0.65754791956678005
  0.66433487865187568  0.67123540095774070  0.67808799396529873  0.68507424777655768
  0.69247047396604122  0.70032073162421338  0.70843120413575211  0.71698514190558660
  0.72585544955378312  0.73509961065195750  0.74470462007834781  0.75457876770871968
  0.76544833414728242  0.77744550214034314  0.79077588616957062  0.80525014571842390
  0.82214558126939730  0.84333338115746359  0.87750845415027323  1.00000000000000000
   6.0386017997286225E-005  -1.0000000000000000     
 T F F F T F F F F F F F F F F F F F F F F F F F F F F F F F F F T F F F T F F F F F F F F F F F F F F F F F F F F F F F F F F F T F F F T F F F F F F F F F F F F F F F F F F F F F F F F F F F T F F F T F F F F F F F F F F F F F F F F F F F F F F F F F F F T F F F T F F F F F F F F F F F F F F F F F F F F F F F F F F F T F F F T F F F F F F F F F F F F F F F F F F F F F F F F F F F T F F F T F F F F F F F F F F F F F F F F F F F F F F F F F F F T F F F T F F F F F F F F F F F F F F F F F F F F F F F F F F F F F F F F F F F F F F F F F F F F F F F F F F F F F F F F F F F F F F F F F F F F F F F F F F F F F F F F F F F F F F F F F F F F F F F F F F F F F F F F F F F F F F F F F F F F F F F F F F F F F F F F F F F F F F F F F F F F F F F F F F F F F F F F F F F F F F F F F F F F F F F F F F F F F F F F F F F F F F F F F F F F F F F F F F F F F F F F F F F F F F F F F F F F F F F F F F F F F F F F F F F F F F F F F F F F F F F F F F F F F F F F F F F F F F F F F F F F F F F F F F F F F F F F F F F F F F F F F F F
  <DiscreteSampler_grid>
  grouped_processes
  1 # 1 for a reference and 2 for a running grid.
  10 # Attribute 'min_bin_probing_points' of the grid.
  1 # Attribute 'grid_mode' of the grid. 1=='default',2=='initialization'
  0.0000000000000000 # Attribute 'small_contrib_threshold' of the grid.
  0.5000000000000000 # Attribute 'damping_power' of the grid.
 # binID   n_entries weight   weight_sqr   abs_weight
    10   10   1.530633150024713E+003   2.101755889232928E+007   1.530633150024713E+003
    16   10   1.530633150024714E+003   2.101755889232930E+007   1.530633150024714E+003
  </DiscreteSampler_grid>
