  0.00365390392173678  0.01166274577818989  0.02042856846562595  0.02970920043845312
  0.03867284946515478  0.04766185823568712  0.05696271412856713  0.06645397159588712
  0.07583107186471609  0.08544322172320207  0.09534389934578438  0.10562970171412346
  0.11587928801159256  0.12583586939006805  0.13598414231676970  0.14686838043870185
  0.15904612993715705  0.17069225998097651  0.18124800083061723  0.19207880362898419
  0.20294460833376643  0.21390328967154079  0.22404594632095928  0.23497895021514364
  0.24582121289955408  0.25767193623209056  0.26919002458148300  0.28026603359127961
  0.29107903481218178  0.30204178731031639  0.31347452884907423  0.32544440356417398
  0.33647854327486409  0.34650991605183290  0.35628887370329221  0.36619308904122294
  0.37588701644784517  0.38497995970408272  0.39380258036800952  0.40284939603568171
  0.41243709948374591  0.42171792049142948  0.43026895166681811  0.43849176517067601
  0.44671082298284231  0.45517473816490650  0.46448580286811753  0.47468643733631721
  0.48592569088082110  0.49728390793042765  0.50836142357029135  0.51946538127317199
  0.53086081706599220  0.54201189048086318  0.55271788410740574  0.56327965946577918
  0.57421991405311068  0.58592807447272943  0.59862093035664576  0.61189130595997299
  0.62472870632058952  0.63654284640933256  0.64763879220402509  0.65801578670620708
  0.66797815630645951  0.67799837440764832  0.68851553491910855  0.69946639796212928
  0.71059803370306873  0.72132609637026290  0.73133831956138007  0.74133232741234001
  0.75177978181041805  0.76268207412629851  0.77331678216747213  0.78275125432335102
  0.79226882087841022  0.80218249037669198  0.81262493573210515  0.82193865875197281
  0.83110831433224264  0.84088329383176719  0.85121937361174027  0.86197048931519760
  0.87312248446425333  0.88479597562859336  0.89645776655426557  0.90769803771343294
  0.91892295837034532  0.93070210279391674  0.94244377755003272  0.95298986236856187
  0.96368912082460234  0.97474671728625883  0.98697152907098151  1.00000000000000000
  0.00692893190944717  0.01605471103915641  0.02679385442404862  0.03738522349655088
  0.04756605283712159  0.05740013634845333  0.06679269142963147  0.07579548794450452
  0.08506965729267030  0.09505294859772094  0.10550711839760459  0.11583610762821062
  0.12614954805672057  0.13649469084232888  0.14706832611801346  0.15858607625006182
  0.17019945070786185  0.18091355782348473  0.19066392989939912  0.20016433033731190
  0.21069160373080692  0.22134650821487001  0.23173353675215036  0.24205151937843677
  0.25219650703624197  0.26211070733046954  0.27162089021458458  0.28126708866568539
  0.29120314773229439  0.30149424949896259  0.31171866052327052  0.32175236938146640
  0.33238382021929652  0.34359432567666776  0.35522692622697244  0.36686828790226150
  0.37946001160067294  0.39332753671465215  0.40570861660266916  0.41781895237042976
  0.42969102678939275  0.44194274094534536  0.45384645710187693  0.46466729694805503
  0.47455276719704126  0.48442512586284303  0.49434236921780461  0.50506276676139916
  0.51557585500974212  0.52612000275767690  0.53711108479593461  0.54793271794350928
  0.55799662226739599  0.56806221265274659  0.57854344995006102  0.58923393156757342
  0.59948313241086582  0.60928669587080031  0.61914234592907813  0.62932870651640360
  0.63944541095509178  0.64960872741843501  0.65967508459497470  0.67003086220961372
  0.68134297822164769  0.69304945751834157  0.70466886562241404  0.71604877944618150
  0.72662081971446091  0.73640481030238325  0.74593568247290043  0.75598377708379660
  0.76623729071712043  0.77618833410662980  0.78592925586340912  0.79573813578576658
  0.80593207631294450  0.81624164642873764  0.82720243314081754  0.83820963479054822
  0.85026281940549031  0.86202943350383132  0.87391201471580437  0.88618100585792969
  0.89754857042804681  0.90809618040538909  0.91743221177960421  0.92685001460853089
  0.93609307078553872  0.94588596881471709  0.95559551177582147  0.96623743997641154
  0.97573029068935946  0.98394160941737385  0.99172577957557195  1.00000000000000000
  0.00292424786547540  0.01392019800833785  0.02418895587453205  0.03461207375475774
  0.04521759483156887  0.05517382647506948  0.06509777423491243  0.07526650881524617
  0.08621346888822665  0.09637042018831747  0.10554739574891731  0.11443173029765409
  0.12376520454330341  0.13416749592603186  0.14548158413506898  0.15607572240934231
  0.16757696384599660  0.17915091543798325  0.19003285101895956  0.19978786494777626
  0.20951254326900828  0.22025665730114730  0.23081307507065332  0.24098844954653231
  0.25082852576208853  0.26151489026675995  0.27235627371384635  0.28306425691205295
  0.29336259289249533  0.30352468806980781  0.31410152269692371  0.32497706633274126
  0.33594301488027328  0.34714399841711613  0.35784258187316964  0.36887420706560980
  0.38024267111783827  0.39262158685495102  0.40346713805526374  0.41420830910872286
  0.42445390933204807  0.43481631179124636  0.44559968739878131  0.45610244593860449
  0.46600818360201335  0.47554525695074223  0.48513654792693423  0.49465150071458808
  0.50404362617131482  0.51390743538806472  0.52454578229068405  0.53548714259549568
  0.54673955571391986  0.55779063568492226  0.56819949976806228  0.57840479384090349
  0.58894253057411350  0.59947421967702830  0.60981912606675548  0.61981397806068728
  0.63038625555699213  0.64206474053051898  0.65392472158845660  0.66520861000019460
  0.67574897601736506  0.68574244177326893  0.69544927970739923  0.70491277095177229
  0.71439401152500825  0.72398273129657809  0.73359499584651910  0.74324153001839866
  0.75289969420220482  0.76281123438209675  0.77269105460653897  0.78193165684651134
  0.79126375299325735  0.80158809052516777  0.81239429060313362  0.82464608717866394
  0.83667493251050928  0.84800485033700768  0.85909929575155297  0.87040865251779620
  0.88118450411553639  0.89142883427594044  0.90128855997662660  0.91142857199834160
  0.92162110301985967  0.93219364241355296  0.94284808588122382  0.95350533086239886
  0.96393617768340445  0.97477096436859501  0.98684116357552920  1.00000000000000000
  0.00574231794668398  0.02213151525198558  0.03890527994040795  0.05230967603196134
  0.06465710535159311  0.07767245473490499  0.09163769925279751  0.10453173092350707
  0.11547430060641149  0.12509921190190118  0.13501874861182556  0.14504239083214487
  0.15488157874529404  0.16468058355065038  0.17539855827390932  0.18625337190449803
  0.19716519288710507  0.20776451217181871  0.21856886623409574  0.22975180763281458
  0.24037074354622176  0.25106032120794930  0.26046292121021741  0.27049286422706537
  0.27953035936667814  0.28808504494135406  0.29646077434267748  0.30578129259533848
  0.31695725926587331  0.32921299944092908  0.33995145942112281  0.35013009839097586
  0.36030151086411694  0.37058446819895835  0.38080844975047207  0.39082197914494110
  0.40184940985392736  0.41291045319393876  0.42478941242255192  0.43601496919145771
  0.44783180604978845  0.45961701970625773  0.47143566577909474  0.48369752240436203
  0.49607522465699805  0.50769872430302065  0.51799512157106520  0.52695682012236067
  0.53547840740552688  0.54420867552318053  0.55240547992157274  0.56014771189836565
  0.56811928744849316  0.57662205336815708  0.58621580675000362  0.59698846262578498
  0.60790279500926392  0.61771393178652867  0.62690390727073564  0.63563110735617945
  0.64471128371406261  0.65391860355587494  0.66330636315174496  0.67352411209174634
  0.68449873445796361  0.69511817469388837  0.70503439092765230  0.71460023635051317
  0.72447317112337051  0.73399142124183925  0.74379224628719420  0.75434662127352403
  0.76525044414901366  0.77621643868391321  0.78709652952511455  0.79793048722487236
  0.80801122968033023  0.81752589341963700  0.82652243868450126  0.83604670321904440
  0.84640380515150160  0.85827082395883159  0.87171939195689774  0.88254938143155681
  0.89186291448250843  0.90087598988597883  0.91019844231547464  0.91968450643016064
  0.92821911469336404  0.93664347885619026  0.94589068152837674  0.95624720700819232
  0.96685435013252941  0.97724012772672408  0.98803484666766805  1.00000000000000000
 -0.00008340308205568  0.00073786428361939  0.00183756807042348  0.00331454371927450
  0.00538035515063779  0.00778665026451594  0.01051791620268545  0.01382410812958523
  0.01775755251890768  0.02187916214318882  0.02634574050565955  0.03128444140449988
  0.03639653587270623  0.04207199153279332  0.04844260329267219  0.05492242163964279
  0.06135344623346965  0.06866396120900797  0.07677958309796734  0.08396459695135844
  0.09063175741918576  0.09775834015018536  0.10522526252955233  0.11312763088159046
  0.12131895712323246  0.12960474703106009  0.13792524054049748  0.14667080779284999
  0.15599185953514191  0.16634728946414315  0.17647429676344248  0.18586598273881033
  0.19525643570329798  0.20472453881248276  0.21430742826629287  0.22416393828731859
  0.23450306626283729  0.24528417504787370  0.25620563187804968  0.26705815831385554
  0.27759795606458615  0.28800400852716201  0.29870521425435737  0.31012671024005584
  0.32146822913914308  0.33275404963554667  0.34394297290845821  0.35546620615396063
  0.36724086203608308  0.37973178196878710  0.39286728342471933  0.40600139636749694
  0.41900186621390562  0.43188027001756002  0.44441372885820946  0.45754888051487841
  0.47049231279584253  0.48334694309314935  0.49630479282435452  0.50950767233516925
  0.52332955076267595  0.53727580025783173  0.55076817606948192  0.56506745538163838
  0.57957340562153514  0.59358582129326998  0.60735173238926932  0.62116032845764657
  0.63472919314002474  0.64828656371058058  0.66182345035070722  0.67525734960922990
  0.68839425925616737  0.70133119835180713  0.71352519729158348  0.72553525613876813
  0.73791109890072371  0.75059206933081191  0.76400176357228777  0.77751974686745451
  0.79155953602108597  0.80563077023961327  0.81960575405612868  0.83349127800659384
  0.84725776756382476  0.86139032563657314  0.87539066912658092  0.88857909134156310
  0.90195127453982726  0.91568140442759027  0.92940343388375812  0.94366026669356551
  0.95745856339629642  0.97133694149315231  0.98557564126468833  1.00000000000000000
 -0.00211034944062991  0.00893796865015878  0.01836673714085814  0.02955140182700084
  0.04126011380416434  0.05559765772796273  0.06864099477147813  0.07986507371092681
  0.09034816151605933  0.10084800361760046  0.11156858971549044  0.12222999170563333
  0.13275907976738494  0.14353106901907589  0.15391101439382832  0.16391442618346144
  0.17362260444639846  0.18293052339389770  0.19283576661880480  0.20337145051689687
  0.21343823749539473  0.22360017884542974  0.23271710004832705  0.24035932156760254
  0.24867634204054503  0.25756568282057213  0.26650506930032614  0.27526919835077662
  0.28355617201508809  0.29208835244810522  0.30156274893643381  0.31163970642767275
  0.32129183035796338  0.33110933845987861  0.34087657876725175  0.35028576462360456
  0.35969730103791908  0.36888901589484807  0.37791086866643298  0.38785719666556845
  0.39863132821581582  0.41153039564555410  0.42470641980803170  0.43675012690590725
  0.44700670019194461  0.45657549516607265  0.46610438766513468  0.47565837873355726
  0.48551146353522312  0.49557389130114443  0.50658251237241470  0.51908783363865563
  0.53209513894779781  0.54398642874263925  0.55468950615910950  0.56481372989241796
  0.57495844505936866  0.58585418973526848  0.59727156710893847  0.60887590767449062
  0.61934685578948956  0.63053493285364548  0.64194250569276656  0.65336721438782819
  0.66391352280738902  0.67431853286394838  0.68476710038124977  0.69524070816999883
  0.70596007986081710  0.71632166543658848  0.72693100034515423  0.73772439051526151
  0.74854943359392601  0.75864405531151025  0.76944164538264825  0.78110634217507680
  0.79227862705124019  0.80259838470348954  0.81293666744306670  0.82429327516797768
  0.83570417803231145  0.84731624733685540  0.85844474479673816  0.86845248830219057
  0.87871927689267859  0.88897801554314249  0.89966937898949795  0.91129649571998250
  0.92434151367112916  0.93709800945202959  0.94907204693140979  0.95938128676891266
  0.96895219912390274  0.97896076663832399  0.98928553482352655  1.00000000000000000
 -0.00179760578020233  0.00895755086644733  0.01760280305546566  0.02704587697280626
  0.03707519253614450  0.04690459894784278  0.05591395791142930  0.06568296024159637
  0.07704766567986576  0.08886335903105363  0.10042935460971657  0.11245614757754539
  0.12417965684862202  0.13499635126408785  0.14521147962978168  0.15548868649879077
  0.16596551431419049  0.17638145518900317  0.18700656720770506  0.19825979451703310
  0.21023171935652987  0.22218249154920003  0.23432677646185923  0.24669965415479653
  0.25787602549360833  0.26826989505910998  0.27910846770022535  0.28949965077525447
  0.29955048684270696  0.30993668095621174  0.32136681109103066  0.33316306102787580
  0.34422063484827131  0.35532821572471140  0.36726737380568114  0.37986899966743087
  0.39263526750526095  0.40417784897922038  0.41459854826098946  0.42470201397462054
  0.43460388248555426  0.44508042838426348  0.45519779909731961  0.46468503774721226
  0.47344604695476517  0.48203133721068486  0.49054113117379389  0.50001163163175799
  0.50971219561373626  0.51888529110363446  0.52677141073739175  0.53510351605300766
  0.54404339064816065  0.55389681213488406  0.56399788336032075  0.57382374703646843
  0.58327270238834428  0.59314820505786103  0.60356564124456824  0.61475361265969453
  0.62598165460453814  0.63685004922673261  0.64734850479560446  0.65788693435270085
  0.66795459735123897  0.67793980597128511  0.68811039044400091  0.69874952765601928
  0.70892033526930409  0.71834469855344585  0.72748525230270378  0.73720176686512917
  0.74762795361619871  0.75772917752147684  0.76702383796744567  0.77604163816769378
  0.78520870589366021  0.79433673141895200  0.80331014143689983  0.81248494516652781
  0.82222178026815063  0.83206271306806023  0.84171696246716610  0.85140206129310181
  0.86208549847312177  0.87292699062770063  0.88376970693866352  0.89460528301527786
  0.90838353794878957  0.92355715652059100  0.93725074377448581  0.94894558017666142
  0.96050769912871004  0.97315898419732783  0.98615458401532086  1.00000000000000000
 -0.00338848220961114  0.01009109065350922  0.02270510838572688  0.03476012679437070
  0.04586746277102641  0.05591129235256149  0.06552994236862172  0.07483269920706857
  0.08427461447497528  0.09377090216824968  0.10410013605107296  0.11511470404774815
  0.12593761376414561  0.13660954412892545  0.14736140207083095  0.15857162669440034
  0.16945461931660116  0.17977390869943727  0.18980248331645080  0.19954058381576117
  0.20921588544037190  0.21847755555434978  0.22723600538802274  0.23627971687897703
  0.24628186667074509  0.25705732792544483  0.26789277660742900  0.27782313934079877
  0.28746805912129425  0.29765810121534064  0.30821189796297133  0.31848887194444142
  0.32821949061936012  0.33794713042045404  0.34780256939279836  0.35799563108350974
  0.36839785995405810  0.37889836235045177  0.38936531900004151  0.40000380217743808
  0.41058768409425583  0.42108770329912915  0.43067789275225066  0.44026176333472478
  0.45043698497550361  0.46139139568173620  0.47323962091681687  0.48517814765434908
  0.49707616960942075  0.50920426261219998  0.52151992779596124  0.53384419665176153
  0.54629645601305110  0.55840755441564183  0.56995824290772157  0.58088788142001824
  0.59125457801205750  0.60111090570365189  0.61137003351086550  0.62191409582415458
  0.63330364964952890  0.64442313428586240  0.65436942269189247  0.66368438916758121
  0.67292871629861639  0.68218599800632695  0.69148226440671756  0.70061136232847332
  0.71044804375771942  0.72062110150003966  0.73103094363383736  0.74155722277847658
  0.75279697296624393  0.76481299391161595  0.77635694307849379  0.78713329613152816
  0.79726753433201569  0.80725968591671349  0.81745338706311466  0.82810738920998150
  0.83974034915505413  0.85161991352414523  0.86322348747132394  0.87460366108208321
  0.88532772524673609  0.89612295206206605  0.90719294928577732  0.91718368201600742
  0.92737317981563794  0.93683180517783593  0.94790419558677130  0.95820977366463200
  0.96862408048409443  0.97879349721749287  0.98878820811475598  1.00000000000000000
 -0.00244901589866020  0.00941490535163744  0.01908633398844003  0.02836965355976738
  0.03819623388508240  0.04828839412269229  0.05788419319224214  0.06708818827961775
  0.07680843741378826  0.08802535991442512  0.09972672832091449  0.11137812935874855
  0.12292789970059223  0.13483106517503166  0.14653628768552537  0.15775125365616821
  0.16862876025683685  0.17916775263012019  0.18887870819020214  0.19825762420440141
  0.20869125577962191  0.22050268499194756  0.23270334186730590  0.24482868373700975
  0.25770721734045948  0.27006320824063901  0.28198341539257754  0.29343804636909104
  0.30466460620753405  0.31594009973703435  0.32713999235134583  0.33784339805121216
  0.34788289283100532  0.35739330567252720  0.36645673802070988  0.37513417875800353
  0.38391384440673904  0.39301302358052931  0.40227582883868340  0.41222522283627788
  0.42298629435277274  0.43416336160167862  0.44494260856312390  0.45509974057401309
  0.46515183830677964  0.47525419344178138  0.48529527560292307  0.49564635827959608
  0.50670215085130077  0.51787942920903951  0.52877809366659834  0.53954902832946983
  0.55061910429238381  0.56140282886629189  0.57114326688585570  0.58031746951985097
  0.58959716150453334  0.59909854671270824  0.60858327727307149  0.61789838704862410
  0.62806359101375364  0.63933030135620283  0.65142547535422957  0.66290437020422566
  0.67477061088006829  0.68723671606730519  0.69960500829848016  0.71189890725813354
  0.72323704205899964  0.73389532295988924  0.74430538073887642  0.75468640297155443
  0.76505240169022815  0.77555303137080478  0.78613360359098028  0.79766036538588747
  0.80940598175542067  0.81990961106579230  0.82931024223769823  0.83889312228928248
  0.84995634054726188  0.86097222638850168  0.87021019901773833  0.87908855209318526
  0.88911551071137473  0.89994891945116173  0.91101422355513295  0.92269516783252414
  0.93405233806871391  0.94401407399255000  0.95277728203633061  0.96146565778929549
  0.97063569210212464  0.98056641911249687  0.99037621945612631  1.00000000000000000
 -0.00208108837690794  0.00964682262332850  0.01983035428099145  0.03130092856965723
  0.04279158655321439  0.05461495219246054  0.06519859890821228  0.07490739862669318
  0.08407959761651380  0.09368624201056243  0.10382118162058490  0.11444354617697390
  0.12513113264121270  0.13564713443596019  0.14631463766879585  0.15659672773333594
  0.16617071908191916  0.17538874850079927  0.18504741577436395  0.19549266307710378
  0.20623320772514947  0.21712077576705197  0.22932005659060656  0.24312330504595511
  0.25716087507240715  0.26986232152275358  0.28156972200456537  0.29249685221962091
  0.30267647914961759  0.31281068421317021  0.32294532592328296  0.33299816753280703
  0.34343622837217030  0.35468857909285939  0.36576401216719173  0.37650794566198559
  0.38707060230622270  0.39714523875458058  0.40748733005474747  0.41722261763406904
  0.42891932644437963  0.44162291125405800  0.45417122479847472  0.46718734526647998
  0.47911008264783034  0.49215465059661312  0.50388360142595456  0.51431980621183804
  0.52446480222655945  0.53419791740402178  0.54390326381194720  0.55380053746174462
  0.56359945644575427  0.57380343461826311  0.58379158892345295  0.59339451213144501
  0.60310314630534023  0.61331371666244960  0.62304719783924367  0.63237110065991686
  0.64134924152448924  0.65114006906415156  0.66184301013135338  0.67212438932922547
  0.68182054542024650  0.69183834741027994  0.70301616663353639  0.71407005252611910
  0.72515107355676101  0.73650886182611985  0.74707270763380629  0.75709509560073862
  0.76690831250988933  0.77726044496651014  0.78810541832214587  0.79949934037410986
  0.81072525634514092  0.82081824988948626  0.83058233923383107  0.84097179844665038
  0.85156792726006536  0.86097530406349487  0.86936097318039840  0.87819675643763484
  0.88805535390784873  0.89849807857920705  0.90854260096596418  0.91823224073804022
  0.92787913278466683  0.93816490779348471  0.94949392906514485  0.96033767893344624
  0.97098116103368937  0.98081393892458857  0.99081007110578101  1.00000000000000000
 -0.00412677596955090  0.01263471753459038  0.02483119573562885  0.03584448657650362
  0.04698960968828442  0.05762809421596016  0.06796299610415625  0.07783402223121058
  0.08792065530631951  0.09825521043794060  0.10839667806571894  0.11830327273087542
  0.12791303785435826  0.13744632505326101  0.14689050327993866  0.15648408805039715
  0.16657656428698370  0.17767696004666875  0.18934116808876131  0.20129115033275169
  0.21297715738993805  0.22395239478861134  0.23426115716961218  0.24409227533310013
  0.25395450698195698  0.26408789641225022  0.27440125272765309  0.28455312081691098
  0.29442273630140064  0.30413405573345220  0.31371977615859453  0.32306465038105503
  0.33299682563597172  0.34405376147577105  0.35538522399269490  0.36585877076163370
  0.37618673979765022  0.38650319501593083  0.39637744779565415  0.40565473516954581
  0.41460484963814370  0.42417400929167209  0.43457935359877164  0.44583613545169032
  0.45773889185201799  0.47014056107881763  0.48220721938848105  0.49313393439091402
  0.50420293107785474  0.51453386436008131  0.52582198435078731  0.53721518820505365
  0.54729373675648585  0.55618060598570951  0.56483192705286667  0.57418302112219977
  0.58423132399052258  0.59397961263655519  0.60369112274580172  0.61406911232195993
  0.62562989012538661  0.63804795689895288  0.65104939746152546  0.66364281025122562
  0.67508830357442584  0.68589647761743955  0.69676332030000898  0.70746480106142873
  0.71766589487549048  0.72760245421491465  0.73764251077445209  0.74766330594080366
  0.75705552384474351  0.76623618948331240  0.77619197129795803  0.78739415761831377
  0.79846197076123970  0.80930117797720902  0.82020432096333329  0.83188776807369513
  0.84384640157540380  0.85541765475346843  0.86693018195538651  0.87753054580765444
  0.88720695307753261  0.89653640891522024  0.90598210487377484  0.91562000575503100
  0.92535631532972551  0.93482986680476055  0.94524103018564065  0.95712859301059705
  0.96709523935676323  0.97754345943318810  0.98822139546854271  1.00000000000000000
 -0.00226276996803204  0.00949709222882640  0.02003497497688258  0.03107776194686106
  0.04178742152880405  0.05263091327086884  0.06368527795505442  0.07438462763927786
  0.08441036036921377  0.09431728812390658  0.10420682054727949  0.11322038094104245
  0.12170030954194479  0.13037244171527976  0.13987723198525714  0.14979649088282601
  0.15920870707461093  0.16833901105693111  0.17862339407852468  0.18953659963244301
  0.19968630808700871  0.20925334802313564  0.21858413609135169  0.22816250676983529
  0.23814978895237776  0.24792435742669069  0.25826428478136665  0.26926172888402738
  0.28073431463891713  0.29298514330647063  0.30607982889148722  0.31863290551127849
  0.32958405658888618  0.34116970688807963  0.35455946094292429  0.36948143819908780
  0.38234936634980282  0.39385087186253859  0.40440306232713585  0.41479317262222526
  0.42414389075918568  0.43404592345505510  0.44433038084174742  0.45466000725638150
  0.46491468298848654  0.47525260835409727  0.48551449047241962  0.49618981603174006
  0.50690490541764266  0.51818787201901484  0.52859277517418624  0.53830447808065551
  0.54910643873919252  0.55985333582441266  0.57044760159436325  0.57964483191453264
  0.58851493590255477  0.59734542132719870  0.60647938603996143  0.61558477361246233
  0.62518880773865260  0.63516455149126883  0.64548367710917498  0.65528621959846334
  0.66570287965400110  0.67686602758305636  0.68773685880026603  0.69842622029230528
  0.70905564226533291  0.72050109653535443  0.73289613116329011  0.74482776461289957
  0.75652642867365638  0.76679757315233821  0.77680160130889986  0.78638878334676099
  0.79677095394899344  0.80740066146254030  0.81923078668022375  0.83176911895589334
  0.84372735401175969  0.85456474890129963  0.86430271612070464  0.87366618910458738
  0.88280791334586528  0.89198537955358159  0.90203028967940102  0.91314441796665502
  0.92637367087158773  0.93967969453335143  0.95107182272254076  0.96211335469641401
  0.97229797883396485  0.98228653999364957  0.99104827890404346  1.00000000000000000
 -0.00173500547970513  0.00859742137477933  0.01806531539105520  0.02790515820244638
  0.03816281560629305  0.04826062405345335  0.05785172017758775  0.06697799792699356
  0.07624237190628524  0.08612736685753629  0.09601358640897718  0.10555782584075310
  0.11500912988047465  0.12461737984327052  0.13475475952166147  0.14532278345445024
  0.15562473206853353  0.16595266585385993  0.17674182021175885  0.18768465347046481
  0.19848722377028730  0.20912320545340074  0.21978670728276375  0.22997596891957192
  0.23907409332078422  0.24808783163229084  0.25732983478938931  0.26709482017164976
  0.27648018353828974  0.28570771922801264  0.29516438009670598  0.30519635900453923
  0.31530704569089046  0.32555974211080319  0.33534352461123124  0.34503876710783765
  0.35462608482511893  0.36421980844277441  0.37357785866660725  0.38285093142964127
  0.39288533945071619  0.40443551999587213  0.41648945496443673  0.42868781463632771
  0.44011343967029859  0.45082410955801600  0.46118891166447529  0.47189661344994271
  0.48358161855928039  0.49457985651391156  0.50493778940231582  0.51540640745457911
  0.52640628530702882  0.53770107219834151  0.55047469262893733  0.56398488325489438
  0.57621686359433544  0.58816696372158839  0.59990747300101555  0.61161599127927935
  0.62359314183398795  0.63603844039299373  0.64870431811396556  0.66086954693961519
  0.67218075772203711  0.68245428226125093  0.69282674545754475  0.70280366149776108
  0.71234561747127090  0.72181684721961625  0.73170070882684213  0.74201444688866480
  0.75215178299707630  0.76201353620653978  0.77221675230347198  0.78249936523949937
  0.79250655106356627  0.80223259719685425  0.81197088788356442  0.82236250338264616
  0.83349787907143380  0.84495524186429971  0.85602758737057605  0.86648476770505001
  0.87671616727141899  0.88809477855382046  0.89969642441725939  0.91093168190746387
  0.92162715326812417  0.93134082002015905  0.94080914911473668  0.95052662049689640
  0.96126861083961557  0.97306311367976972  0.98615596877365808  1.00000000000000000
 -0.00181965922004079  0.00852044690340523  0.01797787642176546  0.02891295864689626
  0.04009472871048598  0.04989671875258252  0.05952471507234559  0.06978513923642234
  0.08121914720303056  0.09298552277610873  0.10469385398302303  0.11696600747712391
  0.12828747874822416  0.13965154483094772  0.15004377530388097  0.16033129510045360
  0.17072403851230272  0.18138999105911979  0.19155493020280645  0.20166227873843359
  0.21241473526337967  0.22317516622351546  0.23311619124099175  0.24262366801269222
  0.25208152167783088  0.26147744253148153  0.27150750957002578  0.28258290925578256
  0.29301091760390313  0.30331859165870279  0.31305685525982030  0.32354155104750598
  0.33402809108931325  0.34476046322281195  0.35545453926765314  0.36631174360118424
  0.37753582055910151  0.38949348781525850  0.40097971013690992  0.41250220472492050
  0.42350094846359332  0.43390713086440014  0.44408993277608111  0.45384463877108266
  0.46455124608073645  0.47536264405023898  0.48628567859896088  0.49675571281634678
  0.50801556512163748  0.51955212139292239  0.53013256757913163  0.54061410119721565
  0.55144094314389303  0.56259686573604228  0.57349546004427410  0.58411489843900466
  0.59511975355139990  0.60558795558948320  0.61545345620159986  0.62490568533291790
  0.63485673904769080  0.64546669857326255  0.65599468318442866  0.66660166223069817
  0.67629517577210430  0.68673523584511253  0.69821588596680861  0.70911447847429232
  0.71927901874982769  0.72903581074499646  0.73974866064199896  0.75153677172089695
  0.76282557059223743  0.77317918810336006  0.78336626980456259  0.79462463205153655
  0.80846846468921096  0.82281089199881863  0.83566436294659951  0.84630618835466132
  0.85590286131147608  0.86572602000141152  0.87571876465395460  0.88497792892948757
  0.89400598374499718  0.90223272435631685  0.91077808571914087  0.91960559843581557
  0.92924830822996285  0.93907470640211310  0.94827621721890554  0.95672310716365094
  0.96671466304967069  0.97682180750573733  0.98842703603736015  1.00000000000000000
  0.04487537750797181  0.22899512934158917  0.25635642869974012  0.27244459658048897
  0.28321281836896001  0.29265576980505420  0.30082680953812002  0.30832990232813445
  0.31569030589749048  0.32313268748876106  0.33039829129072046  0.33719247069726765
  0.34367947756335193  0.35006414130045888  0.35628417097265019  0.36223329837886120
  0.36850115817457874  0.37454622366043283  0.38046203245775484  0.38637250146635993
  0.39223812813358921  0.39891599117411913  0.40540914732163091  0.41145156868793920
  0.41740540004005783  0.42319989176704775  0.42885366734232649  0.43451483392154339
  0.43992284762110506  0.44530289660796907  0.45105449117918278  0.45705278746292771
  0.46311767364748518  0.46936249437490363  0.47512762865850161  0.48038192587742412
  0.48544151348515746  0.49058410736260238  0.49598223271795217  0.50165923317994077
  0.50730806693704167  0.51278765893302081  0.51808617885217778  0.52348497491180013
  0.52873681786025017  0.53388888608948737  0.53965234202251378  0.54511058421824476
  0.55059500544685369  0.55621730588259077  0.56210318963728134  0.56844944823961951
  0.57497547439337304  0.58121339565825325  0.58698233614096040  0.59238728408736896
  0.59780550621818029  0.60328560307135248  0.60891611753188368  0.61480693054764579
  0.62089711083036003  0.62714465452904322  0.63370183994372742  0.63976349479342165
  0.64601633712111151  0.65239083934648712  0.65911690146366952  0.66567473107182418
  0.67210667372840061  0.67867270421208559  0.68553908913147543  0.69275306641998025
  0.70012036406429301  0.70785653139103721  0.71515422229648518  0.72281859709919016
  0.73026731585459326  0.73800143775559846  0.74521833594608378  0.75226014652741746
  0.75951090390865472  0.76755434152954038  0.77617687657568257  0.78475676387916515
  0.79336121335966958  0.80238498739054420  0.81208656577066252  0.82240454121647089
  0.83294849170207375  0.84418427417413855  0.85672583658435841  0.87142459866609390
  0.88938635095254626  0.91109046866134868  0.94098722529884715  1.00000000000000000
 -0.01820162728699191  0.10833654175394856  0.14364042140598327  0.16446845907370361
  0.18040749916429388  0.19504936002370360  0.20859086048820386  0.22078612343439494
  0.23222128198858633  0.24345982591458148  0.25403236940791551  0.26359788222326097
  0.27203457077207710  0.27971825344938234  0.28730358302835596  0.29557102132576846
  0.30404416030089054  0.31239647800441783  0.31979062835798322  0.32678662969240380
  0.33368317087863814  0.34015157843535454  0.34647164077800818  0.35266041577762358
  0.35867708488721295  0.36473944922513174  0.37066450919326582  0.37651341048830678
  0.38246394183734950  0.38853643910549718  0.39475340277451121  0.40088308813527634
  0.40680595033122796  0.41258091280497300  0.41826539063815632  0.42396880130661740
  0.42973210710232651  0.43538332859222278  0.44110065294548750  0.44659391274392474
  0.45203732676576380  0.45767977864651704  0.46309863989849126  0.46842999098740346
  0.47361592340934694  0.47882732903778558  0.48439062745913453  0.49047089108393188
  0.49664668165397957  0.50243188634530889  0.50804523094295839  0.51337039582215416
  0.51898438915192835  0.52499020556524989  0.53134907926546371  0.53794594957544883
  0.54462645256677478  0.55124722745664112  0.55755063577727260  0.56318473578637462
  0.56923776447951835  0.57536081241652104  0.58160339461829935  0.58798478704097668
  0.59437542532155974  0.60069506938597739  0.60705865352437127  0.61336422188504258
  0.61929854887739799  0.62594804134201321  0.63194974489157918  0.63829642591620839
  0.64412859125849120  0.65023484078681337  0.65680226776545914  0.66337257492567259
  0.66996912264484909  0.67640456776848834  0.68339518068993488  0.69111984058234410
  0.69966383980687319  0.70813488367454480  0.71658105408769368  0.72495900591658713
  0.73348881661823162  0.74227001656928071  0.75161510533891973  0.76149649550035625
  0.77237998483178694  0.78365704774336631  0.79644501889179597  0.81110119752607213
  0.82816846406787759  0.85225942462481508  0.89054755761888826  1.00000000000000000
   4.0591565194657018E-005  -1.0000000000000000     
 T F F F T F F F F F F F F F F F F F F F F F F F F F F F F F F F T F F F T F F F F F F F F F F F F F F F F F F F F F F F F F F F T F F F T F F F F F F F F F F F F F F F F F F F F F F F F F F F T F F F T F F F F F F F F F F F F F F F F F F F F F F F F F F F T F F F T F F F F F F F F F F F F F F F F F F F F F F F F F F F T F F F T F F F F F F F F F F F F F F F F F F F F F F F F F F F T F F F T F F F F F F F F F F F F F F F F F F F F F F F F F F F T F F F T F F F F F F F F F F F F F F F F F F F F F F F F F F F F F F F F F F F F F F F F F F F F F F F F F F F F F F F F F F F F F F F F F F F F F F F F F F F F F F F F F F F F F F F F F F F F F F F F F F F F F F F F F F F F F F F F F F F F F F F F F F F F F F F F F F F F F F F F F F F F F F F F F F F F F F F F F F F F F F F F F F F F F F F F F F F F F F F F F F F F F F F F F F F F F F F F F F F F F F F F F F F F F F F F F F F F F F F F F F F F F F F F F F F F F F F F F F F F F F F F F F F F F F F F F F F F F F F F F F F F F F F F F F F F F F F F F F F F F F F F F F F
  <DiscreteSampler_grid>
  grouped_processes
  1 # 1 for a reference and 2 for a running grid.
  10 # Attribute 'min_bin_probing_points' of the grid.
  1 # Attribute 'grid_mode' of the grid. 1=='default',2=='initialization'
  0.0000000000000000 # Attribute 'small_contrib_threshold' of the grid.
  0.5000000000000000 # Attribute 'damping_power' of the grid.
 # binID   n_entries weight   weight_sqr   abs_weight
    10   10   6.799511806925989E+001   1.262324325677674E+004   6.799511806925989E+001
  </DiscreteSampler_grid>
