  0.00335898395636008  0.01099640908055827  0.02148139820930069  0.03181946480141114
  0.04232124372581766  0.05302520511297734  0.06377494138522043  0.07505207358777267
  0.08609188847945207  0.09727786620127067  0.10896047956675800  0.12100843377070028
  0.13270693366351408  0.14438571716069218  0.15537107672928771  0.16589049455170077
  0.17621623297709649  0.18695066322485848  0.19769568034051446  0.20792888991072087
  0.21792927609878129  0.22817002346942053  0.23854940141525785  0.24926732136775182
  0.26046788048940056  0.27204274075008716  0.28340163201383561  0.29415659438182379
  0.30483961796634623  0.31556897648112431  0.32714236156402943  0.33920025062125103
  0.35053682260274133  0.36160890321799688  0.37205458090123450  0.38295861365014844
  0.39388279349933353  0.40381619365731336  0.41310449094736318  0.42275023596022332
  0.43285856747167145  0.44287192628167338  0.45276235624291433  0.46376033972649483
  0.47610245760458830  0.48805288093374660  0.49848659981297344  0.50745300900182921
  0.51611611080585629  0.52553814701234924  0.53484174636944581  0.54376516608322256
  0.55228422811611111  0.56114374395430655  0.57101048464431980  0.58101048622871609
  0.59068325642079722  0.60016011268010361  0.61018248078921555  0.62070451230270574
  0.63088934722394152  0.64148307125667658  0.65161811218776855  0.66190299075703185
  0.67227515984686848  0.68323069978342488  0.69350205106895857  0.70331971278041183
  0.71343147838571042  0.72436487705403341  0.73479466067906063  0.74483568970992653
  0.75444055210299865  0.76370083435132441  0.77335217507127996  0.78292306765512509
  0.79225514746423664  0.80119941078615531  0.81023982030536623  0.82069400670604853
  0.83314226257531454  0.84468832290933971  0.85614737713784628  0.86816599006645012
  0.87912229504205575  0.88889807054747727  0.89848807240959960  0.90769589339558854
  0.91745879225169991  0.92772724571082765  0.93806364270167975  0.94927628892049254
  0.96087153091949928  0.97347328658750265  0.98666764576945776  1.00000000000000000
  0.00716314219547402  0.01612305649832720  0.02732704524705964  0.03983643839195705
  0.05303925923571516  0.06672215837125726  0.07785771755991994  0.08874661185379777
  0.09957740116573308  0.11078529471693305  0.12202497750750721  0.13422429115534318
  0.14666691483666860  0.15788291127503845  0.16951890177982853  0.18041123657471864
  0.19042798220770768  0.19835058935648367  0.20675737349992687  0.21555748463412008
  0.22417209379138708  0.23220586954423761  0.23996876976736700  0.24773866073994066
  0.25591358919144547  0.26486419497937064  0.27454623511399356  0.28464589268810486
  0.29460839005129391  0.30529424260867749  0.31613909021413317  0.32621638197320590
  0.33599153503317369  0.34501623371398132  0.35483854782492641  0.36499331607819385
  0.37591748362287752  0.38728211279387292  0.39832560152302415  0.40939148788943835
  0.41990605691279487  0.43145207342544278  0.44217814587725696  0.45259657428551053
  0.46341702670563223  0.47467479287212760  0.48514616181768389  0.49556396723119223
  0.50579098812585088  0.51636184375435645  0.52694493567828993  0.53711161282587838
  0.54763276258638716  0.55865028471713662  0.56985159319649537  0.58056177061827285
  0.59054604779633968  0.59953698021076407  0.60873756851189476  0.61824678568282443
  0.62866330686276228  0.64003973558907867  0.65241508877526189  0.66424934385882106
  0.67437197151362049  0.68355230962909364  0.69339324205500674  0.70379288263376016
  0.71399535793144897  0.72364457840710306  0.73376741139149515  0.74439002078599936
  0.75459078723031903  0.76479001347730746  0.77524992750225263  0.78681670375542545
  0.79931164169706215  0.81273016684318156  0.82647482890158896  0.83961568818330434
  0.85182589001928644  0.86352691588194708  0.87497058980186371  0.88576686139440475
  0.89646734195382616  0.90698973390715809  0.91744405906109039  0.92711267375387851
  0.93704948834364188  0.94599259401514324  0.95556351871081635  0.96475035476898752
  0.97402148860151583  0.98298709408453244  0.99183095798901244  1.00000000000000000
  0.00296717325177208  0.01200856570982500  0.02215402246434352  0.03263479705930221
  0.04251546477664505  0.05200930774337155  0.06169919678662775  0.07069056835645608
  0.07967094766958416  0.08888875273914684  0.09860183615545498  0.10861864692806465
  0.11859668197887073  0.12869725357512390  0.13917078222616436  0.14964704049019159
  0.16018169858353859  0.17129213608731486  0.18157262244022029  0.19148773674584671
  0.20105870158242400  0.21182369221422837  0.22352530288942549  0.23470272069412307
  0.24533997128714891  0.25587131745820602  0.26659283988147658  0.27663455796377262
  0.28638561231555854  0.29631268874532474  0.30653756486538880  0.31636542554391589
  0.32586019652654291  0.33557336710135544  0.34522277867601320  0.35510553434921233
  0.36521472106612435  0.37544927902373459  0.38602117717768841  0.39660517457255628
  0.40713662514112492  0.41820572720263144  0.42926882448369136  0.43990634891715735
  0.44988067382633756  0.45988646461845334  0.47038300705924563  0.48107039866828472
  0.49165327113153195  0.50128458646213470  0.51023773418187202  0.51924732475530522
  0.52887789108448546  0.53896752545450721  0.54943442181328772  0.55990995340584782
  0.57158221739184401  0.58374324775963748  0.59559998830037519  0.60719013674942190
  0.61857807642523643  0.62939159204400930  0.63943543101423117  0.64960944405663967
  0.66034927619814288  0.67096887765580671  0.68121884443297753  0.69064665309632756
  0.69952792735720637  0.70859125281881352  0.71808417585999962  0.72770573199872779
  0.73758219862155405  0.74712675314509180  0.75990175153132644  0.77363617531313089
  0.78673836299764055  0.79907611466789297  0.81041856106024002  0.82080810821732952
  0.83099528890309460  0.84166054180326377  0.85311691930340638  0.86428295224154561
  0.87500772390406178  0.88625620997505328  0.89736611089654372  0.90848050195987240
  0.91924319740577898  0.93050247822720267  0.94136791826054211  0.95230418059809663
  0.96339340574629129  0.97480106448912174  0.98706854827197554  1.00000000000000000
  0.00638652710238802  0.01754305889286598  0.03146934940102120  0.04419675567816069
  0.05656053574445954  0.06945268979389316  0.08182026787423038  0.09222366518436494
  0.10233062127316755  0.11266418842644993  0.12255327942915509  0.13200415630249610
  0.14118834703486854  0.15108643638752600  0.16195502823099728  0.17262092431837209
  0.18371731100107710  0.19365669228567800  0.20277784233650661  0.21197585533066921
  0.22147925693548223  0.23066805453401881  0.23963103784186718  0.24901545741196179
  0.26034586334125054  0.27274193657652002  0.28588242337805048  0.29758738424025682
  0.30775019949032251  0.31807687307134519  0.32813636711594790  0.33816260165175283
  0.34753961318544413  0.35746771174008790  0.36813566229227596  0.37874155461007997
  0.38917745326486886  0.40009481016822834  0.41130408488017717  0.42205327777078105
  0.43256019768999110  0.44313427535359917  0.45402465816439169  0.46495930602905755
  0.47580532414108417  0.48724709711749015  0.49885447118355292  0.51009336431916630
  0.52100829904961721  0.53188391233670240  0.54221321982185156  0.55129219333904889
  0.55980963301093634  0.56852639981241093  0.57741720581628542  0.58675813760189044
  0.59593857358631586  0.60578180633900258  0.61585171269689876  0.62609795540634627
  0.63689919176778698  0.64792843330990957  0.65854739184490607  0.66929900799611208
  0.67974983042593129  0.69057739134135676  0.70107510993938438  0.71155719988453903
  0.72226381459571998  0.73287210564366578  0.74265613445082523  0.75263840269416105
  0.76297242446291291  0.77391114828506080  0.78487167409429370  0.79631337872165531
  0.80855511098392951  0.81868337870233754  0.82853551242994694  0.83828977839365859
  0.84716571274107821  0.85580764634474948  0.86429049270655689  0.87267300644442758
  0.88190865022235754  0.89183345280375514  0.90213591187429087  0.91293284293573806
  0.92394122936015810  0.93518965319528902  0.94630623504512124  0.95766181882887280
  0.96897167172274734  0.97977207094085306  0.99004721126432915  1.00000000000000000
 -0.00008341477300202  0.00069095952411916  0.00160637435131103  0.00288484974300444
  0.00456124216105172  0.00656909169653871  0.00901788595125087  0.01164963506002679
  0.01476184178655783  0.01827187135797397  0.02203664836296288  0.02627048418952552
  0.03061255218309406  0.03504318619008118  0.03914302591622463  0.04364912040579640
  0.04897286697953297  0.05503905864657620  0.06105411793901953  0.06701033860855868
  0.07346919255861958  0.08012075952768000  0.08627708063289967  0.09244075605879017
  0.09880713953836893  0.10590853709870049  0.11297455156887759  0.11965825421075023
  0.12635233828029269  0.13313166844537802  0.14032887695028837  0.14808587983070434
  0.15639110852880397  0.16501452570613911  0.17404920045811725  0.18283745752706981
  0.19208198097058896  0.20170709208746887  0.21142682032082336  0.22110150805046974
  0.23047785063604878  0.23978534196619014  0.24935189346927347  0.25920254462026299
  0.26969757921202070  0.28048109885996558  0.29100496668443243  0.30100089450911849
  0.31043550394333158  0.31950857048012515  0.32859965832470051  0.33747717615104722
  0.34672539856538043  0.35671809752113820  0.36696287154131285  0.37822104046470217
  0.39046912141343015  0.40321521206601535  0.41634918672861282  0.42937270602214034
  0.44248140255276741  0.45507759973075718  0.46709757920229000  0.47896154437321842
  0.49113995985695147  0.50379273168581085  0.51646508484087994  0.52879436184265094
  0.54133818719554017  0.55398156362652939  0.56675388797195347  0.57963599214506178
  0.59288423634997189  0.60680384449835156  0.62114285945333125  0.63598890573784428
  0.65093663984825323  0.66658000588839039  0.68272021338218991  0.69914369943527610
  0.71577829533218884  0.73323994794786984  0.75120845974968509  0.76908494702791086
  0.78691879031536383  0.80477228192145267  0.82257205051528803  0.84024403924406910
  0.85792570287294212  0.87548193112859685  0.89374760790363239  0.91338506984097945
  0.93427058757710013  0.95596989147613776  0.97803738158288955  1.00000000000000000
 -0.00256812891641176  0.00898560210574890  0.01976450276294878  0.03056971392982926
  0.04168461734136084  0.05292711405673209  0.06424720567512997  0.07533631313076626
  0.08607786207187550  0.09646598765023046  0.10700753960295739  0.11737516255776075
  0.12815724270240988  0.13927104267105045  0.15053912668171124  0.16189784804204244
  0.17378243930899107  0.18629135062669311  0.19897889685423092  0.21204716334856399
  0.22411104631126474  0.23668003116472203  0.24764972939404917  0.25814642735606202
  0.26822242097653348  0.27935042135824090  0.29048818863726344  0.30087111745531075
  0.31073818492070243  0.32109015211739761  0.33226952961670697  0.34333250014106131
  0.35435403204468718  0.36528636488223032  0.37643656626931721  0.38665156141437246
  0.39705103068438485  0.40751546187078502  0.41747620323979551  0.42831967185504166
  0.43856584765781331  0.44747073795338321  0.45662596266155936  0.46608804421943167
  0.47574287474505716  0.48457023520379705  0.49284926738990498  0.50196639050503622
  0.51273643382194056  0.52328993408147939  0.53319779857833405  0.54332491887034706
  0.55349541334132635  0.56356857765673285  0.57360120223935418  0.58393904386719631
  0.59463938974942310  0.60545217174585186  0.61663556531725738  0.62836042693738081
  0.64029872580508429  0.65218311348635227  0.66396769851074078  0.67614921426213848
  0.68873944930575559  0.70154683521704153  0.71313950404134918  0.72234419392952154
  0.73184980832447788  0.74136742224731111  0.75120169266088654  0.76099195818809040
  0.77099503283020165  0.78170421395784906  0.79250157234110852  0.80266028278131074
  0.81304783279705373  0.82405218157779747  0.83497820381983623  0.84572167858931901
  0.85663840626838927  0.86774982997436445  0.87831272499722612  0.88855072354511000
  0.89900187507755036  0.90990780212907851  0.92056208464854028  0.93081707666530578
  0.94075589705743634  0.95009918698246831  0.95891309990177498  0.96697903102366700
  0.97505485892922505  0.98358440436176142  0.99199117196126418  1.00000000000000000
 -0.00307409687699368  0.01197334923674609  0.02497889388790110  0.03814215066554242
  0.05144743236209836  0.06390452091839013  0.07594537875828405  0.08802817398385074
  0.10092661099453745  0.11358837918506368  0.12622254364463678  0.13833059937413167
  0.15012132414343848  0.16181872434561989  0.17358036454411196  0.18532971195518716
  0.19755282536593102  0.21009142187541358  0.22301844706819593  0.23576897637983479
  0.24780220450279986  0.25959006979509452  0.27188564272476273  0.28515986357443085
  0.29836766805922538  0.31181948271722809  0.32509877838026968  0.33844262305348738
  0.35128522790393957  0.36359831276592386  0.37571692142134389  0.38632161950827776
  0.39777892585022351  0.40965371951866236  0.42066539816684595  0.43126366474496247
  0.44192008288557344  0.45380100260068468  0.46488091089522632  0.47564959506809668
  0.48585784045832697  0.49593597045151649  0.50606068720039743  0.51550884878365821
  0.52506887697983196  0.53510470269556010  0.54451390837791247  0.55389042943638800
  0.56353164338192419  0.57354399034702730  0.58288736370288785  0.59190965192668688
  0.60088607767654878  0.61078423000994153  0.62203474419538574  0.63342597704021120
  0.64494411653216510  0.65571021752052261  0.66585687413229844  0.67480683093739113
  0.68330932404348610  0.69218585615603367  0.70109040136373113  0.70961143715785713
  0.71755278493111352  0.72516922080833734  0.73407645882168737  0.74331786424980340
  0.75195206201049070  0.75977153956271004  0.76754694893207109  0.77578204793485528
  0.78445445076951781  0.79322301438010867  0.80200062991834598  0.81099429208262952
  0.82049329327844345  0.83072525529817853  0.84077327717791595  0.85101246201952252
  0.86163816717310360  0.87197324868475001  0.88123179266269613  0.88963207775724928
  0.89819797045674710  0.90716988096790740  0.91649626595428058  0.92533961027679001
  0.93316343351253417  0.94166203707310381  0.95067264442480226  0.95970345910478017
  0.96898400225107184  0.97854438951642564  0.98874021244686117  1.00000000000000000
 -0.00264166033549561  0.00973735209436624  0.02063037683777735  0.03074729164931315
  0.04114481145215262  0.05160000265202053  0.06258302621067059  0.07293197248310060
  0.08329993995484687  0.09398002262691615  0.10498022544529581  0.11465160715436684
  0.12407450432915068  0.13375667935087812  0.14411638122165521  0.15424263415253575
  0.16374201392086082  0.17306731878522483  0.18200299846898113  0.19141668495791797
  0.20136234023837429  0.21195835810277117  0.22269494881330743  0.23307811088279573
  0.24313105383827471  0.25309634967994971  0.26350997834044809  0.27491786440070271
  0.28696640484727542  0.29804601202092906  0.30813653116474460  0.31824142378957843
  0.32841915490902224  0.33853953613440141  0.34862183901697602  0.35934361373349627
  0.37109103401307109  0.38329123877203169  0.39568428739443839  0.40843450284690308
  0.42082707778254852  0.43389304083795222  0.44507023838603721  0.45575784897713345
  0.46644804825252389  0.47741491795770219  0.48897426402426680  0.50077395044974582
  0.51275494080222173  0.52444046228860453  0.53600320272629509  0.54714496591993078
  0.55732604179655199  0.56657617607011268  0.57542172095051569  0.58452257014758713
  0.59413610136921513  0.60417947517428605  0.61576820566335655  0.62697607367282981
  0.63640469287782553  0.64555290653986352  0.65443864305275756  0.66356276449742835
  0.67233091323233962  0.68100500163119293  0.69008848234139497  0.70083605603023713
  0.71184529237854666  0.72339615698964332  0.73450283331819155  0.74565380556393401
  0.75636022573417039  0.76697154376271326  0.77746533576484489  0.78834476822129373
  0.79825462600172981  0.80784754711487694  0.81759491545712482  0.82798171579730129
  0.83856421112606783  0.84901105002617916  0.85927403722816276  0.87006392964716051
  0.88018640584616414  0.89017543684748168  0.90071496535883722  0.91178202991136237
  0.92268927601386730  0.93371077033139760  0.94488058876108083  0.95652321658018247
  0.96729990019301537  0.97850596497397746  0.98939933287982407  1.00000000000000000
 -0.00395347461742059  0.01559406574833623  0.03076354263997694  0.04588468605886541
  0.06094068324001138  0.07645634801418592  0.09256727405454175  0.10801308957839366
  0.12285201226790300  0.13867553425913143  0.15496936842774228  0.17123267224984523
  0.18670386056484697  0.19955431416229141  0.21138602991535818  0.22263125800960124
  0.23381530235572681  0.24489209728382189  0.25655446229411877  0.26888100952996985
  0.28140552976923600  0.29384573498592592  0.30598411996292868  0.31835633610494307
  0.33085103123211856  0.34275374136703590  0.35455887023192062  0.36694128726062525
  0.37915082427632707  0.39042510604815145  0.40124155129652495  0.41184157431014967
  0.42192156131305392  0.43195984622437095  0.44261336735885626  0.45394598992623436
  0.46528674041331292  0.47618901892034771  0.48646366595587992  0.49641679517165638
  0.50672525767843823  0.51700437846043790  0.52685913117125516  0.53577558715901785
  0.54426593990574945  0.55305178861806792  0.56237941494853338  0.57233551517400993
  0.58265895657350641  0.59281964680096377  0.60285811892033569  0.61322794316718920
  0.62414166304532892  0.63539816345210554  0.64584636880211532  0.65444470552978851
  0.66242370485115187  0.67053169262863488  0.67843474803158632  0.68594025678838877
  0.69334342950788475  0.70108540624346416  0.70962193818376562  0.71919145537972506
  0.72882215166495434  0.73714442867095331  0.74518527658787137  0.75325223322670998
  0.76180979379990943  0.77067019524710267  0.77969889647844282  0.78853088827843498
  0.79780552546864281  0.80800568295785025  0.81803300059872408  0.82767306165777388
  0.83672114491407701  0.84547416757479643  0.85421639009059536  0.86266049251777444
  0.87105695026021435  0.87933691929410018  0.88722672860370755  0.89504070419926796
  0.90281527977252507  0.91060460668564958  0.91885110218268229  0.92763570628091419
  0.93661766868177199  0.94583939936587136  0.95515062945513929  0.96429928252257446
  0.97326436297444718  0.98216267381624289  0.99119042613147101  1.00000000000000000
 -0.00202054257616093  0.00838652367919440  0.01655228310341994  0.02527608894579702
  0.03437716203932600  0.04457680662717810  0.05600170682926020  0.06670422125410748
  0.07706877927429767  0.08760755589853746  0.09931780117577921  0.11115841454135568
  0.12281086428026285  0.13418891619153658  0.14623452032456469  0.15834492038491876
  0.16947778359934312  0.18085388214029119  0.19190178291015164  0.20335322855473573
  0.21489983130613810  0.22644301535278871  0.23770722721825160  0.24842438485544943
  0.25888665919989212  0.26956108858433109  0.28041195882010728  0.29115186956045291
  0.30174502563332645  0.31210316595723947  0.32198748361022894  0.33158342708821836
  0.34134534081007190  0.35131815128979543  0.36118311455229601  0.37108652321548058
  0.38122091758049026  0.39145478094119129  0.40207038681656537  0.41334588106660725
  0.42646542430007867  0.43977088003271247  0.44969497282045856  0.45910095721603855
  0.46792968215611941  0.47661198069318561  0.48536061825832338  0.49388941675968145
  0.50265968100940117  0.51186653885472355  0.52130481479306034  0.53059962642416258
  0.54064245562912627  0.55084535243747523  0.56074105436072241  0.57026290884606579
  0.57909094455634302  0.58888137758911585  0.59887018829924055  0.60919918954069752
  0.61907760029012182  0.62915043359565903  0.63980438806986195  0.65070760655762261
  0.66224203467916010  0.67335381417554740  0.68390419852295525  0.69495226572433577
  0.70536730534640113  0.71668975414467939  0.72856193117572199  0.74111989717696825
  0.75338092133432943  0.76484918230130006  0.77598485105989756  0.78702574297873318
  0.79774562622225453  0.80813553930757065  0.81879363522361859  0.82965867141375726
  0.84126553316901898  0.85278954563970255  0.86379897462734190  0.87465241091193691
  0.88485678657503064  0.89468013553834846  0.90441781534237453  0.91403728213014446
  0.92459883585310698  0.93576219180000053  0.94706576928327979  0.95756722765078173
  0.96878683614885741  0.97917256651764784  0.98984415982635732  1.00000000000000000
 -0.00186365205709974  0.00684559582715606  0.01485805198544981  0.02320262479690389
  0.03159875600521424  0.03995149016922592  0.04811638951022186  0.05655260467653318
  0.06519443421975069  0.07394826904426187  0.08285477306304270  0.09222347216255028
  0.10190343683554651  0.11137713984570544  0.12087786473746825  0.13063542127065614
  0.14059105446095649  0.15071304157819496  0.16096956107355592  0.17158745179266346
  0.18292040920232353  0.19371879338736497  0.20422350509090231  0.21406723409997799
  0.22368450078903787  0.23290727086904650  0.24130382990382482  0.24987145571221817
  0.25837264058893133  0.26732130093400147  0.27650155861300585  0.28541854234058234
  0.29461801966975226  0.30476036533388029  0.31479110656990639  0.32469190190477121
  0.33449574578645874  0.34394900279749363  0.35329651843709697  0.36172369674760257
  0.37099056421297183  0.38026787014108893  0.38962066848887705  0.39909507541492206
  0.40802588350409646  0.41717664958565093  0.42761299936414238  0.43830545118359543
  0.44899391261371774  0.46037722848798907  0.47285347636989877  0.48564221588872875
  0.49801240347473685  0.50982279555826804  0.52126638110400048  0.53255712306280401
  0.54380239954050957  0.55478140439058821  0.56553730836782001  0.57650585715681679
  0.58774220827549140  0.59966191198072538  0.61226419762670226  0.62516199010450846
  0.63782021349499751  0.64961438521682924  0.66151941978584672  0.67305297681361598
  0.68455059695776954  0.69537165837472603  0.70582865873780176  0.71619368503280845
  0.72728095487429290  0.73938697313240087  0.75200214098315554  0.76410543189919666
  0.77592234116447933  0.78716497163164234  0.79950632727112447  0.81158798474075533
  0.82357889784053773  0.83569255919538998  0.84848325095398180  0.86099445379613893
  0.87282312284307439  0.88455076641342600  0.89617266727447997  0.90834437512628652
  0.92050530237930928  0.93232168737084009  0.94377326524993310  0.95457858423104536
  0.96504385573086648  0.97533001387243179  0.98693881528471239  1.00000000000000000
 -0.00264881944436718  0.01020090235178382  0.02113782807867084  0.03262585740657683
  0.04418490169460731  0.05449703987639461  0.06487243619107125  0.07600724112960978
  0.08736915520329948  0.09783486634428752  0.10726196763562061  0.11564819088236263
  0.12488562003531137  0.13490255592260569  0.14483415307127201  0.15430839537200916
  0.16327058793622423  0.17250368988142536  0.18225400293106359  0.19300730026145366
  0.20455341026931495  0.21627817621866322  0.22790807642473548  0.23911691504289784
  0.25029437603098076  0.26135898445866224  0.27277367037168992  0.28468976412373337
  0.29685632131517620  0.30916345547487911  0.32097504181670905  0.33202321077256897
  0.34383016476069511  0.35468663966475211  0.36432224098107124  0.37379294955680603
  0.38296273780562701  0.39182943891181221  0.40069068713139744  0.40949721150907353
  0.41875058793309827  0.42874492844190126  0.43898478606320446  0.44896167288723160
  0.45873003817496055  0.46854698179727905  0.47883788737189587  0.48998438562081803
  0.50111980551841762  0.51180391049386742  0.52231028974596760  0.53267202877859532
  0.54353666882247265  0.55479019452474310  0.56540484155365078  0.57546744079673984
  0.58575444785648467  0.59674931695450684  0.60706506225767187  0.61705983521971564
  0.62773075027250458  0.63933206760331873  0.65020299424392025  0.66053015232420487
  0.67088781111887863  0.68183011075468380  0.69344076561391921  0.70568689292199049
  0.71681070572530781  0.72741603026546775  0.73799654305633799  0.74823160904993935
  0.75835329468943979  0.76906551674048573  0.78088625210205787  0.79345352499564148
  0.80482583531867180  0.81601987017375932  0.82644949969505443  0.83640072944266775
  0.84615637166987034  0.85615138137119839  0.86654084768476480  0.87764601602907288
  0.88850584267751476  0.89899684169539984  0.90952440697868242  0.92078875792992365
  0.93236556379840030  0.94325122797907657  0.95365016379369072  0.96376705649543748
  0.97259405018843947  0.98159413059651801  0.99046085739025413  1.00000000000000000
 -0.01145909971788079  0.07429950993158682  0.12888981369875907  0.17124005391958580
  0.20666381353354105  0.23850260678556320  0.26566816757937972  0.29001877584508101
  0.31227897159635581  0.33279751683236547  0.35053090691085725  0.36683534539594215
  0.38259644510606716  0.39810053346162888  0.41362735167055470  0.42759405860988359
  0.44103247507314769  0.45422802962954678  0.46665147468489543  0.47891059862474950
  0.49148797646611508  0.50401380935403817  0.51544332305751872  0.52606456005263447
  0.53614066839625940  0.54644106525242675  0.55685849995368142  0.56761150144210148
  0.57857624037855937  0.58973293412709937  0.60043202783747063  0.60994215901149151
  0.61872250651033389  0.62744451064629092  0.63614966258661365  0.64433184626393936
  0.65169827237004219  0.65868735304642323  0.66583310308008847  0.67342717688832876
  0.68116164424678716  0.68879704476755577  0.69620116265524001  0.70328179493380139
  0.71024794151618043  0.71719355410611052  0.72396081690719727  0.73073486194889803
  0.73791241938795271  0.74533371236527546  0.75283837527951003  0.76089307350306379
  0.76857678919201500  0.77622152611675621  0.78361866456051132  0.79124044903631296
  0.79817468598111474  0.80520147181527579  0.81212368685431235  0.81881419448677761
  0.82547707258612713  0.83207616896651604  0.83816845208104274  0.84462877256525737
  0.85098792138883061  0.85670140505168424  0.86197520330076172  0.86705950725047620
  0.87213652723482016  0.87710468027474375  0.88197627203813111  0.88705826423128309
  0.89214325957832286  0.89730483756823276  0.90224614932717173  0.90705240188189518
  0.91173802542495408  0.91634537502651192  0.92134322189664331  0.92637785832120612
  0.93132962306830158  0.93634858382101993  0.94151822546241948  0.94672470834929590
  0.95180677774803490  0.95668179042889367  0.96145748884874971  0.96614066087784134
  0.97067944037511911  0.97511204940279483  0.97949403107624711  0.98366423707811068
  0.98765942896773895  0.99174917411238939  0.99586613355232234  1.00000000000000000
 -0.00282039892029516  0.00988067333142124  0.02117435058217707  0.03258708761529706
  0.04356140763260858  0.05308773812558296  0.06206839009287312  0.07074656101210014
  0.07937651418126877  0.08820828358960262  0.09676535803251009  0.10618506505017053
  0.11731321290138101  0.12837661498328218  0.13900849669018356  0.14978690193903746
  0.16051669231316476  0.17111572055062624  0.18155967876179552  0.19277945570582261
  0.20474307848575549  0.21643059284506766  0.22824054675681149  0.24078986435547733
  0.25267174103490558  0.26438639522263557  0.27622384906949798  0.28877065731259327
  0.30150866586557523  0.31318338998577633  0.32332988040755417  0.33355748627119913
  0.34405391172533711  0.35441930836189717  0.36411750030075024  0.37380227572552721
  0.38432833558432983  0.39543706729400302  0.40686492334059965  0.41870158977309868
  0.43056660311019124  0.44135495048681550  0.45089554669721221  0.46084434413181002
  0.47136261510538535  0.48163417769690303  0.49104927296753115  0.50064773883235136
  0.51177462898612991  0.52379559195239744  0.53615197929480252  0.54747247398940468
  0.55814601992015156  0.56911354375552681  0.58017309306890474  0.59097616221026072
  0.60174651154399206  0.61298433904310101  0.62381777137038963  0.63340654119300088
  0.64225799694596031  0.65088677944628215  0.65946305893219015  0.66818326009677009
  0.67634419714587724  0.68435774798956184  0.69352186213462963  0.70421649616506576
  0.71485605161443166  0.72555319309591448  0.73606983235379841  0.74670313310138758
  0.75690061663622810  0.76706901892245272  0.77735413818222687  0.78779326056125676
  0.79828370670229010  0.80868388815354564  0.81946847197756367  0.83053813651685093
  0.84172283673184967  0.85303735838313433  0.86411870989679085  0.87521902575611599
  0.88644415128213705  0.89755307699590670  0.90877414812274682  0.91978999667972661
  0.93057099300142754  0.94066925092201925  0.94992420988739923  0.95908398115566240
  0.96830233257784004  0.97823233126881515  0.98882948791073866  1.00000000000000000
  0.08575964015305715  0.28420272093847465  0.33834616464779099  0.38127371240903313
  0.41730764378075508  0.45021474871295192  0.47804204944648793  0.50333154915197709
  0.52788080061189457  0.55160691925772398  0.57286246114835881  0.59216062567789707
  0.61080248124071868  0.62849230435213865  0.64406186742852167  0.65879476781367585
  0.67244219933188276  0.68539559708878728  0.69789959455504413  0.71011103648921092
  0.72108553933599639  0.73164445082928431  0.74157823772135245  0.75146376654757208
  0.76108026633341475  0.77027442534835744  0.77865838678898636  0.78643809617761673
  0.79412751845079588  0.80153140016997715  0.80865420570698865  0.81544783413838584
  0.82188458464834724  0.82808265674200399  0.83378349637280302  0.83907570663183650
  0.84423596111884835  0.84944925312664266  0.85456984199025199  0.85949072525789028
  0.86430090194024700  0.86913804603284617  0.87388520213180076  0.87845035274332839
  0.88277830109869271  0.88683456889821266  0.89088357559483655  0.89478210174201511
  0.89879275506279532  0.90279698992420998  0.90656338227987932  0.91019961996396204
  0.91381831657478763  0.91741698445651121  0.92098288244529725  0.92436295682983316
  0.92756328201748717  0.93067485715598153  0.93373562384186137  0.93662541527705168
  0.93920309415267844  0.94158460884499340  0.94389192420945656  0.94617120541824640
  0.94844381018250878  0.95065639514015643  0.95283219658297480  0.95496210811960591
  0.95702400134877685  0.95900680581249254  0.96092864477260698  0.96285614103755335
  0.96469878902088235  0.96650989885311767  0.96827755519932956  0.97000204247154231
  0.97168680835055621  0.97327315537938996  0.97481083495006005  0.97636854738561518
  0.97791657775039176  0.97943096522168460  0.98092455089767649  0.98238385739780287
  0.98368394493556421  0.98493679380579002  0.98617759931474547  0.98739048594428902
  0.98857331399738235  0.98974684988204442  0.99098902993445204  0.99231222058143875
  0.99371232214638150  0.99524630167956352  0.99727353693794052  1.00000000000000000
 -0.02063109055501285  0.13714666088223768  0.19128946974617417  0.22552805883595908
  0.25192357831467249  0.27288006462233810  0.29098956336542492  0.30819826574588349
  0.32417608044976154  0.33882307651727278  0.35231126721514799  0.36448737702281542
  0.37601539327409084  0.38747391053421343  0.39763204969229249  0.40714816211931087
  0.41607436327737063  0.42465742590611077  0.43293274301551821  0.44095066436644931
  0.44932941346621452  0.45737156974775772  0.46446851486920648  0.47104467214875906
  0.47734969321633752  0.48346932835089468  0.48913345963770277  0.49484960319207205
  0.50063801677946762  0.50671141024269351  0.51288602937193484  0.51894084416081498
  0.52529037069911866  0.53175791390926563  0.53824954176754725  0.54442064934535384
  0.55013378270311819  0.55571003546923226  0.56124925538770132  0.56683178290045921
  0.57260871287079362  0.57845418289800998  0.58423414749631797  0.58971451211804693
  0.59471715192225860  0.59961702601011690  0.60463012225614210  0.61002246583481834
  0.61564102615290250  0.62110228302653292  0.62638257566311950  0.63145408316023544
  0.63639066411148781  0.64121109801067189  0.64585453513158819  0.65047427596044427
  0.65514251594495865  0.65995704464337623  0.66474574610624171  0.66962972605784998
  0.67442467118752314  0.67923486258529953  0.68393935243936888  0.68876373631305154
  0.69392583555679355  0.69927731105295132  0.70441735353324408  0.70942715153455760
  0.71449787600987780  0.71963405707622197  0.72473179800796661  0.73013501265755965
  0.73577407888152224  0.74162635644539432  0.74762279179246627  0.75365042790354575
  0.75964100262536671  0.76539155049109264  0.77151701664480166  0.77837882474529618
  0.78577344781213987  0.79320373992105742  0.80031641114636021  0.80738941136984910
  0.81460577750858032  0.82170386315220978  0.82883145583880435  0.83620867813914712
  0.84391252816749851  0.85173412870955600  0.86131137160397186  0.87171811728452697
  0.88622728891162461  0.90533099772448611  0.93390298113744374  1.00000000000000000
   3.0446231968787619E-004  -1.0000000000000000     
 T F F F T F F F F F F F F F F F F F F F F F F F F F F F F F F F T F F F T F F F F F F F F F F F F F F F F F F F F F F F F F F F F F F F F F F F F F F F F F F F F F F F F F F F F F F F F F F F F F F F F F F F F F F F F F F F F F F F F F F F F F F F F F F F F F F F F F F F F F F F F F F F F F F F F F F F F F F F F F F F F F F F F F F F F F F F F F F F F F F F F F F F F F F F F F F F T F F F T F F F F F F F F F F F F F F F F F F F F F F F F F F F T F F F T F F F F F F F F F F F F F F F F F F F F F F F F F F F T F F F T F F F F F F F F F F F F F F F F F F F F F F F F F F F T F F F T F F F F F F F F F F F F F F F F F F F F F F F F F F F F F F F F F F F F F F F F F F F F F F F F F F F F F F F F F F F F F F F F F F F F F F F F F F F F F F F F F F F F F F F F F F F F F F F F F F F F F F F F F F F F F F F F F F F F F F F F F F F F F F F F F F F F F F F F F F F F F F F F F F F F F F F F F F F T F F F T F F F F F F F F F F F F F F F F F F F F F F F F F F F T F F F T F F F F F F F F F F F F F F F F F F F F F F F F F F F
  <DiscreteSampler_grid>
  grouped_processes
  1 # 1 for a reference and 2 for a running grid.
  10 # Attribute 'min_bin_probing_points' of the grid.
  1 # Attribute 'grid_mode' of the grid. 1=='default',2=='initialization'
  0.0000000000000000 # Attribute 'small_contrib_threshold' of the grid.
  0.5000000000000000 # Attribute 'damping_power' of the grid.
 # binID   n_entries weight   weight_sqr   abs_weight
    16   10   4.216650738331248E+004   1.394796999049924E+010   4.216650738331248E+004
    17   10   4.216650738331215E+004   1.394796999049900E+010   4.216650738331215E+004
    19   10   4.216650738331248E+004   1.394796999049924E+010   4.216650738331248E+004
    20   10   4.216650738331215E+004   1.394796999049900E+010   4.216650738331215E+004
    22   10   4.213983235700191E+004   1.392953799257003E+010   4.213983235700191E+004
    23   10   4.213983235700160E+004   1.392953799256979E+010   4.213983235700160E+004
  </DiscreteSampler_grid>
