  0.00332281469687363  0.01220983270603916  0.02187017985409608  0.03164746256846840
  0.04152843539521752  0.05179784380840823  0.06184617437894210  0.07167396031260552
  0.08169355525683460  0.09205250676655213  0.10251559098186572  0.11290617679673737
  0.12358573928310881  0.13403209703595642  0.14431726362372088  0.15446376250801719
  0.16473896012973155  0.17499775994370104  0.18538222322198475  0.19590324571458503
  0.20655426246705921  0.21684224847625874  0.22727080382646894  0.23780351179236742
  0.24829957025616736  0.25869452352282879  0.26894001714165966  0.27941217854930728
  0.28956585133289514  0.29999123145180601  0.31049446820717957  0.32110405885641807
  0.33151676291342724  0.34192176789344381  0.35228203478276954  0.36314516385457973
  0.37377302872852725  0.38463706585853480  0.39522604038253395  0.40593594765391555
  0.41668890853749330  0.42732734792847987  0.43776791628265005  0.44808063256137076
  0.45840099381057914  0.46895266749890557  0.47967914214364843  0.49010445260624175
  0.50053317735705882  0.51080129381061745  0.52138182236065478  0.53212246744220826
  0.54282098995493788  0.55362860693108062  0.56426255823954108  0.57483705495689685
  0.58534398650834629  0.59573882587870941  0.60631101751103833  0.61699795650706502
  0.62794085073154426  0.63890218972737645  0.64955272104643758  0.65992576297278893
  0.67026967804821713  0.68086775812784939  0.69158847494329767  0.70199663351696240
  0.71233732487282408  0.72255623036819494  0.73308897494542269  0.74364923588057752
  0.75395609909212169  0.76407706015412113  0.77421598319858120  0.78438597312445424
  0.79479836691660988  0.80541511629608586  0.81601158280983377  0.82669652010045935
  0.83714143791472828  0.84756952367084892  0.85765847993445554  0.86768801938864448
  0.87791695656378033  0.88817594530872201  0.89884202422141268  0.90958707064485356
  0.92050907741339738  0.93133515477618634  0.94237839221713915  0.95323489818263252
  0.96423946001426619  0.97533828059281058  0.98750888690385419  1.00000000000000000
  0.00707106148737392  0.01583390491615690  0.02689760943647356  0.03861184161730610
  0.04975505157059079  0.06083571073480094  0.07162667295399322  0.08225351615551167
  0.09259391791047812  0.10275414511764036  0.11308977156317863  0.12350055688949960
  0.13388290636723027  0.14428041197430577  0.15485260470744799  0.16574627299751390
  0.17662893418626241  0.18751692859385835  0.19829069973431146  0.20896089987565500
  0.21943368872198191  0.22989475469996676  0.24025676883019334  0.25053006388998905
  0.26077477274558269  0.27117584740967787  0.28183476952634617  0.29265720634507808
  0.30350655629212153  0.31426640616025808  0.32497194163169690  0.33575857966498202
  0.34664248904173228  0.35742082243729217  0.36797613859206402  0.37839428501513822
  0.38889628410320781  0.39956735794794879  0.41035015709590716  0.42110640624143247
  0.43197341374524145  0.44312996938592747  0.45430040169596270  0.46531020209143331
  0.47600176249761417  0.48639912050950135  0.49660358543790412  0.50676568569132652
  0.51674640285853779  0.52689680477548173  0.53743104057411284  0.54842306135847307
  0.55963135773506001  0.57048178422934515  0.58116469625248002  0.59142185317720342
  0.60166426829425446  0.61157936458015794  0.62160401042778746  0.63166687648021047
  0.64194828642370760  0.65225932770414397  0.66269339353701273  0.67302398468380054
  0.68338668938389890  0.69382561695246592  0.70450570278119584  0.71494706099558147
  0.72535094140439105  0.73562359478088413  0.74590762684803835  0.75610705898189978
  0.76631746092023945  0.77647248040178263  0.78657759386809956  0.79672245421407706
  0.80716281292839642  0.81775703510801456  0.82838162013015426  0.83890576173192266
  0.84932218446087782  0.85967037287162085  0.87000575502367472  0.88021230699282882
  0.89058048497688136  0.90108113372830201  0.91177118022188819  0.92222952921337087
  0.93242341056851619  0.94254722018371062  0.95273389975932055  0.96306601013453441
  0.97324330175156315  0.98304525416846988  0.99186868695960773  1.00000000000000000
  0.00346236815725557  0.01101928566271993  0.02086743640462871  0.03096227100051802
  0.04122459085259226  0.05151981063717959  0.06155255702719775  0.07186822182784475
  0.08218369009779805  0.09275380259797060  0.10316704302484812  0.11359691820312058
  0.12384610097408864  0.13407719223037515  0.14434487366919777  0.15478961573072358
  0.16527327078691537  0.17539189547465836  0.18531220810353022  0.19535209397151054
  0.20543965871280281  0.21556514533623361  0.22556885771915164  0.23579444497825355
  0.24620044933596053  0.25676820784329313  0.26739461074079979  0.27788513181321356
  0.28861074329882119  0.29932426193176775  0.31023416711413959  0.32096443325685403
  0.33146782278684023  0.34195492038663633  0.35243927252544277  0.36287901998231081
  0.37315161592738683  0.38341666792648876  0.39373708719705947  0.40392744235450873
  0.41415269574464419  0.42452070010254495  0.43508132344165196  0.44574650511322711
  0.45649118820265133  0.46740104622741763  0.47818541196077685  0.48869510390681409
  0.49886377510538549  0.50895144122579117  0.51894147030801652  0.52901261878333050
  0.53938114088166911  0.55009109690211266  0.56090486184805799  0.57115200838248259
  0.58140921754297781  0.59154792996209093  0.60216532930220201  0.61246348251513616
  0.62310802549673105  0.63407553465363298  0.64478046815432288  0.65535501094566828
  0.66559054246250271  0.67638264346038302  0.68746560204124929  0.69871837307503992
  0.70975798271863011  0.72066032424037141  0.73143953171428466  0.74199954336156826
  0.75263425917205617  0.76282774303076206  0.77307413368993783  0.78311411245604934
  0.79345849729540974  0.80448935471510652  0.81538541164489797  0.82617938732190543
  0.83655326843502653  0.84688464982512912  0.85721628089351409  0.86743334152681528
  0.87762801581057670  0.88819461594803184  0.89860763494086093  0.90939757287029011
  0.92015445320176636  0.93137972047363926  0.94237047513021077  0.95353630832127056
  0.96466013487710800  0.97587736330813668  0.98772766555885627  1.00000000000000000
  0.00541270909208782  0.02138208423783005  0.03670711854206678  0.04998311472071561
  0.06205115220389715  0.07355395130152191  0.08434364282832346  0.09496390387418117
  0.10533782534497978  0.11530879081025563  0.12559292087672946  0.13605285383955132
  0.14688719955661461  0.15758625715565799  0.16822296832561914  0.17871687565085251
  0.18905578239307641  0.19955759793326386  0.21007665754355026  0.22047570685173937
  0.23064252525523332  0.24078384711743395  0.25104582876375076  0.26157658626817509
  0.27233237237763536  0.28308788988377320  0.29367490480680286  0.30411326211618067
  0.31459115244548713  0.32503940043221580  0.33551563538116674  0.34606463972713458
  0.35679211114003717  0.36753910420465796  0.37805697690602530  0.38821709125117693
  0.39822827957456192  0.40840073132994154  0.41882462905459733  0.42920190731529095
  0.43944308212223621  0.44965812760976154  0.46002383490359405  0.47051108334358993
  0.48121006293623236  0.49211993030533563  0.50322881258214802  0.51437689412292875
  0.52538661062181491  0.53624381520216180  0.54697730537860445  0.55751831923722983
  0.56784747954291226  0.57813829332815869  0.58839909465068962  0.59860019214506077
  0.60859696797964036  0.61861208773110565  0.62891478204146034  0.63956846638612841
  0.65023653461795694  0.66075951983121284  0.67110087597085932  0.68145247044332069
  0.69173080749637739  0.70191236145963298  0.71195329764481330  0.72197515896657860
  0.73202334429887750  0.74216982133204279  0.75233556060049267  0.76262182493832464
  0.77292121210026210  0.78337366569436029  0.79367740782739926  0.80384532680375986
  0.81411303457810513  0.82441482403436817  0.83452489147954789  0.84424938839550256
  0.85408781062666805  0.86421797058073557  0.87442610142508004  0.88456454912436411
  0.89462974385014737  0.90488101474119265  0.91513938282530671  0.92541327948339247
  0.93555298041395529  0.94555819280930775  0.95541555843859394  0.96512604779454503
  0.97455102552498729  0.98320370770076593  0.99192924466080878  1.00000000000000000
  0.00000003633701248  0.00000667145932688  0.00001232182782049  0.00001706093188146
  0.00002157614527359  0.00002593797379297  0.00003009001627146  0.00003423682106563
  0.00003839889198174  0.00004253468194131  0.00004654652649847  0.00005055645988247
  0.00005459376738557  0.00005869254503393  0.00006287161603738  0.00006715182121107
  0.00007153724960470  0.00007602578022527  0.00008065395563469  0.00008537240283343
  0.00009009025336043  0.00009503387991907  0.00010007127267536  0.00010531255618613
  0.00011061054617479  0.00011607988501505  0.00012159558751714  0.00012724113327348
  0.00013326001449457  0.00013952188910549  0.00014606455628924  0.00015308869681555
  0.00016052175820108  0.00016855202377682  0.00017697023547903  0.00018567636912318
  0.00019451062014130  0.00020353938551334  0.00021283406811926  0.00022237260970899
  0.00023221685187089  0.00024237970892322  0.00025288201666257  0.00026377613335050
  0.00027506346621917  0.00028680722546408  0.00029906169219408  0.00031187065046065
  0.00032536974137206  0.00033948574868473  0.00035432371823855  0.00036982159880636
  0.00038608593899591  0.00040331174783434  0.00042146295665961  0.00044064625337963
  0.00046064542011600  0.00048216381298675  0.00050458578373115  0.00052817539079613
  0.00055298227313932  0.00057899113890081  0.00060675065616071  0.00063537703118894
  0.00066546040557634  0.00069699614498942  0.00073128572871981  0.00076846471328380
  0.00080870589960868  0.00085137505699808  0.00089811032099967  0.00094993873057501
  0.00100519123459553  0.00106300431564407  0.00112270081360297  0.00118709906481142
  0.00125847857406454  0.00134141595510943  0.00143784852572724  0.00155229116588964
  0.00168270342284772  0.00182617751798596  0.00197938690043678  0.00214901399414021
  0.00234604598016202  0.00258041618820944  0.00285285761398885  0.00317968393937232
  0.00357774682903707  0.00410666918798499  0.00473935959181608  0.00539904592736492
  0.00646567071624050  0.00814323225891179  0.12493021555642742  1.00000000000000000
 -0.00228047001601041  0.00915898899766904  0.01914108707388401  0.02985926414404971
  0.04064870921670721  0.05239125609667987  0.06382132958942664  0.07542599310432935
  0.08635407799390739  0.09733426448139200  0.10826769789026718  0.11938177209926500
  0.13006687117906304  0.14042274043394615  0.15130468640312866  0.16245241870985508
  0.17364271170212758  0.18462829006751763  0.19585435306695492  0.20724821553395623
  0.21850324807478994  0.22962622169608107  0.24069039362047587  0.25183885713605680
  0.26297730579251066  0.27397130993415247  0.28492354560274963  0.29601758478838830
  0.30727008273056194  0.31836112712256820  0.32935126203990706  0.34035109938486896
  0.35132206234712149  0.36203123738738990  0.37258958734440417  0.38317048166052670
  0.39389147626324977  0.40467519695471005  0.41539923608639945  0.42595730276502486
  0.43641791161948196  0.44704743973791805  0.45764027606426921  0.46814768489954778
  0.47854474449185969  0.48891158489392994  0.49944459156830939  0.51016180838085634
  0.52084127381911260  0.53151767552449303  0.54225836437817443  0.55309788789048364
  0.56381607803272238  0.57436953025473170  0.58479339333045377  0.59508133700970667
  0.60528882708823961  0.61543351248658651  0.62555230973577269  0.63547366962287088
  0.64547184073638864  0.65560996538440175  0.66583646619376846  0.67590333106449485
  0.68592660491413804  0.69573890541417105  0.70542778920241422  0.71495271186062903
  0.72466943360313141  0.73466340617236137  0.74495325958944103  0.75533054871372363
  0.76591687140049758  0.77634069309416831  0.78655908308387679  0.79637310648871795
  0.80600060182265232  0.81604157577147995  0.82616014583636599  0.83626650022335847
  0.84623468531037493  0.85620025448641446  0.86658217952600025  0.87683166334817242
  0.88692431898112389  0.89684506708660872  0.90715551890616641  0.91740192207469451
  0.92833786387168105  0.93900561536426264  0.94992062825895374  0.96002815775450023
  0.96994411758161747  0.97968788576203136  0.98974415985496633  1.00000000000000000
 -0.00231326985270489  0.00921068592746233  0.01948138672486085  0.03043936003304874
  0.04084994212955409  0.05095131782278128  0.06124239153110868  0.07188708380518392
  0.08243588352665659  0.09270326300284613  0.10330846599835265  0.11389039316378374
  0.12476306226628811  0.13543444911521130  0.14618831701381024  0.15683059099089233
  0.16729348160497162  0.17768712085234767  0.18810446292527189  0.19869395473487453
  0.20929541238805124  0.21970490436806736  0.23011934985552882  0.24073129841972407
  0.25161356617626646  0.26234774694006641  0.27292882557791387  0.28355661609144373
  0.29442101150310940  0.30532459882165164  0.31582196838185111  0.32610171950965494
  0.33642400717971754  0.34666663059373320  0.35666890305038074  0.36643431511811819
  0.37640436323956777  0.38679729305116878  0.39749811239830879  0.40844434864240575
  0.41943431727383640  0.43029105300467935  0.44096691936385563  0.45151413677557195
  0.46195437870326483  0.47240165233192682  0.48272502459318639  0.49319832058709573
  0.50366745655152856  0.51426826448269192  0.52467310596591477  0.53506981469391646
  0.54560906772385342  0.55629815397997118  0.56696680915033182  0.57749557716246158
  0.58802669167025112  0.59878400287521305  0.60965116474429959  0.62072677126591946
  0.63175979094014267  0.64246799605024618  0.65290371342364506  0.66307847332397596
  0.67358038612825011  0.68423150108327524  0.69480305277419074  0.70519076742609810
  0.71577814273031448  0.72623115533824112  0.73664126415749409  0.74698175188723348
  0.75766809948022462  0.76848084872960620  0.77919545268764245  0.78962747054105431
  0.79987004376173798  0.81002152565410390  0.82044440926763329  0.83072788745080084
  0.84097124657512590  0.85109991595256107  0.86140923483992482  0.87190179956708813
  0.88232453084218732  0.89298728439667374  0.90345570585196855  0.91381905124107998
  0.92421604527293444  0.93499010764293067  0.94550035151713663  0.95595948327663249
  0.96651634595457137  0.97751804174529822  0.98869800311585310  1.00000000000000000
 -0.00245238635206387  0.00968823164623750  0.02039880840816474  0.03142493075847088
  0.04223950992294175  0.05297250536032087  0.06345122028121922  0.07414130059539456
  0.08482299734715955  0.09553816457587372  0.10611252767761591  0.11630127707905701
  0.12643052037076902  0.13624488573277208  0.14605332958730793  0.15609424102166977
  0.16653500074574168  0.17738081021803942  0.18801015223147219  0.19861475536988038
  0.20910936876364714  0.21966874729550823  0.23034474983712311  0.24130530298077094
  0.25214624315530348  0.26294687104178627  0.27367115641066786  0.28434139588652668
  0.29484184423550142  0.30527375070707458  0.31566756197291113  0.32600813117547822
  0.33634172723863970  0.34682137384970735  0.35691716837037224  0.36688397819552399
  0.37724126121068757  0.38781470489003583  0.39824074149850930  0.40830464392789262
  0.41825682887030813  0.42849448039531163  0.43873013341349421  0.44904323187313933
  0.45952856403386177  0.47029714851314608  0.48106040013118001  0.49180868278485551
  0.50242230906011387  0.51332190148730783  0.52446246428611898  0.53552500498111555
  0.54638390293318806  0.55682806074923208  0.56736230239837415  0.57790766862522669
  0.58830253565801716  0.59855807820129003  0.60899487097643012  0.61982460183144705
  0.63027724114627992  0.64079767139648336  0.65141763354877658  0.66204908057747369
  0.67246878000092059  0.68267510356568972  0.69333032070319345  0.70388489705310808
  0.71419939000998678  0.72458138676664408  0.73502373039459701  0.74566177757759766
  0.75633852181012484  0.76708496955315497  0.77775147225298435  0.78831280590477282
  0.79891752361900747  0.80978392259744203  0.82062508660100042  0.83134791888902226
  0.84220842486772862  0.85304670569903018  0.86365052455770985  0.87428416514683804
  0.88507069790350812  0.89592120704132805  0.90630347092297237  0.91677540696155457
  0.92717243243409175  0.93784652973181182  0.94835901001191170  0.95886044103724699
  0.96926419431370603  0.97948070274443355  0.98961673319148102  1.00000000000000000
 -0.00231312377431457  0.00929791861464868  0.01953114229361067  0.03007344777599335
  0.04067958848430788  0.05133745197146037  0.06195558883755416  0.07222957390639934
  0.08238773089742439  0.09270194799527515  0.10318303264219764  0.11359898789650867
  0.12421391687031177  0.13503819070274903  0.14602268781758299  0.15675255133723187
  0.16718850007312705  0.17756637271153078  0.18802161291524677  0.19887130277059772
  0.20974589918894937  0.22057405293085641  0.23123119928108599  0.24190518642513165
  0.25244743671435071  0.26297179721167979  0.27364401952429013  0.28437358706121990
  0.29522788734084238  0.30602066945994555  0.31697423638433353  0.32794195250749641
  0.33860128335388751  0.34940511606666697  0.35981902105992314  0.37026174484456792
  0.38066443709621517  0.39112776524815479  0.40179581952570392  0.41245977646595539
  0.42351851585820205  0.43425146142858984  0.44485476444772892  0.45527356951295250
  0.46563512330529855  0.47571612825599746  0.48587193628960917  0.49618745602166581
  0.50669147981447371  0.51720761347277788  0.52756828362440811  0.53793864597680563
  0.54849311376512344  0.55946020767559446  0.57035321279537543  0.58106435505555831
  0.59167070212597528  0.60211863172828062  0.61257309564814855  0.62313375388098069
  0.63392502080881830  0.64443808882784848  0.65485333187452544  0.66515741256862970
  0.67543100071853546  0.68575837137187412  0.69612579747269454  0.70662859418447710
  0.71704438606402343  0.72740885213389384  0.73766614211042425  0.74834022011013834
  0.75895406193927695  0.76935136502745438  0.77951923411652613  0.78960515771796491
  0.79975773021396257  0.80968274085957415  0.81991892012216017  0.83067455079293262
  0.84147777402540835  0.85211132124463751  0.86277302036494730  0.87323327923227279
  0.88368300247636167  0.89421977378966122  0.90509679377510532  0.91573031639284130
  0.92638093247155073  0.93692570079118931  0.94760638472614078  0.95828283600343600
  0.96909491858709151  0.97989791356180334  0.99003584787813081  1.00000000000000000
 -0.00241956563603626  0.00931515356117970  0.01951621943407059  0.02993104383376888
  0.04029633811495426  0.05050352993951957  0.06056359697554356  0.07048126194170981
  0.08010979960164938  0.08993422026599197  0.09981086870541649  0.11041951719189728
  0.12092760508597154  0.13090679169187802  0.14056959886827342  0.15052283855846893
  0.16072829806107555  0.17078481488820005  0.18089331932856662  0.19122306330564623
  0.20155872348196244  0.21152729645401852  0.22153067458659598  0.23197994170877470
  0.24280986396363249  0.25344083542696533  0.26364437405866537  0.27384419619996492
  0.28406154842978165  0.29455209536668525  0.30514808243265934  0.31608795309753224
  0.32714601827257273  0.33824443581257713  0.34900910458167778  0.35959260526236536
  0.36995848751454208  0.38019260787575238  0.39039778554297411  0.40064036839225420
  0.41123998190970662  0.42194642259490528  0.43261095786547366  0.44288300935430958
  0.45303078600659502  0.46316562394974381  0.47350049077803591  0.48393792013468723
  0.49424268393453896  0.50458874075927573  0.51481612195176174  0.52519817622389708
  0.53558998775096667  0.54593396698517238  0.55646224653132059  0.56694726395726924
  0.57729408855904640  0.58754628225400429  0.59779249928906364  0.60834738969082580
  0.61897116236092942  0.62969712937969247  0.64045283314410939  0.65097072891830654
  0.66162713636353188  0.67232204744797253  0.68306508377183317  0.69352786118047693
  0.70405530088055102  0.71509368831715581  0.72616002189010154  0.73698576842303543
  0.74773732735886467  0.75885079617177098  0.77008978758247693  0.78115898203449829
  0.79221443242616341  0.80307029828951626  0.81360774441167660  0.82430322825051916
  0.83519618450750832  0.84652555815562724  0.85752783076894512  0.86863505050030898
  0.87964958671186899  0.89079957583196245  0.90198002414411993  0.91327595455164434
  0.92457057889196592  0.93558874230137734  0.94649783978315705  0.95755879076051198
  0.96815246671878952  0.97874819784417355  0.98931943624948859  1.00000000000000000
 -0.00265658409829319  0.01022064230944559  0.02102753075536988  0.03171058827115115
  0.04234365736851323  0.05284542597319308  0.06341256760548855  0.07366074748250778
  0.08390396735352729  0.09386612761809798  0.10353338569708509  0.11350333273803129
  0.12365046611500426  0.13428867441887843  0.14469779759408161  0.15506695007057972
  0.16547081316806755  0.17614394358990929  0.18698502432708261  0.19765900339291395
  0.20801339557634790  0.21826177862048049  0.22859589118679616  0.23915569310803592
  0.24984205556619257  0.26051908611198360  0.27124976757931296  0.28190846617566495
  0.29248429967679368  0.30294914937229900  0.31337115544504057  0.32382006597222346
  0.33417185428055385  0.34446624503668821  0.35480175150367177  0.36521105266922482
  0.37562364616314875  0.38599434980779163  0.39628453742870590  0.40653546129282853
  0.41690298789932773  0.42745022782514386  0.43807409936550362  0.44868609829758654
  0.45927693069659653  0.46988559535785751  0.48046362234069689  0.49112060995004925
  0.50192823864661462  0.51272404589266607  0.52343918216426544  0.53419598127054058
  0.54512738038709285  0.55617014015283106  0.56711304616318592  0.57801778844986107
  0.58899195601656407  0.60004804967294378  0.61096777912783484  0.62184730588147807
  0.63270562033181932  0.64350428176538943  0.65405571267317464  0.66441323587634893
  0.67476618607916150  0.68513921168128911  0.69569858994700839  0.70647401628838769
  0.71722222586344442  0.72779582587184222  0.73834190041187364  0.74896297702695658
  0.75951655734451939  0.77006136297460825  0.78085747524738769  0.79177623638991934
  0.80238377517576631  0.81300051628865688  0.82370997505880372  0.83458518124466230
  0.84498494490182585  0.85526594027473868  0.86572540104178197  0.87608800788054586
  0.88657141819445084  0.89650975334117355  0.90674559651008113  0.91676394083109969
  0.92696816284489958  0.93704894008764239  0.94754769663003591  0.95796177455512366
  0.96862011252239322  0.97898986213434047  0.98958314676390435  1.00000000000000000
 -0.00222312053166761  0.00888020332960386  0.01881769172935920  0.02896001316683203
  0.03950372266147278  0.04965706961857604  0.05990329739503834  0.07012675828531671
  0.08035433443325267  0.09075696776853262  0.10100089169494057  0.11160396397493327
  0.12196297298265538  0.13258376293720789  0.14320068701129818  0.15359410788079492
  0.16404209700235234  0.17448121969931676  0.18507051210428174  0.19565073696063742
  0.20612153422329269  0.21688281262598338  0.22798076712347712  0.23882671516034915
  0.24931399919847247  0.25981555151317182  0.27047464802211657  0.28113595806916053
  0.29161445503308131  0.30209582716407357  0.31248273489629258  0.32274709153416770
  0.33306237630039442  0.34362579128434023  0.35442411405394358  0.36537180621167420
  0.37608899188643186  0.38663136810791793  0.39724015269029800  0.40819707147099044
  0.41922209177609271  0.43006242811401374  0.44076410354360901  0.45147258662176076
  0.46225133162466642  0.47307390738184446  0.48393669099003539  0.49460565214712437
  0.50512170816371427  0.51565710121529162  0.52618985477367020  0.53671993709811006
  0.54727504616522626  0.55789672589162209  0.56838509129577408  0.57847346074624395
  0.58855036703981478  0.59868657003176462  0.60888268178885441  0.61908216357204404
  0.62975260267202426  0.64056743444074637  0.65135528675222865  0.66196666625960898
  0.67282650929347787  0.68353715037271068  0.69398778678776230  0.70458181821890686
  0.71541067588526408  0.72633352720825350  0.73702395385962283  0.74745492368797806
  0.75770783583978873  0.76800479774315378  0.77821974788616344  0.78852580181698151
  0.79867654858070525  0.80898387085464851  0.81952660595448090  0.83026018834533355
  0.84105823016802772  0.85171466811637719  0.86251438780939327  0.87329360513665555
  0.88410387833294979  0.89489395952623141  0.90564854685487461  0.91624858184650959
  0.92671442654417591  0.93727214867441699  0.94773870922002557  0.95814810248935178
  0.96855371305581717  0.97919586311953177  0.98967635113809094  1.00000000000000000
 -0.00211241698327664  0.00876232025179130  0.01796763623514963  0.02799751693821333
  0.03788736872903271  0.04792403838174902  0.05798033219424117  0.06868091010137277
  0.07936510942403313  0.08990816386226723  0.10028826939080858  0.11087297284935253
  0.12164049379022621  0.13215463267402483  0.14273207605499119  0.15327508003534623
  0.16399710629210840  0.17459235356932182  0.18548521777221308  0.19637482042049886
  0.20743188826225123  0.21819657073264748  0.22882769247687407  0.23946733736111955
  0.25019389883298643  0.26101464725848972  0.27166599711215395  0.28239864696088712
  0.29302615532150050  0.30363851270406278  0.31425006857348736  0.32503781613024102
  0.33573744610976353  0.34634924291529512  0.35694597402920353  0.36791701493029777
  0.37861707812740714  0.38933729023978042  0.39985884625405654  0.41072663351053307
  0.42146527897474972  0.43242902416491974  0.44320450490143631  0.45402427117017691
  0.46417360876053360  0.47422471967246160  0.48427057490727365  0.49458520082607876
  0.50493226521507983  0.51505241868540763  0.52533607674403393  0.53577391221296122
  0.54623812576281905  0.55683976608786112  0.56746351838164344  0.57842327673701666
  0.58881394314074176  0.59925864596496958  0.60972874813325972  0.62042942880108187
  0.63144860373846390  0.64248184872096203  0.65333988441196023  0.66393931987407162
  0.67449978452784731  0.68510775869203711  0.69566179880492252  0.70626997540493752
  0.71690782579130363  0.72750170786500623  0.73805066698660515  0.74827251273116402
  0.75831751848818674  0.76829619699842089  0.77880309822946669  0.78959814397014594
  0.80017674414694362  0.81049035282791670  0.82090649832010454  0.83130629526440702
  0.84184702290028091  0.85224047474765374  0.86313572997957988  0.87410978668971051
  0.88471662335305779  0.89534425703295328  0.90573480181116939  0.91635742792630182
  0.92679251619092007  0.93696454178982014  0.94735546401777460  0.95785594993938195
  0.96868326308538077  0.97904586742260147  0.98960852826265433  1.00000000000000000
 -0.00240705807629724  0.00914738388411138  0.01940809453053724  0.02982300758372013
  0.04053774615163442  0.05149815737718189  0.06235074785946482  0.07332329023661799
  0.08424625165515739  0.09532344327499893  0.10602481187215761  0.11639546879524293
  0.12653826882498725  0.13688620202400603  0.14716919146808052  0.15787150492695110
  0.16824597916085560  0.17867177000652676  0.18872592416385767  0.19886979252605294
  0.20880015597524584  0.21893837683799075  0.22922088959637116  0.23963861152975374
  0.25024655800331114  0.26069131622842850  0.27134283217608474  0.28190551062650770
  0.29279530097099760  0.30362565267827279  0.31430294540444342  0.32471919065695121
  0.33496923862635769  0.34543029852058732  0.35598717094530113  0.36680554243660735
  0.37745546954970444  0.38820383416630705  0.39881621119849581  0.40921784745854684
  0.41964324574276052  0.42992862062025700  0.44039421248900074  0.45080406772560550
  0.46129858638968751  0.47174436331251318  0.48247513127609787  0.49340056281298128
  0.50453252300670193  0.51561730224390889  0.52650177259830522  0.53722491041072262
  0.54805505415300182  0.55885507367657095  0.56916329324898252  0.57928250323925701
  0.58940724079560136  0.59976030922735646  0.61000986460207196  0.62012562813274941
  0.63010714157098002  0.64002310589215505  0.65011091340219529  0.66049274215862142
  0.67093702845239800  0.68155992876750038  0.69202946798396447  0.70276647314058593
  0.71367517844105810  0.72475660815282394  0.73559163213771150  0.74609043618867921
  0.75639541816554390  0.76661154936536346  0.77704252820134589  0.78757516597793309
  0.79825401025905252  0.80894842807696021  0.81963593449979100  0.83027402184529853
  0.84110378886311654  0.85191797865128183  0.86295107905214385  0.87385384647265341
  0.88483575635330924  0.89581512559859966  0.90674877358956130  0.91751949796747800
  0.92778322437661354  0.93803268318908817  0.94854967286416303  0.95905552267232430
  0.96913033200063337  0.97916049240233383  0.98945129554853062  1.00000000000000000
  0.07289421159589156  0.23541797699536884  0.26895540280710140  0.28656430710556979
  0.30042141930511568  0.31258516995652097  0.32364810861858551  0.33426025800866971
  0.34430581601268406  0.35406275478001786  0.36305250920846049  0.37188898110078844
  0.38045163334182369  0.38858769977165508  0.39652954275658903  0.40426057543946320
  0.41187219389628221  0.41936889934330190  0.42665939118528834  0.43381366707822666
  0.44084814292798535  0.44756909685880369  0.45436968702580255  0.46094749778713262
  0.46746389714139908  0.47394743540819279  0.48054162013499008  0.48708173601315025
  0.49363133246400009  0.50024867436918585  0.50676653589848464  0.51313402034391065
  0.51932305142501922  0.52555876084870534  0.53180514240130305  0.53790482845402032
  0.54387146712711454  0.54971920201998836  0.55565436852200933  0.56171530870225017
  0.56774715641822804  0.57374457713064697  0.57963720120978302  0.58535847317747547
  0.59096366222747598  0.59651864961554923  0.60212654537135768  0.60790624648334135
  0.61376753010129370  0.61954847306674110  0.62527194999725999  0.63098188320459481
  0.63671480822332671  0.64248609492267517  0.64826009547196528  0.65407403768750760
  0.65991477386116382  0.66580093378591454  0.67165592255782236  0.67741464269499652
  0.68304753138985685  0.68881793627380372  0.69467600021601805  0.70074324537851362
  0.70678373810694517  0.71290855331163039  0.71899882811053861  0.72510177912968055
  0.73124319329790766  0.73744553043381045  0.74366108129539066  0.74990914196919400
  0.75616925041499639  0.76243441143365553  0.76875888550566440  0.77512855598092267
  0.78160502574241009  0.78828485196698916  0.79522030908172048  0.80234660636976907
  0.80956846086274259  0.81688472863108752  0.82430663443956786  0.83185790406368265
  0.83972186948056082  0.84788432842225259  0.85636118203160627  0.86529652825996384
  0.87476904891147755  0.88495593532735461  0.89589922047323656  0.90775493106186966
  0.92089159817793487  0.93642504567583906  0.95913497551093096  1.00000000000000000
 -0.02536562917570084  0.12211413355433071  0.15774228213059499  0.17945940300488414
  0.19633731213533373  0.21080373097049401  0.22371039880003168  0.23551316935651212
  0.24652527135181151  0.25671516983921594  0.26619348633448314  0.27505255378457266
  0.28353261803619734  0.29187971730007067  0.29990840186331030  0.30779585948743410
  0.31546588727230079  0.32274496623526377  0.32978973229753067  0.33645440712051333
  0.34297535008810165  0.34939771162095828  0.35578805658626222  0.36210341909607485
  0.36848029889846046  0.37483758560010727  0.38112535513389922  0.38724973476932617
  0.39320532192219398  0.39907523635692255  0.40489117480205222  0.41071954038987957
  0.41647655178280246  0.42214349878660296  0.42778223862327769  0.43340718549668295
  0.43901386952330890  0.44460373045596596  0.45015283268963779  0.45564003042990575
  0.46108216074873304  0.46642845390692178  0.47176558899914328  0.47712115844992742
  0.48240129317168717  0.48761916005733746  0.49284104211016250  0.49804059801637435
  0.50323061520924695  0.50848724147323232  0.51372914965547511  0.51892113115295724
  0.52406981881498327  0.52923657779017574  0.53448673153179449  0.53983513346669709
  0.54528075896910044  0.55076140992783373  0.55628598186307443  0.56193010754962136
  0.56762252742279351  0.57336044470208480  0.57906092835117362  0.58480501200900092
  0.59053067383473168  0.59623934774686349  0.60190407374087462  0.60777139808952052
  0.61379317544291911  0.61983753508011441  0.62588565440644961  0.63203990348238448
  0.63830425444104566  0.64466888016015478  0.65121053836741039  0.65788475890398723
  0.66460773292727948  0.67148248593340565  0.67846568978665112  0.68567136972153986
  0.69322135540211161  0.70114455943964238  0.70925087609411297  0.71760617609516042
  0.72613748615835261  0.73497367674415803  0.74431285418999116  0.75425396993710658
  0.76488672082159392  0.77641640050823812  0.78922539600707997  0.80373000575459863
  0.82088023560781254  0.84204165655638374  0.87698493166893632  1.00000000000000000
   4.8399215552636797E-005  -1.0000000000000000     
 T F F F T F F F F F F F F F F F F F F F F F F F F F F F F F F F T F F F T F F F F F F F F F F F F F F F F F F F F F F F F F F F T F F F T F F F F F F F F F F F F F F F F F F F F F F F F F F F T F F F T F F F F F F F F F F F F F F F F F F F F F F F F F F F T F F F T F F F F F F F F F F F F F F F F F F F F F F F F F F F T F F F T F F F F F F F F F F F F F F F F F F F F F F F F F F F T F F F T F F F F F F F F F F F F F F F F F F F F F F F F F F F T F F F T F F F F F F F F F F F F F F F F F F F F F F F F F F F F F F F F F F F F F F F F F F F F F F F F F F F F F F F F F F F F F F F F F F F F F F F F F F F F F F F F F F F F F F F F F F F F F F F F F F F F F F F F F F F F F F F F F F F F F F F F F F F F F F F F F F F F F F F F F F F F F F F F F F F F F F F F F F F F F F F F F F F F F F F F F F F F F F F F F F F F F F F F F F F F F F F F F F F F F F F F F F F F F F F F F F F F F F F F F F F F F F F F F F F F F F F F F F F F F F F F F F F F F F F F F F F F F F F F F F F F F F F F F F F F F F F F F F F F F F F F F F F
  <DiscreteSampler_grid>
  grouped_processes
  1 # 1 for a reference and 2 for a running grid.
  10 # Attribute 'min_bin_probing_points' of the grid.
  1 # Attribute 'grid_mode' of the grid. 1=='default',2=='initialization'
  0.0000000000000000 # Attribute 'small_contrib_threshold' of the grid.
  0.5000000000000000 # Attribute 'damping_power' of the grid.
 # binID   n_entries weight   weight_sqr   abs_weight
    10   10   2.014852522669054E+002   9.952058651172428E+004   2.014852522669054E+002
    16   10   2.014852522669052E+002   9.952058651172406E+004   2.014852522669052E+002
  </DiscreteSampler_grid>
