  0.00370712592828129  0.00994406343673085  0.01974434404407549  0.03023417179717377
  0.04028340767799207  0.05087389448046371  0.05985713887384445  0.06761233121188942
  0.07414687659324996  0.08099923443321341  0.08925666755414401  0.09859715403142724
  0.10845118802705701  0.11716041493770578  0.12550991370520520  0.13517909117624796
  0.14614293468922038  0.15659311628560316  0.16661248637904821  0.17715992846832079
  0.18779905777363490  0.19853387114707610  0.20964561772801080  0.22256135231182633
  0.23344042722462929  0.24318994138517147  0.25236277843730354  0.26198242981209674
  0.27244006951979638  0.28269748303213615  0.29290159566387353  0.30400494024569319
  0.31627136871021772  0.32921657202598864  0.34125024003627219  0.35192925888906018
  0.36252253622671787  0.37279355770822409  0.38262501848873459  0.39239861906876883
  0.40192188628699982  0.41070216954705385  0.41911428130847916  0.42776085767883409
  0.43558554087958384  0.44386374819855978  0.45250526014884890  0.46260558071949909
  0.47366450830226747  0.48382481381862597  0.49330602223841458  0.50262097782609561
  0.51280301797349570  0.52339533148528439  0.53435486338908567  0.54455372397455393
  0.55525465479524005  0.56543965814093422  0.57552818128876215  0.58628547928724306
  0.59776440884991600  0.61011524289983676  0.62241223635501108  0.63408811557420530
  0.64501168256393138  0.65641788820693869  0.66729923061268870  0.67786650414142113
  0.68825362870275286  0.69892617098510845  0.70883792930760048  0.71831458331735365
  0.72774940005250965  0.73876319615091746  0.75099477597109188  0.76390098281299723
  0.77623463515743207  0.78778030583538083  0.79976456993105827  0.81217997631302419
  0.82438430620350300  0.83658238376212501  0.84868815162455780  0.86090222399931715
  0.87196919816845730  0.88279826183866383  0.89388557743659813  0.90786035701371315
  0.92130385747684895  0.93443077271794484  0.94644258859720631  0.95784747467428721
  0.96877999994696240  0.97949722444245979  0.98993823069473963  1.00000000000000000
  0.00635627976742370  0.01901872257029068  0.03209179499347312  0.04432214487117445
  0.05536967531908234  0.06576794283486760  0.07609043175899817  0.08703948196508231
  0.09713892781997112  0.10673967895283767  0.11600416353448795  0.12477527812225796
  0.13479073046206752  0.14372227359669631  0.15276808569439468  0.16136289679729790
  0.17253103585098506  0.18553621953567148  0.19737957313280569  0.20950276476534926
  0.22162562392974466  0.23263308066987831  0.24310761594392694  0.25209942036078048
  0.26203928498490991  0.27230348752070499  0.28206705694622497  0.29108675614384255
  0.29993290425688462  0.30870789759517631  0.31733292492021559  0.32592571106836893
  0.33528168247610401  0.34607126964608775  0.35727018349087447  0.36865384690208225
  0.37925071003704675  0.38973300238858777  0.39954380291764929  0.40932777032523393
  0.41944068789037003  0.43015649481373591  0.44148707883005678  0.45222847885551970
  0.46191078702623406  0.47149298950765167  0.48023052094311025  0.49135244690924723
  0.50175972933584656  0.51357739141455616  0.52513624763594435  0.53656398339140343
  0.54441186240499850  0.55216800307780667  0.56016833300249591  0.56744817855000695
  0.57504213015672012  0.58518075786318846  0.59668758450546466  0.60857999009438379
  0.62088093512469955  0.63275594351287201  0.64431027364472104  0.65523428780594806
  0.66640509908640222  0.67810803889763105  0.68926484654797537  0.70065129377505342
  0.71227853559502718  0.72447183956963068  0.73773058122872370  0.74919404184183536
  0.76036804369632749  0.77087755293454963  0.78277503596147424  0.79454888904238463
  0.80664285969769156  0.81841810411414473  0.82926476958936035  0.83873879736792667
  0.84772099922047661  0.85687559514370992  0.86684213332036164  0.87747371813342501
  0.88827419734909197  0.89854585904145901  0.90808324915177707  0.91695717295619339
  0.92512018483870240  0.93340752258252557  0.94227904754211367  0.95181777154589531
  0.96196450433993552  0.97204561850048765  0.98161380267734810  1.00000000000000000
  0.00316618909586168  0.01175946182774024  0.02184892133235001  0.03025257986818625
  0.03892329215930156  0.04810348751521899  0.05806113897304240  0.06697418603581889
  0.07597129351578964  0.08565442849837304  0.09607251326069137  0.10689269611469054
  0.11778966663220250  0.12882487205020343  0.13911638357092204  0.14910336946587208
  0.15951824693314223  0.17015577093230624  0.18167475232812960  0.19290422530685347
  0.20383579728466578  0.21547006518634595  0.22749856954498307  0.23933882853399424
  0.25113276844336957  0.26374599600035620  0.27600228852232628  0.28672326747537907
  0.29593934863338134  0.30460606287818226  0.31303926645602104  0.32213580469068481
  0.33358474423711199  0.34455821737573072  0.35656659848037459  0.36815001706865380
  0.37977167750611512  0.39023567045366192  0.40070483902842807  0.41150862102155550
  0.42275037625259582  0.43476089823165370  0.44824873576531105  0.46177733804539528
  0.47431429385940388  0.48678595102201649  0.49900921533565390  0.51042526160247081
  0.52199896966152681  0.53339156048958281  0.54246018052809186  0.55023240169263610
  0.55786738890394272  0.56722671333288954  0.57798120168557021  0.58844420841662148
  0.59847119973742147  0.60910605380591887  0.62140508224963631  0.63420092999835320
  0.64664326379601922  0.65791776198485341  0.66863460498043170  0.67958214461887634
  0.69052804197371764  0.70261511401961274  0.71340041434492951  0.72335078398904962
  0.73263655888785550  0.74199769621223832  0.75118049103387174  0.76073417928824305
  0.77036682687226776  0.78216140652251132  0.79514594414438011  0.80769063237178895
  0.81903951191573610  0.82845870539285382  0.83710773692009044  0.84496532988377615
  0.85379377320603322  0.86329878755507017  0.87253718079792464  0.88121626297757882
  0.88964248329344642  0.89837628376984879  0.90787160617503171  0.91752803603248434
  0.92691552688282974  0.93650996474780668  0.94689122606802090  0.95741684533485727
  0.96749464449370404  0.97685554491187188  0.98747856397981626  1.00000000000000000
  0.00479138559693091  0.02506593751709147  0.04390708169260417  0.05947184852683773
  0.07344677334107252  0.08608745156662487  0.09738969520445971  0.10797272723671905
  0.11833045953875079  0.12931110819405525  0.14051584904571732  0.15213956843253104
  0.16435651851631489  0.17462836128801659  0.18409894976021079  0.19329348932380350
  0.20238610476148730  0.21178588850426322  0.22108122628224042  0.23134403232747072
  0.24388390943371221  0.25604768017048701  0.26773807719256465  0.27926047648758390
  0.29093536999170000  0.30356558741671152  0.31470016187704269  0.32360553524580482
  0.33238482432694438  0.34134579853508223  0.35110914746163630  0.36100556183007260
  0.37019729797979162  0.37991372114464983  0.39061201821649411  0.40106544839272229
  0.41103172534418586  0.42132398170258795  0.43207433183253247  0.44280221813410453
  0.45380044876333842  0.46483315590541818  0.47560723305554842  0.48599696726977759
  0.49578307080389594  0.50509151452027101  0.51446879170386661  0.52443779557275172
  0.53531510449658426  0.54591984503567981  0.55668058298289191  0.56767081478074288
  0.57937833078497403  0.59115560001611722  0.60235212798711524  0.61233396814236385
  0.62104213774473693  0.62976507716576402  0.63868458805661166  0.64861164677970995
  0.65864141921369035  0.66847685742044638  0.67776767566452201  0.68663852348519072
  0.69537517395852866  0.70448827901265987  0.71482043142002771  0.72469123052015394
  0.73490836493919132  0.74586926085646732  0.75605432564867570  0.76684972027419329
  0.77768041865833737  0.78804912314725140  0.79718261247670430  0.80576179094583500
  0.81453698023898580  0.82384043294256137  0.83371598214232712  0.84350720932334688
  0.85339229105538572  0.86393501026991260  0.87493450208600920  0.88661467468935540
  0.89796499757105541  0.90744843483222037  0.91636751434679264  0.92518810510234850
  0.93336496525880208  0.94229260544776772  0.95184595685753381  0.96019765483441977
  0.96886642336841267  0.97756686753012134  0.98832665909380524  1.00000000000000000
  0.00000141164042284  0.00000270200911246  0.00000381752076138  0.00000462769633099
  0.00000528968633028  0.00000588922491772  0.00000648996075327  0.00000713675028248
  0.00000780171946258  0.00000843319188479  0.00000904219347389  0.00000963494293038
  0.00001021768796667  0.00001079815629164  0.00001136872042767  0.00001195129610248
  0.00001255435094649  0.00001319929262257  0.00001396219014629  0.00001477595013147
  0.00001563917321079  0.00001661692406377  0.00001775085604708  0.00001897641034478
  0.00002022255168925  0.00002146282486318  0.00002265945372379  0.00002387479407091
  0.00002510821632845  0.00002630953898515  0.00002755209107443  0.00002883091173624
  0.00003014091813434  0.00003158292970935  0.00003303912971328  0.00003448169984429
  0.00003595051530609  0.00003746809466637  0.00003898141531325  0.00004059079279833
  0.00004232091343449  0.00004404585096749  0.00004569997261193  0.00004732145788834
  0.00004898119331817  0.00005067726591315  0.00005235981281219  0.00005408719458430
  0.00005599413699577  0.00005798030104290  0.00006007510549683  0.00006231898593012
  0.00006471588860336  0.00006751737247547  0.00007049332209752  0.00007349016549869
  0.00007661360547508  0.00007991363369526  0.00008331513295511  0.00008721244205544
  0.00009122259993555  0.00009543093580893  0.00009985473794761  0.00010468331161033
  0.00010985299828625  0.00011515754970113  0.00012111363513236  0.00012739427905851
  0.00013403299871328  0.00014143150200559  0.00015017013094154  0.00016036106985835
  0.00017119032545081  0.00018307722175655  0.00019696474434432  0.00021252785382998
  0.00022985186433566  0.00024937075953090  0.00027342910631459  0.00030056703399343
  0.00033095618524162  0.00036517500858653  0.00040609856561447  0.00045909836977976
  0.00053014521352206  0.00061759313052823  0.00072443384027207  0.00086626595389261
  0.00105321252418369  0.00131315610108689  0.00172774990571672  0.00236601961320396
  0.00358385352076657  0.00526589460570173  0.52587402934834426  1.00000000000000000
 -0.00437903734513418  0.02370488949188182  0.04447518479556410  0.06177125535043634
  0.07868242575364368  0.09623296162748647  0.11387735983391205  0.13045211359233297
  0.14656806687693649  0.16308172932745721  0.17551626665684894  0.18662421672133883
  0.19737206246139888  0.20954291753458568  0.22573748720263404  0.24360124809228859
  0.25986131653609201  0.27508016164154464  0.28881751344495349  0.30252051228085536
  0.31622549478687573  0.33008997437085874  0.34362656453106993  0.35821648030997594
  0.37473098864980592  0.38881305538976529  0.40161238666475496  0.41491740505693148
  0.42774616137133414  0.43844245838157203  0.44996636222868602  0.46175675149250511
  0.47242364366468265  0.48226674279599824  0.49159387194850335  0.50104230053779397
  0.51088590926829514  0.52174749529991837  0.53310003062342026  0.54448500479348561
  0.55498270618311019  0.56529820417477761  0.57550446936788568  0.58586562068917380
  0.59695820748672779  0.60858931452572340  0.62009142582420651  0.63130955572594183
  0.64105231097487625  0.65161298046631533  0.66252507224321511  0.67301969593664579
  0.68232403128426045  0.69102801363757249  0.69962707841990934  0.70839256676208584
  0.71773904574965031  0.72723260498876052  0.73619784402184074  0.74425682889279166
  0.75169396515239995  0.75874612724062362  0.76576578514275129  0.77286246429732075
  0.78017953719352862  0.78759192571738668  0.79459594246386978  0.80148199818902288
  0.80863037284452000  0.81529944466640825  0.82140754048808573  0.82753410438784403
  0.83377621885670528  0.83986653467303207  0.84568070154049657  0.85152894743919827
  0.85821601747342269  0.86584825856193492  0.87353061963253076  0.88102487230029702
  0.88856775193304272  0.89617651442031332  0.90415415073451311  0.91155248509846976
  0.91858316231171877  0.92533896560778084  0.93219287842384824  0.93923957139824565
  0.94639879743016420  0.95373441156713079  0.96142218134390567  0.96945580083356508
  0.97748122349809430  0.98519163686354039  0.99267008984508531  1.00000000000000000
 -0.00242786658233652  0.01239575851013130  0.02475680076008535  0.03577728469022321
  0.04704187303035606  0.05857775492538127  0.07025714901263284  0.08298150308097874
  0.09533403244251183  0.10690174189596598  0.11810070697440016  0.12918781241758842
  0.14073087668947637  0.15351750781284568  0.16550091216481749  0.17385378223372830
  0.18174060564351532  0.19015296861520423  0.19861751938113192  0.20691970951123620
  0.21498539594948726  0.22281766341923093  0.23212137751964976  0.24276522114553456
  0.25397816849162147  0.26578793529388878  0.27713386844172333  0.28815093741022385
  0.29885613635120395  0.30961721864630526  0.32037264948093153  0.33099457825209122
  0.34177616484811135  0.35341208760077258  0.36553514967150547  0.37707616002703459
  0.38747817779683935  0.39780023655432173  0.40937413199331024  0.42081538296748561
  0.43097285037852262  0.43947359932893099  0.44855846828178791  0.45826827636318102
  0.46714355005871683  0.47866143979219727  0.48958610986599926  0.49966060170861459
  0.50936889281394271  0.51905353142089716  0.52827081751356764  0.53718464954076128
  0.54621632484915750  0.55643572890707027  0.56736545063175792  0.57910969047361138
  0.59177537230002630  0.60523993820944144  0.61478606916391598  0.62345629505817923
  0.63221778953344410  0.64354426414808075  0.65643331818828987  0.66903405642195335
  0.68024662442043593  0.69112717035705296  0.70205117412779217  0.71264941544391391
  0.72298815126833005  0.73210000502926831  0.74014693831985967  0.74824407970850149
  0.75622858675211957  0.76513501094284186  0.77453022680913430  0.78386925417150033
  0.79364496983629362  0.80475342786574111  0.81659151148327169  0.82855152902000595
  0.84031588461279128  0.85200864946669019  0.86371849374317899  0.87512738617821162
  0.88635395967783459  0.89721282533679425  0.90772890834345821  0.91862990081965945
  0.92952884715368045  0.93996648032088903  0.94929512910235758  0.95854238719337892
  0.96800246485948360  0.97809538400663509  0.98861837055334179  1.00000000000000000
 -0.00155109145366616  0.00616360530489611  0.01306291533188307  0.02018831086537136
  0.02788076998136352  0.03489114220165038  0.04252052533867137  0.05131611025963371
  0.06060380732247161  0.06865712955735576  0.07630644559750840  0.08355886436911006
  0.09128688272937575  0.09926786971079611  0.10718098719344409  0.11527988799215333
  0.12359806966014897  0.13318720711004667  0.13990811028827713  0.14713430882682860
  0.15466002940175375  0.16294707811375106  0.17213782842835146  0.18186684953387752
  0.19150257282421909  0.20174535633856958  0.21112800680687152  0.22038216774938030
  0.22912695679493300  0.23778742362672900  0.24720846828140952  0.25668923558604628
  0.26682762521209119  0.27694692020125944  0.28616807990848692  0.29509958812717973
  0.30400074281864448  0.31306316893865277  0.32238722851522650  0.33182580907729087
  0.34094719365492560  0.35004078827144874  0.35920978190016845  0.36833457656678509
  0.37780853442160628  0.38719865939628023  0.39641570709613783  0.40572602643999173
  0.41541095283338653  0.42540904670921420  0.43564523187536008  0.44515994199882619
  0.45417039495802802  0.46250469917186815  0.47229215929302565  0.48229149485897332
  0.49380961125509626  0.50581663116606390  0.51744613676977502  0.52856369872733489
  0.54004483990657703  0.55267378455147942  0.56551977794781805  0.57749283379689842
  0.58946530411347098  0.60158936462070445  0.61396269911556234  0.62690991234296423
  0.64196124520932940  0.65598279344863264  0.66908362354579665  0.68155496653808745
  0.69211191197197586  0.70134957943880982  0.71094455809896206  0.72346742274450326
  0.73663336908999677  0.75012059964379074  0.76365508310961228  0.77722504609969068
  0.79106806723174417  0.80655601692909884  0.82236784798273466  0.83716803165435194
  0.85071160759836351  0.86367707330372367  0.87650341544722488  0.89102900725829537
  0.90717592114676415  0.92280657213789397  0.93653915377275010  0.95041353085832259
  0.96466453795784435  0.97680809927203627  0.98863447251300329  1.00000000000000000
 -0.00211643874236894  0.00968055232097569  0.01992064942033728  0.03038724164942684
  0.04052606717494168  0.05036387408863783  0.06049628898269924  0.07128599033433763
  0.08291118185827900  0.09464755770622486  0.10656967162846594  0.11834681489037815
  0.13080449261625807  0.14364748340322508  0.15554436957933823  0.16757998334917013
  0.17890879795814060  0.19024163043079617  0.20016143556279847  0.20979702018414156
  0.21912662523985976  0.22840084337687513  0.23745121580035866  0.24675703624119089
  0.25746323868232562  0.26869997755428865  0.27943764725077791  0.29000439649262699
  0.29958513829060152  0.30899896257855208  0.31791256705335963  0.32626013144971161
  0.33449384415639632  0.34339995031120546  0.35365792322565814  0.36595001562437129
  0.37728769767604309  0.38804292455489459  0.39827997123045839  0.40834003744049191
  0.41830914498491956  0.42787332558366165  0.43722259037077743  0.44661961579828008
  0.45602214269189656  0.46577215059381244  0.47586719193823346  0.48688253977741497
  0.49847328202123509  0.51023409901487804  0.52210891744508925  0.53359597290739369
  0.54461622984120894  0.55517083347874385  0.56497874287738836  0.57431556495027059
  0.58389059639761343  0.59491690540614706  0.60633735295499858  0.61799691377497923
  0.62926205730652673  0.64137086935367438  0.65341295157067925  0.66557453731388705
  0.67731257275539414  0.68865722868332613  0.70010831512338367  0.71178434717238570
  0.72386489377103291  0.73546356881277575  0.74559335503145707  0.75552415498755421
  0.76520934567310295  0.77387497928752058  0.78367057098054582  0.79402277647724995
  0.80472679410396109  0.81583255765908802  0.82709704865220957  0.83849387409968745
  0.85007995872843267  0.86100315823615770  0.87088633108848024  0.88085693896882722
  0.89032004208832805  0.90031792995992777  0.91072805190287764  0.92126130915071414
  0.93049095199043685  0.93918122500359913  0.94795741771382647  0.95657244529482055
  0.96557555084162916  0.97513171743223859  0.98529158166953579  1.00000000000000000
 -0.00227880925201331  0.00584509184175975  0.01339896236152302  0.02068664830833494
  0.02807367325716292  0.03581280071704660  0.04324237403655933  0.05110565207547465
  0.05859398175175332  0.06587060664881786  0.07289355001018499  0.07985580664161737
  0.08695013903139520  0.09415826896198851  0.10149666012842853  0.10855534820798131
  0.11530489234411193  0.12247853462543551  0.13047059944947517  0.13905652710879365
  0.14790694608541061  0.15668037739872237  0.16509606373788682  0.17308480742892179
  0.18074535919800322  0.18909652274683098  0.19821060974328911  0.20823290129429850
  0.21881691366633160  0.22939850498881631  0.23969179355100195  0.24841245343031274
  0.25540111420095030  0.26208971726302321  0.26914836767800776  0.27678210672621734
  0.28448977075929122  0.29198650152171102  0.29908709439509895  0.30614475058934004
  0.31294234372509588  0.32061383635448504  0.32836899816309084  0.33622544871324989
  0.34401576224753194  0.35228962160043314  0.36140676982253472  0.37096497285186397
  0.38051413223177738  0.38978950257169720  0.39884944422285223  0.40754357724017853
  0.41616442282907717  0.42534645579628544  0.43503034460712042  0.44542352968797205
  0.45577456763640567  0.46672111176647069  0.47852164522775864  0.49006194859258995
  0.50142040202650873  0.51244034501372993  0.52370347464124289  0.53516321883820317
  0.54612647940304215  0.55729964476305704  0.56831458051310935  0.57868360625541537
  0.58952957372901804  0.60082320284491286  0.61182890777213883  0.62232843955660244
  0.63449051938534795  0.64846007591284349  0.66335951748745270  0.67835538293948983
  0.68877477548091759  0.69835758273380255  0.70837107076013972  0.71906505109108299
  0.73361638407910723  0.74951692105459278  0.76797217670533591  0.78712031663354043
  0.80424690479582506  0.82009910475806291  0.83632382794003279  0.85202078616754695
  0.86931528856873119  0.88622607809404719  0.90563697149727040  0.92647584617481404
  0.94567332599398857  0.96369453390405124  0.98210804659946194  1.00000000000000000
 -0.00106388316151320  0.00577734960062146  0.01430891408656824  0.02277100129766749
  0.03160663733760514  0.04058352210146624  0.05041569144214532  0.06080433334098287
  0.07194224631678794  0.08421056131000434  0.09553283154870011  0.10675743887154501
  0.11815777679748506  0.12906523276874815  0.13963016287122076  0.14980430799583741
  0.16025177342595395  0.17106149767799489  0.18198542078501395  0.19371313726875511
  0.20580586621522831  0.21859223500551003  0.23237949651858150  0.24466876371350177
  0.25749939996516263  0.26987948103424375  0.28144086784435091  0.29273967184386773
  0.30323227516424367  0.31325404507915633  0.32291318028619059  0.33345189951141124
  0.34447830517910938  0.35561259704862391  0.36656329726010667  0.37800608560150373
  0.38876333313948264  0.39866645872643253  0.40807285618165018  0.41852544387257179
  0.43052026494679857  0.44244515977288851  0.45338002075186123  0.46439601801941499
  0.47536580459358957  0.48547267611144551  0.49489071569106075  0.50515301672600177
  0.51548742871333153  0.52633873335738945  0.53706137746815863  0.54855729899501193
  0.56032289087494036  0.57269424133628566  0.58508587483092145  0.59728494134359622
  0.60868628950065262  0.62016930857530672  0.63138270443278244  0.64237899144245270
  0.65400465733647706  0.66592263427384524  0.67809462852355451  0.68928314963087089
  0.69909737957516493  0.70919179683706401  0.72000370243346434  0.73115638091860724
  0.74186958095677635  0.75158649175986603  0.76020894253996840  0.76847651169443454
  0.77662685079013460  0.78503022635489783  0.79394335108188097  0.80256148314384024
  0.81172699486110567  0.82078530318335496  0.83024965079386659  0.83933779902769212
  0.84803091340876968  0.85646604652191827  0.86519016784817548  0.87493499217103843
  0.88619083382091779  0.89780171832609779  0.90934248294061248  0.92058556336876740
  0.93194567201416956  0.94276896375520969  0.95209196149761866  0.96042591419061152
  0.96873673904132840  0.97854169027873161  0.98931426571623859  1.00000000000000000
 -0.00228083409900885  0.01309082398867354  0.02778550758077837  0.04525888192491273
  0.05902715999662984  0.07223670619441502  0.08514196622220688  0.09840701679733617
  0.11222407294723791  0.12656277491010706  0.14093687491509535  0.15549672417813684
  0.16879259500689259  0.17942337971514280  0.19076889978590300  0.20289186193615164
  0.21451841493794643  0.22497343536193407  0.23506382179826468  0.24591947298018696
  0.25709329974979295  0.26799588214104247  0.27803307282771544  0.28815731624285879
  0.29828361761544159  0.30817365908907046  0.31754781791287778  0.32682124454095268
  0.33618508827028454  0.34633826010889157  0.35730493053225765  0.36910346304577635
  0.38230595106996829  0.39534173220701851  0.40794089030571318  0.42045432198959004
  0.43284746133460822  0.44415890095561150  0.45491948823631756  0.46426960640864307
  0.47296874443181375  0.48165627514456083  0.49104537039549329  0.50012203983048498
  0.50907283517400292  0.51820780764060648  0.52942147338103041  0.54102805243380847
  0.55185520518552833  0.56232178401033839  0.57213813733755425  0.58290872743252464
  0.59344724191920373  0.60433349618644017  0.61529516950887619  0.62671663556477253
  0.63845570050136835  0.64897752394816832  0.65897700665794734  0.66908477587721005
  0.67980392882871521  0.69029414090708319  0.69978514574080009  0.70876696589072785
  0.71754783220758844  0.72630549314167459  0.73441335597571789  0.74167682852391836
  0.74856370672300965  0.75541160771808291  0.76323852618131283  0.77210134152702914
  0.78159537833796089  0.79101021248528558  0.80047350758511526  0.81002756318853986
  0.81983281494798910  0.83092158249393266  0.84136468515535190  0.85171547142019410
  0.86354772993163553  0.87414101669713773  0.88410782628986140  0.89335432891490341
  0.90208719970742179  0.91066122078929801  0.91935958461623213  0.92836044450266075
  0.93756068026485417  0.94689310428453644  0.95673438399240529  0.96708061718527494
  0.97689917431426720  0.98501031703668807  0.99263482333158704  1.00000000000000000
 -0.00161184110785560  0.00791059126241174  0.01533219859759682  0.02298634127702295
  0.03142074391068322  0.03993820589914290  0.04810127256941070  0.05624975829374516
  0.06455927263049384  0.07345241929375207  0.08375069419857549  0.09622128804285686
  0.10742072034573577  0.11714965078859131  0.12727499755869806  0.13813917214085672
  0.14954700068406626  0.16176246563397040  0.17344871496802408  0.18571284331789065
  0.19922613686908361  0.21231631785431532  0.22331300094506934  0.23456421846029649
  0.24635871531177936  0.25837274887979833  0.27002551412466830  0.28047009621599311
  0.29037862696508993  0.30039001540969013  0.31097420892335143  0.32256932949756129
  0.33422941402178602  0.34670649641005979  0.35952101034329464  0.37200559666886751
  0.38381961806629911  0.39526939361462410  0.40622599883758126  0.41699902016022261
  0.42766458555089137  0.43882285800595322  0.45019456806276886  0.46074218538646944
  0.47086569699185876  0.48130885720948774  0.49340032577660509  0.50596083860160990
  0.51896167068959620  0.53054249815447641  0.54194920379893641  0.55355414938200165
  0.56534605846369501  0.57743763616342125  0.58892181734327076  0.60073314709858339
  0.61122572443461431  0.62190683956271531  0.63128990183784051  0.64076201207014594
  0.64956604476993007  0.65869797481273273  0.66871709855642425  0.67946250896158289
  0.69072960306396602  0.70157756041663388  0.71111329330133044  0.71972010976907985
  0.72821699180479982  0.73631262570982070  0.74619242769845950  0.75574109242015619
  0.76497323103321824  0.77406982751947429  0.78280092641315013  0.79238349930015317
  0.80184982828458673  0.81241582677386848  0.82193836752880201  0.83159749022553220
  0.84059601765439262  0.84955000121925206  0.85907895913739551  0.86911039433743198
  0.87857645438766063  0.88796673398480908  0.89789209125031799  0.90833552162737119
  0.91838600001715331  0.92868690927696651  0.93959513077573054  0.95212753166287412
  0.96455212565494730  0.97783279556311498  0.98887196503201680  1.00000000000000000
 -0.00230961962803114  0.00808504627533018  0.01805861425155699  0.02831939590160073
  0.03875771564546501  0.05059856761231790  0.06320721529731078  0.07593291979357454
  0.08758931862191507  0.09730869481766499  0.10768732799360484  0.11852685375706105
  0.12848750478452958  0.13772545270609593  0.14817396036233277  0.16016535426433690
  0.17125323541961712  0.18143748251299524  0.19161007790192683  0.20221706104677603
  0.21264327104444736  0.22274250424968478  0.23348674290473162  0.24503898150340067
  0.25665198838000725  0.26749974897157880  0.27878626985246663  0.28952700206332221
  0.30018655001063071  0.31102388481205623  0.32224249594862175  0.33374705575415081
  0.34481510241813912  0.35572117822835880  0.36683170296009820  0.37822403921060938
  0.38977893367947153  0.40084243082199322  0.41164769405058799  0.42168959062502220
  0.43025689746100682  0.43909179228798739  0.44787436168897260  0.45740543940951173
  0.46712439081547830  0.47677275111114797  0.48700276287934330  0.49846497410709434
  0.51069586525031352  0.52275898602943816  0.53460102393036302  0.54569596560896250
  0.55695002493135559  0.56844165501451727  0.57981451238405690  0.59072330142638430
  0.60081436852001957  0.60984556472133566  0.61852059726450848  0.62748957051065368
  0.63710089653664981  0.64677793438859565  0.65670561382155146  0.66711683897777607
  0.67831728804974545  0.68921523888242109  0.69922289733903320  0.70900437864587540
  0.71903474116089761  0.72901923335947516  0.73813540645184406  0.74644429968445969
  0.75476963227136351  0.76380305239826518  0.77373395931575295  0.78296057441695366
  0.79146764856170626  0.80041647062479460  0.81033074410789163  0.82115086212305599
  0.83342571628680995  0.84483786994431820  0.85537644976516614  0.86511366795450306
  0.87478387750174780  0.88482993655803432  0.89538844122464667  0.90711882457491044
  0.91868761995573356  0.93201960766038094  0.94572453679060486  0.95566348543441626
  0.96600207478217825  0.97623629829284886  0.98641015152409228  1.00000000000000000
  0.12046727007777348  0.25522273380083066  0.28729091324401046  0.31017272705901078
  0.33066279145286948  0.34881315144224606  0.36386710157935825  0.37800323063563956
  0.39240645346699560  0.40708773686835253  0.41976779828954230  0.43064285919304263
  0.44088829525343393  0.45102309784159900  0.46166377602187886  0.47224726052906191
  0.48245290977057020  0.49232955060857647  0.50272679526741471  0.51324115892529276
  0.52383424731505879  0.53375816298200962  0.54276558799411534  0.55105308897577732
  0.55936981494983196  0.56840784849435788  0.57745150364427622  0.58693072497739762
  0.59544102809146982  0.60337117394759843  0.60970605168459058  0.61532899636531424
  0.62111541091635958  0.62748815134846803  0.63488858252490088  0.64196091872887429
  0.64831600354098662  0.65380726034670855  0.65971336939146563  0.66555740419193932
  0.67148867248822075  0.67726843869695308  0.68270386307156750  0.68825414266906104
  0.69395183390309700  0.69970907143246530  0.70547500429138699  0.71086759514164521
  0.71668282551224993  0.72217895275203103  0.72724015984369916  0.73217244650924362
  0.73699106547277182  0.74170267471346474  0.74635943713856989  0.75137656671532804
  0.75718226096767627  0.76328662166188421  0.76884735749937227  0.77388526065157948
  0.77851331991687112  0.78300740414695469  0.78768810055046523  0.79292574442882835
  0.79799289786250904  0.80196262428549503  0.80600161278498861  0.81032371796303271
  0.81456955566293998  0.81924540038384841  0.82473421316756368  0.82971404535676563
  0.83488140049109671  0.84049010755266074  0.84659159532513217  0.85260936315470015
  0.85838980000448417  0.86402465777616300  0.86958142601630062  0.87509866541697889
  0.88063346578720769  0.88626331146257209  0.89206372704903658  0.89844115225269228
  0.90573905853157155  0.91317668657450823  0.92055770284196936  0.92775477203068524
  0.93467412289962348  0.94188680445121886  0.94935679869780709  0.95732019931868784
  0.96533343667567506  0.97386889775255192  0.98451899452737746  1.00000000000000000
 -0.02144421734743592  0.11798837111618966  0.15429505803075716  0.17565033137581637
  0.19102479409859094  0.20518206116619037  0.21802495462034563  0.22995988953218566
  0.24115840451563275  0.25129068440556873  0.26080634933301056  0.27033377619776855
  0.28055707754112996  0.29085289685963039  0.30072680857032241  0.31009513849081244
  0.31908194689678376  0.32705884826282627  0.33447245725359520  0.34099074939789575
  0.34736806612331345  0.35361055579773970  0.35958636473400757  0.36555311403220081
  0.37159258698424330  0.37746125945685122  0.38328957011376891  0.38910570461177946
  0.39502073638867941  0.40114622725029814  0.40698160059001415  0.41248306046960626
  0.41804998749987404  0.42391151350167372  0.43000357072443318  0.43605419842144294
  0.44186175275023987  0.44752656552645864  0.45318309159714620  0.45885193764507998
  0.46460279570944885  0.47039233171364359  0.47587279047541825  0.48132963600769169
  0.48689678461327907  0.49272076882573057  0.49880988524048836  0.50489668471632632
  0.51011003408627220  0.51461802530270140  0.51887685428577279  0.52308208551182478
  0.52720919818666190  0.53213257187164231  0.53762725711400905  0.54332799684938871
  0.54894214115196716  0.55446930416426066  0.56014772621153608  0.56582412748810895
  0.57123395204029603  0.57638411039259807  0.58148749516046727  0.58672384607015104
  0.59237561571049546  0.59830737611588536  0.60445279927687323  0.61068974315342761
  0.61695566257423418  0.62310258942316421  0.62913461440207719  0.63514259384312999
  0.64130233944333803  0.64739036152205254  0.65303961077280048  0.65856860640120074
  0.66396982665587945  0.66963599547346397  0.67554286244930206  0.68181694474515764
  0.68909256968532984  0.69716734188111418  0.70523340181557626  0.71412407140407819
  0.72400479719002042  0.73459330648610921  0.74566266848594609  0.75682400122761306
  0.76826278315251029  0.78032474512842898  0.79280439752966536  0.80612820223590365
  0.82285037940949601  0.84349923078290789  0.87765033098533862  1.00000000000000000
   9.3256224013754577E-007  -1.0000000000000000     
 T F F F T F F F F F F F F F F F F F F F F F F F F F F F F F F F T F F F T F F F F F F F F F F F F F F F F F F F F F F F F F F F T F F F T F F F F F F F F F F F F F F F F F F F F F F F F F F F T F F F T F F F F F F F F F F F F F F F F F F F F F F F F F F F T F F F T F F F F F F F F F F F F F F F F F F F F F F F F F F F T F F F T F F F F F F F F F F F F F F F F F F F F F F F F F F F T F F F T F F F F F F F F F F F F F F F F F F F F F F F F F F F T F F F T F F F F F F F F F F F F F F F F F F F F F F F F F F F T F F F T F F F F F F F F F F F F F F F F F F F F F F F F F F F T F F F T F F F F F F F F F F F F F F F F F F F F F F F F F F F T F F F T F F F F F F F F F F F F F F F F F F F F F F F F F F F T F F F T F F F F F F F F F F F F F F F F F F F F F F F F F F F T F F F T F F F F F F F F F F F F F F F F F F F F F F F F F F F T F F F T F F F F F F F F F F F F F F F F F F F F F F F F F F F T F F F T F F F F F F F F F F F F F F F F F F F F F F F F F F F T F F F T F F F F F F F F F F F F F F F F F F F F F F F F F F F
  <DiscreteSampler_grid>
  grouped_processes
  1 # 1 for a reference and 2 for a running grid.
  10 # Attribute 'min_bin_probing_points' of the grid.
  1 # Attribute 'grid_mode' of the grid. 1=='default',2=='initialization'
  0.0000000000000000 # Attribute 'small_contrib_threshold' of the grid.
  0.5000000000000000 # Attribute 'damping_power' of the grid.
 # binID   n_entries weight   weight_sqr   abs_weight
    10   10   1.769912354253017E+004   1.562765373135448E+009   1.769912354253017E+004
    11   10   1.769912354253001E+004   1.562765373135419E+009   1.769912354253001E+004
  </DiscreteSampler_grid>
