  0.00354380494590206  0.01036556864665388  0.02010837137981260  0.03123629256287258
  0.04219733419670248  0.05277471253054148  0.06291013109376691  0.07346969819218765
  0.08374749655794084  0.09342370089239201  0.10330369631330638  0.11322144193155724
  0.12346529496433381  0.13410834513220218  0.14377274936297210  0.15309445550167236
  0.16224941402604470  0.17169701409962079  0.18166962638118947  0.19200453228627415
  0.20358755127757766  0.21515398051276691  0.22720832960439882  0.23816545457479851
  0.24889835916160513  0.25964445173971873  0.27107931033425148  0.28264829609207054
  0.29384383272032155  0.30499044088902955  0.31599408818879177  0.32642108766661121
  0.33643190163139508  0.34622402652091711  0.35651887878099087  0.36627037083021119
  0.37510398201685569  0.38378718317445881  0.39274166927543280  0.40221152995712856
  0.41254886219674292  0.42408684774943112  0.43632111934733281  0.44829645576499833
  0.45967907184315748  0.47030929396072318  0.48066032750223636  0.49065813157627713
  0.50045935799944918  0.50986163897941661  0.51899008286999493  0.52838093088544857
  0.53887925126035052  0.55007045821752698  0.56160266671742631  0.57292609783927961
  0.58395644071157404  0.59501042161551032  0.60538655908274464  0.61540715972741677
  0.62589887694980573  0.63756285768484899  0.65044634383665600  0.66181098612811984
  0.67255027087806474  0.68192147379594747  0.69130018621516331  0.70036460639059017
  0.70986147033731140  0.71965766727669567  0.72894735996824300  0.73853615328735289
  0.74857400122428885  0.75836809597429644  0.76727707070836537  0.77663116733663429
  0.78661766332458094  0.79698425669972139  0.80658762160773323  0.81761243476187917
  0.82931489028440719  0.84079026828415737  0.85174415587817665  0.86183832605063870
  0.87099021734173465  0.88009037577035665  0.88906598076609766  0.89821347778814231
  0.90758654959651597  0.91773454123552822  0.93085740595320987  0.94425530582093831
  0.95717366726887587  0.96859656785913417  0.98058820632220811  1.00000000000000000
  0.00669833918365433  0.01696975740984535  0.03000911045566937  0.04322194863358977
  0.05386749924633211  0.06399925303855054  0.07376282760971301  0.08347137011808650
  0.09303717814062072  0.10301238862338774  0.11465307321245888  0.12712430369932057
  0.13927437924702263  0.15127378257162608  0.16264572451634043  0.17489571372362428
  0.18717411923510888  0.19855464401971076  0.20995405026838876  0.22163133402724014
  0.23342403477572876  0.24509815599380144  0.25623305641931593  0.26752185574753284
  0.27986719690675088  0.29237970633013088  0.30371046081428621  0.31438091864242390
  0.32479149732995721  0.33544090096895590  0.34635585030188271  0.35664899408992878
  0.36596619209625070  0.37501587791204688  0.38400050008255926  0.39336317056654163
  0.40221378406063735  0.41066104120088154  0.41896874805228240  0.42813124657592255
  0.43725406218637364  0.44741712397823352  0.45792737668994032  0.46844387278959054
  0.47879089261707347  0.48850996702897048  0.49848073640486734  0.50831171751879667
  0.51860075902191460  0.52988980856474877  0.54176822853773998  0.55232029397019011
  0.56189063378469095  0.57065458003850189  0.57948189660081451  0.58883864006176767
  0.59870405617426181  0.60923097780772972  0.62015609253916792  0.63160854043310721
  0.64297931111368234  0.65352994394982467  0.66339412120160290  0.67276293683223132
  0.68210303607959399  0.69122123083180342  0.70055396188135421  0.70993863018416870
  0.71929188361850360  0.72771435511718352  0.73705205634846971  0.74747889427997849
  0.75874812543446046  0.76989471341595905  0.77942468199075809  0.78856679167939658
  0.79781069538790594  0.80706873432039750  0.81751209907288369  0.82817556211609500
  0.83973287496580185  0.85100541374461769  0.86158687470737683  0.87251379260832140
  0.88290042994963813  0.89352123724744970  0.90377832075820008  0.91392560846650517
  0.92408840321864782  0.93401768872607216  0.94431485573282059  0.95465661385305034
  0.96460946021909311  0.97478630099082808  0.98643673934432763  1.00000000000000000
  0.00345243821549383  0.01164396205998674  0.02128216549798076  0.03272864683817835
  0.04311428104100372  0.05329248926397111  0.06337556612483872  0.07397800703487267
  0.08446201476900228  0.09511861015632796  0.10644061748362699  0.11828257548845562
  0.12932975434922142  0.13884516003538119  0.14789457689201685  0.15657826544194497
  0.16569323623458623  0.17531334385862521  0.18517287931716855  0.19551242129565177
  0.20699361492598981  0.22015931140033812  0.23351324533327938  0.24595687271538008
  0.25709808519924832  0.26771386899163840  0.27859320252363795  0.28957280047103873
  0.30020067936956552  0.31083416163625915  0.32149023784965924  0.33229343170601400
  0.34277519719519850  0.35250396087904345  0.36176089200939726  0.37064310528809513
  0.37911501659571323  0.38745700245317499  0.39610387954439324  0.40513208408481460
  0.41443833157207821  0.42395918767017943  0.43362395439517593  0.44393129232005729
  0.45353499427797928  0.46372510577392151  0.47376417977225549  0.48463632048619393
  0.49540590497027531  0.50714649154594427  0.51962006720960630  0.53226042063276180
  0.54399341726907280  0.55457006810019349  0.56470947538983107  0.57508497929521807
  0.58548827150771188  0.59531388977321154  0.60520417560485507  0.61634176510671546
  0.62822472286845332  0.63954553315502694  0.65078072216192662  0.66197749068378786
  0.67220239998137166  0.68157248974887097  0.69034571661269695  0.70004059554668574
  0.71058341494932642  0.72169704169671578  0.73262681042350875  0.74371917174108138
  0.75461483900958448  0.76507455993506757  0.77587254904309377  0.78768980170684333
  0.79878489414073273  0.80936100697898461  0.82010461203551566  0.83080006802985129
  0.84141296256463705  0.85122876387816138  0.86150456013847854  0.87214212466742214
  0.88259476321365393  0.89251280540605071  0.90249986480582156  0.91216736130084408
  0.92246345903522498  0.93200893306778021  0.94262149791557026  0.95304203226639783
  0.96302629866737499  0.97365361043629228  0.98536356714728657  1.00000000000000000
  0.00660140021802347  0.01836344958521483  0.03263429604680387  0.04585835712181113
  0.05758409012247567  0.06841812453170125  0.07906726668935372  0.08962455466126107
  0.10084071975851437  0.11256094316596017  0.12437854633965159  0.13483224903250474
  0.14606683054040215  0.15703093648913574  0.16798359778661501  0.17864591914536221
  0.18968100550190900  0.20128454467889045  0.21277392056535266  0.22369577818484399
  0.23386200843025298  0.24369826737731692  0.25352659933226429  0.26345283384183582
  0.27385075646341694  0.28462268936420304  0.29582824142820580  0.30706986449498058
  0.31760940104248347  0.32740606219182972  0.33697426229078165  0.34678820593318255
  0.35650088826314319  0.36627919984310403  0.37659445099300853  0.38763449557669261
  0.39768577744565969  0.40639789832525941  0.41496156966154901  0.42373879595556857
  0.43337736536824972  0.44335022548328346  0.45349136986441407  0.46318477537190650
  0.47231001360119074  0.48157162246330476  0.49130848211812184  0.50140153434821100
  0.51198809475252738  0.52313524009513335  0.53482709631694225  0.54670149102472998
  0.55797785143560830  0.56867911469009280  0.57902199639420060  0.58994512519653386
  0.60113731333721554  0.61133047368629334  0.62097611521523777  0.63047083494694312
  0.64009950397721471  0.64937835514037789  0.65869067784413660  0.66826035526952998
  0.67855196524633998  0.68964717843234857  0.70111215144572092  0.71236510972323053
  0.72274089369407968  0.73302819374128569  0.74334195805011827  0.75396795431275088
  0.76458869762303805  0.77532098768753377  0.78623906161513735  0.79657758019891201
  0.80635555519566959  0.81646835838902043  0.82752011753465360  0.83958592024736511
  0.85089359786707186  0.86117494380400839  0.87078186674501323  0.88054511567111515
  0.89011858722190873  0.89997569357107876  0.90885659487075388  0.91754981687409909
  0.92653608850623370  0.93605754365594851  0.94591850012937173  0.95605392176874560
  0.96733911104573123  0.97883898130872071  0.98957795359931933  1.00000000000000000
 -0.00007465426573263  0.00074508935584405  0.00178565501797976  0.00334398230279968
  0.00526692497316471  0.00771908733624978  0.01048862755991218  0.01382610495211103
  0.01782888281721435  0.02192322877263622  0.02660901812189551  0.03164001760174751
  0.03722763467057343  0.04301859286209188  0.04881483372960966  0.05502033323567672
  0.06223803552099538  0.06952601306160637  0.07671273393810799  0.08417289870033742
  0.09201741415941062  0.10009739233929868  0.10813014808357344  0.11566411247925276
  0.12350767926099439  0.13204496388693862  0.14111026604187785  0.14979818184955598
  0.15836313813474773  0.16728273717073755  0.17642198545173099  0.18558463982828644
  0.19505878578146099  0.20476069481747020  0.21434299786537320  0.22374102749987210
  0.23289453777989408  0.24199632117617129  0.25135122939996801  0.26068482310576813
  0.27022631493300237  0.28005585054212645  0.29012964862437235  0.30067268521637996
  0.31199464673623983  0.32320466170492596  0.33409303706058363  0.34505900482645036
  0.35598535242779750  0.36681025915039389  0.37831602171273476  0.39004613149279288
  0.40169537528075000  0.41321284454088042  0.42503784489830626  0.43733234552815042
  0.44918247272092388  0.46135974638301142  0.47480570732732352  0.48766028876729617
  0.50095846015421730  0.51456476783778970  0.52828414825722703  0.54231446268051198
  0.55594548782489406  0.56989037765637063  0.58324778991704596  0.59683753583075205
  0.61086358147874120  0.62479301897889294  0.63865473247918703  0.65376832830667664
  0.66847362999744275  0.68231869668500844  0.69654414595666236  0.71029253239296275
  0.72457211158530122  0.73930072656423484  0.75356570553239299  0.76775717356825979
  0.78203961286801249  0.79719934104996548  0.81315339057918223  0.82869362803362112
  0.84279481323106753  0.85628214413963977  0.86982587784281185  0.88326898062982007
  0.89675974862657826  0.91059814106939174  0.92472877873604353  0.93904770162075635
  0.95367184416891715  0.96871754654033593  0.98421492999065086  1.00000000000000000
 -0.00272926170982156  0.01181604529418734  0.02217520353646917  0.03223668583521627
  0.04263080718749476  0.05324854573096947  0.06407437378863036  0.07512033191196950
  0.08649090199667675  0.09773962721671395  0.10910995801482623  0.11966097049189958
  0.12931024885114020  0.13842908926009662  0.14834547481991114  0.15840643669094578
  0.16822669616491737  0.17825029032637424  0.18849489605016537  0.19902066066829399
  0.20900941718085006  0.21880901396002667  0.22873442015379050  0.23938147912321303
  0.25005713031351928  0.25959208879270651  0.26879025441150139  0.27821500192900228
  0.28821000222545634  0.29876418232481100  0.30959664070430942  0.32120058082714742
  0.33336228400608009  0.34448085635626879  0.35582396944555017  0.36780519466514211
  0.38120149991501329  0.39247160790213759  0.40409310018959022  0.41520300635225732
  0.42515358462160413  0.43543831662792420  0.44684137558549780  0.45896566920797255
  0.47032484843647954  0.48147174175478274  0.49204201540496845  0.50237179528643261
  0.51215712838792604  0.52357571450018991  0.53570297259945165  0.54822282447466608
  0.56037085612875348  0.57197639201839101  0.58360127095793568  0.59473489173769467
  0.60527346862432907  0.61567586768673543  0.62673572631302044  0.63888453609116302
  0.65182524288330213  0.66476701085236634  0.67703945101142238  0.68824972660619310
  0.69871905591612282  0.70907832401394655  0.71957314687923146  0.73022270983248427
  0.74073473951088598  0.75154658368624894  0.76328435954627338  0.77463020971959662
  0.78507783623428240  0.79540597815745484  0.80589922308678552  0.81622971583970805
  0.82621937072583285  0.83583316471069502  0.84541125165595554  0.85463773511515873
  0.86360250925956283  0.87226772908771510  0.88172818210387294  0.89096431763305795
  0.89982929577201254  0.90817475422081739  0.91700117518788182  0.92661487092492423
  0.93602965788018710  0.94472861966882427  0.95327941832573682  0.96285681851262450
  0.97299183893186469  0.98285272496579468  0.99150595079875292  1.00000000000000000
 -0.00173438480315073  0.00934799330460297  0.01906039142391002  0.02893590142473759
  0.03878416937398376  0.04824573394584929  0.05730404963687313  0.06653035649017376
  0.07576621191555875  0.08498192475497603  0.09408184115462036  0.10311090960182503
  0.11211643746446739  0.12147856884485436  0.13189003538394406  0.14272404598722788
  0.15220496914901457  0.16086647645473129  0.17006787313943517  0.17996827052198833
  0.18984907308598625  0.19950774044943939  0.20914945491641204  0.21963283199345396
  0.23076999534193629  0.24187406858842733  0.25286900226380293  0.26119395281972912
  0.27103721159112004  0.28109945572398209  0.29098672981224949  0.30052214237417502
  0.30985777551163179  0.32058310537793600  0.33184482174636837  0.34299626251262383
  0.35381917022712650  0.36474975676488625  0.37598714908375236  0.38749776201072927
  0.39898822052195509  0.40974237390820867  0.41990043306164415  0.43039164871142971
  0.44086333199668304  0.45216109521908993  0.46381940801886706  0.47552742396754377
  0.48659460301444668  0.49736523085396173  0.50832464640205233  0.52065416178552160
  0.53321826510088643  0.54450953676971514  0.55419814534443768  0.56363142003572420
  0.57288922840607681  0.58143468931039188  0.59046036325044327  0.60023667578463480
  0.61180911407448779  0.62474830323756081  0.63665807402484198  0.64834797136254496
  0.66058995932105014  0.67265196861109400  0.68361118010317135  0.69306724242442108
  0.70251418900587426  0.71146467577449557  0.72177400277267623  0.73267635304221079
  0.74465699312221301  0.75660972394856019  0.76818365673380884  0.77925238179369549
  0.79015088706289982  0.80072462476072404  0.81177934554573339  0.82252705924657821
  0.83430044639892120  0.84480770291722607  0.85526253597641821  0.86550910903087830
  0.87628518683682055  0.88812576854128333  0.89933645020804731  0.91059939036000259
  0.92180569515218036  0.93278372487660555  0.94314073985127111  0.95357914598276095
  0.96575686543633799  0.97824227819097231  0.98958436238778169  1.00000000000000000
 -0.00312319978209295  0.01111489654055565  0.02413234531015763  0.03739282215755911
  0.05019873777279910  0.06212434023716557  0.07330721434561344  0.08427136121238347
  0.09611136166193142  0.10642209002141693  0.11530814045690047  0.12447252108729003
  0.13364858806937813  0.14272501515592653  0.15123412816932388  0.15946453038883321
  0.16773188718729198  0.17717578716261786  0.18705366076112853  0.19782326421072022
  0.20825123536073192  0.21840790242250469  0.22920460026812128  0.24119006418984654
  0.25321569663661486  0.26350550819864599  0.27348051095876363  0.28414372508843067
  0.29490261087346648  0.30473494977103310  0.31486037728784932  0.32439313535294623
  0.33438706363472487  0.34449475795710949  0.35486012156429664  0.36494471579099724
  0.37446505705121597  0.38396300807443229  0.39335502128915290  0.40288658698834656
  0.41210994280357827  0.42208923980665469  0.43307146253524476  0.44462307658553601
  0.45658890561988008  0.46813832209334483  0.47921529984538430  0.49026989677723276
  0.50164315938292003  0.51373390909168337  0.52659280290347166  0.53898465050203770
  0.54939990675252603  0.55967363221533728  0.57055559724819305  0.58141656197771163
  0.59140306035574686  0.60071327996966273  0.61142068502755742  0.62261809923513789
  0.63440750322858397  0.64616742018720208  0.65779727010470290  0.66860844854340629
  0.67852749304605120  0.68858560822009041  0.69848116881530120  0.70818396128287786
  0.71796501235706267  0.72847587679783088  0.73971178907823953  0.75119597684155159
  0.76330251922820413  0.77580790304306746  0.78846718403030902  0.79961417166308513
  0.80972962508454771  0.82078458319372694  0.83105372607092620  0.84006318824494908
  0.84806923761414221  0.85685251321581735  0.86639343961504789  0.87694892807263336
  0.88663024672928992  0.89594028122776237  0.90563932962686988  0.91515054423789899
  0.92542910297002734  0.93488352574892775  0.94511927264331264  0.95472888748327234
  0.96499915900446842  0.97515305996855861  0.98701048322927321  1.00000000000000000
 -0.00295485094019633  0.01136744197610745  0.02332823640859140  0.03447464164720913
  0.04503391362536836  0.05514500424527583  0.06540070360093370  0.07566601187784347
  0.08617382596619931  0.09710227927338783  0.10809130019658386  0.11878651743781565
  0.12920935959560467  0.13949728374230941  0.14961503720220859  0.15951260353205760
  0.16947523605712594  0.17965130820413677  0.18988366374385801  0.20012560042657701
  0.21063095515520355  0.22129955914373201  0.23153485076813043  0.24135765749782162
  0.25100290940712244  0.26089884355665482  0.27088409566055494  0.28047825355404760
  0.29000133176665954  0.29956648013650761  0.30961095603044309  0.31990140079661955
  0.32982500031717710  0.33974323232185955  0.34973549493179978  0.35969584443145364
  0.36944555456790640  0.37942079934919409  0.39021641050235745  0.40149633788308009
  0.41226684497448163  0.42261372626602517  0.43328700127217662  0.44507124991207081
  0.45602975423866909  0.46610391309659077  0.47595814008084075  0.48644155969815839
  0.49681043090803778  0.50718495824122323  0.51803488579542734  0.53010099006708744
  0.54292645221579150  0.55546293937092150  0.56744755885859011  0.57865049537277780
  0.58979625530637780  0.60102495862891669  0.61177464231018541  0.62220260260860760
  0.63223792508314280  0.64194001222705299  0.65123303485846062  0.66073307130226655
  0.67083026670234691  0.68140041499367965  0.69183617943990661  0.70259936978180659
  0.71483973737344564  0.72799338572683392  0.74081983208395941  0.75347042574827616
  0.76650787931311504  0.77931145508704702  0.79129300777151423  0.80301527189159427
  0.81412218950349902  0.82490342242479486  0.83604773388438147  0.84745314946941874
  0.85838496279787391  0.86879697284152368  0.87848673581722436  0.88777706914064913
  0.89699223273686302  0.90692999488147097  0.91734102463581024  0.92732031641321477
  0.93674767626528355  0.94628033542513490  0.95605058728096393  0.96558297833611750
  0.97492001127547778  0.98372306144534949  0.99204813986630702  1.00000000000000000
 -0.00235401692843349  0.00863769281541181  0.01945090961501472  0.03138617441321181
  0.04350903672884435  0.05458850506478199  0.06459576988483957  0.07455236907725270
  0.08506836518075456  0.09567128745733305  0.10583958957129834  0.11579424117070782
  0.12594531515816532  0.13727750024097624  0.14802400362078055  0.15826413632824696
  0.16862025616164808  0.17933997497699308  0.18953778802677318  0.19916700171532872
  0.20958583331340414  0.22134201607778137  0.23341873188581061  0.24563546074639550
  0.25782836698248618  0.26975850418233766  0.28082007228650191  0.29174736610707175
  0.30173281933662910  0.31164380298307931  0.32050634673333195  0.32967383026738994
  0.33861004077288109  0.34709690637077023  0.35570645276918628  0.36444174237145904
  0.37414728274208819  0.38405901791348807  0.39554730603273930  0.40530798396947743
  0.41574363114906349  0.42570447726603511  0.43604348695052331  0.44599213663420512
  0.45595875821369708  0.46717472029795276  0.47773018962551494  0.48825101111220270
  0.49779593045562415  0.50783446133265742  0.51802493611735800  0.52859303977021221
  0.53841398656232953  0.54838222300450201  0.55858794657012345  0.56861864317652067
  0.57877702484448168  0.58963958861464338  0.60096520690717936  0.61155477452431706
  0.62126743330822054  0.63088521492174510  0.64124466767431776  0.65257550415532406
  0.66416708274264480  0.67575470797943715  0.68747242944476750  0.69902575160197378
  0.71064079489132792  0.72269425000559240  0.73548422750579923  0.74818407195924808
  0.76113036251081101  0.77276073420035352  0.78238665785944339  0.79224448436945361
  0.80309166770367069  0.81475216681794171  0.82663098030646864  0.83848546451623884
  0.85069594498097600  0.86109061060613290  0.87112926531043566  0.88091288605127638
  0.88941568750364064  0.89681906931437960  0.90466459946385402  0.91346625991026353
  0.92397156179089734  0.93450041555791397  0.94534146568031618  0.95657812824801791
  0.96801653417715727  0.97960387700780194  0.99010783895921683  1.00000000000000000
 -0.00290674905662300  0.01284880150639961  0.02562521774209179  0.03847195820056996
  0.05107198876833152  0.06346110930372686  0.07540101253371916  0.08722683832790998
  0.09934822838814394  0.11106848942955483  0.12240374837326505  0.13371641745580815
  0.14502772982442116  0.15671222865449611  0.16832279068954389  0.17998650917972325
  0.19101275206122156  0.20155562488544662  0.21325186263843210  0.22617796641986243
  0.23686503744150988  0.24644520765797473  0.25579762170729647  0.26572024121217619
  0.27606290230598501  0.28563354554194137  0.29563850329833352  0.30599577381055326
  0.31664116586220792  0.32625309544429032  0.33599860572540774  0.34583377998735237
  0.35574919702210572  0.36495921483655358  0.37401464545339586  0.38365240969942732
  0.39372689472006711  0.40363036702578614  0.41367640445817028  0.42389559197967647
  0.43399386770619641  0.44308603296911819  0.45124179757168276  0.45977203420385027
  0.46992020479223739  0.48122581901394573  0.49266349781144808  0.50319916442964496
  0.51351642275717424  0.52421913516625751  0.53488268655217630  0.54483529542305864
  0.55401952205057003  0.56372362177684998  0.57414779150586626  0.58469131423076770
  0.59517030120266268  0.60607828557872023  0.61863908638794429  0.63187204085600224
  0.64500465092781012  0.65825993075093192  0.66952979858339190  0.68120340195030105
  0.69192624900743016  0.70286113210930101  0.71348778526522594  0.72247855732331812
  0.73094389537891880  0.73947568282599518  0.74888984662575842  0.75841955300268515
  0.76755746132351499  0.77684796158073455  0.78627174367219943  0.79617955462847823
  0.80607275807936229  0.81592728168608730  0.82590498521735123  0.83658521288977272
  0.84809805695554996  0.85934787549244940  0.87034478781676483  0.88160928640340808
  0.89272288743811334  0.90341122115415950  0.91344404099913146  0.92333099495395010
  0.93330566490181643  0.94328714723602358  0.95325239022386132  0.96235096848483936
  0.97107221252230780  0.98033767747887401  0.98989341400655029  1.00000000000000000
 -0.00190065620240444  0.00798034184196530  0.01778795416042919  0.02870848523536535
  0.04077905523508644  0.05205633787202679  0.06329632081615251  0.07394881725036441
  0.08476491134988215  0.09532902768816219  0.10659103703424878  0.11887240876628818
  0.13032847355608326  0.14103875023470236  0.15115964174347266  0.16187720655098226
  0.17291520973590183  0.18351025760789896  0.19396055170512763  0.20441568898265863
  0.21531289940218251  0.22635006323547036  0.23651171372844693  0.24614409022055045
  0.25584363812785221  0.26552727492447309  0.27542891259563734  0.28544472910069213
  0.29599062793693809  0.30711705759116470  0.31823904258060032  0.32935662096123913
  0.34058403247603158  0.35190282212310531  0.36528586098925780  0.37783119534886600
  0.38798798379664662  0.39750747200743047  0.40692392692319407  0.41773426361718502
  0.42795335045883837  0.43790831136575908  0.44750706712608640  0.45759536999350570
  0.46757894705404729  0.47769335645457578  0.48821025543999408  0.49882373613404229
  0.51160465260012189  0.52561769031322603  0.53936620931614099  0.55124012712791381
  0.56181261355391465  0.57144208217137582  0.58057153999657740  0.58999239483497434
  0.59895914570826370  0.60784694168649600  0.61632723803744427  0.62448670267519890
  0.63290900613225043  0.64163375314200588  0.65145924699965074  0.66210368792946916
  0.67273103130892220  0.68333950499282603  0.69354467434305567  0.70406285292741377
  0.71459280653996959  0.72516167021448685  0.73552840999087266  0.74552138865111406
  0.75573841147229981  0.76576466640463825  0.77587599135486063  0.78646707784175673
  0.79744278429146709  0.80949084314905628  0.82037441555541790  0.82994226418419759
  0.83966383787412902  0.84979350607414283  0.86038611969926337  0.87070367729062892
  0.88144451516600619  0.89418797631131874  0.90592184621507910  0.91810126256630764
  0.92998849837401121  0.94149834568793200  0.95124211598875441  0.96133880055471199
  0.97110642158213545  0.98113104945706586  0.99037566742533800  1.00000000000000000
 -0.00276659521236693  0.01044185895694752  0.02101034057912647  0.03193397871053069
  0.04257138901973602  0.05285507674645674  0.06349478115800211  0.07427336597014557
  0.08433482373993632  0.09403413773291097  0.10326134571828385  0.11241114362951693
  0.12132429224936883  0.13035688575907176  0.14019774770319113  0.15063293704949990
  0.16093063680079756  0.17056019017337307  0.18004044456447379  0.19013938015904705
  0.20115097304102578  0.21142389899999786  0.22047768405035070  0.22924074499710398
  0.23878697046613728  0.24980084403222452  0.26103328783765878  0.27180438957346814
  0.28294646677819146  0.29421677073245900  0.30618170079299944  0.31878785116659075
  0.33075917652871756  0.34193745585119423  0.35290391105880653  0.36413695856609629
  0.37468856157697661  0.38456447471168159  0.39419154396050332  0.40446553511951572
  0.41525924702301792  0.42673244052465303  0.43853299174835914  0.44967625361911168
  0.46071754637071383  0.47177186076474398  0.48331638331261662  0.49434290446260315
  0.50566224199333165  0.51768552923229905  0.52886855530095878  0.53938805385064392
  0.54929749167614783  0.55835494660082186  0.56814967494389723  0.57757256182166650
  0.58782596209420357  0.59854236803188621  0.61033224602160685  0.62280565098725560
  0.63632604844372620  0.64904163928103553  0.66032836996256028  0.67090565824877224
  0.68189659180983497  0.69333066181867520  0.70518171230715387  0.71764080050781109
  0.72978298045593260  0.74074136104949351  0.75048277966894128  0.76027778021546855
  0.76990076546998321  0.78005786228197449  0.79035649677948405  0.80036015031675667
  0.81070199558540734  0.82133008894685833  0.83149859387046565  0.84101198952955147
  0.85051509225038169  0.86066034322938156  0.87124714748177479  0.88138541495080691
  0.89091351507762251  0.90020226603136611  0.90940207632845538  0.91932663545868487
  0.92996624535782091  0.94046214868626909  0.95001644737178148  0.95883646109527843
  0.96826303925896229  0.97833906967571549  0.98943297724418000  1.00000000000000000
 -0.00215528089844067  0.00875351883487913  0.01767016109216344  0.02726733906350903
  0.03680177551294708  0.04636179008053865  0.05704384447832213  0.06844077560740025
  0.08031893372692835  0.09163033914009241  0.10261436231290932  0.11326506662897960
  0.12358940812053527  0.13408860494440766  0.14508036590668091  0.15576739465087658
  0.16702232989727339  0.17695263072119313  0.18673230448871075  0.19505664796903477
  0.20371578802120033  0.21410457612074713  0.22511335732685792  0.23579138778710612
  0.24569229190101652  0.25628267396390997  0.26811171154939273  0.28021193466446986
  0.29243055387503974  0.30451891656355967  0.31647017516037601  0.32841559456059954
  0.34008828215878106  0.35205265737971486  0.36227688351162995  0.37274036073191474
  0.38311041348603414  0.39367303530153364  0.40391316180734332  0.41352827900618649
  0.42339127159978085  0.43372537146415446  0.44464709566215399  0.45629237748083723
  0.46707848625400439  0.47580562781055907  0.48545524124014022  0.49534705036458837
  0.50654747192803828  0.51810905116184924  0.52835784830427079  0.53819101514432899
  0.54786258521607201  0.55808273441954681  0.56860670257773127  0.57851963988782373
  0.58908883777420873  0.60096995493230598  0.61308299844951741  0.62557669635767033
  0.63869423200602204  0.65136104736099754  0.66151464799363857  0.67170220184474294
  0.68137700712272697  0.69194544976611128  0.70251703818842792  0.71272696851571549
  0.72388847029145498  0.73375825415697182  0.74435749324545375  0.75486097460995549
  0.76488245727524307  0.77412016824466123  0.78302140193792991  0.79203862210908660
  0.80236017636480628  0.81284434421295504  0.82303551479153325  0.83312164155577551
  0.84319261621988906  0.85320982529464706  0.86472076583394164  0.87636898961874554
  0.88733879090785017  0.89849225666467958  0.90852827127833846  0.91789810732136357
  0.92718158394920491  0.93691314833285533  0.94802589034338380  0.95943115569356030
  0.97010339525062605  0.97998418463642800  0.98998021838910044  1.00000000000000000
  0.11659384248150401  0.19543558828440388  0.24510545492850894  0.26425512183871991
  0.27640642269994542  0.28636203271031496  0.29480468198642390  0.30244482021985425
  0.31067233230682856  0.31810555847193656  0.32538526871836559  0.33275567510882265
  0.34034828352146301  0.34739542576335730  0.35427593900205995  0.36126600218715205
  0.36809431271163684  0.37504887112191165  0.38162348115053851  0.38814457461167434
  0.39465586009140896  0.40090557882099209  0.40707422852802244  0.41317805860955181
  0.41870000661753115  0.42394962343983583  0.42974236039393310  0.43541253780624900
  0.44090552543295120  0.44639760118968785  0.45192092300493292  0.45757271764740304
  0.46295087378499028  0.46837038390381786  0.47400281908264352  0.47931703909308582
  0.48474821393213580  0.48993265708397832  0.49516704350938295  0.50064956333027444
  0.50640164482451733  0.51216935622631932  0.51779839315729004  0.52349932985852554
  0.52948196618930210  0.53582697881310304  0.54210641852273567  0.54829599717984878
  0.55406248010793302  0.55993528802688397  0.56575639065068850  0.57162242860081913
  0.57743816315667029  0.58287039726181533  0.58827063376249467  0.59361496198812591
  0.59902392304643404  0.60491575531161901  0.61118857443115360  0.61725701752773154
  0.62345361930937648  0.62922744401881536  0.63510274165588887  0.64119120049950451
  0.64732494489793901  0.65319663357897984  0.65906307442098033  0.66488356225230716
  0.67115035197683892  0.67750185480117375  0.68372532306049816  0.68987337644949209
  0.69641986684660517  0.70368587214827460  0.71114926590761440  0.71836845522345016
  0.72551029876345596  0.73280027183165231  0.74015716168567480  0.74756621405220391
  0.75543928814961669  0.76380510654076461  0.77334415828355629  0.78333440446421054
  0.79295332398215090  0.80191321431530005  0.81124134105935763  0.82074194605656547
  0.83096868625093223  0.84223741554436860  0.85508724284472815  0.86944050383395877
  0.88789966703038037  0.91147668040311447  0.94321508737433335  1.00000000000000000
 -0.01864080800210411  0.10544868083404217  0.14087501981302394  0.16336794572838365
  0.18304060795365840  0.19977727069724643  0.21430366192081585  0.22637211627742337
  0.23681687624251363  0.24616654724939127  0.25545058747881860  0.26454649966849536
  0.27332119667785143  0.28144640546996480  0.28899306615662174  0.29647623872606482
  0.30420742636631598  0.31168954434595847  0.31890954376644826  0.32617234415102442
  0.33366088523990173  0.34156334569785068  0.34937938585842021  0.35644114507741326
  0.36274580916098786  0.36880599178376694  0.37485831900138639  0.38037306373812102
  0.38576805044925655  0.39132610783646754  0.39636810911227166  0.40138097984530630
  0.40640374242129129  0.41196859494489824  0.41812302079566194  0.42431372862256000
  0.43013700934653021  0.43571428261995254  0.44109004889915782  0.44635941414493618
  0.45158880558038711  0.45664876551126571  0.46191132055068213  0.46758055677965765
  0.47353995374045937  0.47989362092018267  0.48617974954159476  0.49265539196766289
  0.49898988208834472  0.50501188999153523  0.51109258696980264  0.51713088236410654
  0.52300234869602169  0.52846067291346388  0.53361651619301620  0.53875235136781174
  0.54417388354932061  0.55004188571712243  0.55573795279114735  0.56137372563147214
  0.56727402177917396  0.57319517787535912  0.57878979914243400  0.58405559351714886
  0.58968747283673817  0.59569322885308773  0.60223305929324566  0.60929272552328506
  0.61540400093028136  0.62134712656085767  0.62719233962447718  0.63342403531449232
  0.64020644362375234  0.64691355249149340  0.65393960301397658  0.66132596484779727
  0.66917997065600932  0.67744416595322765  0.68547224691744357  0.69319778756459316
  0.70097896076074939  0.70874671665160616  0.71645124081545652  0.72438135670467463
  0.73283445955004778  0.74170467077860713  0.75127022541904565  0.76165195839365696
  0.77230870784997507  0.78381937279791503  0.79683915956450457  0.81149122887338387
  0.82987884214012131  0.85460906731271402  0.89160564068598880  1.00000000000000000
   3.9660708199072665E-005  -1.0000000000000000     
 T F F F T F F F F F F F F F F F F F F F F F F F F F F F F F F F T F F F T F F F F F F F F F F F F F F F F F F F F F F F F F F F T F F F T F F F F F F F F F F F F F F F F F F F F F F F F F F F T F F F T F F F F F F F F F F F F F F F F F F F F F F F F F F F T F F F T F F F F F F F F F F F F F F F F F F F F F F F F F F F T F F F T F F F F F F F F F F F F F F F F F F F F F F F F F F F T F F F T F F F F F F F F F F F F F F F F F F F F F F F F F F F T F F F T F F F F F F F F F F F F F F F F F F F F F F F F F F F F F F F F F F F F F F F F F F F F F F F F F F F F F F F F F F F F F F F F F F F F F F F F F F F F F F F F F F F F F F F F F F F F F F F F F F F F F F F F F F F F F F F F F F F F F F F F F F F F F F F F F F F F F F F F F F F F F F F F F F F F F F F F F F F F F F F F F F F F F F F F F F F F F F F F F F F F F F F F F F F F F F F F F F F F F F F F F F F F F F F F F F F F F F F F F F F F F F F F F F F F F F F F F F F F F F F F F F F F F F F F F F F F F F F F F F F F F F F F F F F F F F F F F F F F F F F F F F F
  <DiscreteSampler_grid>
  grouped_processes
  1 # 1 for a reference and 2 for a running grid.
  10 # Attribute 'min_bin_probing_points' of the grid.
  1 # Attribute 'grid_mode' of the grid. 1=='default',2=='initialization'
  0.0000000000000000 # Attribute 'small_contrib_threshold' of the grid.
  0.5000000000000000 # Attribute 'damping_power' of the grid.
 # binID   n_entries weight   weight_sqr   abs_weight
    10   10   5.874770911886544E+001   1.183684577420635E+004   5.874770911886544E+001
  </DiscreteSampler_grid>
