  0.00336396989981334  0.01166879909435355  0.02135879810485419  0.03152963831649663
  0.04164687485380625  0.05199668387402345  0.06262315629342362  0.07336088723444484
  0.08397605928779209  0.09436839716409164  0.10464934140513174  0.11518449028866297
  0.12557884761908905  0.13595036452938883  0.14577616081525599  0.15557223713705329
  0.16557786997441049  0.17591415620472783  0.18648211996987935  0.19702275442660463
  0.20761556745478355  0.21842788416993997  0.22902689794687678  0.23943041420769248
  0.24978362618021194  0.26000774758758705  0.27009898721767367  0.28017287901134064
  0.29034409144636703  0.30077602783680357  0.31099897813459249  0.32141595548267449
  0.33196496554577071  0.34267545701443680  0.35361357880490707  0.36463060028147160
  0.37552238059896281  0.38627835275773759  0.39679044091109805  0.40706267995543227
  0.41721691621002899  0.42761515182950666  0.43826082868628918  0.44898469396579321
  0.45951501449681315  0.46994024162045245  0.48046024132449022  0.49110617420763303
  0.50167993573896663  0.51205797934500674  0.52232251114448380  0.53244974033496406
  0.54246664315490400  0.55262762372340557  0.56294874431649711  0.57355809022507998
  0.58408018225304770  0.59455998471487392  0.60496529195481441  0.61528492360833476
  0.62579352354622031  0.63642879428512233  0.64713532041664701  0.65770167040216820
  0.66815019057749458  0.67864114716034007  0.68905230546080287  0.69933791010497792
  0.70954987306797135  0.71975618604924330  0.73012568018617696  0.74071652104788532
  0.75159598809233041  0.76262375442891150  0.77333890149741025  0.78379333368223802
  0.79441269309814710  0.80532531975745913  0.81618200919543960  0.82673078369393360
  0.83702756213424634  0.84742773427198048  0.85800017841308751  0.86880401388715511
  0.87955281340206293  0.89004547831854330  0.90040380101229400  0.91055275761117438
  0.92080960251099520  0.93103049851648212  0.94173904329705460  0.95250813000539880
  0.96376901812067040  0.97532935185763348  0.98749008208040034  1.00000000000000000
  0.00675047509421239  0.01682408212943918  0.02809184210485528  0.03966597392810693
  0.05056502161898110  0.06149574118946866  0.07241819904911836  0.08326170056766076
  0.09428527421434731  0.10515090943203355  0.11606446059223924  0.12705033204411206
  0.13818577902537574  0.14948324434260837  0.16034321843827382  0.17121868695657555
  0.18148301132533162  0.19191073803056038  0.20262935366915824  0.21326916461662015
  0.22358068739810083  0.23365865373391265  0.24413682719409269  0.25470009935969673
  0.26541196062425221  0.27607983482122173  0.28663384477495679  0.29709637417306584
  0.30737175168352704  0.31757800098195282  0.32795804187252836  0.33856793029246440
  0.34948886107205834  0.36030674397985801  0.37105319671121278  0.38174288089530711
  0.39243265495116836  0.40317383979254640  0.41391372797966758  0.42461227045875150
  0.43508481011838729  0.44570352280855724  0.45623650717872993  0.46669738542061306
  0.47703614921260579  0.48753049382691904  0.49797995481412693  0.50828662774454247
  0.51851231702154799  0.52883450887122252  0.53923703991630767  0.54954958308417423
  0.56004413404099551  0.57070704437766306  0.58153917862967530  0.59250675207678127
  0.60328667350491105  0.61389768309257420  0.62422293770401682  0.63441541600393681
  0.64458156028952951  0.65474019742030654  0.66507087569382861  0.67552913366556155
  0.68604351867860436  0.69642425212295378  0.70669874722144588  0.71699460352929800
  0.72744327794397523  0.73802483658635643  0.74865593418538856  0.75928466453037702
  0.76975088631015931  0.78022894445334667  0.79059432649313444  0.80086144906773149
  0.81100672139967345  0.82118916499324979  0.83158333579153820  0.84184460695883268
  0.85202448324233238  0.86232359957592308  0.87285162330955623  0.88324985775681430
  0.89348718332930510  0.90380186391260231  0.91408020921766719  0.92427304660128118
  0.93444484819787366  0.94440322402823795  0.95423360349515618  0.96397649664543372
  0.97377463195828662  0.98280002766557062  0.99198825875697227  1.00000000000000000
  0.00340068479071184  0.01152464194751392  0.02126733063261729  0.03133661347161524
  0.04156348768814702  0.05224310595610811  0.06285523487722895  0.07359523508841731
  0.08451006549011800  0.09533236581887630  0.10593811852210372  0.11638612182565750
  0.12700636695420758  0.13744282168162500  0.14782740137121875  0.15813600382947932
  0.16846509272658872  0.17860684981309771  0.18866390597166063  0.19894321614399305
  0.20938947718215306  0.21955539230557361  0.22961257073762484  0.23950850411183147
  0.24980930223433762  0.25997896102357709  0.27016888892396740  0.28056721038846816
  0.29071579668890513  0.30101231000691653  0.31120126573545914  0.32164692003827383
  0.33218836668900187  0.34276424910926484  0.35292568379689720  0.36348071462824860
  0.37421646855846608  0.38536591381093227  0.39621431171386162  0.40702151790597002
  0.41783014362676202  0.42886771661328621  0.43991563251317750  0.45084058301424917
  0.46155353389505399  0.47201394899688442  0.48219811677224356  0.49246368020546516
  0.50280146465156939  0.51318305140621967  0.52365143284505322  0.53434576412394807
  0.54505427370304715  0.55547423910360294  0.56553456083454012  0.57564165964262282
  0.58582115379493860  0.59615515549669118  0.60650894548970535  0.61668235388393244
  0.62683766347323377  0.63695730199673151  0.64734738898295352  0.65783180676971142
  0.66867493369678321  0.67914826400170891  0.68946267422449115  0.69957864634128697
  0.70988949276762137  0.72037414168937475  0.73093010027295890  0.74128017803703972
  0.75147226104973164  0.76160088869027975  0.77199189228992782  0.78254132232691442
  0.79310676509951927  0.80375555132066723  0.81404660000211859  0.82434678428853714
  0.83443905545236130  0.84508822357180213  0.85569010915767729  0.86619676007211754
  0.87666127717252695  0.88721555981764277  0.89779287480212933  0.90821131119135312
  0.91883667719743478  0.92969330287846652  0.94087484323887161  0.95228742641802999
  0.96335812252849207  0.97492286932133432  0.98690720074824800  1.00000000000000000
  0.00540963543240274  0.02172784052118237  0.03709486790571218  0.04993193090568744
  0.06198714019356993  0.07381496837448735  0.08530028510719666  0.09635443409668473
  0.10743805077671253  0.11831367209983869  0.12935974040307080  0.14010887678429174
  0.15112716121926487  0.16211283806008864  0.17296781136254760  0.18347333816623876
  0.19388239210296088  0.20415639249768339  0.21440262559168621  0.22472548227301414
  0.23498776218611761  0.24543151657532872  0.25585242319469609  0.26645716806641462
  0.27706570415575066  0.28766329889606962  0.29839858431968347  0.30899089405579711
  0.31945505050769002  0.32958712421109998  0.33977334079298427  0.35005928565480726
  0.36067858736314451  0.37121424681431814  0.38163087006374946  0.39185825094967419
  0.40222367887996446  0.41276641069665698  0.42334260452641237  0.43369243280835312
  0.44393488582626606  0.45396939423060351  0.46435781080383232  0.47490680567948124
  0.48536157658745893  0.49570298317554595  0.50594372384770325  0.51622208836959149
  0.52640528542317488  0.53664433531142952  0.54705105683862543  0.55756011125424676
  0.56789749741615114  0.57833216522968078  0.58867713305356018  0.59926314511096901
  0.60980843691658104  0.62050473305663822  0.63120456862146201  0.64179862566051238
  0.65205403540452989  0.66219018751407921  0.67234681081398928  0.68274273435739585
  0.69298938569644197  0.70322560940816659  0.71337755769975164  0.72339043941125158
  0.73339687632416173  0.74322855117962094  0.75334125682880382  0.76355543595043140
  0.77400228177748109  0.78443536469930630  0.79496145384495753  0.80562218537699037
  0.81620518147298282  0.82643050921599270  0.83662072005019184  0.84693409985531631
  0.85706451291668717  0.86688751240695483  0.87664122505344866  0.88660018682433472
  0.89668486692197402  0.90658733260816327  0.91654839951280009  0.92644910802409552
  0.93618221057340778  0.94588317365363317  0.95536666456299435  0.96509147646842153
  0.97449319215232322  0.98345590272240246  0.99178062538242373  1.00000000000000000
  0.00000069181583226  0.00000419018086856  0.00001053731065561  0.00001525529471488
  0.00001979611440601  0.00002423870505940  0.00002857356040936  0.00003285722111840
  0.00003706645397044  0.00004121839841430  0.00004533734926972  0.00004939647624989
  0.00005353420943112  0.00005771587462303  0.00006203672346023  0.00006646948053647
  0.00007100365380465  0.00007567737407238  0.00008049538468780  0.00008536642528112
  0.00009032973864292  0.00009537299606152  0.00010052587457288  0.00010588165288571
  0.00011141059482198  0.00011703475768449  0.00012269125070290  0.00012846318143824
  0.00013456086951734  0.00014107652758920  0.00014809768600898  0.00015571423059980
  0.00016381044212843  0.00017223457396153  0.00018093100805666  0.00018960168272819
  0.00019834640415910  0.00020718251847778  0.00021629555006451  0.00022557376870145
  0.00023515622176949  0.00024496680669684  0.00025531712500160  0.00026613569358634
  0.00027742369888905  0.00028928646039308  0.00030153924691766  0.00031456208556465
  0.00032841781432878  0.00034291465352141  0.00035798950033526  0.00037334204946763
  0.00038926461830402  0.00040559657960669  0.00042287583445761  0.00044130104705365
  0.00046090120250015  0.00048179725890214  0.00050389719080202  0.00052767021645922
  0.00055297360189784  0.00058064903541723  0.00060959549608790  0.00064015650019954
  0.00067239658904883  0.00070698865556332  0.00074373332931301  0.00078256746781314
  0.00082436469143987  0.00087055108945136  0.00092088279787494  0.00097520088430260
  0.00103434996679527  0.00109972658552143  0.00117402433614538  0.00125158197439202
  0.00133441203050736  0.00142468788481691  0.00152456777839049  0.00163904041569548
  0.00176897848687571  0.00191789677274910  0.00208465904219400  0.00226936783228214
  0.00248779757876584  0.00275991627189272  0.00311413979390170  0.00354722125513349
  0.00407556857172515  0.00477160558235196  0.00565666019487954  0.00673902261435190
  0.00823116945816464  0.01108162567615800  0.11940646303328939  1.00000000000000000
 -0.00222192643147158  0.00939844800034822  0.01975256536922915  0.03050934433827610
  0.04139863718112624  0.05199081953280277  0.06268506018293163  0.07350523948674614
  0.08469003048179219  0.09592049301627531  0.10696645471100032  0.11763813522779677
  0.12831143072984905  0.13901520705623069  0.14981623161044749  0.16077722140265388
  0.17152210507650009  0.18191986351752965  0.19233167351462191  0.20280417921053856
  0.21323734739192726  0.22338757886805191  0.23368599677655502  0.24446563753690995
  0.25538326509566561  0.26646567346608607  0.27736776507135802  0.28830821611144741
  0.29887484689259325  0.30963121463228477  0.32051375739164956  0.33158575853775152
  0.34243808665445175  0.35320279828124052  0.36386732218156453  0.37451908989696969
  0.38514044337157022  0.39571540623342522  0.40631938869612139  0.41691492959559306
  0.42749268229539672  0.43804522403131646  0.44880865263965281  0.45959851252558559
  0.47011001712299549  0.48062882183189348  0.49127328308226326  0.50204145945171619
  0.51281732443533978  0.52345576332918164  0.53390899668945890  0.54433811555090483
  0.55504029765379914  0.56572275861969845  0.57575521990128475  0.58579618307509917
  0.59597195760318333  0.60629348064983934  0.61627904163620684  0.62632975730151808
  0.63664546597710592  0.64701187852148268  0.65722775516753107  0.66740749986495951
  0.67790497563726393  0.68869357088042360  0.69954723708252975  0.71020513190617296
  0.72070859960866174  0.73120372559720903  0.74175771848641547  0.75237098515023071
  0.76287045998057768  0.77313013738033065  0.78323133255489663  0.79338012106698541
  0.80357221857339323  0.81385999354443794  0.82405046175406449  0.83418573203839197
  0.84445915080789125  0.85487522155877793  0.86539093877697837  0.87577546384145732
  0.88618335229675482  0.89654035287729616  0.90691290517098277  0.91705709484690645
  0.92740330470112731  0.93776556884467188  0.94839174091692591  0.95899701579244601
  0.96899181138641732  0.97918336089347324  0.98934453154350777  1.00000000000000000
 -0.00258074335819424  0.00989101704955838  0.02033830906032784  0.03081930753880889
  0.04109227311164185  0.05162196732095267  0.06200510777989657  0.07282496396495641
  0.08327264646996115  0.09375297437769253  0.10401218940768067  0.11439621706436298
  0.12475050926921459  0.13513987556423776  0.14541503431815697  0.15633643121718896
  0.16702939893193053  0.17778374898432822  0.18865624592436045  0.19982218955739528
  0.21074780501601703  0.22127123382119704  0.23172106939643869  0.24212269964463315
  0.25241857116998245  0.26281466602423725  0.27360194944573163  0.28448607722318076
  0.29505931782084283  0.30525774418561885  0.31564268193715944  0.32640619102096124
  0.33757484519532593  0.34842200166741094  0.35885092941892399  0.36899843866749132
  0.37930297877556851  0.38975292592826793  0.40022791963314908  0.41083044344373737
  0.42136766334692899  0.43197969277182025  0.44230322892581075  0.45267729989098815
  0.46296837306950900  0.47323936949004480  0.48343834122598078  0.49383251486559171
  0.50460111745383129  0.51569931411094705  0.52645346982443597  0.53679906911381559
  0.54703918495428105  0.55734765782141149  0.56788809715723854  0.57853797355999104
  0.58954492650941215  0.60057928824188200  0.61125574121947579  0.62180022384010469
  0.63221657537702325  0.64266429365612188  0.65285341692416599  0.66307738653772730
  0.67344066758646393  0.68409470252884719  0.69457481494614759  0.70514542276118131
  0.71530382094149136  0.72540030176398973  0.73550478339645808  0.74554766764804792
  0.75545950773199944  0.76537088081265625  0.77562532940940654  0.78649393572538084
  0.79729463595302641  0.80818668949669559  0.81909222875533449  0.82995222766746635
  0.84070825326485210  0.85130336897462355  0.86190567501528292  0.87236907951981313
  0.88252779565822548  0.89278544897324819  0.90352236926074636  0.91439250138540340
  0.92552692733273434  0.93603190061076413  0.94684918005598129  0.95737031810315931
  0.96812561056896862  0.97878632571974700  0.98941016916683622  1.00000000000000000
 -0.00220550882753076  0.00894179441940695  0.01887204132286720  0.02944576227042844
  0.04011461944288454  0.05087938655892712  0.06155225612310673  0.07233041884312387
  0.08282811383268378  0.09339696574511558  0.10392516421705493  0.11456259877438993
  0.12514450171031105  0.13610029855326275  0.14720268339806755  0.15825501140626602
  0.16919250680160405  0.18029676782381285  0.19144653583640325  0.20227518505546033
  0.21306083932460232  0.22360868181157456  0.23387311478858547  0.24370920249452346
  0.25373117820294017  0.26389062873093722  0.27427458914119635  0.28472788193935927
  0.29540512600086055  0.30627220192848209  0.31720309401831065  0.32793585377928214
  0.33858330757678268  0.34928797512474669  0.36003762937580341  0.37083554027977800
  0.38148318113959517  0.39209060419885855  0.40274608927970046  0.41319758312186489
  0.42386601717719385  0.43452483966746369  0.44539369494903097  0.45636479736881547
  0.46732679304917074  0.47815132972618990  0.48837944585033294  0.49848104744444016
  0.50885536600044934  0.51931815765238587  0.52970222807302292  0.53992452954372283
  0.55029583285969874  0.56060171583782981  0.57085354394432730  0.58120333753245879
  0.59195445785343082  0.60316633089435079  0.61473308893930723  0.62615014707459349
  0.63713602861029528  0.64793652508177602  0.65892544579991752  0.66953368615088449
  0.67960307023206268  0.68956007787710427  0.69969523930550759  0.70989282401513365
  0.71979438133355678  0.72961773016683951  0.73936813098205845  0.74960412325657655
  0.76002218019241496  0.77062005946976164  0.78134499067131835  0.79213645215192940
  0.80275813433438759  0.81342141008433611  0.82400802731917100  0.83477149472782308
  0.84532353190542397  0.85560035711445892  0.86597515040851003  0.87636709951939284
  0.88697607129912681  0.89755872754634958  0.90808211476174050  0.91866571594064139
  0.92888948860408194  0.93908846056226092  0.94935390049264490  0.95963737853968012
  0.96963796628281185  0.97958865896941660  0.98972495879207434  1.00000000000000000
 -0.00230942640175881  0.00915371736459248  0.01909836931467464  0.02955167344631243
  0.04000778757443911  0.05051946031016857  0.06066876336321163  0.07107543445698447
  0.08154632771477215  0.09231717119292332  0.10282444429846344  0.11316589209962584
  0.12349443498525789  0.13430108483921199  0.14516018685859958  0.15606228273332642
  0.16672499219072276  0.17734483735963288  0.18784111813843837  0.19844028549039194
  0.20919386114194094  0.22002614625370653  0.23079654901366495  0.24163289390962936
  0.25234545513997980  0.26311116388160394  0.27373281504837105  0.28439210815147564
  0.29505352560599674  0.30567865993399040  0.31638784565054123  0.32716438758490046
  0.33780902279013952  0.34855547521178359  0.35942061274882287  0.37037785973008247
  0.38110568504717190  0.39166844657759342  0.40217702940529321  0.41253464087504893
  0.42259261260150666  0.43255040152688723  0.44258768925875630  0.45269318415883619
  0.46285837980113487  0.47329546288633895  0.48400559804492543  0.49477890739726682
  0.50534370204514090  0.51576630290334524  0.52628420036220258  0.53695424173465156
  0.54748379510080225  0.55797368680161785  0.56849278103910772  0.57917543896582713
  0.58985036510388833  0.60041530032477308  0.61099881733128414  0.62161459610561132
  0.63212965656946807  0.64253061615324569  0.65277357081635279  0.66289799917724646
  0.67311602160014627  0.68343230486982665  0.69402144049400993  0.70446695506959189
  0.71489292701325857  0.72501345238564274  0.73530059082503085  0.74538281898448766
  0.75567526735976520  0.76597813541052440  0.77660233952064384  0.78739915945983685
  0.79811381785849900  0.80850874731271427  0.81882527444921771  0.82920436899348660
  0.84016732544839512  0.85130014287318534  0.86253298836378922  0.87342590480143256
  0.88423756466316539  0.89500872092377015  0.90551076418604104  0.91601936015699925
  0.92649347784504510  0.93720147385150210  0.94779174951901457  0.95821948764043885
  0.96872065483968472  0.97919865136972384  0.98969830701165162  1.00000000000000000
 -0.00213142067873238  0.00837300732396495  0.01772531583144537  0.02787012005311773
  0.03831642398152606  0.04904981862863898  0.05971705483650138  0.07016298392238385
  0.08043006625574835  0.09082462151258415  0.10091917783396791  0.11114582735138709
  0.12112992653185703  0.13130209892907360  0.14123550950170510  0.15139088354844832
  0.16162411268598073  0.17200506894209383  0.18238492347256621  0.19270999214167675
  0.20313977434760810  0.21342780040035883  0.22384195378854019  0.23417675188062798
  0.24453119851044053  0.25509700044160322  0.26594680529871378  0.27673696207189757
  0.28762259989019046  0.29820575255463944  0.30867868433022871  0.31904637383981577
  0.32923128114656164  0.33939715595670822  0.34960037477106537  0.36001722890296195
  0.37067556510776328  0.38102998547010275  0.39143604529079934  0.40204811914945149
  0.41284975592398571  0.42353174557592765  0.43408005858978199  0.44445243125146300
  0.45468094561661748  0.46453966196349583  0.47434046124219031  0.48438734571805381
  0.49480698526833644  0.50545930099890513  0.51611576841022555  0.52681392932759585
  0.53756983915307943  0.54838055201042701  0.55937131140913965  0.57001393948471601
  0.58039830847121909  0.59081223684165707  0.60140952904169609  0.61190490734589742
  0.62252587978809604  0.63325016694624470  0.64405387973743733  0.65461483374915519
  0.66498453125947121  0.67543487602198371  0.68598277960774012  0.69666814998761128
  0.70727633316167104  0.71795026862196754  0.72868451797947476  0.73949956015311524
  0.75044194277162790  0.76157562576994031  0.77265640883563391  0.78330511527940738
  0.79397231512547084  0.80496901685253830  0.81594495380840504  0.82678307599102163
  0.83741397244562676  0.84806130923423606  0.85866070728783239  0.86936887647732664
  0.88017710008462868  0.89098040600302408  0.90159027354376009  0.91207232772378422
  0.92257662499689908  0.93324123084581367  0.94423245274589807  0.95534118958307390
  0.96632267614888001  0.97734790267136540  0.98860434088401072  1.00000000000000000
 -0.00246446706312142  0.00941396194961669  0.01964089339806644  0.03014228720388064
  0.04070048090689408  0.05159069598674951  0.06252966108431253  0.07310398198419146
  0.08347350895852007  0.09372310971615276  0.10403924970349829  0.11428251415541801
  0.12466022006077897  0.13488204629897932  0.14504578794048423  0.15513057185103812
  0.16542565723689831  0.17586894212514684  0.18640467588521531  0.19696648410798742
  0.20745397328013740  0.21803460500382146  0.22877442613760166  0.23949711477436769
  0.24997636816427096  0.26004325287453606  0.27002432764387457  0.27991625392623615
  0.28985125998242678  0.30015616612646712  0.31041988934750231  0.32087314136864797
  0.33109600714737697  0.34174713740468093  0.35242051482794429  0.36318307747859269
  0.37374627102216768  0.38427760450335735  0.39511514300145362  0.40595695233847212
  0.41694789810090865  0.42769758623628390  0.43833020882082013  0.44889764138472354
  0.45938082583128376  0.46995712414909951  0.48059477760875108  0.49111613102064205
  0.50166682809906349  0.51220740277328392  0.52284662610370569  0.53346172082887944
  0.54422461533149546  0.55528264699706575  0.56645421201494661  0.57731883167069120
  0.58790738979561408  0.59831566750496101  0.60860385054821353  0.61883678353589089
  0.62918037607179866  0.63958784916748213  0.65007191872366010  0.66070981226789394
  0.67141908300790887  0.68206444085002316  0.69258328031279770  0.70309551385288294
  0.71347358685553153  0.72372375854130877  0.73394399678127908  0.74446062346509601
  0.75534563211788908  0.76630894636859237  0.77694756205435767  0.78754406529777565
  0.79827989604703464  0.80920959734658637  0.81980516587827734  0.83044487315552162
  0.84098047047364799  0.85184979349654832  0.86198652177032475  0.87234544764861444
  0.88267806869085541  0.89293663079302110  0.90311598850993891  0.91316929472665609
  0.92392728164378390  0.93497259926750942  0.94606827667913262  0.95713022400736825
  0.96784734167576969  0.97855724912472397  0.98914384128140820  1.00000000000000000
 -0.00244157889153678  0.00949737635820722  0.01930014914904550  0.02997317630948305
  0.04042318624413425  0.05077252219224967  0.06116913235607901  0.07180514502558397
  0.08253727851466267  0.09342144914550154  0.10438486010181615  0.11542973423018489
  0.12604509641549227  0.13703101347920810  0.14763781775797835  0.15868931429008193
  0.16927453482652163  0.18045538171400455  0.19115756152587801  0.20168699162584286
  0.21221627894954273  0.22303269878191379  0.23381994111446092  0.24450250110724669
  0.25508430538984556  0.26562228407038041  0.27599610070272507  0.28637090912824498
  0.29681786573144125  0.30741988842209711  0.31787727008673378  0.32870083949134249
  0.33924924221408997  0.34988438850825060  0.36033302629323638  0.37095843811849205
  0.38137061672940759  0.39155143363401079  0.40149745040595147  0.41124897845586378
  0.42084033422187489  0.43084968173539712  0.44079806015522477  0.45135803397862950
  0.46195297173121797  0.47268806849249040  0.48323370590104758  0.49385559951646035
  0.50464193723466555  0.51544590179449845  0.52587669015925698  0.53632971230633575
  0.54692264999662621  0.55775367827813604  0.56846718154457931  0.57912959404676501
  0.58982995111528214  0.60069522058940639  0.61159314714078150  0.62244926754208296
  0.63324987828967272  0.64393700071660931  0.65447251235443271  0.66493003506692061
  0.67547660297285017  0.68583250878440871  0.69629172010311347  0.70671565939015346
  0.71762235237002092  0.72853246609073019  0.73929952260945919  0.74990521547702238
  0.76040941815335361  0.77098088292942468  0.78134448920241006  0.79144226570473930
  0.80129380535642070  0.81139079191430596  0.82171947034978643  0.83225711458120599
  0.84255133870308241  0.85280129106185720  0.86307343515585855  0.87352145431360151
  0.88406150075985090  0.89454398822815551  0.90504636567083085  0.91590685141970773
  0.92703140079357937  0.93816240285379249  0.94872835748458773  0.95917584638630804
  0.96907849420051673  0.97922167441771391  0.98927817718418454  1.00000000000000000
 -0.00230160710105505  0.00993830200989537  0.02032945612305811  0.03053369007424090
  0.04067312468876823  0.05086129535413238  0.06099424754449205  0.07135467945158096
  0.08182576702411301  0.09309517460188492  0.10454220007524163  0.11566850518592869
  0.12632262182697002  0.13675242297879298  0.14706936588808792  0.15740181781660872
  0.16755215609207916  0.17769378772119138  0.18802369752159781  0.19833525848764069
  0.20857239593152332  0.21885564379435846  0.22939687878754220  0.24027457403702765
  0.25121425077475379  0.26218121831581565  0.27299469987858149  0.28348307048646626
  0.29388958812376081  0.30420390163230165  0.31464831169618102  0.32520240781386206
  0.33570260890290554  0.34604762602449057  0.35647946878476550  0.36689811066713346
  0.37734764417792910  0.38758559635623974  0.39790264104070433  0.40823554403956536
  0.41849461849797687  0.42882705545704747  0.43934533385157665  0.45002330361069592
  0.46062716761826394  0.47127630773213297  0.48208684978313004  0.49315728909208412
  0.50402260831340873  0.51474582769364097  0.52533622693719495  0.53602192618676758
  0.54646618940675040  0.55676180925267271  0.56711227640991335  0.57754956264267543
  0.58773687355465409  0.59774381607567029  0.60776293648161239  0.61781457310738264
  0.62774962470097773  0.63811529203044515  0.64864832393020921  0.65940986400176560
  0.66975077246112491  0.67996895659664336  0.69013553866404098  0.70034245361297798
  0.71103938451736293  0.72187373865027937  0.73274735632265953  0.74343948056941389
  0.75419784878652585  0.76487883434235748  0.77547441714732246  0.78586497086557250
  0.79652845895469304  0.80709515576470425  0.81777971125746507  0.82856895134343678
  0.83912035457548773  0.84974528217645828  0.86037308467912310  0.87157171534872391
  0.88248359388996211  0.89315603009594224  0.90374222035206775  0.91468151360764494
  0.92558704762311372  0.93629675296814496  0.94706561270453660  0.95782582092127366
  0.96849376151694844  0.97896741762329775  0.98952188618692727  1.00000000000000000
 -0.00236744889254303  0.00923362327647316  0.01928139415340029  0.02949117031321475
  0.03953679949349632  0.04944977759413066  0.05970914906264720  0.06982967530430276
  0.07978334253163238  0.08985634671599121  0.10033097552372963  0.11085861278464584
  0.12132329995503768  0.13184748136430213  0.14252208808408323  0.15302163123902301
  0.16320481792867075  0.17374850672189812  0.18468504187065574  0.19550286830498459
  0.20605014069308025  0.21630640122959879  0.22656077863897514  0.23670068908992739
  0.24695484585710797  0.25727500314390733  0.26779739416618326  0.27827426960184753
  0.28892130900348412  0.29949081869290367  0.31021059621590963  0.32114367666635907
  0.33206841507510426  0.34268362622756998  0.35307681268298086  0.36351440369574972
  0.37425278836498560  0.38504037850271150  0.39578069205822930  0.40634962121528195
  0.41663784614526622  0.42681210388946039  0.43708104997992947  0.44756313117956170
  0.45830981097602275  0.46896941647959961  0.47961506881376531  0.49037065717222400
  0.50131720428755155  0.51232108868277815  0.52294928738803415  0.53339419196343885
  0.54402088367788881  0.55474225991044313  0.56538963013129739  0.57592691222386561
  0.58632843973789284  0.59659580970531556  0.60678705018680112  0.61701752461511383
  0.62742749949506460  0.63793053145291134  0.64865036215629246  0.65944998103394614
  0.67027780278848237  0.68123120778428770  0.69212163582811181  0.70309676252625020
  0.71424237022379122  0.72578812238947332  0.73678869410476677  0.74745226760980532
  0.75805822937982004  0.76839862783837387  0.77867034790044987  0.78891144039498018
  0.79960169139064907  0.81011618229736282  0.82069731420120839  0.83120127175851444
  0.84197840654003042  0.85260383077890645  0.86309078676346274  0.87327812867321031
  0.88366638452954149  0.89403026512255857  0.90454316296651227  0.91510847386095839
  0.92586855498110365  0.93675212982405998  0.94738745429104676  0.95803197177122457
  0.96858824188208825  0.97903863627301568  0.98956942512556989  1.00000000000000000
  0.08701068010305109  0.24314944937693025  0.27085450902391572  0.28740921993336982
  0.30136603035854570  0.31430133775911545  0.32614602940895687  0.33690319745169151
  0.34675090261847796  0.35621609344965510  0.36529079366900585  0.37428803176917053
  0.38288034327981652  0.39100922714519626  0.39887312392592728  0.40656982647411671
  0.41420304981579725  0.42166067072233143  0.42909173445118254  0.43653088140799379
  0.44375249967954478  0.45080058404113987  0.45760894061635615  0.46424334849846494
  0.47085992833148033  0.47748726342121628  0.48409302078100458  0.49061387346803065
  0.49700148404100847  0.50323669302129148  0.50930773553047659  0.51530780714078472
  0.52123147813817616  0.52710459528242637  0.53297429840167376  0.53883294357534917
  0.54473718519823944  0.55064362241719289  0.55651236646232360  0.56237183083442244
  0.56823992222198749  0.57408307858540175  0.57985334735727578  0.58560796653909730
  0.59144715278383142  0.59739043284922233  0.60326058237933700  0.60895962042840568
  0.61450400489011214  0.62005349700490742  0.62558985713192894  0.63123710959183432
  0.63694692202284209  0.64271103643369254  0.64852423579163543  0.65431039871423580
  0.66005896239679207  0.66579150074927596  0.67163298073690658  0.67756888150376948
  0.68358810194393382  0.68951109296650481  0.69543074653416637  0.70129275571056526
  0.70713466613648113  0.71303735376056909  0.71906073572793561  0.72512823959212891
  0.73119090566506884  0.73722584545027836  0.74328285463711474  0.74950005819931953
  0.75590565634946305  0.76236660070149920  0.76883550540180345  0.77540293712701291
  0.78204859167162222  0.78885970640832492  0.79580240442816419  0.80289532068285718
  0.81015135352921763  0.81744714554070153  0.82493942249224728  0.83244339530023936
  0.84021538178991817  0.84831107587673349  0.85681321481985606  0.86594273862256066
  0.87537481173130383  0.88530947811760830  0.89588271619513826  0.90747490578280199
  0.92069190562686187  0.93647127324870971  0.95904654777204568  1.00000000000000000
 -0.02543917284127773  0.12237252537127788  0.15879147273756231  0.18030888169323064
  0.19733253703011738  0.21171754186780684  0.22440364117770925  0.23601322665518179
  0.24674259059335496  0.25663924985969661  0.26601989162146378  0.27499565613478577
  0.28356500133301499  0.29180736085698245  0.29978678205893677  0.30764877527409734
  0.31537836292369276  0.32288527373483533  0.33018929886265452  0.33718666442091827
  0.34397884563689435  0.35058595523520447  0.35697523148926019  0.36314708425304076
  0.36926955812613893  0.37529071000563519  0.38130542688108893  0.38722246071561561
  0.39314189547096201  0.39895836714859606  0.40462745321516508  0.41022997639954695
  0.41575344828311356  0.42124633624335489  0.42674425891689011  0.43227521498052418
  0.43782941607013154  0.44331469415745511  0.44870396963536385  0.45409493999366335
  0.45956479260386734  0.46504964949622468  0.47043858341011940  0.47571694132757436
  0.48095437716259770  0.48621940525184021  0.49151275173452957  0.49679853947001218
  0.50201713853335350  0.50727465871724009  0.51265130271159676  0.51798314154649527
  0.52329115837001849  0.52850354454737147  0.53366247395289179  0.53883439352635287
  0.54409184379293174  0.54937643494572097  0.55461938058011440  0.55990079523979419
  0.56526109149852377  0.57074783763960968  0.57637867871887150  0.58205494980897621
  0.58778166843247714  0.59357574233925814  0.59939548210993432  0.60529748959222640
  0.61136222960262243  0.61757975159888301  0.62387388805261246  0.63017976656848362
  0.63641190649998536  0.64268533943037875  0.64905514124065145  0.65559693544322117
  0.66226995536769018  0.66906576675013640  0.67620962847410215  0.68347903549026456
  0.69094462439429871  0.69859138364206230  0.70647692763468295  0.71477042390701639
  0.72352835900361601  0.73258997654664382  0.74223145805800317  0.75215971065130727
  0.76297224803716912  0.77474289631778070  0.78800800745505251  0.80266702982744398
  0.81989915868346652  0.84197078374346479  0.87774083587412521  1.00000000000000000
   4.8639832141642410E-005  -1.0000000000000000     
 T F F F T F F F F F F F F F F F F F F F F F F F F F F F F F F F T F F F T F F F F F F F F F F F F F F F F F F F F F F F F F F F T F F F T F F F F F F F F F F F F F F F F F F F F F F F F F F F T F F F T F F F F F F F F F F F F F F F F F F F F F F F F F F F T F F F T F F F F F F F F F F F F F F F F F F F F F F F F F F F T F F F T F F F F F F F F F F F F F F F F F F F F F F F F F F F T F F F T F F F F F F F F F F F F F F F F F F F F F F F F F F F T F F F T F F F F F F F F F F F F F F F F F F F F F F F F F F F F F F F F F F F F F F F F F F F F F F F F F F F F F F F F F F F F F F F F F F F F F F F F F F F F F F F F F F F F F F F F F F F F F F F F F F F F F F F F F F F F F F F F F F F F F F F F F F F F F F F F F F F F F F F F F F F F F F F F F F F F F F F F F F F F F F F F F F F F F F F F F F F F F F F F F F F F F F F F F F F F F F F F F F F F F F F F F F F F F F F F F F F F F F F F F F F F F F F F F F F F F F F F F F F F F F F F F F F F F F F F F F F F F F F F F F F F F F F F F F F F F F F F F F F F F F F F F F F
  <DiscreteSampler_grid>
  grouped_processes
  1 # 1 for a reference and 2 for a running grid.
  10 # Attribute 'min_bin_probing_points' of the grid.
  1 # Attribute 'grid_mode' of the grid. 1=='default',2=='initialization'
  0.0000000000000000 # Attribute 'small_contrib_threshold' of the grid.
  0.5000000000000000 # Attribute 'damping_power' of the grid.
 # binID   n_entries weight   weight_sqr   abs_weight
    10   10   3.563530679233223E+002   5.701021965009375E+005   3.563530679233223E+002
    16   10   3.563530679233223E+002   5.701021965009378E+005   3.563530679233223E+002
  </DiscreteSampler_grid>
