  0.00345213435287064  0.01161097312599610  0.02099488200511335  0.03159865238142684
  0.04260089547009173  0.05354254265743186  0.06481796586392638  0.07647900558338436
  0.08855469331177046  0.10128020131276415  0.11435270595946517  0.12653126316870705
  0.13726196155734197  0.14746450818344584  0.15790293906193875  0.16913404255738843
  0.18047000270232536  0.19060852767911024  0.19957126390626007  0.20853199623586943
  0.21801657780523423  0.22732753430697542  0.23569460916479038  0.24412421060689310
  0.25322691470707120  0.26348290535994201  0.27354941674135147  0.28321334352685412
  0.29304426885672508  0.30327863106943542  0.31370381873837755  0.32427136105611815
  0.33456466774572352  0.34434104212838579  0.35438989005719407  0.36568550012279599
  0.37716374662296365  0.38844415494980677  0.39941010535426247  0.40991217245808403
  0.42104974681314888  0.43203030884502297  0.44287467569369160  0.45386711342179781
  0.46524942164483235  0.47714609317746925  0.48914358334471325  0.50067040519410377
  0.51171324366886795  0.52215924357430221  0.53253895984881305  0.54261161214949771
  0.55311419269297202  0.56367980280734109  0.57412552644546566  0.58400806635182034
  0.59237320435926688  0.60113914857862361  0.60953186521977587  0.61816544430066644
  0.62709660117668786  0.63619028796017829  0.64573811543674231  0.65694609098493595
  0.66920698686677460  0.68105147329888505  0.69225145147778588  0.70270574736246239
  0.71368707454657565  0.72481046785310455  0.73537345906948326  0.74547297686060654
  0.75685226848955056  0.76872419989765473  0.77971971998875256  0.79049909398763551
  0.80109836916945565  0.81168800944399877  0.82207857648368976  0.83279676656541946
  0.84320067228279327  0.85355874654430064  0.86313068939362991  0.87246067367432323
  0.88191265230915039  0.89181672098804288  0.90176640209767112  0.91140323666040768
  0.92143408633823898  0.93175362003082329  0.94241582910581090  0.95278122834742807
  0.96351448025841302  0.97506318099867606  0.98690816766126876  1.00000000000000000
  0.00721271555651006  0.01581112982290181  0.02658472687929729  0.03853898952183499
  0.04949693950851485  0.05990892036323062  0.07058917636648025  0.08182312670924589
  0.09279291582087096  0.10362136224294906  0.11415349888541121  0.12419268510108684
  0.13347976672776415  0.14278635346403121  0.15319233902844451  0.16421891031946795
  0.17620873865835995  0.18819216579386450  0.19994290986924995  0.21241873123348026
  0.22551800463852506  0.23827577061812627  0.25049332140162017  0.26227864645440496
  0.27395885870125042  0.28422448092400604  0.29450659171589094  0.30484961162292057
  0.31608322557698543  0.32703671847828919  0.33856734046747305  0.34993764386379067
  0.36213642502822818  0.37415197413803103  0.38610639909328892  0.39720309007870463
  0.40677439414061334  0.41642113053197138  0.42568047992042429  0.43453529349517633
  0.44306826944725197  0.45126334916784261  0.46010184022620337  0.47121062626092719
  0.48294971799780162  0.49431944831583635  0.50450253286519664  0.51368524131300186
  0.52276989383221650  0.53249885777046380  0.54236464124107231  0.55238867008407833
  0.56246083196644536  0.57293274754652335  0.58283846701576092  0.59301435175415862
  0.60296552966458650  0.61325457926294091  0.62323253705968384  0.63357833425629195
  0.64409343027953037  0.65497202005150679  0.66588377852004677  0.67680902283603073
  0.68774672981859586  0.69798972667501813  0.70771677408001699  0.71727943072263178
  0.72644969008989324  0.73561795796700047  0.74436629956973710  0.75379543543286154
  0.76379046876051981  0.77345381207527875  0.78303090718118051  0.79207443104417108
  0.80101607751443460  0.81023394660688441  0.81983262425952685  0.82983858001740740
  0.84000053865716728  0.84999988255972103  0.86028676290220019  0.87201312083897264
  0.88358676538051562  0.89554169858861254  0.90703073184440619  0.91801230533895295
  0.92942094699148659  0.94104131488639020  0.95282864208066997  0.96306649753910001
  0.97255695489912142  0.98152929695193558  0.99188549996040332  1.00000000000000000
  0.00253084751275073  0.01430644764405906  0.02616107628347848  0.03826932050250524
  0.04991328351224895  0.06075937272342062  0.07039883082497568  0.07917784033549041
  0.08834283980536246  0.09763312729206232  0.10717798393517655  0.11668558966890542
  0.12580206547225034  0.13557591304670466  0.14573341736790890  0.15638146248957727
  0.16686856303173592  0.17655189286148965  0.18584522884808816  0.19568012511486754
  0.20595113900993409  0.21607791318547079  0.22614773385289968  0.23668713036446948
  0.24789170686504081  0.25951595576931796  0.27187438064946812  0.28399246423935476
  0.29608016859340747  0.30764649544236589  0.31801669479666556  0.32805758910937577
  0.33847787179206840  0.34877871059278770  0.35796946751162478  0.36607562882789108
  0.37476664895558903  0.38354361490029970  0.39215738027672470  0.40068933397498030
  0.40936417351568632  0.41894742078033803  0.42950900216411481  0.43972959030037501
  0.44915215024170468  0.45852711980756539  0.46870281586763635  0.47977412341909298
  0.49134493098778848  0.50181524492519192  0.51290740819932579  0.52460013480772860
  0.53599442068445824  0.54714950974235588  0.55769843538737618  0.56771498950351218
  0.57738766234747096  0.58717426244472515  0.59761906137105136  0.60839243714839886
  0.61963151033271779  0.63091167073353804  0.64199184207968818  0.65227464324799156
  0.66271469681188966  0.67295541944469417  0.68308089215477052  0.69395912789104608
  0.70515549775323039  0.71654261664633290  0.72706577426793073  0.73758607381152030
  0.74833222958704881  0.75860388293335612  0.76863415329441287  0.77854556190536506
  0.78893125273614062  0.79970513690795031  0.81100029286553332  0.82207306331703578
  0.83275359157273643  0.84364333094367527  0.85533349932579783  0.86639648125907953
  0.87667266279840061  0.88763840942491434  0.89829955982450549  0.90853413296386498
  0.91928373162723620  0.93106592780147601  0.94313246198913236  0.95484222675207509
  0.96623589262643617  0.97788928945483644  0.98890636662796927  1.00000000000000000
  0.00669453507444449  0.01921420525482331  0.03296227162437575  0.04499979073265952
  0.05624983406457507  0.06774744260072618  0.07879246534046126  0.08935222075855451
  0.09995474943459196  0.11151592702290540  0.12434982369956366  0.13584890848354134
  0.14670132894628152  0.15745796371949444  0.16751182505987267  0.17701634073874273
  0.18622418921413858  0.19563826821323230  0.20516457892533596  0.21454189879476793
  0.22404990533175598  0.23387218211382646  0.24411309001158740  0.25484314927473628
  0.26716179753749103  0.27965721119647791  0.29152790988061994  0.30249025455990308
  0.31299732604617869  0.32418391142362529  0.33434459670604277  0.34373896515961760
  0.35300786439983622  0.36272524644191406  0.37226471558107382  0.38128502096274980
  0.39039117743576135  0.40029910969322402  0.41075263559565106  0.42117552613376641
  0.43189592502018459  0.44345124695598120  0.45555450480010234  0.46745534849760234
  0.47911537755372535  0.49051410427525338  0.50205296784025510  0.51444135617203934
  0.52680228043825483  0.53863065613049499  0.54938490467972667  0.55952324061546688
  0.56968425227740815  0.57949530154748918  0.58986417775671207  0.59986068143558335
  0.60961226596678109  0.62000106968484670  0.63107816577257247  0.64205622599953704
  0.65265009055225820  0.66271631711534251  0.67249606896155367  0.68239911286122701
  0.69249805819392585  0.70288738617642932  0.71343858674523242  0.72423879102843802
  0.73556285569419089  0.74671229603877498  0.75771894090006553  0.76871485403298778
  0.77844211199617996  0.78781038744584442  0.79710837743910345  0.80655426486883963
  0.81589206475274634  0.82496533394841909  0.83395258154486351  0.84368448000664376
  0.85348933943785066  0.86307633874194678  0.87263858925580795  0.88201872093857869
  0.89169212771725226  0.90223650667355515  0.91351553178535627  0.92486125594222568
  0.93567864977836823  0.94607792748437480  0.95616386560586464  0.96579115407813421
  0.97467559144180727  0.98319305182192596  0.99139586589340190  1.00000000000000000
 -0.00008313259760792  0.00076095035009945  0.00173910802165747  0.00312122234476122
  0.00514003305909176  0.00759089774103442  0.01049984706604385  0.01383761560018027
  0.01768143688876686  0.02197465018861725  0.02635883392991088  0.03148402762030096
  0.03695491893402565  0.04255630545780360  0.04855863423710818  0.05489968297207675
  0.06111760776041673  0.06729986153053980  0.07412218072978409  0.08132230039602317
  0.08866696705629477  0.09660332392853134  0.10515675777118096  0.11390410526459317
  0.12232897733168102  0.13082696449382605  0.13967060579714599  0.14852672145737864
  0.15740393195855862  0.16640570091449883  0.17606151718600679  0.18579832362012000
  0.19551768922420093  0.20512192688368985  0.21411494365935851  0.22261716331246698
  0.23113721328782025  0.24009181869432294  0.24997268568353451  0.26068900783102489
  0.27186944381726846  0.28372974474513057  0.29509292115065450  0.30560343848651822
  0.31589849890564264  0.32646077961713921  0.33717741810744678  0.34817694163994439
  0.35973299477839854  0.37143838897503556  0.38339395602371201  0.39602585159165282
  0.40946160682440041  0.42364579183079221  0.43840353365355039  0.45283415320526127
  0.46627218159623923  0.48003842801333074  0.49359391238550443  0.50670637721602285
  0.51958594632770827  0.53211396530654476  0.54631055347947233  0.56044130273109749
  0.57414560964766592  0.58764788268045987  0.60095738171221291  0.61347971004664126
  0.62618969500142263  0.63928202936068712  0.65292515821793351  0.66706975360559007
  0.68144782194668907  0.69570777424739905  0.70956001402290381  0.72292078316738151
  0.73656116432885477  0.75004148013356164  0.76348345917055749  0.77676008515604145
  0.78982892752413381  0.80285190410524088  0.81594752859596575  0.82917174210553801
  0.84315079112082725  0.85751501846982070  0.87176484731398374  0.88580831240623537
  0.89996097756914994  0.91388687719053630  0.92768499325587472  0.94143922680823333
  0.95599206723632801  0.97060721334949251  0.98527688062393093  1.00000000000000000
 -0.00293494466003226  0.01187621391846918  0.02212045942938773  0.03192250405156961
  0.04096800072376702  0.05064050493596427  0.06088111447317180  0.07125057631464538
  0.08140317748006004  0.09170478553633385  0.10223668798872261  0.11260620691724918
  0.12300750324379728  0.13307416373520575  0.14306573714107482  0.15305439195975973
  0.16300045111369035  0.17310917788842459  0.18343654551210037  0.19430647087686070
  0.20533395519457773  0.21535174822407271  0.22556453623465583  0.23583658558754197
  0.24597821878912426  0.25530529041315175  0.26483537991564837  0.27473057561822889
  0.28488880552060314  0.29514521413688122  0.30560605625922632  0.31567483009435060
  0.32579814843308502  0.33557256272063302  0.34528933684122465  0.35597554107098367
  0.36549608066578154  0.37478438455183133  0.38394504255887796  0.39307537736768472
  0.40227057972302754  0.41189928181079760  0.42266289947805841  0.43461323783712708
  0.44614153293457853  0.45635495963720824  0.46632089852481656  0.47694229013867090
  0.48837998640534613  0.50042425741445085  0.51237904246284016  0.52403604856278896
  0.53533907600752129  0.54631358945136232  0.55739834095135210  0.56952740636863486
  0.58222201849369082  0.59369442825088059  0.60427790122418956  0.61482206236500681
  0.62543093006297845  0.63519374546106300  0.64448271233984999  0.65433853702529232
  0.66436763930418918  0.67412025670449738  0.68377902417825498  0.69370944438070281
  0.70385697775762979  0.71428563505139531  0.72535688304470514  0.73671798054112847
  0.74799275257961817  0.75933282320809570  0.77060214902344748  0.78125813103691633
  0.79182286687492465  0.80289536678400408  0.81432901364957810  0.82672554006091581
  0.83963984354369625  0.85260003024149933  0.86531931409863172  0.87687197334580136
  0.88730007581206061  0.89689927712030848  0.90689534449193465  0.91711206521358080
  0.92848027885645423  0.94041864595091118  0.95229701614156326  0.96274352572338318
  0.97258177463747419  0.98199827730631695  0.99127953027580651  1.00000000000000000
 -0.00187007809181207  0.00895848253367540  0.01871694555507490  0.02978094005785747
  0.04039945423848390  0.05051645061654472  0.06042399224718610  0.07109584298195781
  0.08228857066520097  0.09309114680949672  0.10329245585570623  0.11356262087474596
  0.12381570852601936  0.13357195976208264  0.14277823205656315  0.15199698273744519
  0.16132958258256752  0.17124638179626364  0.18113588470606168  0.19063408235457349
  0.20003543937694604  0.20925758609079653  0.21878920642586486  0.22866792951953882
  0.23873319296470882  0.24845125805511850  0.25751762040147874  0.26653474165454222
  0.27596520895922416  0.28577087813938062  0.29540359510440217  0.30485675587672595
  0.31456549120038108  0.32663648756719293  0.33809737738216461  0.34799760487648318
  0.35842297061654604  0.36936710377666132  0.38045695854565387  0.39152319563071619
  0.40262609837372099  0.41401398816762497  0.42560575278150165  0.43757198392669722
  0.45067730500415853  0.46316273394737334  0.47462245766191691  0.48548934495877261
  0.49635080317580055  0.50737182847852424  0.51757732906951126  0.52717219665210624
  0.53649466098720622  0.54659255400197626  0.55675995689261504  0.56751740626130598
  0.57853651414193485  0.58967865956399301  0.60093550791392125  0.61254973549953329
  0.62476431415844369  0.63724183491795972  0.64965505275134017  0.66218687853120162
  0.67345620417919860  0.68304286677515214  0.69267840000356462  0.70298703556683884
  0.71461994872699053  0.72648998975586598  0.73783978307013565  0.74877291572292293
  0.75993744500641169  0.77105714706847683  0.78263498719606628  0.79387975120395116
  0.80492389556340294  0.81575101316917153  0.82664355357538810  0.83754783650949483
  0.84812389607421457  0.85965237430162289  0.87082613252422525  0.88085800458501873
  0.89066296324253336  0.90151915307758501  0.91277352746857310  0.92252147947422602
  0.93160886093397299  0.94086613310271505  0.95048048427363041  0.95991152573697136
  0.96930627209608600  0.97913498761743556  0.98985401590013322  1.00000000000000000
 -0.00227277090219027  0.00937000718628925  0.01899324259940123  0.02882416930960532
  0.03916854900705941  0.04881954438622391  0.05903427669752206  0.07006954694929494
  0.08203875746881463  0.09236825326450362  0.10252913982528465  0.11343942408281980
  0.12561267316868116  0.13778235422423618  0.15002819248428761  0.16240340539640521
  0.17416887762358918  0.18567391931392585  0.19665346799782671  0.20767309967731418
  0.21823227838184731  0.22849196030022051  0.23835574181847441  0.24821644814266655
  0.25740146037867861  0.26611438139400023  0.27473069050073590  0.28378453911857421
  0.29341597152961024  0.30289724201471252  0.31262347868014628  0.32255837454288705
  0.33323960142517561  0.34496060809340223  0.35714746017938837  0.36847587073535842
  0.37963699411443824  0.39106304685434118  0.40261923666439842  0.41339816717710520
  0.42393459166049180  0.43505398004478968  0.44751790652794166  0.46005928908410731
  0.47103335083680897  0.48127049834002084  0.49125630401792386  0.50112963826546453
  0.51089993034797243  0.52100265788894395  0.53166497132554214  0.54204901566425701
  0.55192735909156321  0.56170612954079902  0.57207625563872122  0.58301995370429005
  0.59608540192571757  0.60819432151145925  0.61771925378371328  0.62764657989631767
  0.63745805635910557  0.64703086159414036  0.65591351032977752  0.66518296656871301
  0.67546859686823801  0.68574782117352440  0.69519962258090506  0.70468189908854317
  0.71452250082827451  0.72473157256198129  0.73532776871664562  0.74641146712116557
  0.75811972920618642  0.76994004444870923  0.78093008445954815  0.79125248905032786
  0.80160048504047376  0.81194433443709901  0.82238209746834301  0.83315661459502210
  0.84442077951335504  0.85536387893527455  0.86629160084335399  0.87721485756262185
  0.88859228876455876  0.89931920932677467  0.90954602781210225  0.91970253412759917
  0.92858889929310284  0.93731376281078727  0.94602099640912130  0.95542419431903280
  0.96530460541698271  0.97670999378103340  0.98789808234197263  1.00000000000000000
 -0.00245657772631183  0.00915019033749291  0.01968377272149502  0.03065014020934041
  0.04174106553608563  0.05253310174933749  0.06324617010607987  0.07364904001767825
  0.08347849315624969  0.09268116314328791  0.10217845961233651  0.11203851912156920
  0.12223469951829431  0.13336059431024277  0.14555462584186477  0.15766752650299898
  0.16863825741072869  0.17864739400486243  0.18805337450780088  0.19722806523586128
  0.20720746131025533  0.21792642505167259  0.22783488858555404  0.23755575622386407
  0.24723818352158342  0.25834192333285111  0.27017333038348168  0.28202710288401339
  0.29372659780541571  0.30485724132968312  0.31566029505717197  0.32629083468232456
  0.33703139966514151  0.34786839922952145  0.35940421330260780  0.37151286528264144
  0.38322372401549637  0.39394174943540156  0.40363443614994343  0.41356197682831286
  0.42402795784445757  0.43439983836970958  0.44365740922910790  0.45272225875491134
  0.46290761622680271  0.47360859699897490  0.48502236356874862  0.49602078172860375
  0.50774488670889828  0.51941172231201826  0.52972892900037882  0.54023009972248492
  0.55068808319153184  0.56161694617680735  0.57184723452236375  0.58169606195567580
  0.59142693310584071  0.60129195298363436  0.61085254381121956  0.62012875596141526
  0.62973242213609237  0.63962939342718206  0.64936364391373713  0.65870988381422912
  0.66811509194982821  0.67839223839174911  0.68870565075137546  0.69951472698910400
  0.71049526026679144  0.72229429223161334  0.73406015151275983  0.74592632620430843
  0.75703838316435756  0.76695619220372691  0.77785473840961372  0.78864593298977437
  0.79975732458877469  0.81025838411952389  0.82088022196363974  0.83112852695107542
  0.84125352622939586  0.85154734761860618  0.86251300957592270  0.87419301486917678
  0.88674017005056771  0.89778455661739920  0.90783255929993911  0.91695129212449711
  0.92622464243516223  0.93686544520092341  0.94760945830940324  0.95868840351310647
  0.96947004567148176  0.98017890840213862  0.99003856351158825  1.00000000000000000
 -0.00172038793927475  0.00917905932659935  0.01852629731954406  0.02817992425615060
  0.03838466599381428  0.04876350896894446  0.05870635261929896  0.06846493668240225
  0.07873246945852411  0.08920155957097228  0.10022636560992446  0.11099826284396788
  0.12085890821907266  0.13029404769590630  0.14018975801862177  0.15112177087158968
  0.16176127600253298  0.17186753481403272  0.18189149210403099  0.19265793651587540
  0.20330177185743065  0.21326246178030550  0.22311003115198744  0.23324247223127287
  0.24421161702977862  0.25522029836500298  0.26561932538647032  0.27521750737008677
  0.28457017046961103  0.29434542124157526  0.30453856460281109  0.31496755158815398
  0.32542455472939064  0.33667460848895225  0.34825156138667018  0.36029950462184351
  0.37186437337385370  0.38225302610718315  0.39176734268789676  0.40159903527535851
  0.41225490925690800  0.42256895728461785  0.43237417229530822  0.44264061747748407
  0.45357649186904853  0.46393894794876328  0.47377764867372574  0.48407692753875242
  0.49426594878065316  0.50469701035515457  0.51586639251222977  0.52635658897656057
  0.53784351929598373  0.54818154542570485  0.55877957067931172  0.56870287472060943
  0.57924683281752420  0.58953935199892427  0.59993518615951436  0.61004787428741802
  0.62061275218280998  0.63100495625782438  0.64122029232698474  0.65197414497635220
  0.66390783302443868  0.67751625289689010  0.68935333524013320  0.70033676510963627
  0.71105517106117033  0.72257277107907558  0.73454185854997256  0.74566285277763911
  0.75761439061891345  0.76926507471275096  0.78034831591451315  0.79089115783345199
  0.80133767588825244  0.81247499335940299  0.82372872900076588  0.83481565427155924
  0.84530752557864086  0.85586700513628922  0.86618943535750881  0.87579073618426773
  0.88503994173545397  0.89383393620636975  0.90345526352288530  0.91284910681823428
  0.92286861678980547  0.93367514860245127  0.94474936563071932  0.95613032332896009
  0.96651344808209372  0.97700153475097107  0.98819707595634099  1.00000000000000000
 -0.00232164992102889  0.00996208086061464  0.01967426550902907  0.03050730983259702
  0.04081460186400227  0.05059173490892419  0.06001782218964945  0.07002658939592241
  0.08045148477045677  0.09075712087081846  0.10074060845538746  0.11100065654899047
  0.12164843585531183  0.13179257650546208  0.14204929844629757  0.15236345661098222
  0.16318883134852202  0.17362321429607561  0.18333357599618733  0.19264514331973678
  0.20179955187432186  0.21122739894307094  0.22100785080130905  0.23133757964137538
  0.24201979632436799  0.25303622868373016  0.26431543507946592  0.27599776824280042
  0.28765794940164907  0.29905932178854699  0.31032614714251217  0.32094037577064483
  0.33259673271364087  0.34617240123031107  0.35962693848926730  0.37208602597521301
  0.38457278203791373  0.39618398653186149  0.40673193043834027  0.41669767085751902
  0.42658968730981367  0.43647354759985035  0.44644933137266263  0.45646218242705738
  0.46636528862118831  0.47660613990606399  0.48772486552566346  0.49981631209859151
  0.51198052714685960  0.52328710756285191  0.53346566106852522  0.54305289584594174
  0.55227152487929598  0.56290722677359029  0.57459682532499057  0.58671794164452007
  0.59910718571100563  0.61208774841797364  0.62442060998180338  0.63547097612982661
  0.64575013791626423  0.65565508821264518  0.66553653759016862  0.67579892280291609
  0.68707138658308486  0.69920053534681215  0.71091608940594631  0.72177398787627800
  0.73241530618532891  0.74290516268022821  0.75320029201088667  0.76271397384868844
  0.77212640467938642  0.78223478412735015  0.79322203696481031  0.80496188791817302
  0.81638695731936461  0.82733087033863706  0.83751609904684798  0.84717215814067193
  0.85666408475016564  0.86654741831090742  0.87646039765932371  0.88644939704728054
  0.89633640397233971  0.90587616221399547  0.91511320278787323  0.92384264578690833
  0.93206263450187321  0.94074250589939534  0.94980138958218074  0.95950886748628827
  0.97012674161309165  0.98076506054993240  0.99052257887447137  1.00000000000000000
 -0.00237204973076959  0.01006746133778539  0.02072005975918657  0.03295201964519708
  0.04420808827493698  0.05494238155232684  0.06575689659911668  0.07804768639345595
  0.08896838471679692  0.09968799270337847  0.10998335213288826  0.12003291716544576
  0.13012389746847589  0.14059406023910956  0.15166704764453043  0.16218848412244313
  0.17434865459582288  0.18704668117204454  0.19993147723244648  0.21309816784287830
  0.22591245405773402  0.23778373587504040  0.24862470818597346  0.25899155360012183
  0.26996240008290384  0.28122811625750194  0.29236931258823207  0.30188810723972354
  0.31067756073080421  0.31950191556999818  0.32850598634687633  0.33859296367012731
  0.34887958272574382  0.36018576839081540  0.37164115083180282  0.38281858088494480
  0.39314241040551451  0.40294683158764122  0.41293366294463602  0.42355497611560666
  0.43410207374763210  0.44399924095780818  0.45389504844580819  0.46359671901827554
  0.47313202020936984  0.48209231447072975  0.49105359291389400  0.50029532545379773
  0.50900905683238729  0.51742358127094301  0.52679051433985313  0.53717906436289276
  0.54818912154760024  0.56000941661134263  0.57102762142637253  0.58194089367279223
  0.59209642008575081  0.60240195351631975  0.61194775698620096  0.62180162345942858
  0.63199118474335492  0.64294952363652702  0.65419287744397336  0.66614987856964403
  0.67857958075682545  0.69014562626295550  0.70144719400075073  0.71233220848867596
  0.72209129031635688  0.73110240666660498  0.74006207551117942  0.74964353924045379
  0.76028914836345418  0.77018832844228247  0.78009927393006484  0.78985388127971701
  0.79889300900005245  0.80768563749139022  0.81622368379752364  0.82605701144601695
  0.83682364624599015  0.84921722091747043  0.86189364004425928  0.87437143068460321
  0.88518137805808461  0.89541092256623556  0.90549904397784386  0.91590365192638912
  0.92624454582369342  0.93641679429024227  0.94688227602536457  0.95757790920281338
  0.96758784742647885  0.97800119595055790  0.98836467014175977  1.00000000000000000
 -0.00210250133791016  0.00852131411563242  0.01732431780087997  0.02607628425986978
  0.03446612035523648  0.04297684541326747  0.05190311569590736  0.06111640569515301
  0.07042493277012832  0.07958829432066795  0.08868883964849020  0.09818185456553848
  0.10798902731051835  0.11871472825399308  0.13012740732625094  0.14155325277743794
  0.15296671119908245  0.16461130162714604  0.17644004872799554  0.18839161707424945
  0.20087585582807141  0.21341502440489196  0.22504323929581821  0.23592470652388295
  0.24660099636178198  0.25797194289178010  0.26974151416553205  0.28121866987004968
  0.29290818375761729  0.30600065259162224  0.31915416054096563  0.33173783656088457
  0.34375088347690980  0.35539263466867421  0.36716802327893716  0.37877984850143509
  0.39005895133487667  0.40063068181103051  0.41137173724164899  0.42221026687723745
  0.43423731769098323  0.44563378991274649  0.45736546976547754  0.46955664940788561
  0.48284578760095287  0.49634697659915039  0.50837874827449958  0.51948969469605344
  0.53089629392579563  0.54262700992156776  0.55365768390464765  0.56465408034109199
  0.57599062948757940  0.58745038608300371  0.59879597341671009  0.60992163333302363
  0.62119677242160909  0.63257453150773135  0.64366865203870482  0.65442782030778834
  0.66483897631194389  0.67478584512640216  0.68494170890828476  0.69533732964689665
  0.70603347728688182  0.71666252410007392  0.72680786590257207  0.73652115927350137
  0.74545320675552873  0.75471898056668962  0.76421105966455483  0.77448302298017080
  0.78479318422025524  0.79453536673454639  0.80372268373493039  0.81386735744541505
  0.82413808168873748  0.83405909095022013  0.84296027524798278  0.85166571706235450
  0.86118479947239357  0.87157143036706652  0.88200371720210680  0.89217531029065611
  0.90219046472979514  0.91188508569530524  0.92179580676768025  0.93195369663727512
  0.94197615998573303  0.95138972536305300  0.96045745798509152  0.96898966866034686
  0.97714198227799964  0.98450840814023011  0.99206395036382200  1.00000000000000000
 -0.00278209894034302  0.01047409635414139  0.02148778065096259  0.03291777792653084
  0.04308656692698376  0.05260697045221026  0.06236550593015490  0.07248071321990553
  0.08289641702196052  0.09331278977423420  0.10322316168095022  0.11375356464606394
  0.12445983201462596  0.13482338037216388  0.14511768546584139  0.15527015985634424
  0.16524604624770728  0.17514104509045972  0.18502351427213459  0.19541348546256662
  0.20638306246385993  0.21747304063698558  0.22866282621345208  0.23981796055834906
  0.25135010444354444  0.26251053023028748  0.27300872763645045  0.28293304699469685
  0.29278324647410142  0.30341136849436146  0.31466421540698597  0.32623059063050081
  0.33718768564054841  0.34749335412802740  0.35851842138668166  0.36976234002924685
  0.38112315463231383  0.39242774120312113  0.40319843600697641  0.41396553646853751
  0.42489723901896914  0.43604851404148487  0.44765558514781234  0.45914204553652727
  0.47026971561950126  0.48123378172280107  0.49245089559676575  0.50436483711728408
  0.51650856634762676  0.52829785199315693  0.53932781169794342  0.54971075792613799
  0.55970108610048896  0.56924416648380605  0.57864838906464944  0.58843160290732655
  0.59829061300076847  0.60824109810095905  0.61841314739379760  0.62865212396770942
  0.63854373730351466  0.64802869292983523  0.65739716408279059  0.66648130122296101
  0.67497283793341423  0.68394940412832805  0.69362267088609020  0.70324734333005989
  0.71219773731481451  0.72175596490135940  0.73171804423439057  0.74215305373958851
  0.75216621996155475  0.76157455016298836  0.77111142957032852  0.78103758598937001
  0.79113117696153679  0.80085483186098261  0.81091401705790567  0.82134895870396596
  0.83164985794566426  0.84198580530893841  0.85281657714682901  0.86394727828989815
  0.87520183631430049  0.88672434355605956  0.89827950600330908  0.90980807766867922
  0.92134858831831168  0.93392594231219961  0.94572999752794540  0.95702657195940433
  0.96722241141912868  0.97792133079335142  0.98874204924416986  1.00000000000000000
  0.10748921968704359  0.19019940532468091  0.24048433451331960  0.26037367383932508
  0.27238861379332746  0.28160391876375790  0.29021058554888729  0.29831408912788493
  0.30598375086830809  0.31334986821709171  0.31975514622366424  0.32591794167687188
  0.33155928622299069  0.33805798115628211  0.34503635534491101  0.35233196982087278
  0.35994952044579276  0.36710365706550918  0.37415388289159351  0.38114414107386996
  0.38842552514717887  0.39523314730369152  0.40198702409817705  0.40866488923675282
  0.41533170371200823  0.42205011301277151  0.42874671737003045  0.43550636326269376
  0.44243483374590564  0.44934649168659191  0.45608513812194146  0.46277338969460752
  0.46922773994869910  0.47586648984996721  0.48233395387085953  0.48894624452716923
  0.49561198757372954  0.50193827505281940  0.50779679986083592  0.51331785503049643
  0.51885965301857528  0.52463561732064079  0.53084690647336286  0.53681761758524704
  0.54231980069888064  0.54753643173134592  0.55294828130210649  0.55866824550836980
  0.56447288046226085  0.57046231564915384  0.57637311431867699  0.58214227847722433
  0.58796537876693311  0.59381783312679015  0.59986646156577239  0.60616989083520245
  0.61321212687910376  0.61993891110783783  0.62652710033410719  0.63264098913802203
  0.63916841943629277  0.64571848216188188  0.65240832698613194  0.65912129478106474
  0.66589118177145457  0.67269064853816962  0.67945566508895283  0.68628550430038393
  0.69343806360470606  0.70083714667414765  0.70805868298701635  0.71540641918265480
  0.72283613473673936  0.73055951836324962  0.73853242248023432  0.74641091173073082
  0.75396717855977524  0.76137861008281227  0.76874935970219971  0.77614310950253784
  0.78349939929291956  0.79102042820322094  0.79928638175370581  0.80854149607281811
  0.81901319820358454  0.82988727078978952  0.84104949507100901  0.85279728079655837
  0.86465388565251133  0.87658805215474389  0.88915575887228382  0.90318512138747664
  0.91909110590441612  0.93726870015777286  0.96281709629786150  1.00000000000000000
 -0.02002520698302676  0.13411607742502812  0.18093938032637413  0.21152193247925627
  0.23639447457615462  0.25574493597003184  0.27194480811156019  0.28764630569866279
  0.30315576496474422  0.31831159111093349  0.33348982896478635  0.34807759325629151
  0.36261081064198980  0.37628975320014824  0.38891405470705148  0.40088381998400591
  0.41219404441151830  0.42342639443216090  0.43365478765885751  0.44352913491962503
  0.45314027846519533  0.46277346921522877  0.47167907945895798  0.48050092392207455
  0.48901114000013562  0.49757572657694499  0.50539110667280029  0.51253670349791824
  0.51963850299625991  0.52615277728791909  0.53235479345027059  0.53835956733062562
  0.54426078516826448  0.54993490363520858  0.55583107527454345  0.56171139275608395
  0.56766834046491432  0.57350300167793189  0.57949311478418297  0.58502771241428586
  0.59080962407985937  0.59604073812625835  0.60150019225772244  0.60702940005677519
  0.61262916359973940  0.61820070555547646  0.62393419956051521  0.62989722123877578
  0.63596015156152397  0.64205862006955716  0.64780562326283153  0.65335270253281252
  0.65854644596387102  0.66378110026562898  0.66903564248968839  0.67430655217810476
  0.67958584210596473  0.68497302946066729  0.69057496628544224  0.69636425210023778
  0.70267646611220791  0.70840909382896100  0.71445562577560695  0.72047373221153377
  0.72647821023822345  0.73246034063468690  0.73832882733191496  0.74398323411162115
  0.74926335602664940  0.75440235030847314  0.75949953705903384  0.76475639772322546
  0.77011673690606919  0.77546100435012244  0.78075359467978334  0.78605030250035746
  0.79131158293772086  0.79639889193477920  0.80173962149013756  0.80741314816776222
  0.81338890347783288  0.81921030661195426  0.82496287186477546  0.83046978381363024
  0.83640349647722623  0.84266044970553922  0.84926855720213823  0.85592541081043272
  0.86290487671492300  0.87010828801020612  0.87862011445941235  0.88833026660478787
  0.89946087017665177  0.91456065268980402  0.93848940959948868  1.00000000000000000
   6.5376485799805255E-005  -1.0000000000000000     
 F F F F F F F F F F F F F F F F F F F F F F F F F F F F F F F F F F F F F F F F F F F F F F F F F F F F F F F F F F F F F F F F F F F F F F F F F F F F F F F F F F F F F F F F F F F F F F F F F F F F F F F F F F F F F F F F F F F F F F F F F F F F F F F F F F F F F F F F F F F F F F F F F F F F F F F F F F F F F F F F F F F F F F F F F F F F F F F F F F F F F F F F F F F F F F F F F F F F F F F F F F F F F F F F F F F F F F F F F F F F F F F F F F F F F F F F F F F F F F F F F F F F F F F F F F F F F F F F F F F F F F F F F F F F F F F F F F F F F F F F F F F F F F F F F F F F F F F F F F F F F F F F F F F F F F F F F F F F F F F F F F F F F F F F F F F F F F F F F F F F F F F F F F F F F F F F F F F F F F F F F F F F F F F F F F F F F F F F F F F F F F F F F F F F F F F F F F F F F F F F F F F F F F F F F F F F F F F F F F F F F F F F F F F F F F F F F F F F F F F F F F F F F F F F F F F F F F F F F F F F F F F F F F F F F F F F F F F F F F F F F F F F F F F F F F F F F F F F F F F F F F F F F F F F F F F F
  <DiscreteSampler_grid>
  grouped_processes
  1 # 1 for a reference and 2 for a running grid.
  10 # Attribute 'min_bin_probing_points' of the grid.
  1 # Attribute 'grid_mode' of the grid. 1=='default',2=='initialization'
  0.0000000000000000 # Attribute 'small_contrib_threshold' of the grid.
  0.5000000000000000 # Attribute 'damping_power' of the grid.
 # binID   n_entries weight   weight_sqr   abs_weight
    31   10   5.593634988387806E+002   8.213556956944979E+005   5.593634988387806E+002
    32   10   5.593634988387801E+002   8.213556956944980E+005   5.593634988387801E+002
    40   10   5.593634988387806E+002   8.213556956944979E+005   5.593634988387806E+002
    41   10   5.593634988387801E+002   8.213556956944980E+005   5.593634988387801E+002
    43   10   5.575317360744923E+002   8.158771964829738E+005   5.575317360744923E+002
    44   10   5.575317360744918E+002   8.158771964829743E+005   5.575317360744918E+002
    52   10   5.575317360744923E+002   8.158771964829738E+005   5.575317360744923E+002
    53   10   5.575317360744918E+002   8.158771964829743E+005   5.575317360744918E+002
  </DiscreteSampler_grid>
