  0.00326141002541233  0.01170208766216545  0.02213502934975846  0.03244192198899138
  0.04289819179755555  0.05335462998405774  0.06380382649914260  0.07414673574873222
  0.08458026539169636  0.09501145071285515  0.10551138347734962  0.11599968078027513
  0.12657641718326190  0.13728492811671708  0.14794644349399824  0.15865145016018536
  0.16944411252506922  0.18042999494882667  0.19133533332541233  0.20210608576962127
  0.21286661659492301  0.22368443348270345  0.23438015604726678  0.24496776934999825
  0.25537699531426267  0.26575223921232943  0.27630515672899059  0.28708150241845248
  0.29792193540108985  0.30865299349065345  0.31915087370589457  0.32978408996050151
  0.34047820079877766  0.35101626529933705  0.36120387099640666  0.37121280621569785
  0.38134023627225794  0.39169081981023179  0.40215214754753814  0.41257997604188945
  0.42309923397760818  0.43369681300651264  0.44425042812155874  0.45462288993261218
  0.46489126118326690  0.47533722264131595  0.48590945877798158  0.49632611269240451
  0.50666730792214576  0.51688078115896363  0.52720952752418371  0.53747693152977649
  0.54793760859917995  0.55835170215446217  0.56884500044379416  0.57928379229070770
  0.58981080743176506  0.60035009023617159  0.61069943466899757  0.62093787881615148
  0.63101924148642641  0.64108347357345463  0.65119961057502151  0.66128536486625522
  0.67141155124535756  0.68156252542960216  0.69207457443252607  0.70271681555266374
  0.71306614206448637  0.72310770242105393  0.73328657970068134  0.74397600638756056
  0.75453081300587077  0.76491453190887437  0.77525100169443828  0.78546291169796256
  0.79567299541487402  0.80579686338332890  0.81602781027874516  0.82626478849159257
  0.83659470374097578  0.84708290566396849  0.85756325822844304  0.86808206608335159
  0.87853188544030469  0.88903864050802739  0.89963413682554938  0.91033733764529501
  0.92126660877331001  0.93216868510944151  0.94304046816559395  0.95378893055319314
  0.96455241842422501  0.97554890568377162  0.98743937712763463  1.00000000000000000
  0.00683208082921248  0.01670789061202921  0.02849107047837150  0.03996092051543568
  0.05116834235144978  0.06229714582285308  0.07326660714515713  0.08413964484403089
  0.09520872014349190  0.10624504110218591  0.11701021412157396  0.12802869024135671
  0.13918398539740159  0.15039228700237953  0.16121979085294222  0.17204190787970969
  0.18268757849315476  0.19318131200708946  0.20372983968354191  0.21421531300044444
  0.22437108117525523  0.23449549142965023  0.24495015166889267  0.25593465468848953
  0.26694978055970892  0.27797618147723785  0.28916111595927935  0.30040814677638195
  0.31165880498278825  0.32260138654024861  0.33349465809764267  0.34409434258729504
  0.35457050784612260  0.36488838975499888  0.37492929610823672  0.38487367828023761
  0.39489658769952729  0.40511749967081284  0.41566621015403538  0.42638117823584815
  0.43727283501873720  0.44778946800821645  0.45803145829629222  0.46829331237640254
  0.47860431715416818  0.48902558536737040  0.49929092342381826  0.50946632126437430
  0.51959869248838786  0.52988174418297573  0.54017990093424684  0.55060485514539925
  0.56105329443679497  0.57150757412156450  0.58180773075814385  0.59220673339067542
  0.60283455790589380  0.61368025185895936  0.62449933898904930  0.63521787453889900
  0.64583499766415342  0.65651416114671945  0.66709710860922300  0.67753032514716649
  0.68790287553746776  0.69839733440954221  0.70894102357952737  0.71947824409079475
  0.73008984774297625  0.74092782260744228  0.75176028279698337  0.76246176267543575
  0.77301313793733517  0.78366600902074979  0.79407575814298803  0.80457502143213455
  0.81510288736902736  0.82581239464916179  0.83609434660181681  0.84606774781592009
  0.85631723688908679  0.86648857710535299  0.87648791995176778  0.88625554204368595
  0.89614120220835392  0.90616065066322371  0.91603375125815745  0.92546040284365205
  0.93536164007870448  0.94518238914176778  0.95506025714320464  0.96436108199710957
  0.97369045015442712  0.98274232402452355  0.99194070134365220  1.00000000000000000
  0.00349653566723650  0.01137386747939235  0.02120912964533448  0.03110558850323666
  0.04140097712692201  0.05213709791165542  0.06272115394079578  0.07326701942936023
  0.08390291182783306  0.09455649721129447  0.10521405565623836  0.11559195365519925
  0.12582922649834902  0.13582165859261078  0.14578908957547823  0.15567306072811576
  0.16573733115387390  0.17593326215885161  0.18640271099322464  0.19692235515124132
  0.20739753898484781  0.21791596542649933  0.22834277013762314  0.23887713852019102
  0.24925868117314295  0.25977984528798581  0.27039410971375699  0.28105562916646665
  0.29161557731863008  0.30193228625776847  0.31213368547647663  0.32224315632949097
  0.33250188519235790  0.34296117945421400  0.35339881943762275  0.36365388349591005
  0.37394551044029384  0.38450884185079315  0.39520106496261220  0.40590012732222930
  0.41654515813544435  0.42723949824892010  0.43805027616311681  0.44882422895593826
  0.45968411998610309  0.47052025029220590  0.48151759360998170  0.49248614856860751
  0.50348323222808933  0.51416965892173694  0.52469683728104022  0.53510058643115166
  0.54556913597076739  0.55598230011811778  0.56623215827181173  0.57648628207452823
  0.58676329841527397  0.59709633907804438  0.60745752281021803  0.61792543220168217
  0.62827933320221174  0.63860008417812830  0.64892272013411811  0.65943329607580647
  0.66993926845933016  0.68047255916552440  0.69106584649459768  0.70167623695309056
  0.71204263102055809  0.72196845187055225  0.73202804124093124  0.74226102560544316
  0.75288275068198496  0.76371881007996556  0.77443148273009177  0.78516953812619361
  0.79563509920360487  0.80646188064501190  0.81697498884285891  0.82737426039264361
  0.83789416582865139  0.84830508934170479  0.85860479523376065  0.86856217061558105
  0.87898249047480725  0.88946271905971341  0.89981147416642349  0.91032099408846967
  0.92085523005005254  0.93187502068454708  0.94262294084592591  0.95372412384342020
  0.96483419170831508  0.97626003659922156  0.98789786940784652  1.00000000000000000
  0.00581105446200339  0.02063062405442768  0.03546961157026261  0.04817896636108420
  0.05985123680471076  0.07128922691234042  0.08260909509535981  0.09349924493181236
  0.10434232873783429  0.11480866642999274  0.12510973741166714  0.13528354046328042
  0.14556446981049836  0.15581907176747251  0.16607763442792736  0.17644173935392132
  0.18692726111646585  0.19744158082177532  0.20785346450876485  0.21838824669685922
  0.22894261131019186  0.23949577889466792  0.25006251691703985  0.26060899023940959
  0.27118941288540960  0.28166816848031151  0.29226765452400771  0.30307968076810077
  0.31385405843940761  0.32427969563405229  0.33459054389268467  0.34524223985833330
  0.35606791584797115  0.36673325467120160  0.37711214497826190  0.38743927942964140
  0.39779502371571679  0.40824413890841815  0.41882887468750224  0.42956526841761217
  0.44040995111482323  0.45126869354468108  0.46209564201710795  0.47283178041782092
  0.48346922922641750  0.49400843959671548  0.50447990678047405  0.51501196639376134
  0.52560123802839276  0.53606558993979381  0.54630190510149890  0.55633777261922057
  0.56663528844152478  0.57722493789076734  0.58778878919644084  0.59827093738369908
  0.60863088782505592  0.61906798648586225  0.62940548365580773  0.63970481965750881
  0.64995619763271772  0.66024013372231438  0.67042675830664955  0.68056752100691342
  0.69055789074458174  0.70073397723103825  0.71098753243217749  0.72123314623052859
  0.73151446585876101  0.74187635952257358  0.75224097158163139  0.76237876231326129
  0.77236513056129119  0.78264060672779712  0.79297139998166621  0.80303991671850383
  0.81278801794224365  0.82271658410526260  0.83267619264245107  0.84269256145933857
  0.85278729733745684  0.86299896909625096  0.87359602898005206  0.88403674037579461
  0.89478992165718296  0.90532749793820921  0.91554262785340790  0.92539508928208858
  0.93508759380458439  0.94488027630198135  0.95486366039117776  0.96487875986496641
  0.97438476795702877  0.98349398765962059  0.99181793379701977  1.00000000000000000
  0.00000201752842778  0.00001021787529012  0.00001542644854320  0.00001983271549284
  0.00002414843304758  0.00002841902067354  0.00003262442287493  0.00003683590132308
  0.00004105327910042  0.00004518853389566  0.00004926997301927  0.00005335022521845
  0.00005749971370342  0.00006184882559860  0.00006623959740135  0.00007061300226658
  0.00007505548822646  0.00007959996886170  0.00008422609902362  0.00008893577005450
  0.00009378501831178  0.00009878916257339  0.00010395247438179  0.00010928781710083
  0.00011475863181369  0.00012034419896768  0.00012600846743115  0.00013187431107835
  0.00013813925863302  0.00014472115177107  0.00015194552291925  0.00015958345514316
  0.00016765343069305  0.00017606220074269  0.00018471057822394  0.00019348500886254
  0.00020244067668529  0.00021157150860612  0.00022111492506908  0.00023099513395517
  0.00024111165687174  0.00025161866975674  0.00026233949732885  0.00027354556312160
  0.00028485634049903  0.00029650832292998  0.00030849743979260  0.00032104124292562
  0.00033408032399905  0.00034801901841193  0.00036232721024738  0.00037745940011776
  0.00039358232986626  0.00041057418566642  0.00042865956034826  0.00044733484521215
  0.00046686901924451  0.00048746028433276  0.00050924531712633  0.00053275881790530
  0.00055802147496533  0.00058513807750329  0.00061380547895025  0.00064407573797999
  0.00067608650203802  0.00071001285914661  0.00074620191309465  0.00078535356718309
  0.00082775401032471  0.00087327248552727  0.00092175392240756  0.00097516701196907
  0.00103518064254687  0.00109972329387050  0.00116829438411191  0.00124292763902391
  0.00132447956217272  0.00141488907773215  0.00151589938008890  0.00162826059572189
  0.00175385390688834  0.00189716452789753  0.00206234372467960  0.00224759642995583
  0.00245547567833951  0.00270170456869791  0.00299737708481860  0.00335062168693489
  0.00379274205942258  0.00447225701503384  0.00534459949727608  0.00635728960891257
  0.00796005901330572  0.01124378393135050  0.11203934761546661  1.00000000000000000
 -0.00234060109863496  0.00915834178770940  0.01944001326788689  0.03029544805186526
  0.04116333018327548  0.05202961910567535  0.06305453369166389  0.07414480553929541
  0.08496920887404649  0.09613915550939041  0.10750105462800374  0.11895434844818840
  0.13007137986956685  0.14105495774514146  0.15193013557192586  0.16275998709270489
  0.17342286398082710  0.18404465234901529  0.19465656986466479  0.20542020513328285
  0.21598372574840008  0.22682777540274729  0.23769384893533010  0.24869948338274070
  0.25948268544457281  0.27024106333403763  0.28083123154678930  0.29130091126252200
  0.30151196522372092  0.31178021406037093  0.32217700129922361  0.33251983926806278
  0.34286964769136441  0.35323641136335110  0.36392475338857183  0.37466498623804750
  0.38521571208867150  0.39560440889613940  0.40596941621119764  0.41639132265529527
  0.42697701140113703  0.43753233561090987  0.44844445806535838  0.45929424815912023
  0.47000401813321169  0.48050358968079976  0.49106802546741152  0.50174037088398504
  0.51221404818428284  0.52281679851732943  0.53378487481957915  0.54474337121570737
  0.55543456909016531  0.56576912798297430  0.57607599196826087  0.58629223695066601
  0.59653644457857780  0.60689085134568910  0.61752683182529133  0.62794787758944459
  0.63834117300720750  0.64878047661570193  0.65925620230404924  0.66974687295513402
  0.67981609770589957  0.69029551489880125  0.70112000666298335  0.71205452847476980
  0.72290749992898162  0.73351236208133097  0.74416609795010757  0.75461768131891716
  0.76510078565916773  0.77557900681483494  0.78616330608968943  0.79650869246778855
  0.80658393058310840  0.81673884575065414  0.82699457772438534  0.83719895371381681
  0.84736797930998209  0.85784139811612514  0.86901220232013399  0.87959178185237352
  0.88969264359474398  0.89970189646141674  0.90988332647038161  0.91972089197679807
  0.92932869432755527  0.93881756714773801  0.94923839116177888  0.95962693605131844
  0.96965917819148773  0.97990698803219012  0.98989561174145579  1.00000000000000000
 -0.00256167491638037  0.00994576139258172  0.02016581906806954  0.03129123841671044
  0.04202448563444541  0.05305189372766195  0.06356294072715947  0.07411867753501122
  0.08427869077883456  0.09472746312549549  0.10502011294037980  0.11568337199602230
  0.12647534349295927  0.13734622479342556  0.14789680993508003  0.15808710782989824
  0.16852526178600519  0.17909649781508835  0.18959837109575550  0.19998694106831821
  0.21043037803775569  0.22082804458178543  0.23102248497583897  0.24113813555886027
  0.25135440094105310  0.26147763485908831  0.27139221245989348  0.28100218174802760
  0.29102048549803666  0.30125963759747215  0.31182196075944130  0.32215894643208698
  0.33252254263491882  0.34307080708711779  0.35381362166043828  0.36454314862336562
  0.37516636599116238  0.38557869056985417  0.39607490317359895  0.40664302650533546
  0.41722850795456307  0.42766687421231969  0.43807889219763463  0.44864162473716507
  0.45910371959044588  0.46940576704542558  0.47967023321718971  0.49008082610967857
  0.50090148082171471  0.51171881796685759  0.52259549399527161  0.53353110649130053
  0.54437291515215069  0.55529709084226753  0.56588008391223643  0.57622511412514354
  0.58626618145013909  0.59629173277478142  0.60674086913365377  0.61752281298395117
  0.62829401419121800  0.63897434713510592  0.64950106588468459  0.66015061280709197
  0.67059395015854750  0.68109948999734959  0.69150386763358174  0.70208872155690760
  0.71251236976287047  0.72310000972581379  0.73379605643294599  0.74446813640479070
  0.75490570969867898  0.76546188922658909  0.77597141334995878  0.78688910583737004
  0.79754919798366575  0.80854279061967127  0.81942753520883993  0.82996874393028852
  0.84032741123663146  0.85045248030047771  0.86108707096890980  0.87158781252851059
  0.88201739490909958  0.89235408482058398  0.90299233839415238  0.91376730030657050
  0.92463589904547239  0.93523880356174449  0.94607432286870108  0.95657599954556238
  0.96757280976310478  0.97833241330940679  0.98932803614244169  1.00000000000000000
 -0.00256343058649110  0.00972708053533099  0.02037454337256776  0.03074590076024102
  0.04144904630200436  0.05208953935801779  0.06275805764542071  0.07336800323677681
  0.08421886339375320  0.09496495604623684  0.10543847813380686  0.11547016327924864
  0.12540835949062223  0.13536418637398481  0.14547504851008436  0.15555978612202997
  0.16562081421442898  0.17576452930085767  0.18623051296035703  0.19694806953568322
  0.20789916887016979  0.21888524353209329  0.23016400426046438  0.24153596244619871
  0.25250592497207952  0.26287113158763553  0.27302087286371868  0.28317644453659335
  0.29338903167588826  0.30384474740099920  0.31437957477710110  0.32508681985398585
  0.33583127744747227  0.34652896646995218  0.35699643617179644  0.36697458299982760
  0.37688221539184041  0.38701764707018410  0.39745400159532329  0.40788649136656846
  0.41823153633104915  0.42865954255693628  0.43909661577017201  0.44965303393069600
  0.46022119000851847  0.47116705651692598  0.48200149803964776  0.49282807696751857
  0.50375328290923238  0.51461715384690354  0.52565217810887854  0.53659422339701945
  0.54729931124758013  0.55751253756784858  0.56781334484371793  0.57804833706800851
  0.58829292213472617  0.59837455811733098  0.60864783386994603  0.61904212995778629
  0.62922214113860209  0.63961923775788931  0.65003399595085465  0.66085501481815445
  0.67182955582302784  0.68321019797310178  0.69399204404982906  0.70450312740621546
  0.71515812213117502  0.72584949652404662  0.73687910316789806  0.74750758794431993
  0.75820710416032366  0.76887236812913484  0.77946446696241722  0.79021201203247715
  0.80073724665166346  0.81155090818610587  0.82213513542986683  0.83273235844234184
  0.84329891149780556  0.85376032319620554  0.86420564066685901  0.87471142907622357
  0.88527137237855180  0.89590052393022024  0.90626598085025867  0.91670565143910099
  0.92712534419541182  0.93766213372316076  0.94792425027585070  0.95835456338340574
  0.96906733498439701  0.97959660037172414  0.98989554583422124  1.00000000000000000
 -0.00262063713421060  0.00991918014707755  0.02044134570429119  0.03101678694734242
  0.04165913383626450  0.05249979400955820  0.06332998119723683  0.07358350804179710
  0.08359522346032307  0.09369367044924580  0.10362802279570912  0.11381798074380833
  0.12422191003134757  0.13485511733644159  0.14547682941602735  0.15653307891053234
  0.16753204380971604  0.17872473966095415  0.18970123329721594  0.20075229757876686
  0.21148128848620887  0.22185297363841064  0.23206579759607573  0.24226961236963873
  0.25265328843308177  0.26306645166196363  0.27332307317402160  0.28346112795132122
  0.29394403185996926  0.30448485263165093  0.31502245469587403  0.32527998115355378
  0.33571842814035407  0.34632774471003425  0.35703050891484661  0.36785322658340613
  0.37835422459564194  0.38864695757321133  0.39879611009257510  0.40900564716216836
  0.41934524718645616  0.42976357239857571  0.44024141087121760  0.45087308344484106
  0.46152586200999690  0.47225737247054078  0.48293690554961533  0.49358708574771515
  0.50420889267421554  0.51502167445460245  0.52581305396438316  0.53675482182224488
  0.54748679015389157  0.55820397960270174  0.56906767738384978  0.58001716360941913
  0.59065505189709988  0.60114756133027814  0.61149525652803982  0.62184943930053438
  0.63223930478816059  0.64272673404247183  0.65327892980310009  0.66377731518469052
  0.67428808420915498  0.68483680733469476  0.69536965906118853  0.70581499422194471
  0.71635822963541573  0.72686588868619229  0.73732378554009037  0.74756192179060377
  0.75780643155825245  0.76816321871423709  0.77868279868436430  0.78926136849038175
  0.79956350064200965  0.80984030595656775  0.82039945977569539  0.83090040811361832
  0.84128292087172141  0.85156378628912544  0.86218102235331406  0.87310783217983690
  0.88396575563972768  0.89464904564908365  0.90498197245055489  0.91529853516127146
  0.92555835229783723  0.93600956552956249  0.94629248684839162  0.95663202846055773
  0.96732650794009245  0.97811135392253801  0.98915404445781729  1.00000000000000000
 -0.00216359501328510  0.00861966246632982  0.01833205549631952  0.02868547804516410
  0.03947700183041195  0.05042256708255808  0.06120762452044885  0.07186500259747722
  0.08239727666081896  0.09254134180111670  0.10263886857273705  0.11268685866162534
  0.12289318513655931  0.13271824720236136  0.14256838980004310  0.15249630768346420
  0.16243763985327114  0.17225032607373530  0.18200340908380155  0.19189445190842092
  0.20204832596885758  0.21235391469619125  0.22254188304102993  0.23263780564364797
  0.24268392751902854  0.25292529322025936  0.26318020308931439  0.27337450836670879
  0.28385351937210651  0.29443194299527120  0.30502979752448656  0.31550220423928654
  0.32586736092208729  0.33608866243918478  0.34601906463673521  0.35614158946584196
  0.36640361377989511  0.37703829203908429  0.38755935910425249  0.39804496307159076
  0.40824156505095271  0.41851985154296517  0.42909688725028827  0.43964992724460245
  0.45010780516970844  0.46063179249100450  0.47083027091699237  0.48079296828070367
  0.49045768311021959  0.50018761972689718  0.51024241376548451  0.52048593704768464
  0.53101927930056170  0.54157464999877003  0.55196068454569436  0.56225577275936423
  0.57283933113857755  0.58357551280682618  0.59488900777064213  0.60567146321042120
  0.61645704271628954  0.62701969190877316  0.63791052627613265  0.64888878194355848
  0.65984575558373126  0.67042358597540597  0.68096342160996004  0.69167869619933464
  0.70268336445724877  0.71377277922847915  0.72467476769230821  0.73530312114043905
  0.74580025533455918  0.75613295889242416  0.76653655028123868  0.77711290148061496
  0.78805856192233814  0.79895707926009407  0.80955769361695296  0.82015554385367184
  0.83098362581311347  0.84195376132640243  0.85300910090762294  0.86433239117549598
  0.87568402666635581  0.88690087781337335  0.89839419220765038  0.90997571470851801
  0.92138978941038929  0.93272071866052708  0.94423784349548301  0.95598613633420204
  0.96719588188504102  0.97825929730383521  0.98921005694252140  1.00000000000000000
 -0.00238735344888812  0.00949912526636426  0.01980980368687977  0.03076747252790205
  0.04157888639220431  0.05242384186973757  0.06312579453605112  0.07375768924291762
  0.08420297977531413  0.09473193412207835  0.10548786497596739  0.11661636581852812
  0.12756673478254013  0.13826042319412751  0.14885154600165981  0.15951386952586036
  0.17013947662658932  0.18074747179048123  0.19129711923419612  0.20176608059175771
  0.21209995184194214  0.22258344823512885  0.23309210240575773  0.24352942684222412
  0.25415989206416012  0.26475952517872664  0.27542417295424165  0.28582314036128614
  0.29628723404663193  0.30679510263562748  0.31731732626067849  0.32776307203354799
  0.33836044785407637  0.34889828867024464  0.35927343946441648  0.36958885408805353
  0.38003622724928338  0.39054451211193159  0.40098849885198118  0.41124101484907288
  0.42163754058101127  0.43204419383254034  0.44260769019437035  0.45298123476804403
  0.46310055468981104  0.47308927476196228  0.48325989769178845  0.49367309970304618
  0.50432310584654338  0.51485851298620100  0.52540815271468999  0.53605319341575464
  0.54713265050246929  0.55807488307167652  0.56864078904118331  0.57888450961853477
  0.58919300226512805  0.59960850807807198  0.61045766053683870  0.62151420027261606
  0.63209564232368831  0.64256201617734299  0.65299282131796144  0.66372646332939345
  0.67410706785221519  0.68423769800070022  0.69445656793119659  0.70461238793545067
  0.71477248645857616  0.72485483029629594  0.73502287676668132  0.74555053309772945
  0.75634806178499570  0.76736095378760127  0.77801184082489272  0.78834004173879757
  0.79868829059297375  0.80933942319089813  0.82008121754976526  0.83082929578225939
  0.84164410480777363  0.85230884953820230  0.86313915720241319  0.87370677686170539
  0.88465841597985151  0.89557528494754268  0.90620575507117163  0.91681160207213475
  0.92720657305862764  0.93794306754976586  0.94855986100495071  0.95915675939995126
  0.96966405650278564  0.97990723829435655  0.98997531193043675  1.00000000000000000
 -0.00235596526484800  0.00915071743620669  0.01922415478038954  0.02996836100008743
  0.04086684450827404  0.05187931649213923  0.06299439599686073  0.07351946014355794
  0.08358404129912952  0.09378276097328390  0.10400743029563518  0.11458200384041560
  0.12506828289443339  0.13603424373802225  0.14689429107878954  0.15716948708415640
  0.16764004873862859  0.17824513221361776  0.18889323434074939  0.19919469812855051
  0.20947943285409396  0.22038082828855685  0.23112906771542965  0.24173160870220362
  0.25208721211616886  0.26288154356362603  0.27345444616786274  0.28405024956859609
  0.29493602474196584  0.30602999963873995  0.31697688658630846  0.32779859033106468
  0.33853215259456299  0.34938187325446224  0.36016129935436897  0.37091478513845966
  0.38152369851792484  0.39209461980929805  0.40281458309684715  0.41361247386124861
  0.42450629320265904  0.43522637600831199  0.44599433083853335  0.45678865775561733
  0.46760642230631733  0.47838459958149798  0.48872808238485571  0.49905812164627827
  0.50930235262342027  0.51977139108471371  0.53058309836567075  0.54127916981366075
  0.55203352411663675  0.56229144477276582  0.57246440930133169  0.58249172253469861
  0.59255355551123334  0.60257340236770285  0.61286020386825413  0.62333587848120220
  0.63375940825502164  0.64398494909617565  0.65450652521819486  0.66527859997186878
  0.67638815981321498  0.68731288357079623  0.69828117373368126  0.70896058326168609
  0.71951014177901584  0.72990047035718886  0.74056184531879743  0.75125643840998890
  0.76185689936107470  0.77203602778857539  0.78208704762353776  0.79211115335226057
  0.80254618760045837  0.81297540262200707  0.82364704233788977  0.83407490412152452
  0.84451275019495131  0.85507354854254469  0.86524503925467700  0.87555539104759139
  0.88602400860874864  0.89644070500643991  0.90687646883565487  0.91687491683962807
  0.92735773293058288  0.93761959379136450  0.94792838080935893  0.95819859007437469
  0.96869138711069203  0.97926020501363731  0.98957096889334739  1.00000000000000000
 -0.00237491715591303  0.00963546869035739  0.02031592028697482  0.03125005502856550
  0.04202368819905757  0.05301231609642958  0.06386287555658941  0.07468152092546049
  0.08501944833887501  0.09542641787917830  0.10583518652546295  0.11601523115824215
  0.12628256426176512  0.13704922562639937  0.14722130817891282  0.15726721324668144
  0.16717882291842676  0.17781455143590946  0.18818656642643913  0.19839839065344519
  0.20859796144786152  0.21931678917182620  0.23008182294192350  0.24113653723682293
  0.25194179573668740  0.26258645903172922  0.27301710614476860  0.28376700327907439
  0.29449497938237895  0.30530783120046212  0.31632065533341153  0.32749091986478868
  0.33856472189761666  0.34953341207357325  0.36009374802778393  0.37029794312888287
  0.38055367086283487  0.39084051760612348  0.40117555569483138  0.41137779614231518
  0.42172314674542405  0.43247518864728629  0.44307870465213561  0.45362983438999055
  0.46394326606701669  0.47442742222998774  0.48522699567389349  0.49590680390867498
  0.50667013847807674  0.51693268777103041  0.52727874608362657  0.53750213696011406
  0.54808501059690728  0.55883260445531935  0.56949483388406319  0.58008087998512348
  0.59054274019742148  0.60119893189306262  0.61210950403931241  0.62284735113165501
  0.63334389693795468  0.64376841242625793  0.65451912601395223  0.66531609386771540
  0.67589298073674320  0.68609639812943191  0.69632070216297903  0.70652708718814949
  0.71693102400861775  0.72752189884029739  0.73826790114858831  0.74893339106985035
  0.75968082786072644  0.77034494373640172  0.78096863281576478  0.79122346836129442
  0.80146164585954227  0.81164528834532002  0.82215452784783305  0.83268969326685083
  0.84330156666472034  0.85393772627835263  0.86453973298692888  0.87556826014909284
  0.88612914535040244  0.89677292803359665  0.90701931040547734  0.91719442650911465
  0.92717294559089802  0.93762607795412367  0.94803255795022379  0.95873279990519422
  0.96886090985505646  0.97946971804509719  0.98966877128305508  1.00000000000000000
 -0.00221860255131591  0.00901231779529825  0.01885711208123651  0.02951066362559811
  0.04036548744761124  0.05116306744742999  0.06185662492708179  0.07206009859207491
  0.08227375597776908  0.09262652045219090  0.10287223850831026  0.11359013087551917
  0.12372458135504219  0.13458809545023215  0.14544439649380317  0.15634701948896279
  0.16726230330436390  0.17754560908621506  0.18805208735818327  0.19811849025596967
  0.20847832676007627  0.21903500066664239  0.22973918934833520  0.24015804876658040
  0.25062977428653233  0.26116536558564607  0.27175219518094662  0.28204219695550387
  0.29265178292587990  0.30331227821890672  0.31395640452276741  0.32425628546607843
  0.33478515600097680  0.34526952498143537  0.35566958022024553  0.36602905010579084
  0.37672725052309136  0.38772902011929405  0.39867566187703796  0.40947077837749773
  0.42017774206087438  0.43095386629845578  0.44138285605592698  0.45189490971265012
  0.46248437280221671  0.47310639238257685  0.48359746133665465  0.49409445779260353
  0.50483651971114019  0.51568314001463256  0.52646807635465209  0.53745445271409142
  0.54814102259661646  0.55865016482959073  0.56936328655538759  0.58034044395414952
  0.59122173665572142  0.60200835388437923  0.61266097387040086  0.62344633199908150
  0.63408433000253361  0.64452321525975620  0.65505270884271927  0.66550620892850088
  0.67614008964312511  0.68648650047975046  0.69666305269622386  0.70671722142372562
  0.71711157149227245  0.72749883325947862  0.73805883734312405  0.74846878498116065
  0.75917148175333560  0.76981222888147860  0.78019726130506084  0.79039294577301200
  0.80048414917439126  0.81076355363800512  0.82130848902511255  0.83169764619823361
  0.84222962969612725  0.85290844099387664  0.86381581542558350  0.87499892887369635
  0.88595592637589282  0.89686910884109916  0.90730416327029539  0.91775591236955367
  0.92830071279168480  0.93886858714096944  0.94940354725258669  0.95973929603191965
  0.97000400403743403  0.98008427043057100  0.99008793328887024  1.00000000000000000
  0.08054200763832939  0.24432686952465951  0.27256426405065654  0.28872647206816299
  0.30212341160276956  0.31429796061670418  0.32582558685255653  0.33652741198774566
  0.34659225203904581  0.35620087267088840  0.36536439393043296  0.37424519213637852
  0.38243635430205375  0.39055424979118963  0.39849661873824715  0.40623971103402762
  0.41406375335941326  0.42155130307133676  0.42898650236349045  0.43619461114308083
  0.44320395173416754  0.45005884489896558  0.45685279274034490  0.46359175871294456
  0.47015175472881382  0.47652029521157990  0.48276567532805303  0.48903419700634626
  0.49537423132703179  0.50174816785741039  0.50814345138746830  0.51452385450092886
  0.52082708317007942  0.52701433526899288  0.53316804583136623  0.53931040655159590
  0.54539848992996665  0.55137201533231339  0.55724799707325823  0.56309335838648911
  0.56894764686243249  0.57485627082619417  0.58078824504737003  0.58669596674734126
  0.59262299326306989  0.59855141762802333  0.60445983263091330  0.61027319435630167
  0.61596184450488989  0.62160099695947257  0.62725953833185100  0.63303462172758029
  0.63883978835748190  0.64463904912099634  0.65033819911574986  0.65600150400685442
  0.66159499447680148  0.66731716099090244  0.67318501637048977  0.67905440294599884
  0.68494825918335411  0.69084610075105302  0.69681715762252139  0.70283133878395210
  0.70882650797919089  0.71474095586302644  0.72057500668367058  0.72644295657141578
  0.73243351684950841  0.73857405229559847  0.74483636687455412  0.75120078008666880
  0.75763965086015161  0.76412461314479285  0.77061589940087227  0.77715521850777058
  0.78376815844426462  0.79045916209260247  0.79730641393007173  0.80416870052097544
  0.81108841624770556  0.81826834826290018  0.82572322964822609  0.83342297497064377
  0.84152656544458670  0.84981285202237633  0.85833027695041608  0.86707540785674386
  0.87621725744199797  0.88593852929403494  0.89642288896668143  0.90792649751614107
  0.92092764757982293  0.93665588806535827  0.95985157877694161  1.00000000000000000
 -0.02555750941888951  0.12136228696850343  0.15799902717291200  0.18003455060108337
  0.19698096894558514  0.21126849222622465  0.22386411552022373  0.23550901402056421
  0.24639305389105320  0.25659139095452393  0.26595279205982497  0.27491599890673740
  0.28349754805121591  0.29194387024300050  0.29987177273556748  0.30740046128243698
  0.31476998964708724  0.32198880238511118  0.32917311109014025  0.33618235963161525
  0.34279542814666653  0.34918814637429413  0.35545141824736493  0.36179276179349329
  0.36832300315583455  0.37482409803902611  0.38126444401237508  0.38755960125732036
  0.39370864418494095  0.39966958492282278  0.40544906655253443  0.41115744490823325
  0.41683899616426473  0.42254445255950601  0.42826453972758083  0.43392560702472449
  0.43948628693735292  0.44497272735226590  0.45040647881553875  0.45578105246278033
  0.46116093318127360  0.46650225111024718  0.47176537868761959  0.47697948738496265
  0.48217550002049919  0.48722410478978712  0.49262680127349168  0.49803675487135385
  0.50340966772607221  0.50873888244386012  0.51396818710338910  0.51916467410872169
  0.52435725524757082  0.52958755126335566  0.53488427781761838  0.54017231872036420
  0.54549041733366765  0.55087703891529438  0.55626792682944903  0.56166087454530611
  0.56708879099350240  0.57256655840296655  0.57803966300493703  0.58359849200484293
  0.58923334720899179  0.59500270321874227  0.60082108994860850  0.60665365629989898
  0.61249665907083062  0.61831821644000740  0.62440797078188848  0.63065356922016769
  0.63713255583994388  0.64356795767147790  0.65023959210609417  0.65695637039744070
  0.66382709992105959  0.67069923106051854  0.67779449003747549  0.68506258989938251
  0.69263911575771098  0.70039330474493589  0.70834242088307164  0.71660342761603935
  0.72519664620101187  0.73422658493579551  0.74352345756900140  0.75363514196060777
  0.76460049789221063  0.77645461340267929  0.78917511248465078  0.80344298251190094
  0.81997050729617094  0.84126505302650012  0.87727433789194820  1.00000000000000000
   4.8346798082762997E-005  -1.0000000000000000     
 T F F F T F F F F F F F F F F F F F F F F F F F F F F F F F F F T F F F T F F F F F F F F F F F F F F F F F F F F F F F F F F F T F F F T F F F F F F F F F F F F F F F F F F F F F F F F F F F T F F F T F F F F F F F F F F F F F F F F F F F F F F F F F F F T F F F T F F F F F F F F F F F F F F F F F F F F F F F F F F F T F F F T F F F F F F F F F F F F F F F F F F F F F F F F F F F T F F F T F F F F F F F F F F F F F F F F F F F F F F F F F F F T F F F T F F F F F F F F F F F F F F F F F F F F F F F F F F F F F F F F F F F F F F F F F F F F F F F F F F F F F F F F F F F F F F F F F F F F F F F F F F F F F F F F F F F F F F F F F F F F F F F F F F F F F F F F F F F F F F F F F F F F F F F F F F F F F F F F F F F F F F F F F F F F F F F F F F F F F F F F F F F F F F F F F F F F F F F F F F F F F F F F F F F F F F F F F F F F F F F F F F F F F F F F F F F F F F F F F F F F F F F F F F F F F F F F F F F F F F F F F F F F F F F F F F F F F F F F F F F F F F F F F F F F F F F F F F F F F F F F F F F F F F F F F F F
  <DiscreteSampler_grid>
  grouped_processes
  1 # 1 for a reference and 2 for a running grid.
  10 # Attribute 'min_bin_probing_points' of the grid.
  1 # Attribute 'grid_mode' of the grid. 1=='default',2=='initialization'
  0.0000000000000000 # Attribute 'small_contrib_threshold' of the grid.
  0.5000000000000000 # Attribute 'damping_power' of the grid.
 # binID   n_entries weight   weight_sqr   abs_weight
    10   10   2.836933321647924E+003   6.559227701486813E+007   2.836933321647924E+003
    16   10   2.836933321647925E+003   6.559227701486824E+007   2.836933321647925E+003
  </DiscreteSampler_grid>
