  0.00335142503280251  0.01146818997795602  0.02168812492722571  0.03223114508646381
  0.04222890585714432  0.05231864730542089  0.06241831709644453  0.07326201034889920
  0.08363534506237294  0.09374631339529818  0.10361899875691834  0.11392860598194401
  0.12449401060828366  0.13501863946547585  0.14540436993094386  0.15565098624711457
  0.16578303032043992  0.17589540738778758  0.18610137301812774  0.19640788455663716
  0.20667024229306719  0.21691223467778542  0.22703277009752293  0.23740503255459944
  0.24766396620403403  0.25818028588921488  0.26850503377387253  0.27889743353828333
  0.28947186775251249  0.30030040209858955  0.31140756836139322  0.32228572537460870
  0.33299010202282159  0.34361728128150248  0.35440790516318216  0.36527347966866880
  0.37592024206511299  0.38640616558628094  0.39680682515991761  0.40731193815367861
  0.41781080575521679  0.42820333854539250  0.43845936933183016  0.44864438725639272
  0.45927413284249075  0.47006456622355591  0.48055690876287871  0.49055555728777123
  0.50071429841465120  0.51114901266874724  0.52156980438152611  0.53188185417224076
  0.54225334638845391  0.55288812205626281  0.56351809153414334  0.57397569661071302
  0.58464303843603416  0.59541396103704303  0.60602801528384576  0.61647449151164047
  0.62684110571059914  0.63745212133056861  0.64819362538936087  0.65896786157908815
  0.66961182874617020  0.68024157069287039  0.69096074611278457  0.70160640262502594
  0.71227108913123449  0.72290015038679789  0.73335589564665349  0.74370466485390552
  0.75414574713190452  0.76461168372031896  0.77507775779090482  0.78560095275775632
  0.79625341715898623  0.80703837487608310  0.81796238730460280  0.82896990700113482
  0.83940229125052068  0.84952676852420672  0.85970785476347145  0.86994433162683504
  0.88000084735066297  0.88983688871648570  0.90007749817137439  0.91069710303129270
  0.92161185970547244  0.93243398631526997  0.94301567901527306  0.95346401374009637
  0.96433258869581895  0.97565919857985928  0.98758745523465152  1.00000000000000000
  0.00702585103329535  0.01542273432859399  0.02653504059452182  0.03835746280004516
  0.04969465481191285  0.06081967562241342  0.07154882439412101  0.08209407754323410
  0.09270930483948496  0.10336978552237813  0.11380933868227401  0.12441937099172481
  0.13518065737961393  0.14549280926323177  0.15534668634773011  0.16499840237568367
  0.17506701962161117  0.18509424492840595  0.19498034953832805  0.20481163704748404
  0.21451355866802380  0.22436840806672098  0.23443101699989077  0.24490869966063222
  0.25503683858160114  0.26518869315648530  0.27575371664154485  0.28690287695665556
  0.29782880084503410  0.30843605703940102  0.31918799569453471  0.33011886108766403
  0.34089692125529364  0.35179308441914725  0.36277649914165311  0.37370881480200430
  0.38458762650501549  0.39521931289708734  0.40567819210009537  0.41606604839021544
  0.42643047903705245  0.43688744839570820  0.44752902657647176  0.45858665474770249
  0.46998669932132148  0.48112987689873599  0.49194302447702615  0.50259311689913944
  0.51316649735741926  0.52360093986128986  0.53382004901706759  0.54410576844383796
  0.55439379557670232  0.56452607028669599  0.57461351522225013  0.58485236761406156
  0.59526232333070606  0.60550533091531955  0.61555060703815356  0.62563088290581548
  0.63575174437857707  0.64575962563792666  0.65561965341787287  0.66567651801306149
  0.67625053644508615  0.68711801455610344  0.69799509126932824  0.70875882549682856
  0.71951987136089124  0.73054838506450825  0.74158846987039984  0.75241235077006419
  0.76274809099992913  0.77320135758117559  0.78385263965130747  0.79462631046965604
  0.80491460737583143  0.81541110072611367  0.82590365791179243  0.83634516245229573
  0.84619229735026591  0.85633363198462986  0.86645624577499525  0.87672652866858414
  0.88625313253275639  0.89618321777862386  0.90611576968835716  0.91619619858086154
  0.92570628320406600  0.93521024045754653  0.94447117764700617  0.95413315624451200
  0.96374076926707641  0.97334362675894137  0.98256413045038160  1.00000000000000000
  0.00361144079611981  0.01075863938175239  0.02030256370330970  0.03021953900748995
  0.04037979075730797  0.05076467449822434  0.06106918785362521  0.07148135796584687
  0.08187783723327713  0.09283056157687254  0.10421242621526143  0.11550359006596028
  0.12651082043189515  0.13734604204511058  0.14841045986922993  0.15942595118439107
  0.17018875610845352  0.18079921503084273  0.19122637876151374  0.20169314029560731
  0.21212544324284907  0.22223318232995626  0.23223052412616688  0.24200730010201119
  0.25220398603786970  0.26265713419596121  0.27328970005495890  0.28377610686025379
  0.29441539105928094  0.30495381606002037  0.31571976660742518  0.32643105346579215
  0.33735286341377430  0.34831006722286884  0.35898684558677729  0.36943384410435687
  0.37974966534051652  0.39017912532890792  0.40053958097896897  0.41070385084398792
  0.42071583956026837  0.43072681943639912  0.44086380749864840  0.45108568098341528
  0.46143646064306776  0.47168103985541954  0.48197532402528442  0.49214560909686134
  0.50229698480008056  0.51233750101257436  0.52245288398464673  0.53277368280565718
  0.54323024482802351  0.55367403935438453  0.56399168048126380  0.57415351416505400
  0.58422674378370032  0.59439804423432852  0.60473514897223291  0.61540502488671744
  0.62615796057838491  0.63686006182189769  0.64751322843952408  0.65797739283411438
  0.66860970941538822  0.67910512097495956  0.68954973402710595  0.69977465918418924
  0.70993596392176639  0.72017105049830343  0.73040024746102772  0.74075316082734288
  0.75110633767883128  0.76170275871174076  0.77228812200040975  0.78288154451144387
  0.79344478594783463  0.80356073180738075  0.81392942662003409  0.82443972299720025
  0.83524044500726247  0.84594254680722059  0.85667826441914763  0.86754670291683211
  0.87800026381731322  0.88801734109589681  0.89805873753436261  0.90845776304708437
  0.91903387000328129  0.92976596310016824  0.94058331925944516  0.95187631790212979
  0.96346410077949740  0.97544493526764531  0.98763091858031771  1.00000000000000000
  0.00624857387498296  0.02012393636427032  0.03436178514382254  0.04729911846601431
  0.05930057407688388  0.07102829725981574  0.08255881055493501  0.09380071224074422
  0.10471503058854890  0.11535674611259637  0.12608777834834087  0.13710249583294173
  0.14807417163748002  0.15875382427573007  0.16907348158800203  0.17947879315884502
  0.18991472975188797  0.20031079342834654  0.21054835299082847  0.22106119323517495
  0.23195794856504576  0.24312244204709407  0.25405694295499393  0.26481389483301743
  0.27544247667182536  0.28622017446373499  0.29707799862587680  0.30759682167933194
  0.31785195668204591  0.32785657816032582  0.33785914036942177  0.34791437889587279
  0.35811048721324201  0.36840209406993668  0.37889311599565678  0.38965130079578436
  0.40032298211772327  0.41074169192439558  0.42069025930657200  0.43051621360870823
  0.44030972523845752  0.45029323905275387  0.46026945656337498  0.47023908604912767
  0.48015355665814152  0.49025455592191775  0.50046794524576987  0.51088021730937261
  0.52140996787266181  0.53198439305940437  0.54254773944353796  0.55317152496325461
  0.56364024147054526  0.57388255685837530  0.58422085963551817  0.59466868807008044
  0.60510702714068476  0.61542245173948862  0.62592365422016283  0.63663314601956489
  0.64723389684311339  0.65767762501343274  0.66802593782061082  0.67839484873725087
  0.68869897706140326  0.69902502718004644  0.70949452345831920  0.72009856773538206
  0.73082371642436716  0.74131696858593177  0.75171991395129201  0.76189601186759615
  0.77210125736655100  0.78206373737362411  0.79193645750704300  0.80177859038653532
  0.81191904034949225  0.82230030218392336  0.83280016180859284  0.84324206437204507
  0.85367616157900994  0.86434278534816034  0.87512377237029437  0.88535785184281435
  0.89541297176440215  0.90544129194391099  0.91571914580030200  0.92603800727028662
  0.93592503226468160  0.94577700393472575  0.95537820128010920  0.96493846656554494
  0.97408167042240801  0.98304014795445460  0.99186018899402084  1.00000000000000000
  0.00000556487931030  0.00000993213942456  0.00001341494075389  0.00001654610497283
  0.00001972982923002  0.00002391292459214  0.00002806497932685  0.00003213807877804
  0.00003626375058766  0.00004045919280598  0.00004471124819983  0.00004898503993469
  0.00005327410799790  0.00005758036688965  0.00006194297840019  0.00006642974851794
  0.00007111457049599  0.00007600035115946  0.00008096417579986  0.00008598897616886
  0.00009107734822845  0.00009623759686920  0.00010150503863051  0.00010692651028260
  0.00011250999066063  0.00011818795397921  0.00012400024397770  0.00012987217029720
  0.00013615826079203  0.00014267228462456  0.00014984048648768  0.00015731894966726
  0.00016521768926216  0.00017354907115056  0.00018222003835681  0.00019123019231250
  0.00020051553741233  0.00020994088134045  0.00021954633950823  0.00022950842889389
  0.00023999865354738  0.00025107355191302  0.00026272851031372  0.00027467658567049
  0.00028720898894765  0.00029973609180182  0.00031298339236984  0.00032622631262724
  0.00034000713633029  0.00035437270502937  0.00036907980419683  0.00038454518139861
  0.00040038285087070  0.00041695636879870  0.00043441577595925  0.00045295362680504
  0.00047264015590811  0.00049351673541193  0.00051562406130397  0.00053985502328013
  0.00056523200061276  0.00059153290134532  0.00061930525318777  0.00064865081311683
  0.00067966213391954  0.00071148946026180  0.00074441877829674  0.00078050977487482
  0.00082107134880855  0.00086463067239980  0.00091077583324381  0.00095975993960154
  0.00101367199761133  0.00107062577232671  0.00113156017926560  0.00119859897893836
  0.00127242995233402  0.00135416792204579  0.00144107811155770  0.00153596201615635
  0.00164662063932488  0.00177530720523237  0.00192479795942361  0.00209275862201548
  0.00227428353280711  0.00247493876465823  0.00271347289123589  0.00300332475866684
  0.00336867224070741  0.00381238533288154  0.00437384248932186  0.00499380388148939
  0.00573961345109215  0.00684507565381021  0.00940365676863125  1.00000000000000000
 -0.00258887045264321  0.01068417972163137  0.02128195810115892  0.03260923943524102
  0.04388860607061413  0.05554618415005567  0.06681209699574356  0.07783757142693412
  0.08891850910293728  0.09978685242580160  0.11073566016572157  0.12138156210273243
  0.13158853605874551  0.14165054528152526  0.15191771599863524  0.16244863375955157
  0.17285078727687464  0.18337678998192850  0.19438700589061075  0.20575759211744604
  0.21741973362159470  0.22904187574170032  0.24023449233035965  0.25105601777271108
  0.26159398095094688  0.27215174215860871  0.28251021706776025  0.29305598966092650
  0.30389161348125471  0.31497285649315437  0.32604379744642015  0.33661376360728190
  0.34675225064826010  0.35707038681844183  0.36755859473726071  0.37810033074640204
  0.38819126901782769  0.39829655861389346  0.40858847377599600  0.41889592984548685
  0.42932264248567426  0.43992573726448764  0.45074008451496844  0.46162147940010251
  0.47268678133420128  0.48383264130604853  0.49498821983349711  0.50602368902111827
  0.51701652509360330  0.52779042041938307  0.53839808210589257  0.54895641320170074
  0.55970576063105959  0.57042431525460113  0.58091312997235378  0.59116437300381197
  0.60115264349894570  0.61097281950535232  0.62094361791584074  0.63148230017594009
  0.64192706887515216  0.65231962900914142  0.66284620192531640  0.67368818528304786
  0.68447281735788124  0.69532616952775050  0.70613983689431814  0.71689771000606006
  0.72728979682970951  0.73765553656989935  0.74813052356742238  0.75873281853613883
  0.76915060153286252  0.77952890946467990  0.78967492845097964  0.79957019776426019
  0.80932985160853677  0.81915796308576205  0.82932669394943892  0.83952379280740208
  0.84992181591990967  0.86009281036761864  0.87000045543460280  0.87982140690206445
  0.88970234284524452  0.89970252756338498  0.90952366032667498  0.91952642689312369
  0.92984586091090082  0.93988064317162723  0.94962415061367966  0.95909377970144594
  0.96897665497100061  0.97894288589800726  0.98941450869481895  1.00000000000000000
 -0.00264117898311341  0.01002633164090988  0.02060490150336660  0.03125947738649884
  0.04180436459453980  0.05198654229373660  0.06249190067826258  0.07266857941487045
  0.08279688759707238  0.09270291803611420  0.10288080142656458  0.11370393714773835
  0.12480159536612787  0.13588969630306275  0.14668670932561198  0.15743259204348142
  0.16832411824517174  0.17865626666389475  0.18880332944696307  0.19894701615407567
  0.20927294737880928  0.21959391463861347  0.22982196062136556  0.24009310340193035
  0.25035033499071668  0.26057660501479563  0.27101981975261585  0.28139249714293957
  0.29150456178473760  0.30161196646785998  0.31162708020165875  0.32182055240954638
  0.33196052874843340  0.34190595124648637  0.35219974419036087  0.36269628955743055
  0.37336797999617638  0.38437090833271731  0.39571407153494959  0.40750304670560261
  0.41908311431715034  0.42994092039862714  0.44079274004447749  0.45129578194765413
  0.46183642571733874  0.47227707048604833  0.48294755855771693  0.49360105627140871
  0.50401029738754743  0.51440688295879500  0.52487770638421838  0.53558108564754980
  0.54648666438451365  0.55748918530565750  0.56865886704949931  0.57990562858093997
  0.59118611343344041  0.60200778263228638  0.61273604675954652  0.62322303356874487
  0.63375349595386266  0.64439183246196630  0.65524245274737936  0.66619157403584939
  0.67679283754821074  0.68727914123256473  0.69741598623659828  0.70749612419394203
  0.71763537654503518  0.72802830656538331  0.73823298235855062  0.74844227873053071
  0.75867148269502371  0.76908444319953340  0.77931515943756569  0.78951192391183189
  0.80005378386129056  0.81077436156178950  0.82175055908282679  0.83278820793069330
  0.84371101439888685  0.85459580465876794  0.86539764853129120  0.87623820253146645
  0.88683277707859132  0.89721135900499860  0.90736683588481215  0.91763452053926875
  0.92821989827693407  0.93895101120058311  0.94941143742570400  0.95981720679091187
  0.97042906461101508  0.98056233762654021  0.99024000168261006  1.00000000000000000
 -0.00259549791947145  0.01006946968643178  0.02060583099950638  0.03182383560119625
  0.04272210539319241  0.05342230108988946  0.06435332473848041  0.07502709416977442
  0.08589136948127829  0.09656896141040540  0.10722650803261954  0.11734121714771002
  0.12739758824278075  0.13746413019642995  0.14743216495583777  0.15727992511615682
  0.16719437873184684  0.17808051755962281  0.18881370451262317  0.19952350131931057
  0.20986083786023443  0.22023986599294015  0.23056350156106639  0.24099953623457698
  0.25151981541650564  0.26185229100163110  0.27200043269307606  0.28211521224560632
  0.29267179822023975  0.30294545030869763  0.31289437704517703  0.32255421444744747
  0.33242096468641397  0.34265507895349073  0.35321381027562671  0.36377381438326223
  0.37426107192615049  0.38474753519685306  0.39524185993884359  0.40588707390026058
  0.41666667427114490  0.42729290220115151  0.43764980685068589  0.44809179154936568
  0.45868882331304112  0.46975799634747856  0.48075519502030650  0.49140332744451037
  0.50203996842056753  0.51269606170153226  0.52361483900963524  0.53480268343273329
  0.54621701206137052  0.55745220302019649  0.56839733440675777  0.57906185267800103
  0.58996418357815295  0.60102307079451445  0.61206011947757977  0.62297042969557070
  0.63366843944869033  0.64442031192146554  0.65473511091210834  0.66508275455846855
  0.67519088845748065  0.68565205431830212  0.69639347047839484  0.70687825114599934
  0.71727766213587174  0.72755172324761341  0.73846091118633239  0.74954173428548032
  0.76024786750003825  0.77081717747589507  0.78098570119764554  0.79077828647456161
  0.80088076749079318  0.81095081274628888  0.82121353713079615  0.83123299659556082
  0.84157780280504280  0.85222262050742181  0.86313155990238499  0.87396162345255002
  0.88436946292531027  0.89451228823110285  0.90475783890882377  0.91535784683195853
  0.92601059792615203  0.93659310133792106  0.94701944197039511  0.95733606341402089
  0.96768298853626611  0.97842444039295040  0.98917625523408692  1.00000000000000000
 -0.00248164636658975  0.00936922606751727  0.01910020050563386  0.02956389201561007
  0.03976227128055112  0.04982131846853716  0.05998935572842799  0.07075567354741223
  0.08156544126250295  0.09191126439425913  0.10235076582260812  0.11285642900463297
  0.12361458068677961  0.13435513381818187  0.14506694395092976  0.15560686710210689
  0.16596211523161755  0.17624179009289409  0.18661282994967709  0.19717281083919744
  0.20719983554566890  0.21769557038761317  0.22813840675315916  0.23922489008418177
  0.25019728417413117  0.26100955728837094  0.27184561796005052  0.28220594065518645
  0.29258531125724963  0.30303484868405228  0.31340825038670711  0.32414724242602944
  0.33472380401943952  0.34554533270936305  0.35626338602782454  0.36670668788187932
  0.37738839972488175  0.38780556840503622  0.39847370540823879  0.40898530660597682
  0.41967309240365430  0.43061904622567371  0.44154437441944966  0.45252484494129286
  0.46339644394071228  0.47393647657957116  0.48442634134952572  0.49473287921874459
  0.50561482313537565  0.51657042768966543  0.52777519126154782  0.53881581360782471
  0.54945925747972202  0.56000613814727929  0.57071697344799766  0.58159663390455563
  0.59212105437923024  0.60223756923247873  0.61239951986768260  0.62239339247890457
  0.63244856247812642  0.64260750199322303  0.65304451739905689  0.66370370139489454
  0.67468119166173968  0.68599695930828020  0.69701900794613247  0.70748855938846200
  0.71780789022591296  0.72816599981347507  0.73872768663659338  0.74954794838180028
  0.76055789778259020  0.77153388398535283  0.78217985062595674  0.79274758311786442
  0.80329138757671481  0.81392723104134845  0.82475249119607841  0.83557641518520676
  0.84614766439690015  0.85656400272551303  0.86709467182193878  0.87784984024103285
  0.88841894259463561  0.89872772746522767  0.90891657351713906  0.91922385208420421
  0.92971623697081951  0.94020480756678659  0.95051902878448258  0.96054344364359068
  0.97054002910012482  0.98059005011760014  0.99041311649946973  1.00000000000000000
 -0.00222863784393114  0.00890206983331398  0.01841782879902126  0.02832373904153880
  0.03838647067543231  0.04860789584410637  0.05901239380315594  0.06955917517697945
  0.08011547175148882  0.09072969763030074  0.10124262545564998  0.11157237676018103
  0.12172856946274510  0.13204815099896314  0.14264439759537079  0.15317328987851583
  0.16373918326508105  0.17412681234533889  0.18457295845010102  0.19495316369077986
  0.20558916790052997  0.21609925921657658  0.22647439805156197  0.23718395976999521
  0.24761222161659158  0.25789216798856657  0.26786648606959629  0.27823362172931715
  0.28863215478343163  0.29862561297791618  0.30856550078074213  0.31883621698677805
  0.32945947732695308  0.34010330259962707  0.35058195556210514  0.36096848628770511
  0.37149608757216679  0.38217638241563401  0.39324449470625483  0.40411512707020791
  0.41457666148612254  0.42472795529465290  0.43484190441237919  0.44521509736211362
  0.45541890752280362  0.46560871248911345  0.47573812832931472  0.48607888565074275
  0.49631555061883337  0.50652481092929047  0.51686915188139593  0.52752113376132570
  0.53849054976736110  0.54934654117596016  0.56033700886401061  0.57110557314723798
  0.58176824646727654  0.59240227379588672  0.60319933355281474  0.61412143753651149
  0.62487483619407280  0.63556403156424079  0.64607984670847562  0.65650576354932577
  0.66689865011526850  0.67721623722094360  0.68753249194710409  0.69775025358995435
  0.70793610842558430  0.71820776019918098  0.72865367940844294  0.73929792275029138
  0.74992027753417756  0.76054273362588720  0.77098573942324278  0.78147759480362655
  0.79191909423808982  0.80250923756051928  0.81325976547361578  0.82422173986133740
  0.83498907587116100  0.84548042650706801  0.85615136265841885  0.86669905401978919
  0.87731039479755113  0.88752842261213749  0.89793935777851375  0.90822711227674113
  0.91890828951880288  0.93011328432733786  0.94183482172022870  0.95347741143576981
  0.96521465165874276  0.97679111357669013  0.98856438360523957  1.00000000000000000
 -0.00201320002513926  0.00939688921448244  0.01898349676710370  0.02907682368232643
  0.03911978205267626  0.04932138974095323  0.05963655363858411  0.06989170317928248
  0.08012620001975163  0.09006922503357292  0.10002926269596921  0.11000873403295304
  0.12032480337068586  0.13084426816825853  0.14141909953704807  0.15201001888656021
  0.16277255998329745  0.17389035826600652  0.18513136798552920  0.19596274677684447
  0.20674450528926144  0.21744839028030638  0.22827074526269495  0.23895475710530661
  0.24978631092464262  0.26101883024381761  0.27215548226617542  0.28274846197803766
  0.29315665282169118  0.30330854348566860  0.31372059614510961  0.32379408499043738
  0.33386418544643887  0.34424239813936525  0.35462292239382776  0.36480514043249734
  0.37475484081251992  0.38466855100618247  0.39447988490763736  0.40458276986470093
  0.41485649654343337  0.42588709700215599  0.43705471060087470  0.44805506845697296
  0.45905960876697227  0.46986066950730671  0.48070708451527722  0.49119886430946097
  0.50155576770241272  0.51207968084740418  0.52258154582467931  0.53297454779309306
  0.54327256937141910  0.55358884760416172  0.56414008484621958  0.57503851584395993
  0.58621654639351550  0.59746102027742942  0.60860318234697974  0.61959468444760035
  0.63046331110451215  0.64120384270350839  0.65188391715070648  0.66258275153317203
  0.67324548390304761  0.68388742772818334  0.69445242416969477  0.70491751501497879
  0.71525176573306104  0.72560023146311858  0.73584606085610538  0.74601075744280354
  0.75589311812867566  0.76577594304182806  0.77590516336366988  0.78627131220366897
  0.79703756884800026  0.80763380937026696  0.81839012135975076  0.82889206679252514
  0.83977082053245233  0.85047324012473013  0.86111888295961103  0.87173599362955745
  0.88233860325331215  0.89304853020245301  0.90373821090235651  0.91438845736426411
  0.92495258149884185  0.93537926046464326  0.94633946433954719  0.95742735628589837
  0.96842378715396871  0.97893037449609710  0.98940270067669611  1.00000000000000000
 -0.00230750630334252  0.00921940139496704  0.01883425902551485  0.02885634480280451
  0.03893428278169028  0.04921068200440117  0.05936844535776605  0.06979298839749920
  0.08018311160389099  0.09034186671000355  0.10040009527836602  0.11061757057657337
  0.12134166713359341  0.13210563520610116  0.14292687654921032  0.15384648951148786
  0.16470128735360257  0.17528879834977870  0.18551352060433746  0.19581756829431690
  0.20593581159978452  0.21600833866822469  0.22602325147120672  0.23630835313263809
  0.24651021237637727  0.25663885680850451  0.26688918842579523  0.27731613328036886
  0.28798113798663483  0.29852413134641431  0.30905843686288542  0.31948865785496433
  0.32976257845973528  0.33997194135520703  0.35009179220669617  0.36022949549614303
  0.37042223307038580  0.38058421282856253  0.39059468372178657  0.40072388422996924
  0.41122398084190781  0.42209636796469557  0.43304425868852353  0.44390661243569807
  0.45496936816856293  0.46570196442361039  0.47605016236019720  0.48619032116499245
  0.49641360195234613  0.50685865557447052  0.51737605646222251  0.52805274321440476
  0.53897925580498796  0.55009009259041841  0.56120654680764526  0.57204708949267158
  0.58262968371998314  0.59338474628200288  0.60452645957340589  0.61590778621453823
  0.62690314421837401  0.63750161768523361  0.64779026644276605  0.65803331388549802
  0.66849126882004895  0.67921752656633771  0.69008741315788258  0.70112918740054919
  0.71212611790883751  0.72335753228720234  0.73418375103378730  0.74484581965818975
  0.75568266198579748  0.76683281602510067  0.77794585209109257  0.78896164730204610
  0.79963799846971961  0.81017629749687381  0.82049414912524221  0.83093585227464095
  0.84162501348698804  0.85270430293052712  0.86384335814330016  0.87517822439974147
  0.88564389116967723  0.89584377782281521  0.90558366530093970  0.91563910471747645
  0.92601684286422725  0.93681741137016439  0.94742575993575973  0.95805020660314766
  0.96840258540381419  0.97892941856545512  0.98935173125179832  1.00000000000000000
 -0.00265971929507663  0.01012179988798833  0.02065193142869771  0.03113800571655282
  0.04145925970446174  0.05205529350267680  0.06281525975692531  0.07348131671874199
  0.08405995866545850  0.09479334290777912  0.10567879308750958  0.11605898439305841
  0.12616643478561040  0.13577982265643229  0.14572137360992379  0.15599674794160046
  0.16643495965362970  0.17722077332636982  0.18782118536183964  0.19877409886227165
  0.20970844999404750  0.22062103925022725  0.23156845517701757  0.24204140508455382
  0.25250491017939258  0.26275578127571519  0.27333480839121643  0.28382620424425459
  0.29463753567651857  0.30536124880943888  0.31588366321007044  0.32613193624510167
  0.33619103179530990  0.34630060250135958  0.35635682987546807  0.36630079179562902
  0.37611316515309756  0.38638182168068996  0.39714854451874110  0.40834766282088608
  0.41920632808046632  0.42967208080307140  0.43992462116691278  0.45021794060740006
  0.46042371822271205  0.47050474001646952  0.48054226426146185  0.49066022578100887
  0.50086023831485560  0.51132736838154869  0.52221385401584419  0.53301817930877848
  0.54379269841801026  0.55413888135759015  0.56452239452709418  0.57467197209302856
  0.58498222451218274  0.59536162185008157  0.60586248283275979  0.61630940485691965
  0.62662579496448889  0.63692738385826031  0.64724688794092977  0.65783845167795074
  0.66821949883788778  0.67866674617405931  0.68913742222469265  0.70007174955191209
  0.71101828819758683  0.72169033542902594  0.73249146550742283  0.74313289254790293
  0.75388332980666750  0.76459674905534247  0.77514117220855661  0.78580956280292735
  0.79680162852522429  0.80852291536747711  0.82017301140275112  0.83149120434945489
  0.84224568497338992  0.85260589199707704  0.86291121736989240  0.87312763336882460
  0.88333053311744070  0.89338417004509063  0.90385160975973322  0.91469884707054061
  0.92558509490244945  0.93640403100866310  0.94738600045272892  0.95843256550421141
  0.96860136876770542  0.97900332753599839  0.98937955345265349  1.00000000000000000
 -0.00253389526885342  0.00974880544816944  0.01983012527347648  0.02984945179197744
  0.04001870567195884  0.05071003944472606  0.06156286142662665  0.07244444960960793
  0.08311140332712984  0.09365356155171375  0.10410368273616845  0.11495147875421141
  0.12583999193035042  0.13658856342437131  0.14731036381983825  0.15815936218134566
  0.16882745977989133  0.17927910521470172  0.18973887586882213  0.20016493667494858
  0.21041888494683583  0.22062532943887228  0.23105641777623084  0.24186270774957314
  0.25295023829052810  0.26400788659297142  0.27503960883082318  0.28584198280976914
  0.29647086782526094  0.30684407533234537  0.31720204087629861  0.32761685748261871
  0.33814852618478797  0.34885947747736606  0.35902124333200769  0.36917124109900445
  0.37913180925550877  0.38937452153518742  0.39958992884724215  0.41003040599761620
  0.42070061614145982  0.43152702413175953  0.44215761998578484  0.45288493121752771
  0.46354649077765142  0.47430361171657909  0.48518599389414768  0.49612058047492991
  0.50694611585360783  0.51739980542355668  0.52760253133466317  0.53784857342807157
  0.54803037048688974  0.55853629225600787  0.56913097947736513  0.57978185003377802
  0.59040032138589571  0.60073658257097828  0.61160288909473870  0.62219611495993266
  0.63307015220392970  0.64386506247234987  0.65448102637266625  0.66498344808565424
  0.67515401934006225  0.68531522605728756  0.69570094498599788  0.70605757568616045
  0.71653548577801263  0.72700206271630818  0.73771165064314603  0.74829595564288565
  0.75855438574904244  0.76874152613692370  0.77930551935324488  0.79014730012702450
  0.80077766212618640  0.81144136072578243  0.82191083857297342  0.83235511262775630
  0.84286593973501100  0.85334746472566414  0.86366273821047124  0.87393401198792475
  0.88456899833831881  0.89532747326575657  0.90571966732427023  0.91607446574295892
  0.92666778969115038  0.93745215510297364  0.94804346042893439  0.95844586110734509
  0.96866047786742349  0.97912287224858996  0.98955246168101296  1.00000000000000000
  0.11755037781140731  0.23668020921760038  0.26602469915504567  0.28288950580810152
  0.29660804620503900  0.30882879297915589  0.32005578371896914  0.33044369131464674
  0.34012929485906274  0.34938628517413967  0.35833562523397533  0.36700842035510128
  0.37550772483932832  0.38384557355306320  0.39193261340690655  0.39975098690500133
  0.40734736441957514  0.41486281177688616  0.42230713986852969  0.42963097372918813
  0.43672099279849652  0.44357311529060300  0.45035045411931018  0.45722488019136487
  0.46426037319988350  0.47126780612450697  0.47805593557413328  0.48469168190217277
  0.49121950904267037  0.49764767501079743  0.50412179589961004  0.51056738100161458
  0.51695919275963442  0.52327809850427465  0.52942703039088068  0.53562566109256216
  0.54185431803920725  0.54796220823859354  0.55404885677326576  0.56014095735027969
  0.56613938168838285  0.57214949528537828  0.57813327851368046  0.58416343960862027
  0.59033918118735806  0.59661911643356580  0.60290936679700458  0.60909242119782914
  0.61511074278984612  0.62104519105371880  0.62695088183209924  0.63265562962973321
  0.63828568825418563  0.64381936991024513  0.64935573183872830  0.65505128337918961
  0.66089665760018912  0.66681196309430601  0.67287293672991300  0.67895354814064202
  0.68507160669105227  0.69123591985560251  0.69740301782739922  0.70360699773117741
  0.70980389634113328  0.71596271240013110  0.72205112316656572  0.72801248861660262
  0.73391203537098804  0.73985214322844628  0.74600243481465478  0.75253568833552775
  0.75944712605390585  0.76627540176766606  0.77306985398255756  0.77981291815787812
  0.78657343703292082  0.79345158517958203  0.80056181632982149  0.80780818541795529
  0.81528365023041116  0.82301786172249491  0.83099655624914637  0.83927826505989278
  0.84771340677097251  0.85615550433933563  0.86471412828916616  0.87348884771032520
  0.88265654995773768  0.89227143011523113  0.90262639981310833  0.91381465946031970
  0.92645262648907234  0.94177640063532542  0.96419622737096156  1.00000000000000000
 -0.01823695700004310  0.10880256451095718  0.14484144088566819  0.16772962359245649
  0.18544608435959023  0.20081262692166479  0.21460648627573531  0.22697638749173518
  0.23792720143504903  0.24817835005528627  0.25777346380840360  0.26712843711672934
  0.27591751433350253  0.28454001052584765  0.29294402008934650  0.30110102703419811
  0.30911863045079396  0.31690951791938937  0.32441419117796372  0.33164312885051184
  0.33849362675701555  0.34514119283616357  0.35177587218357231  0.35836629749482390
  0.36488611927816844  0.37134656389719428  0.37766218730331269  0.38381220551396056
  0.38985848856713945  0.39580913736815415  0.40170509105136870  0.40760980852826895
  0.41354283456616875  0.41945564451583839  0.42525543810293842  0.43093598373094272
  0.43660192439582263  0.44220261042214243  0.44782005155835364  0.45340623083209514
  0.45898789191915623  0.46466374238929481  0.47040874798476934  0.47616015546612123
  0.48176863373759876  0.48713563377034547  0.49248867763755988  0.49766571513440633
  0.50300626769650902  0.50837708052406883  0.51375387752481949  0.51924381172567369
  0.52484097688965581  0.53044399501142492  0.53602499222390454  0.54163608556943976
  0.54732035297314863  0.55306847618162347  0.55885683475104353  0.56466107490440831
  0.57051544109108587  0.57641735966082386  0.58226900963871142  0.58819382975761247
  0.59426528087900954  0.60050125909557184  0.60678720246411755  0.61313975387255992
  0.61946679095000623  0.62577504379431370  0.63208068030790432  0.63836235731631763
  0.64475209704506942  0.65128966760200113  0.65798912824705069  0.66483705227962164
  0.67174350019562534  0.67870384077998402  0.68568841012898152  0.69285558636877564
  0.70040014519157257  0.70848556436032251  0.71709404383489772  0.72599694604310594
  0.73519467405721795  0.74457636762677737  0.75429698399913092  0.76474857062411761
  0.77598737777355276  0.78786841359265014  0.80081993316315603  0.81560391830798240
  0.83309061838779142  0.85564184206188365  0.89172539133170337  1.00000000000000000
   9.7856419468011710E-005  -1.0000000000000000     
 T F F F T F F F F F F F F F F F F F F F F F F F F F F F F F F F T F F F T F F F F F F F F F F F F F F F F F F F F F F F F F F F T F F F T F F F F F F F F F F F F F F F F F F F F F F F F F F F T F F F T F F F F F F F F F F F F F F F F F F F F F F F F F F F T F F F T F F F F F F F F F F F F F F F F F F F F F F F F F F F T F F F T F F F F F F F F F F F F F F F F F F F F F F F F F F F T F F F T F F F F F F F F F F F F F F F F F F F F F F F F F F F T F F F T F F F F F F F F F F F F F F F F F F F F F F F F F F F F F F F F F F F F F F F F F F F F F F F F F F F F F F F F F F F F F F F F F F F F F F F F F F F F F F F F F F F F F F F F F F F F F F F F F F F F F F F F F F F F F F F F F F F F F F F F F F F F F F F F F F F F F F F F F F F F F F F F F F F F F F F F F F F F F F F F F F F F F F F F F F F F F F F F F F F F F F F F F F F F F F F F F F F F F F F F F F F F F F F F F F F F F F F F F F F F F F F F F F F F F F F F F F F F F F F F F F F F F F F F F F F F F F F F F F F F F F F F F F F F F F F F F F F F F F F F F F F
  <DiscreteSampler_grid>
  grouped_processes
  1 # 1 for a reference and 2 for a running grid.
  10 # Attribute 'min_bin_probing_points' of the grid.
  1 # Attribute 'grid_mode' of the grid. 1=='default',2=='initialization'
  0.0000000000000000 # Attribute 'small_contrib_threshold' of the grid.
  0.5000000000000000 # Attribute 'damping_power' of the grid.
 # binID   n_entries weight   weight_sqr   abs_weight
    10   10   2.243870465023841E+003   2.778326175399984E+007   2.243870465023841E+003
    16   10   2.243870465023840E+003   2.778326175399983E+007   2.243870465023840E+003
  </DiscreteSampler_grid>
