  0.00324756284391824  0.01185621493991524  0.02292888906732195  0.03432797327641880
  0.04585128356702103  0.05723364972372096  0.06839076545148352  0.07882406084028316
  0.08888204952606742  0.09892185901826048  0.10984145786996226  0.12081136708649751
  0.13075943153558392  0.14046112997536761  0.15101692197266806  0.16248158113470079
  0.17487365621322953  0.18781314478138991  0.20062300940075090  0.21277990065101479
  0.22396127380714870  0.23430046091043147  0.24548572763528159  0.25664364784808325
  0.26722059184293856  0.27761189079075660  0.28769783506647945  0.29750658217539699
  0.30748740953802534  0.31762561779804133  0.32776118772288887  0.33799976608754323
  0.34892555259664637  0.35959724824332956  0.36903990828377564  0.37808422802498892
  0.38829824241157662  0.39882487891864077  0.40891068507965961  0.41966215791477302
  0.43085273529620916  0.44159395786447853  0.45213010249982744  0.46357813519493790
  0.47560575877158306  0.48715833761539140  0.49788489691959653  0.50829457682352730
  0.51843260548994385  0.52728722527169614  0.53687778673068176  0.54732897919381907
  0.55773042459691480  0.56715989476031026  0.57632082191908096  0.58626097289638279
  0.59728179762743960  0.60892562349588542  0.62091339455186523  0.63319182140278585
  0.64498666935437687  0.65576324464637414  0.66675915259258922  0.67809123503519686
  0.68987309739562874  0.70021014517344782  0.71022388650775048  0.72045664527730158
  0.73164727831073340  0.74261031051460680  0.75295953493693180  0.76279625947075369
  0.77204910927308468  0.78185997385902373  0.79218669701131805  0.80247516085180137
  0.81216229269413864  0.82190586605406690  0.83216072546772313  0.84341937291618374
  0.85462427494230564  0.86389029526675609  0.87174751757478719  0.87988744986518641
  0.88890294437716377  0.89775348510999120  0.90514941202599819  0.91196495348628526
  0.91966335704595492  0.92970051439295032  0.93999569822609486  0.95009180324062725
  0.95986106042845298  0.97111886924291713  0.98400599183594750  1.00000000000000000
  0.00635288186148981  0.01585000531106345  0.02943954774792201  0.04308103119235003
  0.05652568860643381  0.06909803188070276  0.07917128212324931  0.08869908442116541
  0.09769768756991204  0.10778289834954773  0.11847571680528951  0.12931494883324315
  0.13966116551588981  0.14961492988232070  0.15942690969178855  0.16982116756990201
  0.17995100881582005  0.19052360981672586  0.20210264067933131  0.21435774444472153
  0.22573446157979149  0.23665362705463827  0.24770164311158940  0.25899488583164515
  0.27059808826974685  0.28242196319426005  0.29455328086151639  0.30679129885551171
  0.31753764713161631  0.32690610764341305  0.33624244969416406  0.34541751146629363
  0.35451517152269457  0.36393957131067273  0.37394967698776255  0.38438566412832631
  0.39476919299435231  0.40506763068575391  0.41547752456472203  0.42557040492625353
  0.43485533359184342  0.44348452271168454  0.45195106897802206  0.46091408813475254
  0.47075343778151690  0.48051589582145887  0.48934306869946270  0.49795285826398444
  0.50696867785174782  0.51611073814671882  0.52518618843045428  0.53453704609130126
  0.54495066530464487  0.55672532758057314  0.56889857454724224  0.58128138990479350
  0.59463719387708491  0.60794331942571966  0.62020361753246922  0.63166717886320511
  0.64242136795364424  0.65266852534704400  0.66295498068719205  0.67391447591140785
  0.68482466426491528  0.69543180373766422  0.70546062190779513  0.71504742433295598
  0.72471359726717033  0.73476488241100957  0.74484736026503173  0.75473782692004954
  0.76488043495290614  0.77559618487412463  0.78698035589732185  0.79830284988739308
  0.80928102516944533  0.81934617104063290  0.82895819110975832  0.83973131032149351
  0.85060339575285149  0.86131544730459431  0.87151411024928194  0.88486597322018534
  0.90002148104105750  0.91366244714488976  0.92312597834255317  0.93293897777013091
  0.94305462015685315  0.95319459366489745  0.96217683590981995  0.97055140806095619
  0.97900530288049470  0.98688221250433916  0.99084312933691032  1.00000000000000000
  0.00353965881077934  0.01148175679052924  0.02164046721536632  0.03317856793260704
  0.04572383633651578  0.05665767622060464  0.06719158187153773  0.07711342129191974
  0.08605586117913470  0.09439072299853724  0.10343216037885777  0.11316697399532817
  0.12429753103954168  0.13534102781009202  0.14612893576640071  0.15774303660697256
  0.16947875441821181  0.17942193989171826  0.18945309983627817  0.19956682913948934
  0.21064938658400614  0.22143556940475759  0.23261606776778265  0.24428173625568270
  0.25630847566073423  0.26850804786127191  0.27974612695193773  0.29041294261260425
  0.30227481752840418  0.31336885247579394  0.32270133210548851  0.33187687019715156
  0.34117217277571255  0.35034544754933977  0.35881888760532982  0.36698249777025199
  0.37541450573142776  0.38528334733150482  0.39488826320866860  0.40377549022745129
  0.41238220627269262  0.42121858375873561  0.43017124891541619  0.43968079324407466
  0.44954074365334884  0.45755210035555549  0.46517853186499442  0.47265531599396354
  0.48110989594625131  0.49069010150749059  0.49977718858419712  0.50936133347934476
  0.51737563378916229  0.52846782232923140  0.54062429626698794  0.55394464141564925
  0.56548091727329597  0.57548739833913831  0.58541967883865709  0.59608458309257129
  0.60672188829274698  0.61697717613134273  0.62827862276261692  0.64152309563487364
  0.65575665392547966  0.66949848002902290  0.68246976574070028  0.69507544404728483
  0.70735277724747936  0.72148097503318742  0.73484401556496304  0.74623896797150613
  0.75614064892848354  0.76552085173972817  0.77609076006218791  0.78472450667622062
  0.79289390352424916  0.80122439423158487  0.81061540607072202  0.81999233488394518
  0.82911056142401296  0.83833155936604764  0.84812469042909422  0.85792832123934459
  0.86772471267167250  0.87851917927885126  0.89017455011736568  0.90342176940500274
  0.91685716021315711  0.92948808547911044  0.94122999531458673  0.95272896876727386
  0.96421103642018402  0.97539438918070553  0.98731483239864570  1.00000000000000000
  0.00603552818586187  0.02153922314716811  0.03736702116079497  0.05195681538440192
  0.06546803232408001  0.07817176986041383  0.08933979668399657  0.10012976353768871
  0.11129754521891284  0.12278560788227158  0.13394119019957076  0.14471517134551182
  0.15590065207013465  0.16757826662141534  0.17926446849110919  0.19057045755811400
  0.20170518665707482  0.21260728049748076  0.22401043228497125  0.23746485684143137
  0.25171889330803637  0.26154659972099353  0.27137167459739886  0.28068707445686841
  0.29019030251489414  0.30001578965624781  0.31084552640153673  0.32227108615895478
  0.33309879734942405  0.34310290337117261  0.35273334528090422  0.36241939481545221
  0.37254018122765947  0.38334916958065801  0.39466338631738146  0.40637087327370475
  0.41785543549201576  0.42851241202935714  0.43851093337852881  0.44839733480114286
  0.45834192850259126  0.46824734665385642  0.47835316655348536  0.49075234147988389
  0.50114372320756662  0.50896645766846449  0.51573329351653019  0.52290278356276820
  0.53003045901963541  0.53782931685742719  0.54587884260591257  0.55434151697098155
  0.56357179985176198  0.57402776976566672  0.58420195872732505  0.59553809023050697
  0.60611926299375984  0.61663744632559214  0.62698111171585735  0.63759326387881765
  0.64802997647211658  0.65765432858172790  0.66704846492349557  0.67622559563710405
  0.68554500450533895  0.69512749648334515  0.70433721234215974  0.71432833276344254
  0.72542269119034231  0.73573076810717475  0.74581425222815145  0.75472031491299907
  0.76354487350359634  0.77227629696180122  0.78122328245689798  0.79117854065338566
  0.80208981943405866  0.81320838191477163  0.82394223680739720  0.83516166184873830
  0.84739384743428059  0.85879010903554687  0.86914008485749661  0.87955760188381382
  0.89033646812656020  0.90114273148075097  0.91113015670885067  0.92172598775938697
  0.93268505675078306  0.94323158147293407  0.95358645655485441  0.96384708227734217
  0.97386925146478520  0.98330376465751601  0.99171733106881166  1.00000000000000000
 -0.00007869273623491  0.00073386212262624  0.00188380834694303  0.00356597150450728
  0.00608969965223892  0.00904604285326724  0.01226721904911961  0.01606070626818672
  0.02055502232891277  0.02571388030217019  0.03143116675956949  0.03694166984987714
  0.04254631393343226  0.04869798461928951  0.05544572767429273  0.06181855641783123
  0.06748939893671177  0.07395704709689761  0.08151335833117593  0.08995947311871280
  0.09828381763460427  0.10680265273939764  0.11580367935567980  0.12541725698983006
  0.13495803898531653  0.14475491690006365  0.15499520736492337  0.16563892498588173
  0.17693119589973774  0.18894540398203891  0.20182845353514281  0.21333104969068356
  0.22378297757918503  0.23388835950383835  0.24421339875634401  0.25508454131873631
  0.26645060479746868  0.27773824283382220  0.28860393505292831  0.29927288251776724
  0.31039648071660131  0.32261505634658955  0.33532004382690966  0.34791539918622094
  0.36045421860654470  0.37316963851224333  0.38617288589284715  0.39948646776638563
  0.41325439512213469  0.42698528755037257  0.44063386346614214  0.45413964105576610
  0.46721253369548016  0.47995083933744337  0.49252816445175868  0.50468084322825291
  0.51714981669456273  0.52945730601254382  0.54184911145570180  0.55445656098815654
  0.56669065695091581  0.57874284409588661  0.59111142109776349  0.60323669176238670
  0.61517712158789972  0.62689270775069661  0.63860596747271181  0.65088167086763449
  0.66364068378659646  0.67692245547336449  0.69054408267137313  0.70360101606363379
  0.71588576409212235  0.72715698635639459  0.73777698324573415  0.74823611907341447
  0.75889374120324193  0.77016875152876885  0.78286783771279000  0.79746878200195292
  0.81129761615713558  0.82494491250244195  0.83824544747268570  0.85063421733487143
  0.86353342820057966  0.87583312190803342  0.88763472332061433  0.89940557110063901
  0.91074568647823162  0.92323072366983805  0.93603620576201241  0.94878997108009100
  0.96151221796423947  0.97426692893256717  0.98709317115646178  1.00000000000000000
 -0.00232311322022546  0.01072841410361192  0.02219537612007304  0.03289263558649350
  0.04331739898162162  0.05333234483283787  0.06313333641377009  0.07280784773847625
  0.08322495267293137  0.09271024538218539  0.10188291580528504  0.11071312374097439
  0.12041247789701098  0.13008943292938641  0.14024890419810992  0.14992623019692117
  0.16002832513484683  0.17100667363493777  0.18324046981554004  0.19501032491556353
  0.20689677309735488  0.21967852585499426  0.23131674880673037  0.24138588056238855
  0.25086976333797262  0.25996605812580859  0.26904660096113736  0.27784460720035847
  0.28596307722128755  0.29384997340429797  0.30213870292877876  0.31115246535309565
  0.32096409421284727  0.33248080079824333  0.34440495768962687  0.35790505638173270
  0.36876082777297342  0.37918060409873017  0.38919436093219956  0.39945486103768618
  0.40977776263725574  0.42024033423444096  0.43143490627853975  0.44302482128651366
  0.45453155137613099  0.46551438465256451  0.47630458987867513  0.48737142204484846
  0.49852765808645239  0.50934969704939537  0.52004237232344996  0.53084751431826394
  0.54152841678975205  0.55282065361900112  0.56465590804610266  0.57710226944957055
  0.58970316931278177  0.60121006557299539  0.61242621221553317  0.62350451623304548
  0.63450201721020627  0.64497157315156517  0.65526229228064659  0.66526403801647782
  0.67500666469099191  0.68446360333030576  0.69353698451532242  0.70233328372983761
  0.71138715926108254  0.72075998782635187  0.73005068932135064  0.73930051186420920
  0.74869292773307694  0.75958212206707854  0.77102537034326424  0.78246758205491795
  0.79429252993125854  0.80641500285693657  0.81797832360975997  0.82834408215217981
  0.83836523794005624  0.84819656681485933  0.85733410288158285  0.86678993398898696
  0.87747522725932658  0.88967490362587998  0.90019655633173246  0.91006999742589101
  0.91901397858255984  0.92892475954945763  0.93886138204079661  0.94962199520347135
  0.96128402639108845  0.97238920485013081  0.98593880259830591  1.00000000000000000
 -0.00216985897250778  0.00913648209496159  0.01784557566167748  0.02650844641406141
  0.03415826559186433  0.04140612889315963  0.04897901542050864  0.05786096441444731
  0.06785629844086011  0.07699015405063518  0.08596345437382734  0.09588830278617935
  0.10616671987842081  0.11603859107089404  0.12561469071476539  0.13663942648212810
  0.14793625138725469  0.15889689397908843  0.17016155107492076  0.18171256931278307
  0.19315666639268955  0.20465808915082162  0.21602936136237355  0.22678986252571981
  0.23762757078196234  0.24802604345077414  0.25808656967019683  0.26885040391260534
  0.28010202944474011  0.29153781856379496  0.30249001287191490  0.31339479544809723
  0.32553526462162929  0.33874221215591471  0.35253197971200534  0.36625999322287872
  0.37903094110400104  0.39085509506801297  0.40157338232845069  0.41161664781526092
  0.42172186368256193  0.43218520787871306  0.44312005160367951  0.45448738454018772
  0.46424220164013802  0.47356709411347059  0.48379713510389338  0.49486687474046243
  0.50566087425709028  0.51513906342149607  0.52467698895258574  0.53551001602698367
  0.54587346038060969  0.55570281947110101  0.56553137656494235  0.57539325554858589
  0.58505781032075599  0.59424386155646836  0.60382090057687321  0.61497675000950969
  0.62665555684348739  0.63770097215621901  0.64861553045162113  0.66005275942130714
  0.67181029759890953  0.68360971966946749  0.69448535105408915  0.70520616636910138
  0.71592351328403403  0.72674143084417564  0.73764646587792271  0.74892076780127037
  0.76038569369757480  0.77092595084998017  0.78042932117033947  0.78968374246084083
  0.79954157562986616  0.81026777933703120  0.82051397562936734  0.82979828322982918
  0.83840573128778062  0.84694455568171290  0.85655741968588606  0.86645681435871846
  0.87801908671816886  0.88872405240457564  0.90031189068100792  0.91303814819881257
  0.92865054743422248  0.94143022339703619  0.95117944277810929  0.96097462733930605
  0.97080719382183256  0.98016581557206783  0.98994654395889681  1.00000000000000000
 -0.00167918453221781  0.00809511262536038  0.01634133216774608  0.02445429664798230
  0.03219879313163056  0.04029853526130874  0.04937893520691243  0.05920748316067714
  0.06974342651099485  0.08116426132116711  0.09229616251641140  0.10214344225004311
  0.11223320634505027  0.12218567037607331  0.13160506353075291  0.14058727985309211
  0.14961736664763525  0.15881573049518449  0.16773478904986860  0.17720544242097527
  0.18814046926820588  0.20095729913738561  0.21259320092205616  0.22344916064778642
  0.23352216600655587  0.24390586515995427  0.25362126782680094  0.26299822431520753
  0.27224738361918005  0.28199530083529351  0.29236766070246978  0.30344481493997760
  0.31470945814707513  0.32489145640361150  0.33397323898588488  0.34297729121860832
  0.35161127299597894  0.36158653858793377  0.37244460785481276  0.38392693390093852
  0.39563941985654810  0.40809447189930270  0.41918027926979629  0.42911289352757070
  0.43905934915380290  0.44964106139735627  0.46086247863588248  0.47154404852434695
  0.48277084092636724  0.49467293256806255  0.50614087634750915  0.51746781830351940
  0.52834446489471953  0.53983153113883131  0.55125502098773393  0.56274488336752848
  0.57461267032580143  0.58573398259850640  0.59626725571213168  0.60568514382897343
  0.61452894541618663  0.62326881003682166  0.63127181538056232  0.63900009324013940
  0.64680094275323186  0.65545624581917805  0.66463164364526228  0.67695207846058059
  0.68740704222913795  0.69843956050684963  0.70953234994143799  0.72213189053886417
  0.73474672902929261  0.74665554340089990  0.75768188133384817  0.76764397377909821
  0.77687755707269879  0.78637689935794719  0.79845885635687419  0.80897190684370235
  0.81854244285496847  0.82763274385071761  0.83866409754495630  0.85108110905185930
  0.86283117438441448  0.87411383133775600  0.88736503835942415  0.90029270802014327
  0.91299630033372481  0.92545404403862164  0.93769424528508361  0.95022075670107731
  0.96315042342424595  0.97627441010772475  0.98794434706774936  1.00000000000000000
 -0.00255774960708442  0.01075830661154915  0.01905447754104629  0.02561468411424216
  0.03155906487571838  0.03806260069033818  0.04553291884094166  0.05255068367467365
  0.05961519149213587  0.06760118788655434  0.07598200364298770  0.08470872288790147
  0.09460306684638409  0.10504651744811581  0.11491176394893585  0.12475691884200157
  0.13390488361007269  0.14295599061024186  0.15182708796658415  0.16073117005853951
  0.16940909291899198  0.17808491509873481  0.18699296242021463  0.19670427767324364
  0.20710730471645533  0.21778228379748682  0.22759878696768562  0.23694543829462877
  0.24599841622771260  0.25584369250532951  0.26559766554449399  0.27521873824874349
  0.28473439070468542  0.29399716302521423  0.30332599450484016  0.31243390331166049
  0.32245407770763224  0.33369414354419369  0.34560690666434585  0.35766034651339712
  0.36897659500510727  0.37928846250052495  0.38924348655764690  0.39936508867795983
  0.40957756564383629  0.42006198958884866  0.43107952383829101  0.44280388671573456
  0.45454721703882339  0.46602264481970029  0.47726509437367337  0.48904753897367498
  0.50134326996156509  0.51318043148484904  0.52456507794214979  0.53615738652234757
  0.54886161574507519  0.56263518186708394  0.57631381227569545  0.58902983060236780
  0.60123456486896065  0.61192742592404070  0.62258539949725455  0.63302631529138220
  0.64336305392087845  0.65351812621839789  0.66353231177117211  0.67449505337398519
  0.68529256746896572  0.69505957035139732  0.70444924042974710  0.71487539171116288
  0.72685234044078495  0.73814213668164796  0.74952156285309612  0.76221903176389372
  0.77535786699234843  0.78806877143315512  0.80060814072151165  0.81280267086865476
  0.82397744575941512  0.83469736468126698  0.84587105676821084  0.85650779988447845
  0.86685984049188192  0.87672063532208244  0.88661699171285413  0.89695730199493040
  0.90839193774925431  0.92020599284996329  0.93209810193596065  0.94580533968812597
  0.96084936961379042  0.97495459466503498  0.98759800324971536  1.00000000000000000
 -0.00163423123960802  0.00885015839517934  0.01797977372479290  0.02707816842011730
  0.03616943134541054  0.04524136983638399  0.05428992592641474  0.06326410330214362
  0.07257195619697437  0.08229841901228027  0.09116472286893357  0.09988350925094494
  0.10820670779210997  0.11687509685100397  0.12617532341280696  0.13594687051237997
  0.14656083079332063  0.15783473967659245  0.16983992143246265  0.18200718656409093
  0.19284131222423520  0.20200407455742597  0.21083099753886056  0.22005497164639301
  0.23004378447808599  0.24244644943716101  0.25459435990016671  0.26558648938271390
  0.27702908463154696  0.28826305039508304  0.29826670699442986  0.30748296069111375
  0.31791988641158797  0.32838452142257729  0.33873394131322004  0.34779204825366150
  0.35781447853686765  0.36816711227180310  0.37853613548753717  0.38954002338487298
  0.40072139054305533  0.41134387548467627  0.42108505381718619  0.43098433729571534
  0.44235754360636276  0.45346057048574895  0.46435860838331289  0.47557472271738338
  0.48693813445313111  0.49756650755793502  0.50865058729433055  0.51901885937785586
  0.52933363466893368  0.53945162050020723  0.55214045382769117  0.56521233793530234
  0.57769863815042521  0.58965730303679931  0.60124236612699578  0.61235938085750485
  0.62378997298786898  0.63616216956273963  0.64911937120144225  0.66205078657412186
  0.67467949960212137  0.68649662969806902  0.69649088890160271  0.70582053530148126
  0.71454033325376931  0.72303383996333970  0.73147342430915852  0.73979475574054687
  0.74796015364548529  0.75796735980834051  0.76914394128895580  0.77885191000460285
  0.78778818360766312  0.79687776111137654  0.80679444872492423  0.81757516572385214
  0.82861679373122032  0.84068490930295781  0.85410092793820958  0.86826777399518895
  0.88100393522474407  0.89175871273750285  0.90197954394138602  0.91247536737753232
  0.92393851152345241  0.93551649567536499  0.94699800421946989  0.95819670792361999
  0.96926414133123207  0.97970226080531375  0.99005758403457256  1.00000000000000000
 -0.00206271917867422  0.01135662950609419  0.02165898033740663  0.03295425524028332
  0.04377530814466082  0.05373997736368980  0.06428263334578538  0.07439501808789981
  0.08456814592519508  0.09458462025075284  0.10549727801688391  0.11688132599060350
  0.12816528143971551  0.13947226930455567  0.15064592810247959  0.16194611217273866
  0.17348330256338332  0.18453746624008271  0.19475391934927549  0.20418489454626143
  0.21538239828244102  0.22737833662464235  0.24047460500958406  0.25333168054108529
  0.26561592320532385  0.27712774238527799  0.28759244164503978  0.29819080156618527
  0.30858202896221137  0.31914865507721707  0.33040200904757222  0.34136876570152064
  0.35219710296921664  0.36351298838755702  0.37580842561333583  0.38758816432706333
  0.39806338573263000  0.40845418226168689  0.41830362787378811  0.42894482429454434
  0.43965337037499519  0.44978838221532513  0.46083168397065843  0.47030649768593424
  0.48030564235055978  0.49037382435391780  0.50113581243165994  0.51220104727472737
  0.52233317435483551  0.53178131691938380  0.54101113038992654  0.55063599757092085
  0.56016035775790574  0.57001098227551616  0.58080949848879171  0.59343047808215932
  0.60670700122064491  0.61864603780695349  0.63048590547336081  0.64152608833680436
  0.65089562425278824  0.65914776700212019  0.66921973328606965  0.67993407920915605
  0.69019525016444050  0.69895814253973176  0.70830394621876758  0.71860886233415977
  0.72992937629560040  0.73980655366366532  0.74919914494964679  0.75815318836125367
  0.76725601548741595  0.77642007997135587  0.78594038767168117  0.79640954856295576
  0.80746313949804038  0.81846177779494644  0.82963160622554344  0.84138433026826220
  0.85290106830973822  0.86464352174565784  0.87678901099888029  0.88881088908696837
  0.89988048942826193  0.90939290129445727  0.91804177657063168  0.92609190413079789
  0.93475760493929094  0.94380036276076840  0.95393420060336886  0.96371436711028402
  0.97325680948345838  0.98275776609249266  0.99141411261246126  1.00000000000000000
 -0.00259953368829428  0.01117677847139103  0.02186113368000359  0.03078676335143291
  0.03924184595631922  0.04746055529981363  0.05649141086593687  0.06592520082669202
  0.07547313844585922  0.08390279943909712  0.09184895899446655  0.10023392602112269
  0.10961490566552121  0.12045988851560299  0.13175474105688056  0.14274737788709357
  0.15330998192200568  0.16331383796360668  0.17265918925810247  0.18182905982656578
  0.19092906948314634  0.20011000218561464  0.20955492996016575  0.21943189875171396
  0.22977716842487544  0.24077316345790803  0.25072954588459412  0.25973037545158723
  0.26859822338643452  0.27779558629411988  0.28678456510012357  0.29612276636463514
  0.30617044472330318  0.31869028081521172  0.33183302845317614  0.34417986837581560
  0.35620497979785520  0.36794289751069625  0.38000097855498044  0.39144920136488581
  0.40314144459908074  0.41553662246672929  0.42792400646581602  0.43939922608955578
  0.44910681540509612  0.45850260949867533  0.46794522756551582  0.47698234817767349
  0.48608755385864633  0.49583946485503694  0.50671462656744082  0.51799625709336572
  0.52964499144312738  0.54168995080948767  0.55317655618100203  0.56461926675740881
  0.57646198708921947  0.58880479849619860  0.60176525670655223  0.61404330329361712
  0.62592569628488359  0.63600949970712672  0.64568604319629519  0.65547164676819925
  0.66551008437505221  0.67575184994582982  0.68641816295090319  0.69808352537534901
  0.71070517084604279  0.72271048933728887  0.73385424447699077  0.74530395532820359
  0.75820282910456038  0.77117311267477140  0.78329882453114075  0.79484000685038569
  0.80635563638882413  0.81711137268457290  0.82748246282083393  0.83787140608271771
  0.84900586503428277  0.86069334231824424  0.87252930694159403  0.88297071529382853
  0.89271807297172612  0.90173167604887172  0.91089830084471846  0.92057709478507754
  0.92954847241190885  0.93871682182095384  0.94786475159325190  0.95699056020597650
  0.96658409718904725  0.97728156721961812  0.98832126996863989  1.00000000000000000
 -0.00130116579362384  0.00329207703217378  0.00781841121187633  0.01231331684858750
  0.01683039085763200  0.02167004267720211  0.02710607966909325  0.03283010540198490
  0.03884508297146916  0.04558517665565911  0.05300063382828894  0.06071984582306379
  0.06824851870193119  0.07562571338201489  0.08303859788229617  0.09011159439398700
  0.09733878867513147  0.10485610670595011  0.11272272166592341  0.12116195299396398
  0.13007677565978595  0.13725847513896827  0.14423099475031698  0.15129825356638132
  0.15885538168344679  0.16690844460248591  0.17518104121176617  0.18329095445925939
  0.19222196698847432  0.20228362202905240  0.21277509709187692  0.22393985031912322
  0.23528211543249938  0.24683245417891450  0.25880046059540746  0.27113866310894846
  0.28381384778058394  0.29653343211308802  0.30827587370115328  0.31894843752085228
  0.32997318843282020  0.34149162893475588  0.35289553165991638  0.36355002029835004
  0.37376351075272146  0.38412758922091250  0.39517630344424598  0.40792799078983133
  0.42081172761046137  0.43388316503934760  0.44947408568164737  0.46535500337427899
  0.47997956417385235  0.49136462015403304  0.50192161867274754  0.51218033323832712
  0.52275931197976777  0.53345896191501374  0.54554408494241269  0.55943160254566204
  0.57400905781988232  0.58797388832773978  0.60077903081956785  0.61199555933222183
  0.62256878117903047  0.63285937357211586  0.64370789602870837  0.65458292248798355
  0.66606019166348762  0.67908874369515282  0.69464171563174570  0.71058505337793942
  0.72567190442448815  0.74186001720418981  0.75589960216233165  0.76652629169266129
  0.77744762555027380  0.78934618390266653  0.80090216756383870  0.81192321431169778
  0.82306047599260890  0.83413999292199859  0.84516279836684616  0.85624130114312702
  0.86729661784157330  0.87844511482195320  0.89179171381795808  0.90444063986951118
  0.91497549501059239  0.92501577607049079  0.93694433630167440  0.95137930656692271
  0.96471823099156440  0.97718947659496336  0.98894080402713613  1.00000000000000000
 -0.00292107138887959  0.01217262286571453  0.02317947051961044  0.03494671905192027
  0.04667298153211676  0.05854224419570887  0.07125628080000684  0.08363717526066680
  0.09538391719221830  0.10643863324758440  0.11629742476772091  0.12665638995342793
  0.13590218305933968  0.14474203244030792  0.15404106335123335  0.16363297905217380
  0.17391269515342775  0.18417796761079303  0.19501681406886406  0.20599339995862473
  0.21749605440603167  0.22902768003724633  0.24067817516284434  0.25236986947452278
  0.26379137024238791  0.27510171121828775  0.28649103496952483  0.29844638558702796
  0.31051075945795759  0.32201812990082246  0.33282524066296970  0.34281993365259639
  0.35269055891636170  0.36259604242942156  0.37256374936513392  0.38225207827524516
  0.39179019248925834  0.40184693289178525  0.41252859387235391  0.42318403174177205
  0.43344028114572186  0.44293127850124164  0.45211655550992202  0.46147992595075771
  0.47139277602540064  0.48116982589355489  0.49122892901207377  0.50198286705060102
  0.51354459824357745  0.52455257694803681  0.53454783747147838  0.54412264219007000
  0.55505650214957514  0.56516203057435732  0.57448499766368677  0.58365750484164158
  0.59300738673781916  0.60282974202811157  0.61277313026725222  0.62249887542039462
  0.63256316165516724  0.64284232794351204  0.65345470188526533  0.66460342652218107
  0.67504729105185191  0.68568686422132741  0.69641386896018997  0.70594940791729466
  0.71548702400515929  0.72562296084739375  0.73696936745887565  0.74806360687183004
  0.75793888876800797  0.76741952868393071  0.77690474527077369  0.78657594451271151
  0.79692750669271706  0.80758921225991331  0.81886934098786213  0.82890357284866389
  0.83986685301853004  0.85124005229359123  0.86424208103285849  0.87746935254784331
  0.88924892199986505  0.90006826286560759  0.91054737638286776  0.92057383157386519
  0.93035066596770044  0.94052214762756525  0.95070130378760842  0.96164992012777428
  0.97122486686242582  0.98002155287017523  0.98969849378872077  1.00000000000000000
  0.13975575615538960  0.20489459092956336  0.23955018201448863  0.25597684615013139
  0.26824089957157643  0.27817123943606131  0.28736319256347520  0.29570819026992284
  0.30383398077595219  0.31167047326513420  0.31944041854718919  0.32695775969576252
  0.33395564177111259  0.34094613849465866  0.34791365799431551  0.35484840007918383
  0.36169488143500955  0.36818937326823631  0.37457142474259358  0.38105308092275691
  0.38767394360411772  0.39448641140787477  0.40112125844657404  0.40743923842059904
  0.41378721261097257  0.41975323639741513  0.42548271738507293  0.43138854531483523
  0.43742773385423345  0.44331030166623142  0.44920058542244057  0.45522140099319935
  0.46113625849768219  0.46707959600363103  0.47302252825953389  0.47862217565099802
  0.48405161836184890  0.48900954039952066  0.49399679923514112  0.49886069980166592
  0.50388810023598785  0.50925992606609116  0.51476111455236839  0.52086176940677897
  0.52727279508573255  0.53409918217794716  0.54072681994383787  0.54723947104739190
  0.55336032772813915  0.55938860808751723  0.56506382623931584  0.57014232043546420
  0.57505376215844206  0.57978682769494239  0.58484737598589287  0.59007711453686851
  0.59567369562013872  0.60102581831105861  0.60684749948810413  0.61270065076899749
  0.61892582424679388  0.62527035525157093  0.63201008644206391  0.63872985734139620
  0.64505640362170746  0.65135575421446645  0.65797567915849009  0.66493622550121523
  0.67213949430300890  0.67950775869792912  0.68650529302196683  0.69316515739310192
  0.69991514106630714  0.70702678690291698  0.71418914835513769  0.72107444342126048
  0.72816201585294549  0.73554935208597594  0.74290207229205474  0.75001920510747677
  0.75733867546235800  0.76507326215657534  0.77363607093797382  0.78255817255693250
  0.79145251431962504  0.80007034821280820  0.80923129698164020  0.82014994323735901
  0.83190142928060040  0.84485040682492873  0.85733827868637491  0.87178991752018231
  0.89035334960751067  0.91437483939048358  0.94618210533383318  1.00000000000000000
 -0.01759172278780205  0.11349732332607736  0.14861370500682608  0.17265647432303780
  0.19300135346905703  0.20997756437408749  0.22403690058691852  0.23605183922990519
  0.24681604798432014  0.25673827989956688  0.26647813747430638  0.27591816713996103
  0.28528104960925343  0.29403402482794688  0.30253500022331103  0.31123067921616165
  0.31985612988327589  0.32803500673963809  0.33532232184674926  0.34189954708486242
  0.34819595581205764  0.35429051463701616  0.36116836081297760  0.36779921387328168
  0.37433733340272091  0.38076171093638650  0.38726812425437152  0.39408968607244305
  0.40101339498068828  0.40759981822593361  0.41381407775617374  0.41945544067661428
  0.42443901103201886  0.42982675065039300  0.43549620114586729  0.44147593710975763
  0.44727757088824671  0.45250031331008500  0.45765187767827437  0.46273061610472493
  0.46781154005730613  0.47298787266965026  0.47841036661217745  0.48343172397533879
  0.48819278797300070  0.49235433039135745  0.49652874752581949  0.50095209904433391
  0.50553165680194434  0.51088458653952029  0.51630908728395986  0.52203669118661034
  0.52767693320215636  0.53306852009352523  0.53828022930835961  0.54308452602551938
  0.54750933525216527  0.55188175820091723  0.55634997406435993  0.56077979171778058
  0.56549170351782252  0.57052133698907115  0.57587827182567997  0.58181992471233357
  0.58797060737339535  0.59374855931457893  0.59942815204312094  0.60485956241970362
  0.61042239756904937  0.61612230380313127  0.62182542639120375  0.62791862929311204
  0.63382316510255365  0.64011125419556458  0.64670604893932127  0.65330662066031675
  0.65973341254486029  0.66630537170104276  0.67309375735551513  0.68116946607965867
  0.68888672599150247  0.69714253746145982  0.70609565954294007  0.71499538611423863
  0.72379675716195646  0.73336237077048527  0.74449565777344995  0.75593754805615210
  0.76709693965779790  0.77918201319673375  0.79249954930401179  0.80664348320316404
  0.82458913770370201  0.84795956930481520  0.88291511488950758  1.00000000000000000
   6.9093031562404357E-007  -1.0000000000000000     
 T F F F T F F F F F F F F F F F F F F F F F F F F F F F F F F F T F F F T F F F F F F F F F F F F F F F F F F F F F F F F F F F T F F F T F F F F F F F F F F F F F F F F F F F F F F F F F F F T F F F T F F F F F F F F F F F F F F F F F F F F F F F F F F F T F F F T F F F F F F F F F F F F F F F F F F F F F F F F F F F T F F F T F F F F F F F F F F F F F F F F F F F F F F F F F F F T F F F T F F F F F F F F F F F F F F F F F F F F F F F F F F F T F F F T F F F F F F F F F F F F F F F F F F F F F F F F F F F T F F F T F F F F F F F F F F F F F F F F F F F F F F F F F F F T F F F T F F F F F F F F F F F F F F F F F F F F F F F F F F F T F F F T F F F F F F F F F F F F F F F F F F F F F F F F F F F T F F F T F F F F F F F F F F F F F F F F F F F F F F F F F F F T F F F T F F F F F F F F F F F F F F F F F F F F F F F F F F F T F F F T F F F F F F F F F F F F F F F F F F F F F F F F F F F T F F F T F F F F F F F F F F F F F F F F F F F F F F F F F F F T F F F T F F F F F F F F F F F F F F F F F F F F F F F F F F F
  <DiscreteSampler_grid>
  grouped_processes
  1 # 1 for a reference and 2 for a running grid.
  10 # Attribute 'min_bin_probing_points' of the grid.
  1 # Attribute 'grid_mode' of the grid. 1=='default',2=='initialization'
  0.0000000000000000 # Attribute 'small_contrib_threshold' of the grid.
  0.5000000000000000 # Attribute 'damping_power' of the grid.
 # binID   n_entries weight   weight_sqr   abs_weight
    10   10   1.786301692784906E+003   2.134087422045736E+007   1.786301692784906E+003
    11   10   1.786301692784906E+003   2.134087422045735E+007   1.786301692784906E+003
  </DiscreteSampler_grid>
